10.0 11.294627059 12.589254118 0.00000e+00 0.00000e+00 0.00000e+00 0.00000e+00 0.00000e+00 0.00000e+00 0.00000e+00 0.00000e+00 0.00000e+00 0.00000e+00 0.00000e+00 0.00000e+00 0.00000e+00 0.00000e+00 
12.589254118 14.219093021 15.848931925 0.00000e+00 0.00000e+00 0.00000e+00 0.00000e+00 0.00000e+00 0.00000e+00 0.00000e+00 0.00000e+00 0.00000e+00 0.00000e+00 0.00000e+00 0.00000e+00 0.00000e+00 0.00000e+00 
15.848931925 17.900777537 19.95262315 0.00000e+00 0.00000e+00 0.00000e+00 0.00000e+00 0.00000e+00 0.00000e+00 0.00000e+00 0.00000e+00 0.00000e+00 0.00000e+00 0.00000e+00 0.00000e+00 0.00000e+00 0.00000e+00 
19.95262315 22.535743732 25.118864315 0.00000e+00 0.00000e+00 0.00000e+00 0.00000e+00 0.00000e+00 0.00000e+00 0.00000e+00 0.00000e+00 0.00000e+00 0.00000e+00 0.00000e+00 0.00000e+00 0.00000e+00 0.00000e+00 
25.118864315 28.370820458 31.622776602 0.00000e+00 0.00000e+00 0.00000e+00 0.00000e+00 0.00000e+00 0.00000e+00 0.00000e+00 0.00000e+00 0.00000e+00 0.00000e+00 0.00000e+00 0.00000e+00 0.00000e+00 0.00000e+00 
31.622776602 35.716746829 39.810717055 0.00000e+00 0.00000e+00 0.00000e+00 0.00000e+00 0.00000e+00 0.00000e+00 0.00000e+00 0.00000e+00 0.00000e+00 0.00000e+00 0.00000e+00 0.00000e+00 0.00000e+00 0.00000e+00 
39.810717055 44.964720209 50.118723363 0.00000e+00 0.00000e+00 0.00000e+00 0.00000e+00 0.00000e+00 0.00000e+00 0.00000e+00 0.00000e+00 0.00000e+00 0.00000e+00 0.00000e+00 0.00000e+00 0.00000e+00 0.00000e+00 
50.118723363 56.607228905 63.095734448 0.00000e+00 0.00000e+00 0.00000e+00 0.00000e+00 0.00000e+00 0.00000e+00 0.00000e+00 0.00000e+00 0.00000e+00 0.00000e+00 0.00000e+00 0.00000e+00 0.00000e+00 0.00000e+00 
63.095734448 71.26427896 79.432823472 0.00000e+00 0.00000e+00 0.00000e+00 0.00000e+00 0.00000e+00 0.00000e+00 0.00000e+00 0.00000e+00 0.00000e+00 0.00000e+00 0.00000e+00 0.00000e+00 0.00000e+00 0.00000e+00 
79.432823472 89.716411736 100.0 0.00000e+00 0.00000e+00 0.00000e+00 0.00000e+00 0.00000e+00 0.00000e+00 0.00000e+00 0.00000e+00 0.00000e+00 0.00000e+00 0.00000e+00 0.00000e+00 0.00000e+00 0.00000e+00 
100.0 112.94627059 125.89254118 0.00000e+00 0.00000e+00 0.00000e+00 0.00000e+00 0.00000e+00 0.00000e+00 0.00000e+00 0.00000e+00 0.00000e+00 0.00000e+00 0.00000e+00 0.00000e+00 0.00000e+00 0.00000e+00 
125.89254118 142.19093021 158.48931925 0.00000e+00 0.00000e+00 0.00000e+00 0.00000e+00 0.00000e+00 0.00000e+00 0.00000e+00 0.00000e+00 0.00000e+00 0.00000e+00 0.00000e+00 0.00000e+00 0.00000e+00 0.00000e+00 
158.48931925 179.00777537 199.5262315 0.00000e+00 0.00000e+00 0.00000e+00 0.00000e+00 0.00000e+00 0.00000e+00 0.00000e+00 0.00000e+00 0.00000e+00 0.00000e+00 0.00000e+00 0.00000e+00 0.00000e+00 0.00000e+00 
199.5262315 225.35743732 251.18864315 0.00000e+00 0.00000e+00 0.00000e+00 0.00000e+00 0.00000e+00 0.00000e+00 0.00000e+00 0.00000e+00 0.00000e+00 0.00000e+00 0.00000e+00 0.00000e+00 0.00000e+00 0.00000e+00 
251.18864315 283.70820458 316.22776602 0.00000e+00 0.00000e+00 0.00000e+00 0.00000e+00 0.00000e+00 0.00000e+00 0.00000e+00 0.00000e+00 0.00000e+00 0.00000e+00 0.00000e+00 0.00000e+00 0.00000e+00 0.00000e+00 
316.22776602 357.16746829 398.10717055 0.00000e+00 0.00000e+00 0.00000e+00 0.00000e+00 0.00000e+00 0.00000e+00 0.00000e+00 0.00000e+00 0.00000e+00 0.00000e+00 0.00000e+00 0.00000e+00 0.00000e+00 0.00000e+00 
398.10717055 449.64720209 501.18723363 0.00000e+00 0.00000e+00 0.00000e+00 0.00000e+00 0.00000e+00 0.00000e+00 0.00000e+00 0.00000e+00 0.00000e+00 0.00000e+00 0.00000e+00 0.00000e+00 0.00000e+00 0.00000e+00 
501.18723363 566.07228905 630.95734448 4.29958e-02 4.41670e-05 2.81300e-02 2.86650e-05 6.81685e-02 7.07650e-05 3.07729e-02 3.16103e-05 3.93032e-02 4.00517e-05 6.20226e-02 6.37140e-05 4.72564e-02 4.90548e-05 
630.95734448 712.6427896 794.32823472 2.12056e-01 6.95970e-05 1.38559e-01 4.51996e-05 3.36631e-01 1.11394e-04 1.52544e-01 5.00369e-05 1.92617e-01 6.28695e-05 3.04045e-01 9.98567e-05 2.34785e-01 7.76392e-05 
794.32823472 897.16411736 1000.0 8.77102e-02 2.69533e-05 5.71833e-02 1.74893e-05 1.39520e-01 4.31464e-05 6.36156e-02 1.95379e-05 7.88422e-02 2.41275e-05 1.24518e-01 3.82905e-05 9.82788e-02 3.03719e-05 
1000.0 1129.4627059 1258.9254118 2.51651e-02 8.42993e-06 1.63714e-02 5.46531e-06 4.01127e-02 1.34997e-05 1.84038e-02 6.16157e-06 2.23862e-02 7.47743e-06 3.53783e-02 1.18592e-05 2.85330e-02 9.59621e-06 
1258.9254118 1421.9093021 1584.8931925 5.93598e-03 2.31914e-06 3.85243e-03 1.50146e-06 9.48136e-03 3.71666e-06 4.37550e-03 1.70851e-06 5.22640e-03 2.03811e-06 8.26656e-03 3.23181e-06 6.80835e-03 2.66711e-06 
1584.8931925 1790.0777537 1995.262315 1.17236e-03 5.66229e-07 7.58779e-04 3.65863e-07 1.87748e-03 9.08973e-07 8.70779e-04 4.20348e-07 1.02157e-03 4.92840e-07 1.61818e-03 7.82057e-07 1.36023e-03 6.58127e-07 
1995.262315 2253.5743732 2511.8864315 1.92780e-04 1.22128e-07 1.24312e-04 7.86568e-08 3.09768e-04 1.96581e-07 1.44223e-04 9.13190e-08 1.66166e-04 1.05195e-07 2.63820e-04 1.67233e-07 2.26357e-04 1.43562e-07 
2511.8864315 2837.0820458 3162.2776602 2.57974e-05 2.40493e-08 1.65539e-05 1.54362e-08 4.16619e-05 3.88377e-08 1.94344e-05 1.81096e-08 2.19739e-05 2.04992e-08 3.50219e-05 3.26658e-08 3.06887e-05 2.85935e-08 
