0.0 0.025 0.05 0.00000e+00 0.00000e+00 0.00000e+00 0.00000e+00 0.00000e+00 0.00000e+00 0.00000e+00 0.00000e+00 0.00000e+00 0.00000e+00 0.00000e+00 0.00000e+00 0.00000e+00 0.00000e+00 
0.05 0.075 0.1 0.00000e+00 0.00000e+00 0.00000e+00 0.00000e+00 0.00000e+00 0.00000e+00 0.00000e+00 0.00000e+00 0.00000e+00 0.00000e+00 0.00000e+00 0.00000e+00 0.00000e+00 0.00000e+00 
0.1 0.125 0.15 0.00000e+00 0.00000e+00 0.00000e+00 0.00000e+00 0.00000e+00 0.00000e+00 0.00000e+00 0.00000e+00 0.00000e+00 0.00000e+00 0.00000e+00 0.00000e+00 0.00000e+00 0.00000e+00 
0.15 0.175 0.2 0.00000e+00 0.00000e+00 0.00000e+00 0.00000e+00 0.00000e+00 0.00000e+00 0.00000e+00 0.00000e+00 0.00000e+00 0.00000e+00 0.00000e+00 0.00000e+00 0.00000e+00 0.00000e+00 
0.2 0.225 0.25 0.00000e+00 0.00000e+00 0.00000e+00 0.00000e+00 0.00000e+00 0.00000e+00 0.00000e+00 0.00000e+00 0.00000e+00 0.00000e+00 0.00000e+00 0.00000e+00 0.00000e+00 0.00000e+00 
0.25 0.275 0.3 0.00000e+00 0.00000e+00 0.00000e+00 0.00000e+00 0.00000e+00 0.00000e+00 0.00000e+00 0.00000e+00 0.00000e+00 0.00000e+00 0.00000e+00 0.00000e+00 0.00000e+00 0.00000e+00 
0.3 0.325 0.35 0.00000e+00 0.00000e+00 0.00000e+00 0.00000e+00 0.00000e+00 0.00000e+00 0.00000e+00 0.00000e+00 0.00000e+00 0.00000e+00 0.00000e+00 0.00000e+00 0.00000e+00 0.00000e+00 
0.35 0.375 0.4 0.00000e+00 0.00000e+00 0.00000e+00 0.00000e+00 0.00000e+00 0.00000e+00 0.00000e+00 0.00000e+00 0.00000e+00 0.00000e+00 0.00000e+00 0.00000e+00 0.00000e+00 0.00000e+00 
0.4 0.425 0.45 9.60789e+00 1.99357e-02 6.26405e+00 1.29489e-02 1.52733e+01 3.18556e-02 6.99418e+00 1.44762e-02 8.60539e+00 1.78332e-02 1.35813e+01 2.82636e-02 1.08057e+01 2.24707e-02 
0.45 0.475 0.5 8.87790e+00 1.76738e-02 5.78950e+00 1.14880e-02 1.41091e+01 2.82149e-02 6.46287e+00 1.28335e-02 7.95335e+00 1.58216e-02 1.25492e+01 2.50575e-02 9.98225e+00 1.99020e-02 
0.5 0.525 0.55 8.33593e+00 1.59954e-02 5.43735e+00 1.04027e-02 1.32444e+01 2.55203e-02 6.06866e+00 1.16154e-02 7.46918e+00 1.43261e-02 1.17823e+01 2.26762e-02 9.37104e+00 1.80026e-02 
0.55 0.575 0.6 7.89042e+00 1.48024e-02 5.14736e+00 9.62962e-03 1.25351e+01 2.36095e-02 5.74454e+00 1.07493e-02 7.07055e+00 1.32612e-02 1.11521e+01 2.09845e-02 8.86958e+00 1.66551e-02 
0.6 0.625 0.65 7.53989e+00 1.39475e-02 4.91979e+00 9.07158e-03 1.19753e+01 2.22535e-02 5.48964e+00 1.01288e-02 6.75758e+00 1.24922e-02 1.06560e+01 1.97716e-02 8.47402e+00 1.56992e-02 
0.65 0.675 0.7 7.27054e+00 1.32383e-02 4.74454e+00 8.61915e-03 1.15463e+01 2.10953e-02 5.29374e+00 9.61395e-03 6.51661e+00 1.18690e-02 1.02748e+01 1.87661e-02 8.17085e+00 1.48823e-02 
0.7 0.725 0.75 7.01893e+00 1.26365e-02 4.58064e+00 8.23161e-03 1.11442e+01 2.01184e-02 5.11086e+00 9.17734e-03 6.29198e+00 1.13372e-02 9.91853e+00 1.79119e-02 7.88688e+00 1.41940e-02 
0.75 0.775 0.8 6.85824e+00 1.22723e-02 4.47729e+00 8.00154e-03 1.08871e+01 1.95243e-02 4.99414e+00 8.91331e-03 6.14882e+00 1.10175e-02 9.69080e+00 1.73947e-02 7.70546e+00 1.37756e-02 
0.8 0.825 0.85 6.70148e+00 1.19903e-02 4.37551e+00 7.81768e-03 1.06365e+01 1.90756e-02 4.88024e+00 8.70858e-03 6.00873e+00 1.07641e-02 9.46873e+00 1.69945e-02 7.52854e+00 1.34593e-02 
0.85 0.875 0.9 6.58515e+00 1.18804e-02 4.29991e+00 7.73922e-03 1.04510e+01 1.89245e-02 4.79576e+00 8.62890e-03 5.90461e+00 1.06559e-02 9.30380e+00 1.68384e-02 7.39768e+00 1.33529e-02 
0.9 0.925 0.95 6.47443e+00 1.15684e-02 4.22854e+00 7.55181e-03 1.02727e+01 1.83763e-02 4.71547e+00 8.40297e-03 5.80617e+00 1.03970e-02 9.14657e+00 1.63947e-02 7.27213e+00 1.29674e-02 
0.95 0.975 1.0 6.39475e+00 1.14709e-02 4.17673e+00 7.48669e-03 1.01459e+01 1.82270e-02 4.65768e+00 8.33233e-03 5.73474e+00 1.03071e-02 9.03347e+00 1.62560e-02 7.18273e+00 1.28624e-02 
1.0 1.025 1.05 6.32093e+00 1.13524e-02 4.12882e+00 7.41129e-03 1.00280e+01 1.80328e-02 4.60426e+00 8.24689e-03 5.66853e+00 1.02026e-02 8.92837e+00 1.60868e-02 7.09991e+00 1.27265e-02 
1.05 1.075 1.1 6.26563e+00 1.12858e-02 4.09314e+00 7.36858e-03 9.93907e+00 1.79252e-02 4.56424e+00 8.19881e-03 5.61923e+00 1.01434e-02 8.84967e+00 1.59918e-02 7.03745e+00 1.26510e-02 
1.1 1.125 1.15 6.20814e+00 1.12237e-02 4.05573e+00 7.33030e-03 9.84759e+00 1.78196e-02 4.52271e+00 8.15418e-03 5.56743e+00 1.00901e-02 8.76767e+00 1.59026e-02 6.97331e+00 1.25774e-02 
1.15 1.175 1.2 6.18252e+00 1.12392e-02 4.03886e+00 7.33829e-03 9.80640e+00 1.78478e-02 4.50436e+00 8.16581e-03 5.54389e+00 1.01006e-02 8.73078e+00 1.59236e-02 6.94470e+00 1.25980e-02 
1.2 1.225 1.25 6.12935e+00 1.11505e-02 4.00438e+00 7.28365e-03 9.72241e+00 1.77001e-02 4.46596e+00 8.10203e-03 5.49615e+00 1.00246e-02 8.65493e+00 1.57964e-02 6.88583e+00 1.24950e-02 
1.25 1.275 1.3 6.08362e+00 1.11336e-02 3.97467e+00 7.27236e-03 9.64949e+00 1.76744e-02 4.43297e+00 8.09011e-03 5.45496e+00 1.00086e-02 8.58960e+00 1.57718e-02 6.83479e+00 1.24774e-02 
1.3 1.325 1.35 6.05454e+00 1.11253e-02 3.95553e+00 7.26476e-03 9.60382e+00 1.76683e-02 4.41207e+00 8.08453e-03 5.42834e+00 9.99758e-03 8.54788e+00 1.57589e-02 6.80297e+00 1.24740e-02 
1.35 1.375 1.4 6.03180e+00 1.10984e-02 3.94067e+00 7.24802e-03 9.56779e+00 1.76232e-02 4.39594e+00 8.06588e-03 5.40739e+00 9.97346e-03 8.51474e+00 1.57188e-02 6.77827e+00 1.24437e-02 
1.4 1.425 1.45 5.97453e+00 1.10766e-02 3.90307e+00 7.23108e-03 9.47751e+00 1.75969e-02 4.35451e+00 8.05018e-03 5.35542e+00 9.94992e-03 8.43321e+00 1.56874e-02 6.71486e+00 1.24254e-02 
1.45 1.475 1.5 5.94922e+00 1.09983e-02 3.88654e+00 7.18483e-03 9.43740e+00 1.74574e-02 4.33646e+00 7.99411e-03 5.33226e+00 9.88527e-03 8.39657e+00 1.55747e-02 6.68716e+00 1.23284e-02 
1.5 1.525 1.55 5.91218e+00 1.10175e-02 3.86189e+00 7.19318e-03 9.37996e+00 1.75008e-02 4.30988e+00 8.00859e-03 5.29792e+00 9.89612e-03 8.34334e+00 1.56007e-02 6.64722e+00 1.23600e-02 
1.55 1.575 1.6 5.89615e+00 1.10148e-02 3.85102e+00 7.19077e-03 9.35566e+00 1.74984e-02 4.29846e+00 8.00692e-03 5.28268e+00 9.89246e-03 8.32010e+00 1.55963e-02 6.63048e+00 1.23588e-02 
1.6 1.625 1.65 5.83864e+00 1.09201e-02 3.81350e+00 7.13139e-03 9.26432e+00 1.73401e-02 4.25691e+00 7.93881e-03 5.23075e+00 9.80989e-03 8.23809e+00 1.54605e-02 6.56643e+00 1.22484e-02 
1.65 1.675 1.7 5.79987e+00 1.09227e-02 3.78769e+00 7.13119e-03 9.20539e+00 1.73524e-02 4.22904e+00 7.94123e-03 5.19486e+00 9.80898e-03 8.18250e+00 1.54631e-02 6.52454e+00 1.22561e-02 
1.7 1.725 1.75 5.76780e+00 1.09093e-02 3.76638e+00 7.12070e-03 9.15437e+00 1.73339e-02 4.20593e+00 7.93163e-03 5.16529e+00 9.79430e-03 8.13661e+00 1.54436e-02 6.48972e+00 1.22452e-02 
1.75 1.775 1.8 5.72440e+00 1.08834e-02 3.73740e+00 7.10186e-03 9.08732e+00 1.72987e-02 4.17461e+00 7.91314e-03 5.12514e+00 9.76797e-03 8.07464e+00 1.54062e-02 6.44278e+00 1.22209e-02 
1.8 1.825 1.85 5.67146e+00 1.08128e-02 3.70238e+00 7.05592e-03 9.00455e+00 1.71859e-02 4.13646e+00 7.86253e-03 5.07657e+00 9.70394e-03 7.99894e+00 1.53047e-02 6.38492e+00 1.21426e-02 
1.85 1.875 1.9 5.61706e+00 1.07924e-02 3.66664e+00 7.03883e-03 8.91881e+00 1.71659e-02 4.09715e+00 7.84800e-03 5.02712e+00 9.68001e-03 7.92137e+00 1.52751e-02 6.32480e+00 1.21289e-02 
1.9 1.925 1.95 5.57529e+00 1.07670e-02 3.63881e+00 7.02221e-03 8.85412e+00 1.71244e-02 4.06703e+00 7.82982e-03 4.98854e+00 9.65678e-03 7.86168e+00 1.52383e-02 6.27956e+00 1.21003e-02 
1.95 1.975 2.0 5.53367e+00 1.07390e-02 3.61118e+00 7.00539e-03 8.78935e+00 1.70753e-02 4.03685e+00 7.80965e-03 4.95044e+00 9.63345e-03 7.80260e+00 1.51984e-02 6.23394e+00 1.20658e-02 
2.0 2.025 2.05 5.47593e+00 1.06892e-02 3.57288e+00 6.96824e-03 8.69938e+00 1.70103e-02 3.99519e+00 7.77405e-03 4.89736e+00 9.58157e-03 7.72011e+00 1.51265e-02 6.17097e+00 1.20210e-02 
2.05 2.075 2.1 5.39931e+00 1.05993e-02 3.52247e+00 6.91280e-03 8.57878e+00 1.68570e-02 3.93962e+00 7.70901e-03 4.82785e+00 9.50495e-03 7.61130e+00 1.49985e-02 6.08606e+00 1.19133e-02 
2.1 2.125 2.15 5.34128e+00 1.05820e-02 3.48396e+00 6.89645e-03 8.48844e+00 1.68453e-02 3.89752e+00 7.69631e-03 4.77478e+00 9.48262e-03 7.52896e+00 1.49744e-02 6.02240e+00 1.19048e-02 
2.15 2.175 2.2 5.26404e+00 1.04497e-02 3.43305e+00 6.81371e-03 8.36716e+00 1.66228e-02 3.84157e+00 7.60079e-03 4.70451e+00 9.36797e-03 7.41916e+00 1.47854e-02 5.93709e+00 1.17489e-02 
2.2 2.225 2.25 5.19413e+00 1.03800e-02 3.38686e+00 6.76668e-03 8.25773e+00 1.65170e-02 3.79087e+00 7.55043e-03 4.64083e+00 9.30298e-03 7.31992e+00 1.46863e-02 5.86003e+00 1.16746e-02 
2.25 2.275 2.3 5.14413e+00 1.03503e-02 3.35372e+00 6.74569e-03 8.17980e+00 1.64746e-02 3.75460e+00 7.52890e-03 4.59515e+00 9.27399e-03 7.24896e+00 1.46439e-02 5.80513e+00 1.16449e-02 
2.3 2.325 2.35 5.07084e+00 1.03175e-02 3.30542e+00 6.72142e-03 8.06468e+00 1.64307e-02 3.70131e+00 7.50510e-03 4.52871e+00 9.24050e-03 7.14518e+00 1.45972e-02 5.72382e+00 1.16140e-02 
2.35 2.375 2.4 5.01051e+00 1.02770e-02 3.26530e+00 6.69123e-03 7.97101e+00 1.63780e-02 3.65752e+00 7.47561e-03 4.47345e+00 9.19901e-03 7.05964e+00 1.45400e-02 5.65776e+00 1.15766e-02 
2.4 2.425 2.45 4.93823e+00 1.01910e-02 3.21723e+00 6.63356e-03 7.85797e+00 1.62418e-02 3.60508e+00 7.41342e-03 4.40719e+00 9.11935e-03 6.95706e+00 1.44178e-02 5.57812e+00 1.14809e-02 
2.45 2.475 2.5 4.87728e+00 1.01397e-02 3.17702e+00 6.59948e-03 7.76316e+00 1.61653e-02 3.56071e+00 7.37614e-03 4.35197e+00 9.07244e-03 6.87092e+00 1.43450e-02 5.51104e+00 1.14270e-02 
2.5 2.525 2.55 4.77489e+00 1.00403e-02 3.10960e+00 6.53033e-03 7.60225e+00 1.60205e-02 3.48626e+00 7.30402e-03 4.25924e+00 8.97712e-03 6.72599e+00 1.42038e-02 5.39737e+00 1.13250e-02 
2.55 2.575 2.6 4.70590e+00 9.95777e-03 3.06441e+00 6.47835e-03 7.49315e+00 1.58835e-02 3.43604e+00 7.24401e-03 4.19715e+00 8.90566e-03 6.62845e+00 1.40871e-02 5.32019e+00 1.12283e-02 
2.6 2.625 2.65 4.62720e+00 9.81494e-03 3.01286e+00 6.38767e-03 7.36868e+00 1.56483e-02 3.37880e+00 7.14024e-03 4.12629e+00 8.78086e-03 6.51710e+00 1.38847e-02 5.23223e+00 1.10623e-02 
2.65 2.675 2.7 4.55898e+00 9.79283e-03 2.96759e+00 6.36884e-03 7.26245e+00 1.56259e-02 3.32913e+00 7.12412e-03 4.06411e+00 8.75501e-03 6.42069e+00 1.38535e-02 5.15705e+00 1.10464e-02 
2.7 2.725 2.75 4.49478e+00 9.75610e-03 2.92499e+00 6.34082e-03 7.16253e+00 1.55800e-02 3.28236e+00 7.09719e-03 4.00562e+00 8.71672e-03 6.33002e+00 1.38021e-02 5.08630e+00 1.10134e-02 
2.75 2.775 2.8 4.40484e+00 9.64125e-03 2.86614e+00 6.26630e-03 7.02009e+00 1.53959e-02 3.21684e+00 7.01358e-03 3.92484e+00 8.61436e-03 6.20299e+00 1.36397e-02 4.98544e+00 1.08832e-02 
2.8 2.825 2.85 4.35712e+00 9.61738e-03 2.83430e+00 6.24790e-03 6.94628e+00 1.53661e-02 3.18208e+00 6.99618e-03 3.88114e+00 8.58910e-03 6.13559e+00 1.36061e-02 4.93319e+00 1.08620e-02 
2.85 2.875 2.9 4.27884e+00 9.55258e-03 2.78300e+00 6.20164e-03 6.82262e+00 1.52763e-02 3.12498e+00 6.94888e-03 3.81080e+00 8.52569e-03 6.02520e+00 1.35148e-02 4.84550e+00 1.07982e-02 
2.9 2.925 2.95 4.21031e+00 9.45001e-03 2.73799e+00 6.13488e-03 6.71531e+00 1.51162e-02 3.07511e+00 6.87467e-03 3.74894e+00 8.43344e-03 5.92829e+00 1.33687e-02 4.76960e+00 1.06858e-02 
2.95 2.975 3.0 4.13871e+00 9.39044e-03 2.69082e+00 6.09386e-03 6.60213e+00 1.50232e-02 3.02284e+00 6.83099e-03 3.68432e+00 8.37745e-03 5.82741e+00 1.32852e-02 4.68927e+00 1.06194e-02 
3.0 3.025 3.05 4.08469e+00 9.30683e-03 2.65526e+00 6.04075e-03 6.51724e+00 1.48857e-02 2.98353e+00 6.77040e-03 3.63547e+00 8.30419e-03 5.75104e+00 1.31664e-02 4.62922e+00 1.05227e-02 
3.05 3.075 3.1 4.02352e+00 9.27079e-03 2.61502e+00 6.01312e-03 6.42103e+00 1.48409e-02 2.93893e+00 6.74415e-03 3.58026e+00 8.26622e-03 5.66473e+00 1.31155e-02 4.56104e+00 1.04910e-02 
3.1 3.125 3.15 3.96234e+00 9.25570e-03 2.57474e+00 5.99917e-03 6.32493e+00 1.48297e-02 2.89423e+00 6.73278e-03 3.52514e+00 8.24753e-03 5.57863e+00 1.30950e-02 4.49274e+00 1.04824e-02 
3.15 3.175 3.2 3.60647e+00 8.99995e-03 2.34187e+00 5.82891e-03 5.76161e+00 1.44326e-02 2.63380e+00 6.54595e-03 3.20689e+00 8.01441e-03 5.07869e+00 1.27350e-02 4.09171e+00 1.02002e-02 
3.2 3.225 3.25 3.34159e+00 8.80281e-03 2.16854e+00 5.69470e-03 5.34232e+00 1.41369e-02 2.44011e+00 6.40242e-03 2.96984e+00 7.83008e-03 4.70624e+00 1.24564e-02 3.79349e+00 9.99094e-03 
3.25 3.275 3.3 3.14023e+00 8.59951e-03 2.03707e+00 5.56379e-03 5.02276e+00 1.38074e-02 2.29290e+00 6.25404e-03 2.79002e+00 7.65068e-03 4.42307e+00 1.21699e-02 3.56624e+00 9.75714e-03 
3.3 3.325 3.35 2.96365e+00 8.44721e-03 1.92158e+00 5.46255e-03 4.74354e+00 1.35775e-02 2.16388e+00 6.14325e-03 2.63194e+00 7.51153e-03 4.17454e+00 1.19544e-02 3.36784e+00 9.59457e-03 
3.35 3.375 3.4 2.82550e+00 8.28719e-03 1.83124e+00 5.36081e-03 4.52421e+00 1.33080e-02 2.06280e+00 6.02659e-03 2.50846e+00 7.37200e-03 3.98042e+00 1.17286e-02 3.21173e+00 9.40372e-03 
3.4 3.425 3.45 2.69408e+00 8.21106e-03 1.74522e+00 5.30802e-03 4.31624e+00 1.31964e-02 1.96669e+00 5.97083e-03 2.39082e+00 7.29987e-03 3.79563e+00 1.16218e-02 3.06381e+00 9.32409e-03 
3.45 3.475 3.5 2.56717e+00 8.10789e-03 1.66242e+00 5.23912e-03 4.11527e+00 1.30402e-02 1.87393e+00 5.89529e-03 2.27753e+00 7.20573e-03 3.61711e+00 1.14770e-02 2.92092e+00 9.21266e-03 
3.5 3.525 3.55 2.42412e+00 7.97033e-03 1.56876e+00 5.14320e-03 3.88834e+00 1.28369e-02 1.76950e+00 5.79540e-03 2.14922e+00 7.07363e-03 3.41556e+00 1.12819e-02 2.75984e+00 9.06933e-03 
3.55 3.575 3.6 2.33304e+00 7.94791e-03 1.50945e+00 5.12767e-03 3.74333e+00 1.28037e-02 1.70289e+00 5.77855e-03 2.06813e+00 7.05295e-03 3.28753e+00 1.12515e-02 2.65668e+00 9.04482e-03 
3.6 3.625 3.65 2.21641e+00 7.79537e-03 1.43284e+00 5.02421e-03 3.55825e+00 1.25657e-02 1.61770e+00 5.66777e-03 1.96323e+00 6.91046e-03 3.12333e+00 1.10352e-02 2.52521e+00 8.87699e-03 
3.65 3.675 3.7 2.11012e+00 7.65244e-03 1.36384e+00 4.93298e-03 3.38971e+00 1.23394e-02 1.54012e+00 5.56398e-03 1.86868e+00 6.78486e-03 2.97354e+00 1.08326e-02 2.40560e+00 8.71739e-03 
3.7 3.725 3.75 2.03003e+00 7.64265e-03 1.31161e+00 4.92263e-03 3.26244e+00 1.23363e-02 1.48149e+00 5.55605e-03 1.79733e+00 6.77158e-03 2.86107e+00 1.08206e-02 2.31495e+00 8.71355e-03 
3.75 3.775 3.8 1.93427e+00 7.47582e-03 1.24945e+00 4.81908e-03 3.10942e+00 1.20543e-02 1.41157e+00 5.43511e-03 1.71220e+00 6.62875e-03 2.72620e+00 1.05836e-02 2.20631e+00 8.51515e-03 
3.8 3.825 3.85 1.84603e+00 7.43669e-03 1.19160e+00 4.78585e-03 2.97004e+00 1.20154e-02 1.34718e+00 5.40662e-03 1.63291e+00 6.58308e-03 2.60182e+00 1.05283e-02 2.10741e+00 8.48752e-03 
3.85 3.875 3.9 1.75683e+00 7.24114e-03 1.13364e+00 4.66391e-03 2.82766e+00 1.16874e-02 1.28199e+00 5.26433e-03 1.55359e+00 6.41551e-03 2.47630e+00 1.02517e-02 2.00622e+00 8.25566e-03 
3.9 3.925 3.95 1.66525e+00 7.21527e-03 1.07412e+00 4.63713e-03 2.68151e+00 1.16780e-02 1.21516e+00 5.24530e-03 1.47204e+00 6.37891e-03 2.34724e+00 1.02156e-02 1.90251e+00 8.24853e-03 
3.95 3.975 4.0 1.59320e+00 7.07464e-03 1.02693e+00 4.54847e-03 2.56757e+00 1.14435e-02 1.16252e+00 5.14303e-03 1.40744e+00 6.25701e-03 2.24582e+00 1.00166e-02 1.82155e+00 8.08284e-03 
4.0 4.025 4.05 1.50592e+00 6.92179e-03 9.70360e-01 4.44977e-03 2.42783e+00 1.11973e-02 1.09879e+00 5.03222e-03 1.32996e+00 6.12087e-03 2.12288e+00 9.79946e-03 1.72234e+00 7.90952e-03 
4.05 4.075 4.1 1.43962e+00 6.85100e-03 9.27181e-01 4.40092e-03 2.32231e+00 1.10932e-02 1.05041e+00 4.98063e-03 1.27079e+00 6.05380e-03 2.02945e+00 9.69957e-03 1.64746e+00 7.83571e-03 
4.1 4.125 4.15 1.38363e+00 6.83650e-03 8.90617e-01 4.38943e-03 2.23349e+00 1.10756e-02 1.00946e+00 4.97000e-03 1.22078e+00 6.03812e-03 1.95073e+00 9.67924e-03 1.58428e+00 7.82313e-03 
4.15 4.175 4.2 1.31673e+00 6.73195e-03 8.47282e-01 4.32281e-03 2.12628e+00 1.09045e-02 9.60611e-01 4.89366e-03 1.16144e+00 5.94686e-03 1.85651e+00 9.53197e-03 1.50815e+00 7.70164e-03 
4.2 4.225 4.25 1.24783e+00 6.63430e-03 8.02466e-01 4.25925e-03 2.01643e+00 1.07485e-02 9.10357e-01 4.82269e-03 1.09999e+00 5.85941e-03 1.75934e+00 9.39367e-03 1.43026e+00 7.59150e-03 
4.25 4.275 4.3 1.18098e+00 6.52609e-03 7.59137e-01 4.18663e-03 1.90940e+00 1.05830e-02 8.61563e-01 4.74409e-03 1.04062e+00 5.75942e-03 1.66513e+00 9.24032e-03 1.35429e+00 7.47474e-03 
4.3 4.325 4.35 1.11841e+00 6.52961e-03 7.18345e-01 4.18276e-03 1.80991e+00 1.06072e-02 8.15872e-01 4.74651e-03 9.84758e-01 5.75429e-03 1.57702e+00 9.24564e-03 1.28364e+00 7.49156e-03 
4.35 4.375 4.4 1.07259e+00 6.40156e-03 6.88860e-01 4.10429e-03 1.73595e+00 1.03880e-02 7.82451e-01 4.65383e-03 9.44333e-01 5.64586e-03 1.51240e+00 9.06337e-03 1.23119e+00 7.33755e-03 
4.4 4.425 4.45 1.00364e+00 6.23115e-03 6.44023e-01 3.99283e-03 1.62651e+00 1.01207e-02 7.32123e-01 4.52994e-03 8.82904e-01 5.49252e-03 1.41525e+00 8.82212e-03 1.15352e+00 7.14866e-03 
4.45 4.475 4.5 9.65405e-01 6.31598e-03 6.19074e-01 4.04278e-03 1.56522e+00 1.02684e-02 7.04166e-01 4.59103e-03 8.48776e-01 5.56193e-03 1.36147e+00 8.94356e-03 1.10993e+00 7.25189e-03 
4.5 4.525 4.55 9.04214e-01 6.20373e-03 5.79568e-01 3.96828e-03 1.46680e+00 1.00942e-02 6.59518e-01 4.50936e-03 7.94630e-01 5.45951e-03 1.27521e+00 8.78478e-03 1.04011e+00 7.12873e-03 
4.55 4.575 4.6 8.56488e-01 6.11820e-03 5.48646e-01 3.91120e-03 1.39035e+00 9.96165e-03 6.24720e-01 4.44740e-03 7.52217e-01 5.38073e-03 1.20788e+00 8.66318e-03 9.85921e-01 7.03553e-03 
4.6 4.625 4.65 8.06443e-01 6.02347e-03 5.16281e-01 3.84808e-03 1.31001e+00 9.81503e-03 5.88216e-01 4.37897e-03 7.07843e-01 5.29337e-03 1.13730e+00 8.52805e-03 9.28947e-01 6.93276e-03 
4.65 4.675 4.7 7.63356e-01 5.97227e-03 4.88511e-01 3.81468e-03 1.24058e+00 9.73364e-03 5.56749e-01 4.34167e-03 6.69817e-01 5.24757e-03 1.07663e+00 8.45577e-03 8.79641e-01 6.87523e-03 
4.7 4.725 4.75 7.16673e-01 5.87522e-03 4.58299e-01 3.74993e-03 1.16481e+00 9.55968e-03 5.22714e-01 4.27069e-03 6.28376e-01 5.15898e-03 1.00999e+00 8.29974e-03 8.25944e-01 6.75163e-03 
4.75 4.775 4.8 6.84733e-01 5.82193e-03 4.37548e-01 3.71145e-03 1.11471e+00 9.51065e-03 4.99361e-01 4.23185e-03 5.99992e-01 5.10611e-03 9.65840e-01 8.24410e-03 7.90307e-01 6.71655e-03 
4.8 4.825 4.85 6.26439e-01 5.70194e-03 4.00175e-01 3.63227e-03 1.02017e+00 9.32280e-03 4.56885e-01 4.14491e-03 5.48700e-01 4.99689e-03 8.83532e-01 8.07355e-03 7.23348e-01 6.58450e-03 
4.85 4.875 4.9 6.09740e-01 5.76865e-03 3.89247e-01 3.67494e-03 9.93742e-01 9.43028e-03 4.44641e-01 4.19306e-03 5.33794e-01 5.05597e-03 8.60129e-01 8.16880e-03 7.04485e-01 6.65969e-03 
4.9 4.925 4.95 5.63648e-01 5.60420e-03 3.59589e-01 3.56938e-03 9.19313e-01 9.16393e-03 4.11040e-01 4.07345e-03 4.93110e-01 4.91084e-03 7.95083e-01 7.93610e-03 6.51742e-01 6.47148e-03 
4.95 4.975 5.0 5.31986e-01 5.60629e-03 3.39106e-01 3.56584e-03 8.68494e-01 9.18126e-03 3.87942e-01 4.07498e-03 4.65030e-01 4.90594e-03 7.50438e-01 7.93904e-03 6.15698e-01 6.48371e-03 
5.0 5.025 5.05 4.98624e-01 5.47688e-03 3.17549e-01 3.47772e-03 8.14893e-01 8.98765e-03 3.63602e-01 3.98106e-03 4.35481e-01 4.78451e-03 7.03405e-01 7.75547e-03 5.77675e-01 6.34721e-03 
5.05 5.075 5.1 4.61040e-01 5.38595e-03 2.93586e-01 3.42227e-03 7.53552e-01 8.83103e-03 3.36178e-01 3.91469e-03 4.02640e-01 4.70858e-03 6.50425e-01 7.62734e-03 5.34158e-01 6.23611e-03 
5.1 5.125 5.15 4.33693e-01 5.31200e-03 2.75922e-01 3.37111e-03 7.09578e-01 8.72153e-03 3.16253e-01 3.86170e-03 3.78395e-01 4.63731e-03 6.11806e-01 7.52087e-03 5.03018e-01 6.16028e-03 
5.15 5.175 5.2 4.06321e-01 5.24266e-03 2.58186e-01 3.32386e-03 6.65749e-01 8.61730e-03 2.96273e-01 3.81082e-03 3.54096e-01 4.57282e-03 5.73240e-01 7.42376e-03 4.71907e-01 6.08569e-03 
5.2 5.225 5.25 3.76085e-01 5.06238e-03 2.38945e-01 3.21058e-03 6.16287e-01 8.31778e-03 2.74226e-01 3.67986e-03 3.27706e-01 4.41689e-03 5.30581e-01 7.16830e-03 4.36849e-01 5.87433e-03 
5.25 5.275 5.3 3.51181e-01 5.10479e-03 2.22838e-01 3.22885e-03 5.76325e-01 8.41405e-03 2.56044e-01 3.70985e-03 3.05644e-01 4.44297e-03 4.95502e-01 7.23027e-03 4.08475e-01 5.94063e-03 
5.3 5.325 5.35 3.23428e-01 4.98790e-03 2.05101e-01 3.15491e-03 5.31152e-01 8.22065e-03 2.35803e-01 3.62513e-03 2.81325e-01 4.34095e-03 4.56359e-01 7.06419e-03 3.76447e-01 5.80453e-03 
5.35 5.375 5.4 2.97504e-01 4.78448e-03 1.88539e-01 3.02236e-03 4.88954e-01 7.89809e-03 2.16910e-01 3.47822e-03 2.58596e-01 4.15747e-03 4.19762e-01 6.77395e-03 3.46553e-01 5.57856e-03 
5.4 5.425 5.45 2.84762e-01 4.86708e-03 1.80542e-01 3.07995e-03 4.68765e-01 8.04352e-03 2.07601e-01 3.53785e-03 2.47649e-01 4.23719e-03 4.01824e-01 6.89186e-03 3.32209e-01 5.68052e-03 
5.45 5.475 5.5 2.59053e-01 4.73903e-03 1.63824e-01 2.98824e-03 4.26782e-01 7.83828e-03 1.88846e-01 3.44419e-03 2.24733e-01 4.11170e-03 3.65577e-01 6.71185e-03 3.02431e-01 5.53442e-03 
5.5 5.525 5.55 2.41558e-01 4.67449e-03 1.52693e-01 2.94472e-03 3.98153e-01 7.74028e-03 1.76103e-01 3.39765e-03 2.09451e-01 4.05138e-03 3.40862e-01 6.61962e-03 2.82166e-01 5.46589e-03 
5.55 5.575 5.6 2.15234e-01 4.37575e-03 1.35985e-01 2.75788e-03 3.54959e-01 7.24068e-03 1.56948e-01 3.18118e-03 1.86490e-01 3.79352e-03 3.03635e-01 6.19507e-03 2.51622e-01 5.11434e-03 
5.6 5.625 5.65 2.01081e-01 4.44097e-03 1.26854e-01 2.79575e-03 3.30312e-01 7.31104e-03 1.46575e-01 3.22753e-03 1.74031e-01 3.84690e-03 2.82154e-01 6.24901e-03 2.34947e-01 5.18547e-03 
5.65 5.675 5.7 1.79654e-01 4.23476e-03 1.13584e-01 2.67905e-03 2.97414e-01 7.02697e-03 1.31133e-01 3.09267e-03 1.55482e-01 3.67397e-03 2.53525e-01 5.99591e-03 2.10996e-01 4.98167e-03 
5.7 5.725 5.75 1.61901e-01 4.05995e-03 1.02013e-01 2.55112e-03 2.67828e-01 6.74133e-03 1.18037e-01 2.95155e-03 1.39925e-01 3.50915e-03 2.28445e-01 5.74802e-03 1.89817e-01 4.76156e-03 
5.75 5.775 5.8 1.55309e-01 4.09469e-03 9.77658e-02 2.57231e-03 2.56753e-01 6.77520e-03 1.13220e-01 2.97627e-03 1.33065e-01 3.50559e-03 2.16835e-01 5.70908e-03 1.81952e-01 4.78478e-03 
5.8 5.825 5.85 1.43079e-01 4.01451e-03 8.99269e-02 2.51616e-03 2.35672e-01 6.62760e-03 1.04290e-01 2.91793e-03 1.23375e-01 3.46175e-03 2.01941e-01 5.68503e-03 1.68182e-01 4.72058e-03 
5.85 5.875 5.9 1.20678e-01 3.58974e-03 7.59360e-02 2.25953e-03 1.98918e-01 5.90821e-03 8.79912e-02 2.61089e-03 1.04147e-01 3.10663e-03 1.69608e-01 5.04913e-03 1.40998e-01 4.17565e-03 
5.9 5.925 5.95 9.82348e-02 3.11786e-03 6.18966e-02 1.95290e-03 1.63964e-01 5.20997e-03 7.20145e-02 2.27869e-03 8.48673e-02 2.68411e-03 1.38542e-01 4.40985e-03 1.16266e-01 3.68361e-03 
5.95 5.975 6.0 8.90207e-02 2.89380e-03 5.60702e-02 1.81940e-03 1.49062e-01 4.86033e-03 6.53097e-02 2.12186e-03 7.68473e-02 2.49860e-03 1.25497e-01 4.08944e-03 1.06333e-01 3.45508e-03 
6.0 6.025 6.05 8.68414e-02 2.99438e-03 5.48609e-02 1.89282e-03 1.43913e-01 4.95108e-03 6.33310e-02 2.17896e-03 7.49620e-02 2.58480e-03 1.22494e-01 4.23468e-03 1.02365e-01 3.52693e-03 
6.05 6.075 6.1 6.67290e-02 2.44106e-03 4.20189e-02 1.53601e-03 1.11087e-01 4.06765e-03 4.86820e-02 1.77739e-03 5.75966e-02 2.10946e-03 9.45597e-02 3.46535e-03 7.87919e-02 2.87833e-03 
6.1 6.125 6.15 6.21482e-02 2.38986e-03 3.87761e-02 1.50222e-03 1.03575e-01 3.96894e-03 4.53362e-02 1.74004e-03 5.29375e-02 2.04508e-03 8.76323e-02 3.37747e-03 7.37860e-02 2.82533e-03 
6.15 6.175 6.2 5.03267e-02 2.06695e-03 3.16904e-02 1.30336e-03 8.41825e-02 3.44704e-03 3.67322e-02 1.50600e-03 4.30035e-02 1.77142e-03 7.11472e-02 2.92465e-03 5.97399e-02 2.44105e-03 
6.2 6.225 6.25 3.48890e-02 1.62683e-03 2.18614e-02 1.01779e-03 5.96089e-02 2.76254e-03 2.54775e-02 1.18632e-03 2.99364e-02 1.39565e-03 4.92761e-02 2.29547e-03 4.25462e-02 1.96551e-03 
6.25 6.275 6.3 2.90963e-02 1.44111e-03 1.80195e-02 8.97250e-04 4.89786e-02 2.41830e-03 2.13522e-02 1.05663e-03 2.58037e-02 1.28382e-03 4.05808e-02 2.01169e-03 3.44861e-02 1.70000e-03 
6.3 6.325 6.35 2.53586e-02 1.34014e-03 1.59455e-02 8.45791e-04 4.25333e-02 2.24416e-03 1.86743e-02 9.88138e-04 2.18336e-02 1.15987e-03 3.59009e-02 1.90148e-03 3.03779e-02 1.59804e-03 
6.35 6.375 6.4 2.07209e-02 1.20537e-03 1.26784e-02 7.41902e-04 3.65602e-02 2.12828e-03 1.52364e-02 8.85934e-04 1.72192e-02 1.00901e-03 2.91831e-02 1.70020e-03 2.42614e-02 1.40684e-03 
6.4 6.425 6.45 1.64258e-02 1.03147e-03 9.61198e-03 6.08930e-04 2.63064e-02 1.66062e-03 1.21713e-02 7.60723e-04 1.43582e-02 9.03944e-04 2.29584e-02 1.44458e-03 1.86888e-02 1.17770e-03 
6.45 6.475 6.5 2.69891e-03 2.29816e-04 1.47796e-03 1.28458e-04 4.93538e-03 4.13410e-04 1.98236e-03 1.68696e-04 2.01602e-03 1.75410e-04 3.73041e-03 3.18476e-04 3.46261e-03 2.92627e-04 
6.5 6.525 6.55 5.02530e-04 5.03158e-05 3.00419e-04 3.02655e-05 9.27764e-04 9.21584e-05 3.69952e-04 3.70229e-05 4.08173e-04 4.11511e-05 7.01012e-04 7.02379e-05 6.65277e-04 6.60518e-05 
6.55 6.575 6.6 4.48837e-05 5.41790e-06 2.44637e-05 2.99451e-06 8.50138e-05 1.01733e-05 3.31376e-05 3.99788e-06 3.31430e-05 4.06116e-06 6.23960e-05 7.53708e-06 5.96400e-05 7.15143e-06 
6.6 6.625 6.65 2.49780e-10 6.21931e-11 1.32081e-10 3.30764e-11 4.42329e-10 1.09732e-10 1.86332e-10 4.64074e-11 1.77032e-10 4.43151e-11 3.43037e-10 8.53949e-11 3.63046e-10 8.98580e-11 
6.65 6.675 6.7 3.51614e-11 1.02132e-11 1.80788e-11 5.23704e-12 8.43924e-11 2.42539e-11 2.61651e-11 7.58347e-12 2.42914e-11 7.05171e-12 4.84295e-11 1.41043e-11 6.13463e-11 1.76122e-11 
6.7 6.725 6.75 0.00000e+00 0.00000e+00 0.00000e+00 0.00000e+00 0.00000e+00 0.00000e+00 0.00000e+00 0.00000e+00 0.00000e+00 0.00000e+00 0.00000e+00 0.00000e+00 0.00000e+00 0.00000e+00 
6.75 6.775 6.8 0.00000e+00 0.00000e+00 0.00000e+00 0.00000e+00 0.00000e+00 0.00000e+00 0.00000e+00 0.00000e+00 0.00000e+00 0.00000e+00 0.00000e+00 0.00000e+00 0.00000e+00 0.00000e+00 
6.8 6.825 6.85 0.00000e+00 0.00000e+00 0.00000e+00 0.00000e+00 0.00000e+00 0.00000e+00 0.00000e+00 0.00000e+00 0.00000e+00 0.00000e+00 0.00000e+00 0.00000e+00 0.00000e+00 0.00000e+00 
6.85 6.875 6.9 0.00000e+00 0.00000e+00 0.00000e+00 0.00000e+00 0.00000e+00 0.00000e+00 0.00000e+00 0.00000e+00 0.00000e+00 0.00000e+00 0.00000e+00 0.00000e+00 0.00000e+00 0.00000e+00 
6.9 6.925 6.95 0.00000e+00 0.00000e+00 0.00000e+00 0.00000e+00 0.00000e+00 0.00000e+00 0.00000e+00 0.00000e+00 0.00000e+00 0.00000e+00 0.00000e+00 0.00000e+00 0.00000e+00 0.00000e+00 
6.95 6.975 7.0 0.00000e+00 0.00000e+00 0.00000e+00 0.00000e+00 0.00000e+00 0.00000e+00 0.00000e+00 0.00000e+00 0.00000e+00 0.00000e+00 0.00000e+00 0.00000e+00 0.00000e+00 0.00000e+00 
7.0 7.025 7.05 0.00000e+00 0.00000e+00 0.00000e+00 0.00000e+00 0.00000e+00 0.00000e+00 0.00000e+00 0.00000e+00 0.00000e+00 0.00000e+00 0.00000e+00 0.00000e+00 0.00000e+00 0.00000e+00 
7.05 7.075 7.1 0.00000e+00 0.00000e+00 0.00000e+00 0.00000e+00 0.00000e+00 0.00000e+00 0.00000e+00 0.00000e+00 0.00000e+00 0.00000e+00 0.00000e+00 0.00000e+00 0.00000e+00 0.00000e+00 
7.1 7.125 7.15 0.00000e+00 0.00000e+00 0.00000e+00 0.00000e+00 0.00000e+00 0.00000e+00 0.00000e+00 0.00000e+00 0.00000e+00 0.00000e+00 0.00000e+00 0.00000e+00 0.00000e+00 0.00000e+00 
7.15 7.175 7.2 0.00000e+00 0.00000e+00 0.00000e+00 0.00000e+00 0.00000e+00 0.00000e+00 0.00000e+00 0.00000e+00 0.00000e+00 0.00000e+00 0.00000e+00 0.00000e+00 0.00000e+00 0.00000e+00 
7.2 7.225 7.25 0.00000e+00 0.00000e+00 0.00000e+00 0.00000e+00 0.00000e+00 0.00000e+00 0.00000e+00 0.00000e+00 0.00000e+00 0.00000e+00 0.00000e+00 0.00000e+00 0.00000e+00 0.00000e+00 
7.25 7.275 7.3 0.00000e+00 0.00000e+00 0.00000e+00 0.00000e+00 0.00000e+00 0.00000e+00 0.00000e+00 0.00000e+00 0.00000e+00 0.00000e+00 0.00000e+00 0.00000e+00 0.00000e+00 0.00000e+00 
7.3 7.325 7.35 0.00000e+00 0.00000e+00 0.00000e+00 0.00000e+00 0.00000e+00 0.00000e+00 0.00000e+00 0.00000e+00 0.00000e+00 0.00000e+00 0.00000e+00 0.00000e+00 0.00000e+00 0.00000e+00 
7.35 7.375 7.4 0.00000e+00 0.00000e+00 0.00000e+00 0.00000e+00 0.00000e+00 0.00000e+00 0.00000e+00 0.00000e+00 0.00000e+00 0.00000e+00 0.00000e+00 0.00000e+00 0.00000e+00 0.00000e+00 
7.4 7.425 7.45 0.00000e+00 0.00000e+00 0.00000e+00 0.00000e+00 0.00000e+00 0.00000e+00 0.00000e+00 0.00000e+00 0.00000e+00 0.00000e+00 0.00000e+00 0.00000e+00 0.00000e+00 0.00000e+00 
7.45 7.475 7.5 0.00000e+00 0.00000e+00 0.00000e+00 0.00000e+00 0.00000e+00 0.00000e+00 0.00000e+00 0.00000e+00 0.00000e+00 0.00000e+00 0.00000e+00 0.00000e+00 0.00000e+00 0.00000e+00 
7.5 7.525 7.55 0.00000e+00 0.00000e+00 0.00000e+00 0.00000e+00 0.00000e+00 0.00000e+00 0.00000e+00 0.00000e+00 0.00000e+00 0.00000e+00 0.00000e+00 0.00000e+00 0.00000e+00 0.00000e+00 
7.55 7.575 7.6 0.00000e+00 0.00000e+00 0.00000e+00 0.00000e+00 0.00000e+00 0.00000e+00 0.00000e+00 0.00000e+00 0.00000e+00 0.00000e+00 0.00000e+00 0.00000e+00 0.00000e+00 0.00000e+00 
7.6 7.625 7.65 0.00000e+00 0.00000e+00 0.00000e+00 0.00000e+00 0.00000e+00 0.00000e+00 0.00000e+00 0.00000e+00 0.00000e+00 0.00000e+00 0.00000e+00 0.00000e+00 0.00000e+00 0.00000e+00 
7.65 7.675 7.7 0.00000e+00 0.00000e+00 0.00000e+00 0.00000e+00 0.00000e+00 0.00000e+00 0.00000e+00 0.00000e+00 0.00000e+00 0.00000e+00 0.00000e+00 0.00000e+00 0.00000e+00 0.00000e+00 
7.7 7.725 7.75 0.00000e+00 0.00000e+00 0.00000e+00 0.00000e+00 0.00000e+00 0.00000e+00 0.00000e+00 0.00000e+00 0.00000e+00 0.00000e+00 0.00000e+00 0.00000e+00 0.00000e+00 0.00000e+00 
7.75 7.775 7.8 0.00000e+00 0.00000e+00 0.00000e+00 0.00000e+00 0.00000e+00 0.00000e+00 0.00000e+00 0.00000e+00 0.00000e+00 0.00000e+00 0.00000e+00 0.00000e+00 0.00000e+00 0.00000e+00 
7.8 7.825 7.85 0.00000e+00 0.00000e+00 0.00000e+00 0.00000e+00 0.00000e+00 0.00000e+00 0.00000e+00 0.00000e+00 0.00000e+00 0.00000e+00 0.00000e+00 0.00000e+00 0.00000e+00 0.00000e+00 
7.85 7.875 7.9 0.00000e+00 0.00000e+00 0.00000e+00 0.00000e+00 0.00000e+00 0.00000e+00 0.00000e+00 0.00000e+00 0.00000e+00 0.00000e+00 0.00000e+00 0.00000e+00 0.00000e+00 0.00000e+00 
7.9 7.925 7.95 0.00000e+00 0.00000e+00 0.00000e+00 0.00000e+00 0.00000e+00 0.00000e+00 0.00000e+00 0.00000e+00 0.00000e+00 0.00000e+00 0.00000e+00 0.00000e+00 0.00000e+00 0.00000e+00 
7.95 7.975 8.0 0.00000e+00 0.00000e+00 0.00000e+00 0.00000e+00 0.00000e+00 0.00000e+00 0.00000e+00 0.00000e+00 0.00000e+00 0.00000e+00 0.00000e+00 0.00000e+00 0.00000e+00 0.00000e+00 
8.0 8.025 8.05 0.00000e+00 0.00000e+00 0.00000e+00 0.00000e+00 0.00000e+00 0.00000e+00 0.00000e+00 0.00000e+00 0.00000e+00 0.00000e+00 0.00000e+00 0.00000e+00 0.00000e+00 0.00000e+00 
8.05 8.075 8.1 0.00000e+00 0.00000e+00 0.00000e+00 0.00000e+00 0.00000e+00 0.00000e+00 0.00000e+00 0.00000e+00 0.00000e+00 0.00000e+00 0.00000e+00 0.00000e+00 0.00000e+00 0.00000e+00 
8.1 8.125 8.15 0.00000e+00 0.00000e+00 0.00000e+00 0.00000e+00 0.00000e+00 0.00000e+00 0.00000e+00 0.00000e+00 0.00000e+00 0.00000e+00 0.00000e+00 0.00000e+00 0.00000e+00 0.00000e+00 
8.15 8.175 8.2 0.00000e+00 0.00000e+00 0.00000e+00 0.00000e+00 0.00000e+00 0.00000e+00 0.00000e+00 0.00000e+00 0.00000e+00 0.00000e+00 0.00000e+00 0.00000e+00 0.00000e+00 0.00000e+00 
8.2 8.225 8.25 0.00000e+00 0.00000e+00 0.00000e+00 0.00000e+00 0.00000e+00 0.00000e+00 0.00000e+00 0.00000e+00 0.00000e+00 0.00000e+00 0.00000e+00 0.00000e+00 0.00000e+00 0.00000e+00 
8.25 8.275 8.3 0.00000e+00 0.00000e+00 0.00000e+00 0.00000e+00 0.00000e+00 0.00000e+00 0.00000e+00 0.00000e+00 0.00000e+00 0.00000e+00 0.00000e+00 0.00000e+00 0.00000e+00 0.00000e+00 
8.3 8.325 8.35 0.00000e+00 0.00000e+00 0.00000e+00 0.00000e+00 0.00000e+00 0.00000e+00 0.00000e+00 0.00000e+00 0.00000e+00 0.00000e+00 0.00000e+00 0.00000e+00 0.00000e+00 0.00000e+00 
8.35 8.375 8.4 0.00000e+00 0.00000e+00 0.00000e+00 0.00000e+00 0.00000e+00 0.00000e+00 0.00000e+00 0.00000e+00 0.00000e+00 0.00000e+00 0.00000e+00 0.00000e+00 0.00000e+00 0.00000e+00 
8.4 8.425 8.45 0.00000e+00 0.00000e+00 0.00000e+00 0.00000e+00 0.00000e+00 0.00000e+00 0.00000e+00 0.00000e+00 0.00000e+00 0.00000e+00 0.00000e+00 0.00000e+00 0.00000e+00 0.00000e+00 
8.45 8.475 8.5 0.00000e+00 0.00000e+00 0.00000e+00 0.00000e+00 0.00000e+00 0.00000e+00 0.00000e+00 0.00000e+00 0.00000e+00 0.00000e+00 0.00000e+00 0.00000e+00 0.00000e+00 0.00000e+00 
8.5 8.525 8.55 0.00000e+00 0.00000e+00 0.00000e+00 0.00000e+00 0.00000e+00 0.00000e+00 0.00000e+00 0.00000e+00 0.00000e+00 0.00000e+00 0.00000e+00 0.00000e+00 0.00000e+00 0.00000e+00 
8.55 8.575 8.6 0.00000e+00 0.00000e+00 0.00000e+00 0.00000e+00 0.00000e+00 0.00000e+00 0.00000e+00 0.00000e+00 0.00000e+00 0.00000e+00 0.00000e+00 0.00000e+00 0.00000e+00 0.00000e+00 
8.6 8.625 8.65 0.00000e+00 0.00000e+00 0.00000e+00 0.00000e+00 0.00000e+00 0.00000e+00 0.00000e+00 0.00000e+00 0.00000e+00 0.00000e+00 0.00000e+00 0.00000e+00 0.00000e+00 0.00000e+00 
8.65 8.675 8.7 0.00000e+00 0.00000e+00 0.00000e+00 0.00000e+00 0.00000e+00 0.00000e+00 0.00000e+00 0.00000e+00 0.00000e+00 0.00000e+00 0.00000e+00 0.00000e+00 0.00000e+00 0.00000e+00 
8.7 8.725 8.75 0.00000e+00 0.00000e+00 0.00000e+00 0.00000e+00 0.00000e+00 0.00000e+00 0.00000e+00 0.00000e+00 0.00000e+00 0.00000e+00 0.00000e+00 0.00000e+00 0.00000e+00 0.00000e+00 
8.75 8.775 8.8 0.00000e+00 0.00000e+00 0.00000e+00 0.00000e+00 0.00000e+00 0.00000e+00 0.00000e+00 0.00000e+00 0.00000e+00 0.00000e+00 0.00000e+00 0.00000e+00 0.00000e+00 0.00000e+00 
8.8 8.825 8.85 0.00000e+00 0.00000e+00 0.00000e+00 0.00000e+00 0.00000e+00 0.00000e+00 0.00000e+00 0.00000e+00 0.00000e+00 0.00000e+00 0.00000e+00 0.00000e+00 0.00000e+00 0.00000e+00 
8.85 8.875 8.9 0.00000e+00 0.00000e+00 0.00000e+00 0.00000e+00 0.00000e+00 0.00000e+00 0.00000e+00 0.00000e+00 0.00000e+00 0.00000e+00 0.00000e+00 0.00000e+00 0.00000e+00 0.00000e+00 
8.9 8.925 8.95 0.00000e+00 0.00000e+00 0.00000e+00 0.00000e+00 0.00000e+00 0.00000e+00 0.00000e+00 0.00000e+00 0.00000e+00 0.00000e+00 0.00000e+00 0.00000e+00 0.00000e+00 0.00000e+00 
8.95 8.975 9.0 0.00000e+00 0.00000e+00 0.00000e+00 0.00000e+00 0.00000e+00 0.00000e+00 0.00000e+00 0.00000e+00 0.00000e+00 0.00000e+00 0.00000e+00 0.00000e+00 0.00000e+00 0.00000e+00 
9.0 9.025 9.05 0.00000e+00 0.00000e+00 0.00000e+00 0.00000e+00 0.00000e+00 0.00000e+00 0.00000e+00 0.00000e+00 0.00000e+00 0.00000e+00 0.00000e+00 0.00000e+00 0.00000e+00 0.00000e+00 
9.05 9.075 9.1 0.00000e+00 0.00000e+00 0.00000e+00 0.00000e+00 0.00000e+00 0.00000e+00 0.00000e+00 0.00000e+00 0.00000e+00 0.00000e+00 0.00000e+00 0.00000e+00 0.00000e+00 0.00000e+00 
9.1 9.125 9.15 0.00000e+00 0.00000e+00 0.00000e+00 0.00000e+00 0.00000e+00 0.00000e+00 0.00000e+00 0.00000e+00 0.00000e+00 0.00000e+00 0.00000e+00 0.00000e+00 0.00000e+00 0.00000e+00 
9.15 9.175 9.2 0.00000e+00 0.00000e+00 0.00000e+00 0.00000e+00 0.00000e+00 0.00000e+00 0.00000e+00 0.00000e+00 0.00000e+00 0.00000e+00 0.00000e+00 0.00000e+00 0.00000e+00 0.00000e+00 
9.2 9.225 9.25 0.00000e+00 0.00000e+00 0.00000e+00 0.00000e+00 0.00000e+00 0.00000e+00 0.00000e+00 0.00000e+00 0.00000e+00 0.00000e+00 0.00000e+00 0.00000e+00 0.00000e+00 0.00000e+00 
9.25 9.275 9.3 0.00000e+00 0.00000e+00 0.00000e+00 0.00000e+00 0.00000e+00 0.00000e+00 0.00000e+00 0.00000e+00 0.00000e+00 0.00000e+00 0.00000e+00 0.00000e+00 0.00000e+00 0.00000e+00 
9.3 9.325 9.35 0.00000e+00 0.00000e+00 0.00000e+00 0.00000e+00 0.00000e+00 0.00000e+00 0.00000e+00 0.00000e+00 0.00000e+00 0.00000e+00 0.00000e+00 0.00000e+00 0.00000e+00 0.00000e+00 
9.35 9.375 9.4 0.00000e+00 0.00000e+00 0.00000e+00 0.00000e+00 0.00000e+00 0.00000e+00 0.00000e+00 0.00000e+00 0.00000e+00 0.00000e+00 0.00000e+00 0.00000e+00 0.00000e+00 0.00000e+00 
9.4 9.425 9.45 0.00000e+00 0.00000e+00 0.00000e+00 0.00000e+00 0.00000e+00 0.00000e+00 0.00000e+00 0.00000e+00 0.00000e+00 0.00000e+00 0.00000e+00 0.00000e+00 0.00000e+00 0.00000e+00 
9.45 9.475 9.5 0.00000e+00 0.00000e+00 0.00000e+00 0.00000e+00 0.00000e+00 0.00000e+00 0.00000e+00 0.00000e+00 0.00000e+00 0.00000e+00 0.00000e+00 0.00000e+00 0.00000e+00 0.00000e+00 
9.5 9.525 9.55 0.00000e+00 0.00000e+00 0.00000e+00 0.00000e+00 0.00000e+00 0.00000e+00 0.00000e+00 0.00000e+00 0.00000e+00 0.00000e+00 0.00000e+00 0.00000e+00 0.00000e+00 0.00000e+00 
9.55 9.575 9.6 0.00000e+00 0.00000e+00 0.00000e+00 0.00000e+00 0.00000e+00 0.00000e+00 0.00000e+00 0.00000e+00 0.00000e+00 0.00000e+00 0.00000e+00 0.00000e+00 0.00000e+00 0.00000e+00 
9.6 9.625 9.65 0.00000e+00 0.00000e+00 0.00000e+00 0.00000e+00 0.00000e+00 0.00000e+00 0.00000e+00 0.00000e+00 0.00000e+00 0.00000e+00 0.00000e+00 0.00000e+00 0.00000e+00 0.00000e+00 
9.65 9.675 9.7 0.00000e+00 0.00000e+00 0.00000e+00 0.00000e+00 0.00000e+00 0.00000e+00 0.00000e+00 0.00000e+00 0.00000e+00 0.00000e+00 0.00000e+00 0.00000e+00 0.00000e+00 0.00000e+00 
9.7 9.725 9.75 0.00000e+00 0.00000e+00 0.00000e+00 0.00000e+00 0.00000e+00 0.00000e+00 0.00000e+00 0.00000e+00 0.00000e+00 0.00000e+00 0.00000e+00 0.00000e+00 0.00000e+00 0.00000e+00 
9.75 9.775 9.8 0.00000e+00 0.00000e+00 0.00000e+00 0.00000e+00 0.00000e+00 0.00000e+00 0.00000e+00 0.00000e+00 0.00000e+00 0.00000e+00 0.00000e+00 0.00000e+00 0.00000e+00 0.00000e+00 
9.8 9.825 9.85 0.00000e+00 0.00000e+00 0.00000e+00 0.00000e+00 0.00000e+00 0.00000e+00 0.00000e+00 0.00000e+00 0.00000e+00 0.00000e+00 0.00000e+00 0.00000e+00 0.00000e+00 0.00000e+00 
9.85 9.875 9.9 0.00000e+00 0.00000e+00 0.00000e+00 0.00000e+00 0.00000e+00 0.00000e+00 0.00000e+00 0.00000e+00 0.00000e+00 0.00000e+00 0.00000e+00 0.00000e+00 0.00000e+00 0.00000e+00 
9.9 9.925 9.95 0.00000e+00 0.00000e+00 0.00000e+00 0.00000e+00 0.00000e+00 0.00000e+00 0.00000e+00 0.00000e+00 0.00000e+00 0.00000e+00 0.00000e+00 0.00000e+00 0.00000e+00 0.00000e+00 
9.95 9.975 10.0 0.00000e+00 0.00000e+00 0.00000e+00 0.00000e+00 0.00000e+00 0.00000e+00 0.00000e+00 0.00000e+00 0.00000e+00 0.00000e+00 0.00000e+00 0.00000e+00 0.00000e+00 0.00000e+00 
