0.0 0.025 0.05 0.00000e+00 0.00000e+00 0.00000e+00 0.00000e+00 0.00000e+00 0.00000e+00 0.00000e+00 0.00000e+00 0.00000e+00 0.00000e+00 0.00000e+00 0.00000e+00 0.00000e+00 0.00000e+00 
0.05 0.075 0.1 0.00000e+00 0.00000e+00 0.00000e+00 0.00000e+00 0.00000e+00 0.00000e+00 0.00000e+00 0.00000e+00 0.00000e+00 0.00000e+00 0.00000e+00 0.00000e+00 0.00000e+00 0.00000e+00 
0.1 0.125 0.15 0.00000e+00 0.00000e+00 0.00000e+00 0.00000e+00 0.00000e+00 0.00000e+00 0.00000e+00 0.00000e+00 0.00000e+00 0.00000e+00 0.00000e+00 0.00000e+00 0.00000e+00 0.00000e+00 
0.15 0.175 0.2 0.00000e+00 0.00000e+00 0.00000e+00 0.00000e+00 0.00000e+00 0.00000e+00 0.00000e+00 0.00000e+00 0.00000e+00 0.00000e+00 0.00000e+00 0.00000e+00 0.00000e+00 0.00000e+00 
0.2 0.225 0.25 0.00000e+00 0.00000e+00 0.00000e+00 0.00000e+00 0.00000e+00 0.00000e+00 0.00000e+00 0.00000e+00 0.00000e+00 0.00000e+00 0.00000e+00 0.00000e+00 0.00000e+00 0.00000e+00 
0.25 0.275 0.3 0.00000e+00 0.00000e+00 0.00000e+00 0.00000e+00 0.00000e+00 0.00000e+00 0.00000e+00 0.00000e+00 0.00000e+00 0.00000e+00 0.00000e+00 0.00000e+00 0.00000e+00 0.00000e+00 
0.3 0.325 0.35 0.00000e+00 0.00000e+00 0.00000e+00 0.00000e+00 0.00000e+00 0.00000e+00 0.00000e+00 0.00000e+00 0.00000e+00 0.00000e+00 0.00000e+00 0.00000e+00 0.00000e+00 0.00000e+00 
0.35 0.375 0.4 0.00000e+00 0.00000e+00 0.00000e+00 0.00000e+00 0.00000e+00 0.00000e+00 0.00000e+00 0.00000e+00 0.00000e+00 0.00000e+00 0.00000e+00 0.00000e+00 0.00000e+00 0.00000e+00 
0.4 0.425 0.45 3.09343e+00 7.94233e-03 2.01021e+00 5.14642e-03 4.93293e+00 1.27157e-02 2.26851e+00 5.81184e-03 2.74133e+00 7.03321e-03 4.33483e+00 1.11581e-02 3.52046e+00 9.05139e-03 
0.45 0.475 0.5 2.84515e+00 6.99051e-03 1.84974e+00 4.53382e-03 4.53697e+00 1.11911e-02 2.08653e+00 5.11535e-03 2.52237e+00 6.19602e-03 3.98669e+00 9.82093e-03 3.23805e+00 7.96612e-03 
0.5 0.525 0.55 2.68310e+00 6.30804e-03 1.74493e+00 4.09567e-03 4.27591e+00 1.00782e-02 1.96774e+00 4.61621e-03 2.37939e+00 5.59693e-03 3.75950e+00 8.86151e-03 3.05183e+00 7.17450e-03 
0.55 0.575 0.6 2.55042e+00 5.90331e-03 1.65877e+00 3.83041e-03 4.06416e+00 9.43945e-03 1.87044e+00 4.31990e-03 2.26190e+00 5.23458e-03 3.57358e+00 8.29324e-03 2.90070e+00 6.71952e-03 
0.6 0.625 0.65 2.43502e+00 5.48644e-03 1.58403e+00 3.56254e-03 3.87944e+00 8.76528e-03 1.78591e+00 4.01508e-03 2.15986e+00 4.86824e-03 3.41166e+00 7.70705e-03 2.76905e+00 6.24006e-03 
0.65 0.675 0.7 2.35046e+00 5.22709e-03 1.52935e+00 3.39539e-03 3.74386e+00 8.34745e-03 1.72396e+00 3.82528e-03 2.08522e+00 4.63982e-03 3.29303e+00 7.34275e-03 2.67240e+00 5.94259e-03 
0.7 0.725 0.75 2.27198e+00 4.98717e-03 1.47860e+00 3.24031e-03 3.61801e+00 7.96234e-03 1.66650e+00 3.64980e-03 2.01590e+00 4.42777e-03 3.18285e+00 7.00550e-03 2.58276e+00 5.66858e-03 
0.75 0.775 0.8 2.22701e+00 4.83723e-03 1.44951e+00 3.14450e-03 3.54613e+00 7.71986e-03 1.63355e+00 3.54018e-03 1.97620e+00 4.29673e-03 3.11977e+00 6.79460e-03 2.53151e+00 5.49620e-03 
0.8 0.825 0.85 2.16637e+00 4.65795e-03 1.41040e+00 3.03102e-03 3.44839e+00 7.42312e-03 1.58920e+00 3.40924e-03 1.92272e+00 4.14134e-03 3.03452e+00 6.54214e-03 2.46198e+00 5.28546e-03 
0.85 0.875 0.9 2.13100e+00 4.57389e-03 1.38756e+00 2.97651e-03 3.39162e+00 7.28894e-03 1.56331e+00 3.34774e-03 1.89151e+00 4.06684e-03 2.98484e+00 6.42404e-03 2.42156e+00 5.18993e-03 
0.9 0.925 0.95 2.10105e+00 4.51209e-03 1.36819e+00 2.93661e-03 3.34360e+00 7.18967e-03 1.54143e+00 3.30266e-03 1.86500e+00 4.01214e-03 2.94267e+00 6.33688e-03 2.38744e+00 5.11954e-03 
0.95 0.975 1.0 2.07017e+00 4.42567e-03 1.34832e+00 2.88175e-03 3.29384e+00 7.04804e-03 1.51885e+00 3.23954e-03 1.83783e+00 3.93701e-03 2.89927e+00 6.21522e-03 2.35205e+00 5.01894e-03 
1.0 1.025 1.05 2.05477e+00 4.41607e-03 1.33837e+00 2.87461e-03 3.26914e+00 7.03560e-03 1.50762e+00 3.23259e-03 1.82418e+00 3.92716e-03 2.87754e+00 6.20154e-03 2.33454e+00 5.01022e-03 
1.05 1.075 1.1 2.03044e+00 4.35137e-03 1.32269e+00 2.83398e-03 3.22999e+00 6.92808e-03 1.48988e+00 3.18544e-03 1.80267e+00 3.87140e-03 2.84322e+00 6.11020e-03 2.30678e+00 4.93405e-03 
1.1 1.125 1.15 2.01330e+00 4.34199e-03 1.31157e+00 2.82718e-03 3.20262e+00 6.91554e-03 1.47739e+00 3.17863e-03 1.78740e+00 3.86203e-03 2.81901e+00 6.09691e-03 2.28740e+00 4.92518e-03 
1.15 1.175 1.2 2.00882e+00 4.35096e-03 1.30877e+00 2.83398e-03 3.19517e+00 6.92671e-03 1.47418e+00 3.18538e-03 1.78349e+00 3.87112e-03 2.81255e+00 6.10909e-03 2.28223e+00 4.93350e-03 
1.2 1.225 1.25 1.98893e+00 4.31110e-03 1.29573e+00 2.80849e-03 3.16377e+00 6.86195e-03 1.45969e+00 3.15643e-03 1.76560e+00 3.83601e-03 2.78447e+00 6.05259e-03 2.25999e+00 4.88782e-03 
1.25 1.275 1.3 1.97767e+00 4.30654e-03 1.28842e+00 2.80536e-03 3.14580e+00 6.85540e-03 1.45151e+00 3.15318e-03 1.75554e+00 3.83162e-03 2.76851e+00 6.04598e-03 2.24731e+00 4.88330e-03 
1.3 1.325 1.35 1.96053e+00 4.29677e-03 1.27729e+00 2.79901e-03 3.11843e+00 6.83969e-03 1.43902e+00 3.14618e-03 1.74026e+00 3.82275e-03 2.74430e+00 6.03189e-03 2.22793e+00 4.87241e-03 
1.35 1.375 1.4 1.96098e+00 4.31050e-03 1.27765e+00 2.80854e-03 3.11936e+00 6.86103e-03 1.43946e+00 3.15644e-03 1.74062e+00 3.83552e-03 2.74471e+00 6.05070e-03 2.22878e+00 4.88799e-03 
1.4 1.425 1.45 1.94274e+00 4.29179e-03 1.26573e+00 2.79603e-03 3.09008e+00 6.83101e-03 1.42616e+00 3.14283e-03 1.72427e+00 3.81832e-03 2.71895e+00 6.02421e-03 2.20804e+00 4.86678e-03 
1.45 1.475 1.5 1.93829e+00 4.28457e-03 1.26284e+00 2.79176e-03 3.08299e+00 6.81847e-03 1.42298e+00 3.13773e-03 1.72023e+00 3.81227e-03 2.71253e+00 6.01365e-03 2.20313e+00 4.85818e-03 
1.5 1.525 1.55 1.93552e+00 4.31882e-03 1.26097e+00 2.81275e-03 3.07878e+00 6.87701e-03 1.42104e+00 3.16288e-03 1.71757e+00 3.84085e-03 2.70845e+00 6.06159e-03 2.20029e+00 4.90000e-03 
1.55 1.575 1.6 1.91781e+00 4.29464e-03 1.24932e+00 2.79695e-03 3.05092e+00 6.83875e-03 1.40815e+00 3.14538e-03 1.70157e+00 3.81901e-03 2.68341e+00 6.02715e-03 2.18059e+00 4.87314e-03 
1.6 1.625 1.65 1.89689e+00 4.26440e-03 1.23563e+00 2.77773e-03 3.01783e+00 6.78909e-03 1.39289e+00 3.12341e-03 1.68280e+00 3.79256e-03 2.65391e+00 5.98431e-03 2.15712e+00 4.83809e-03 
1.65 1.675 1.7 1.89095e+00 4.27482e-03 1.23172e+00 2.78472e-03 3.00848e+00 6.80483e-03 1.38862e+00 3.13114e-03 1.67736e+00 3.80199e-03 2.64537e+00 5.99874e-03 2.15062e+00 4.84946e-03 
1.7 1.725 1.75 1.87551e+00 4.25008e-03 1.22157e+00 2.76832e-03 2.98419e+00 6.76633e-03 1.37739e+00 3.11329e-03 1.66341e+00 3.77927e-03 2.62354e+00 5.96337e-03 2.13345e+00 4.82256e-03 
1.75 1.775 1.8 1.85554e+00 4.22857e-03 1.20843e+00 2.75387e-03 2.95278e+00 6.73336e-03 1.36283e+00 3.09764e-03 1.64539e+00 3.75941e-03 2.59536e+00 5.93295e-03 2.11119e+00 4.79924e-03 
1.8 1.825 1.85 1.84659e+00 4.22381e-03 1.20246e+00 2.75076e-03 2.93896e+00 6.72567e-03 1.35635e+00 3.09428e-03 1.63716e+00 3.75501e-03 2.58266e+00 5.92600e-03 2.10147e+00 4.79399e-03 
1.85 1.875 1.9 1.82800e+00 4.20360e-03 1.19034e+00 2.73795e-03 2.90940e+00 6.69243e-03 1.34278e+00 3.07966e-03 1.62055e+00 3.73731e-03 2.55645e+00 5.89720e-03 2.08050e+00 4.77067e-03 
1.9 1.925 1.95 1.81800e+00 4.20610e-03 1.18350e+00 2.73757e-03 2.89440e+00 6.70266e-03 1.33551e+00 3.08149e-03 1.61114e+00 3.73677e-03 2.54227e+00 5.90073e-03 2.06992e+00 4.77791e-03 
1.95 1.975 2.0 1.78941e+00 4.14567e-03 1.16494e+00 2.70004e-03 2.84877e+00 6.60057e-03 1.31464e+00 3.03750e-03 1.58571e+00 3.68522e-03 2.50201e+00 5.81529e-03 2.03753e+00 4.70569e-03 
2.0 2.025 2.05 1.78255e+00 4.16519e-03 1.16035e+00 2.71153e-03 2.83822e+00 6.63545e-03 1.30964e+00 3.05176e-03 1.57941e+00 3.70094e-03 2.49234e+00 5.84277e-03 2.03005e+00 4.73048e-03 
2.05 2.075 2.1 1.76497e+00 4.16244e-03 1.14868e+00 2.70897e-03 2.81085e+00 6.63331e-03 1.29681e+00 3.04983e-03 1.56343e+00 3.69734e-03 2.46756e+00 5.83871e-03 2.01063e+00 4.72911e-03 
2.1 2.125 2.15 1.73862e+00 4.12044e-03 1.13148e+00 2.68114e-03 2.76901e+00 6.56784e-03 1.27757e+00 3.01925e-03 1.53988e+00 3.65913e-03 2.43045e+00 5.77935e-03 1.98092e+00 4.68280e-03 
2.15 2.175 2.2 1.72421e+00 4.10930e-03 1.12188e+00 2.67392e-03 2.74669e+00 6.54977e-03 1.26702e+00 3.01115e-03 1.52677e+00 3.64920e-03 2.41022e+00 5.76360e-03 1.96503e+00 4.67003e-03 
2.2 2.225 2.25 1.70290e+00 4.08021e-03 1.10790e+00 2.65503e-03 2.71310e+00 6.50343e-03 1.25146e+00 2.98995e-03 1.50762e+00 3.62329e-03 2.38022e+00 5.72253e-03 1.94118e+00 4.63720e-03 
2.25 2.275 2.3 1.68152e+00 4.06093e-03 1.09379e+00 2.64165e-03 2.67957e+00 6.47508e-03 1.23582e+00 2.97586e-03 1.48832e+00 3.60497e-03 2.35014e+00 5.69541e-03 1.91734e+00 4.61705e-03 
2.3 2.325 2.35 1.65064e+00 4.04604e-03 1.07355e+00 2.62977e-03 2.63080e+00 6.45792e-03 1.21319e+00 2.96490e-03 1.46071e+00 3.58881e-03 2.30685e+00 5.67465e-03 1.88255e+00 4.60469e-03 
2.35 2.375 2.4 1.62993e+00 3.99304e-03 1.05994e+00 2.59702e-03 2.59817e+00 6.36804e-03 1.19805e+00 2.92627e-03 1.44210e+00 3.54388e-03 2.27773e+00 5.59984e-03 1.85934e+00 4.54102e-03 
2.4 2.425 2.45 1.61596e+00 4.00988e-03 1.05063e+00 2.60510e-03 2.57654e+00 6.40389e-03 1.18783e+00 2.93848e-03 1.42937e+00 3.55506e-03 2.25809e+00 5.62376e-03 1.84396e+00 4.56631e-03 
2.45 2.475 2.5 1.58539e+00 3.95531e-03 1.03058e+00 2.57041e-03 2.52832e+00 6.31392e-03 1.16543e+00 2.89864e-03 1.40201e+00 3.50754e-03 2.21523e+00 5.54687e-03 1.80957e+00 4.50247e-03 
2.5 2.525 2.55 1.56388e+00 3.95760e-03 1.01644e+00 2.56860e-03 2.49444e+00 6.32801e-03 1.14967e+00 2.90030e-03 1.38271e+00 3.50507e-03 2.18504e+00 5.55011e-03 1.78543e+00 4.51246e-03 
2.55 2.575 2.6 1.53458e+00 3.88491e-03 9.97333e-01 2.52391e-03 2.44790e+00 6.20375e-03 1.12820e+00 2.84710e-03 1.35664e+00 3.44402e-03 2.14397e+00 5.44802e-03 1.75223e+00 4.42401e-03 
2.6 2.625 2.65 1.51131e+00 3.84439e-03 9.81971e-01 2.49691e-03 2.41121e+00 6.14029e-03 1.11116e+00 2.81752e-03 1.33578e+00 3.40738e-03 2.11131e+00 5.39096e-03 1.72609e+00 4.37895e-03 
2.65 2.675 2.7 1.48880e+00 3.83146e-03 9.67153e-01 2.48691e-03 2.37607e+00 6.12504e-03 1.09462e+00 2.80801e-03 1.31549e+00 3.39344e-03 2.07981e+00 5.37288e-03 1.70097e+00 4.36804e-03 
2.7 2.725 2.75 1.46902e+00 3.80758e-03 9.54091e-01 2.47128e-03 2.34492e+00 6.08634e-03 1.08009e+00 2.79038e-03 1.29780e+00 3.37270e-03 2.05215e+00 5.33971e-03 1.67869e+00 4.34017e-03 
2.75 2.775 2.8 1.44066e+00 3.74923e-03 9.35719e-01 2.43496e-03 2.29973e+00 5.98916e-03 1.05931e+00 2.74778e-03 1.27264e+00 3.32253e-03 2.01239e+00 5.25750e-03 1.64647e+00 4.27120e-03 
2.8 2.825 2.85 1.42131e+00 3.73705e-03 9.22887e-01 2.42520e-03 2.26960e+00 5.97518e-03 1.04511e+00 2.73875e-03 1.25515e+00 3.30933e-03 1.98530e+00 5.24065e-03 1.62494e+00 4.26103e-03 
2.85 2.875 2.9 1.39223e+00 3.70486e-03 9.03827e-01 2.40319e-03 2.22365e+00 5.92714e-03 1.02376e+00 2.71515e-03 1.22919e+00 3.27931e-03 1.94460e+00 5.19554e-03 1.59211e+00 4.22675e-03 
2.9 2.925 2.95 1.37620e+00 3.70222e-03 8.93348e-01 2.40015e-03 2.19828e+00 5.92696e-03 1.01197e+00 2.71306e-03 1.21495e+00 3.27532e-03 1.92224e+00 5.19218e-03 1.57393e+00 4.22630e-03 
2.95 2.975 3.0 1.34420e+00 3.64646e-03 8.72397e-01 2.36381e-03 2.14766e+00 5.83827e-03 9.88485e-01 2.67228e-03 1.18639e+00 3.22564e-03 1.87742e+00 5.11380e-03 1.53778e+00 4.16324e-03 
3.0 3.025 3.05 1.33460e+00 3.63655e-03 8.66049e-01 2.35715e-03 2.13266e+00 5.82294e-03 9.81443e-01 2.66501e-03 1.17774e+00 3.21657e-03 1.86397e+00 5.09992e-03 1.52707e+00 4.15229e-03 
3.05 3.075 3.1 1.31629e+00 3.62796e-03 8.54036e-01 2.35078e-03 2.10377e+00 5.81161e-03 9.67976e-01 2.65862e-03 1.16140e+00 3.20798e-03 1.83840e+00 5.08808e-03 1.50639e+00 4.14402e-03 
3.1 3.125 3.15 1.28870e+00 3.59134e-03 8.35916e-01 2.32459e-03 2.05995e+00 5.75864e-03 9.47744e-01 2.63188e-03 1.13669e+00 3.17211e-03 1.79972e+00 5.03649e-03 1.47512e+00 4.10645e-03 
3.15 3.175 3.2 1.16879e+00 3.46330e-03 7.57885e-01 2.24288e-03 1.86938e+00 5.55126e-03 8.59397e-01 2.53773e-03 1.03078e+00 3.06101e-03 1.63265e+00 4.85768e-03 1.33834e+00 3.95796e-03 
3.2 3.225 3.25 1.08441e+00 3.40087e-03 7.02659e-01 2.20030e-03 1.73591e+00 5.45753e-03 7.97263e-01 2.49176e-03 9.55774e-01 3.00317e-03 1.51498e+00 4.77062e-03 1.24262e+00 3.89072e-03 
3.25 3.275 3.3 1.02274e+00 3.34004e-03 6.62694e-01 2.16201e-03 1.63771e+00 5.36191e-03 7.51856e-01 2.44710e-03 9.01498e-01 2.95104e-03 1.42898e+00 4.68549e-03 1.17220e+00 3.82240e-03 
3.3 3.325 3.35 9.66576e-01 3.28375e-03 6.25857e-01 2.12263e-03 1.54861e+00 5.27530e-03 7.10539e-01 2.40590e-03 8.51416e-01 2.89722e-03 1.35056e+00 4.60644e-03 1.10838e+00 3.76073e-03 
3.35 3.375 3.4 9.16251e-01 3.23487e-03 5.93017e-01 2.08984e-03 1.46874e+00 5.20039e-03 6.73484e-01 2.36980e-03 8.06812e-01 2.85281e-03 1.28038e+00 4.53855e-03 1.05110e+00 3.70675e-03 
3.4 3.425 3.45 8.68253e-01 3.17604e-03 5.61795e-01 2.05120e-03 1.39227e+00 5.10778e-03 6.38190e-01 2.32675e-03 7.64349e-01 2.80001e-03 1.21334e+00 4.45586e-03 9.96348e-01 3.64088e-03 
3.45 3.475 3.5 8.25550e-01 3.12750e-03 5.33978e-01 2.02015e-03 1.32434e+00 5.02861e-03 6.06757e-01 2.29100e-03 7.26557e-01 2.75785e-03 1.15377e+00 4.38823e-03 9.47653e-01 3.58407e-03 
3.5 3.525 3.55 7.81636e-01 3.05960e-03 5.05364e-01 1.97537e-03 1.25451e+00 4.92211e-03 5.74472e-01 2.24133e-03 6.87634e-01 2.69665e-03 1.09241e+00 4.29280e-03 8.97664e-01 3.50831e-03 
3.55 3.575 3.6 7.50753e-01 3.04198e-03 4.85272e-01 1.96257e-03 1.20531e+00 4.89783e-03 5.51750e-01 2.22834e-03 6.60323e-01 2.67926e-03 1.04930e+00 4.26825e-03 8.62416e-01 3.49082e-03 
3.6 3.625 3.65 7.11392e-01 2.97893e-03 4.59656e-01 1.92229e-03 1.14263e+00 4.79509e-03 5.22801e-01 2.18214e-03 6.25494e-01 2.62429e-03 9.94341e-01 4.17983e-03 8.17526e-01 3.41758e-03 
3.65 3.675 3.7 6.83346e-01 2.95650e-03 4.41359e-01 1.90589e-03 1.09810e+00 4.76497e-03 5.02162e-01 2.16569e-03 6.00629e-01 2.60191e-03 9.55203e-01 4.14839e-03 7.85616e-01 3.39608e-03 
3.7 3.725 3.75 6.44891e-01 2.88633e-03 4.16363e-01 1.86015e-03 1.03677e+00 4.65330e-03 4.73901e-01 2.11430e-03 5.66615e-01 2.53945e-03 9.01453e-01 4.04989e-03 7.41735e-01 3.31651e-03 
3.75 3.775 3.8 6.17910e-01 2.87861e-03 3.98874e-01 1.85437e-03 9.92961e-01 4.61626e-03 4.54047e-01 2.10863e-03 5.42847e-01 2.53159e-03 8.63798e-01 4.03913e-03 7.10345e-01 3.29016e-03 
3.8 3.825 3.85 5.92424e-01 2.85693e-03 3.82146e-01 1.83901e-03 9.53432e-01 4.61237e-03 4.35293e-01 2.09261e-03 5.20111e-01 2.51078e-03 8.28229e-01 4.00900e-03 6.82013e-01 3.28705e-03 
3.85 3.875 3.9 5.59710e-01 2.80401e-03 3.60933e-01 1.80430e-03 9.01107e-01 4.52889e-03 4.11247e-01 2.05385e-03 4.91250e-01 2.46339e-03 7.82514e-01 3.93474e-03 6.44567e-01 3.22754e-03 
3.9 3.925 3.95 5.34953e-01 2.78908e-03 3.44888e-01 1.79277e-03 8.61500e-01 4.51109e-03 3.93051e-01 2.04297e-03 4.69419e-01 2.44759e-03 7.47916e-01 3.91366e-03 6.16225e-01 3.21499e-03 
3.95 3.975 4.0 5.09214e-01 2.73698e-03 3.28115e-01 1.75962e-03 8.20555e-01 4.42506e-03 3.74129e-01 2.00481e-03 4.46601e-01 2.40231e-03 7.11950e-01 3.84055e-03 5.86918e-01 3.15365e-03 
4.0 4.025 4.05 4.79382e-01 2.69146e-03 3.08797e-01 1.73014e-03 7.72771e-01 4.35213e-03 3.52200e-01 1.97140e-03 4.20321e-01 2.36216e-03 6.70268e-01 3.77684e-03 5.52718e-01 3.10155e-03 
4.05 4.075 4.1 4.58368e-01 2.65083e-03 2.95188e-01 1.70540e-03 7.39104e-01 4.28196e-03 3.36755e-01 1.94168e-03 4.01804e-01 2.32833e-03 6.40900e-01 3.71973e-03 5.28627e-01 3.05163e-03 
4.1 4.125 4.15 4.34652e-01 2.65746e-03 2.79712e-01 1.70532e-03 7.01472e-01 4.30614e-03 3.19315e-01 1.94640e-03 3.80757e-01 2.32836e-03 6.07778e-01 3.72933e-03 5.01679e-01 3.06857e-03 
4.15 4.175 4.2 4.14511e-01 2.62179e-03 2.66669e-01 1.68347e-03 6.69202e-01 4.24484e-03 3.04508e-01 1.92020e-03 3.63015e-01 2.29862e-03 5.79639e-01 3.67945e-03 4.78580e-01 3.02476e-03 
4.2 4.225 4.25 3.93443e-01 2.57972e-03 2.52968e-01 1.65594e-03 6.35611e-01 4.17819e-03 2.89041e-01 1.88957e-03 3.44351e-01 2.26082e-03 5.50152e-01 3.61998e-03 4.54577e-01 2.97762e-03 
4.25 4.275 4.3 3.70934e-01 2.53959e-03 2.38412e-01 1.63615e-03 5.99340e-01 4.11322e-03 2.72499e-01 1.86020e-03 3.24543e-01 2.23380e-03 5.18692e-01 3.56362e-03 4.28626e-01 2.93138e-03 
4.3 4.325 4.35 3.49227e-01 2.53408e-03 2.24365e-01 1.62529e-03 5.64703e-01 4.10851e-03 2.56538e-01 1.85596e-03 3.05439e-01 2.21920e-03 4.88372e-01 3.55636e-03 4.03827e-01 2.92763e-03 
4.35 4.375 4.4 3.37922e-01 2.54181e-03 2.17087e-01 1.62909e-03 5.46461e-01 4.12451e-03 2.48221e-01 1.86168e-03 2.95547e-01 2.22431e-03 4.72591e-01 3.56707e-03 3.90758e-01 2.93912e-03 
4.4 4.425 4.45 3.11807e-01 2.47114e-03 2.00135e-01 1.58322e-03 5.04741e-01 4.01126e-03 2.29044e-01 1.80999e-03 2.72459e-01 2.16159e-03 4.36054e-01 3.46774e-03 3.60937e-01 2.85856e-03 
4.45 4.475 4.5 3.00664e-01 2.47561e-03 1.92919e-01 1.58631e-03 4.86890e-01 4.01782e-03 2.20840e-01 1.81312e-03 2.62659e-01 2.16599e-03 4.20514e-01 3.47433e-03 3.48136e-01 2.86298e-03 
4.5 4.525 4.55 2.79556e-01 2.42761e-03 1.79298e-01 1.55437e-03 4.52934e-01 3.94343e-03 2.05336e-01 1.77789e-03 2.44114e-01 2.12245e-03 3.90991e-01 3.40714e-03 3.23856e-01 2.80982e-03 
4.55 4.575 4.6 2.65350e-01 2.39989e-03 1.70100e-01 1.53577e-03 4.30171e-01 3.90078e-03 1.94906e-01 1.75771e-03 2.31584e-01 2.09692e-03 3.71111e-01 3.36796e-03 3.07589e-01 2.77964e-03 
4.6 4.625 4.65 2.51911e-01 2.40421e-03 1.61399e-01 1.53823e-03 4.08640e-01 3.90872e-03 1.85006e-01 1.76062e-03 2.19772e-01 2.10057e-03 3.52381e-01 3.37462e-03 2.92139e-01 2.78482e-03 
4.65 4.675 4.7 2.33281e-01 2.34983e-03 1.49388e-01 1.50176e-03 3.78635e-01 3.82526e-03 1.71342e-01 1.72094e-03 2.03396e-01 2.05061e-03 3.26279e-01 3.29798e-03 2.70722e-01 2.72561e-03 
4.7 4.725 4.75 2.23226e-01 2.34560e-03 1.42894e-01 1.49805e-03 3.62472e-01 3.82155e-03 1.63950e-01 1.71785e-03 1.94563e-01 2.04553e-03 3.12232e-01 3.29201e-03 2.59153e-01 2.72299e-03 
4.75 4.775 4.8 2.07609e-01 2.27594e-03 1.32840e-01 1.45450e-03 3.37289e-01 3.70502e-03 1.52479e-01 1.66681e-03 1.80874e-01 1.98608e-03 2.90391e-01 3.19427e-03 2.41146e-01 2.63993e-03 
4.8 4.825 4.85 1.93247e-01 2.25911e-03 1.23608e-01 1.44146e-03 3.14079e-01 3.68480e-03 1.41934e-01 1.65446e-03 1.68300e-01 1.96831e-03 2.70295e-01 3.17072e-03 2.24558e-01 2.62546e-03 
4.85 4.875 4.9 1.85281e-01 2.28294e-03 1.18433e-01 1.45679e-03 3.01364e-01 3.72283e-03 1.36065e-01 1.67184e-03 1.61275e-01 1.98934e-03 2.59193e-01 3.20432e-03 2.15434e-01 2.65244e-03 
4.9 4.925 4.95 1.69609e-01 2.17261e-03 1.08293e-01 1.38431e-03 2.76231e-01 3.54920e-03 1.24567e-01 1.59125e-03 1.47453e-01 1.89010e-03 2.37242e-01 3.04902e-03 1.97488e-01 2.52909e-03 
4.95 4.975 5.0 1.60099e-01 2.15694e-03 1.02191e-01 1.37486e-03 2.60830e-01 3.52188e-03 1.17582e-01 1.57993e-03 1.39146e-01 1.87702e-03 2.23943e-01 3.02667e-03 1.86475e-01 2.50993e-03 
5.0 5.025 5.05 1.50442e-01 2.15250e-03 9.59557e-02 1.36882e-03 2.45303e-01 3.52454e-03 1.10481e-01 1.57644e-03 1.30665e-01 1.86903e-03 2.10454e-01 3.02097e-03 1.75359e-01 2.51135e-03 
5.05 5.075 5.1 1.39501e-01 2.12722e-03 8.89921e-02 1.35506e-03 2.27424e-01 3.47576e-03 1.02436e-01 1.55768e-03 1.21195e-01 1.85054e-03 1.95171e-01 2.98605e-03 1.62559e-01 2.47614e-03 
5.1 5.125 5.15 1.30269e-01 2.10493e-03 8.29941e-02 1.33705e-03 2.13033e-01 3.45616e-03 9.56651e-02 1.54172e-03 1.13017e-01 1.82552e-03 1.82238e-01 2.95392e-03 1.52283e-01 2.46279e-03 
5.15 5.175 5.2 1.23101e-01 2.05340e-03 7.83891e-02 1.30501e-03 2.01096e-01 3.36386e-03 9.03939e-02 1.50414e-03 1.06755e-01 1.78158e-03 1.72287e-01 2.88317e-03 1.43740e-01 2.39740e-03 
5.2 5.225 5.25 1.13910e-01 2.03338e-03 7.24722e-02 1.29029e-03 1.86272e-01 3.33749e-03 8.36443e-02 1.48923e-03 9.86971e-02 1.76176e-03 1.59368e-01 2.85373e-03 1.33143e-01 2.37811e-03 
5.25 5.275 5.3 1.04912e-01 1.95175e-03 6.67205e-02 1.23911e-03 1.71634e-01 3.20130e-03 7.70396e-02 1.42953e-03 9.08610e-02 1.69179e-03 1.46773e-01 2.73895e-03 1.22685e-01 2.28125e-03 
5.3 5.325 5.35 9.32878e-02 1.90149e-03 5.92350e-02 1.20425e-03 1.52891e-01 3.12751e-03 6.85027e-02 1.39276e-03 8.06682e-02 1.64414e-03 1.30513e-01 2.66834e-03 1.09285e-01 2.22872e-03 
5.35 5.375 5.4 8.59724e-02 1.85281e-03 5.46158e-02 1.17548e-03 1.40490e-01 3.03718e-03 6.31338e-02 1.35704e-03 7.43743e-02 1.60492e-03 1.20272e-01 2.60015e-03 1.00427e-01 2.16424e-03 
5.4 5.425 5.45 8.12296e-02 1.91373e-03 5.17745e-02 1.22094e-03 1.32467e-01 3.11142e-03 5.96424e-02 1.40113e-03 6.98696e-02 1.65019e-03 1.13657e-01 2.68686e-03 9.46798e-02 2.21637e-03 
5.45 5.475 5.5 7.27538e-02 1.76058e-03 4.61516e-02 1.11550e-03 1.19368e-01 2.89411e-03 5.34271e-02 1.28978e-03 6.28475e-02 1.52269e-03 1.01779e-01 2.47004e-03 8.53291e-02 2.06287e-03 
5.5 5.525 5.55 6.92056e-02 1.74742e-03 4.38458e-02 1.10541e-03 1.12534e-01 2.84817e-03 5.08197e-02 1.28032e-03 5.97096e-02 1.50871e-03 9.65584e-02 2.44047e-03 8.04436e-02 2.03061e-03 
5.55 5.575 5.6 6.41313e-02 1.72798e-03 4.08433e-02 1.10532e-03 1.04662e-01 2.81977e-03 4.71811e-02 1.27370e-03 5.56239e-02 1.50886e-03 8.97264e-02 2.42445e-03 7.48097e-02 2.00979e-03 
5.6 5.625 5.65 5.42932e-02 1.52499e-03 3.43633e-02 9.64831e-04 8.92312e-02 2.51186e-03 3.98765e-02 1.11760e-03 4.67876e-02 1.31654e-03 7.59397e-02 2.13859e-03 6.38509e-02 1.79051e-03 
5.65 5.675 5.7 4.67923e-02 1.38957e-03 2.95935e-02 8.77888e-04 7.70329e-02 2.29170e-03 3.43728e-02 1.01869e-03 4.02868e-02 1.19751e-03 6.54357e-02 1.94792e-03 5.50864e-02 1.63480e-03 
5.7 5.725 5.75 3.93501e-02 1.26105e-03 2.49505e-02 7.98504e-04 6.48412e-02 2.08005e-03 2.89207e-02 9.25055e-04 3.38330e-02 1.08587e-03 5.48058e-02 1.75954e-03 4.63963e-02 1.48496e-03 
5.75 5.775 5.8 4.06168e-02 1.34926e-03 2.58867e-02 8.60836e-04 6.78242e-02 2.25529e-03 3.01931e-02 1.00160e-03 3.49140e-02 1.16229e-03 5.68078e-02 1.89152e-03 4.84883e-02 1.60853e-03 
5.8 5.825 5.85 3.23123e-02 1.13110e-03 2.03835e-02 7.13841e-04 5.35244e-02 1.87449e-03 2.37398e-02 8.29729e-04 2.77445e-02 9.73138e-04 4.51779e-02 1.58440e-03 3.84114e-02 1.34254e-03 
5.85 5.875 5.9 2.71759e-02 1.04857e-03 1.70255e-02 6.59731e-04 4.49069e-02 1.72323e-03 1.99645e-02 7.69111e-04 2.31454e-02 8.99405e-04 3.81371e-02 1.47167e-03 3.21176e-02 1.23019e-03 
5.9 5.925 5.95 2.19993e-02 8.79817e-04 1.38617e-02 5.56102e-04 3.63635e-02 1.45306e-03 1.61736e-02 6.45835e-04 1.88551e-02 7.57590e-04 3.07344e-02 1.23140e-03 2.60293e-02 1.03820e-03 
5.95 5.975 6.0 1.81609e-02 7.90621e-04 1.12491e-02 4.93735e-04 3.02151e-02 1.30816e-03 1.33525e-02 5.80457e-04 1.60832e-02 7.03690e-04 2.53109e-02 1.10408e-03 2.16302e-02 9.34887e-04 
6.0 6.025 6.05 1.65640e-02 7.77923e-04 1.03316e-02 4.84048e-04 2.79666e-02 1.30237e-03 1.21759e-02 5.71230e-04 1.41849e-02 6.66367e-04 2.33728e-02 1.09282e-03 2.00147e-02 9.30925e-04 
6.05 6.075 6.1 1.27519e-02 6.34820e-04 8.00514e-03 4.00583e-04 2.04095e-02 1.02250e-03 9.57429e-03 4.74893e-04 1.08376e-02 5.42853e-04 1.77034e-02 8.82344e-04 1.47530e-02 7.35505e-04 
6.1 6.125 6.15 1.06282e-02 5.75531e-04 7.02161e-03 3.80404e-04 1.79190e-02 9.65979e-04 7.81534e-03 4.22646e-04 9.55005e-03 5.18014e-04 1.47598e-02 8.01983e-04 1.29787e-02 6.96955e-04 
6.15 6.175 6.2 8.63783e-03 5.02091e-04 5.43830e-03 3.16885e-04 1.36978e-02 7.95469e-04 6.35480e-03 3.68905e-04 7.39196e-03 4.31265e-04 1.20577e-02 7.01963e-04 9.84367e-03 5.71557e-04 
6.2 6.225 6.25 6.50556e-03 4.10507e-04 3.90269e-03 2.47311e-04 1.01797e-02 6.38631e-04 4.78803e-03 3.01737e-04 5.18274e-03 3.29751e-04 8.87337e-03 5.60693e-04 7.35217e-03 4.60570e-04 
6.25 6.275 6.3 4.81529e-04 4.58912e-05 2.73780e-04 2.63924e-05 8.56035e-04 8.08825e-05 3.73312e-04 3.53943e-05 3.70241e-04 3.57105e-05 6.57628e-04 6.28134e-05 6.36117e-04 5.99010e-05 
6.3 6.325 6.35 2.64881e-04 2.72072e-05 1.55878e-04 1.60571e-05 5.28972e-04 5.39098e-05 2.00001e-04 2.05175e-05 2.06276e-04 2.12637e-05 3.67471e-04 3.78136e-05 3.81296e-04 3.88071e-05 
6.35 6.375 6.4 6.20473e-06 7.96231e-07 3.42096e-06 4.44983e-07 1.20852e-05 1.53395e-06 4.47659e-06 5.78267e-07 4.73914e-06 6.15617e-07 9.07688e-06 1.16220e-06 8.79710e-06 1.11720e-06 
6.4 6.425 6.45 2.95012e-06 4.03620e-07 1.57765e-06 2.17456e-07 5.55193e-06 7.54999e-07 2.11426e-06 2.89377e-07 2.12331e-06 2.92739e-07 3.92185e-06 5.36631e-07 4.02912e-06 5.48283e-07 
6.45 6.475 6.5 1.18911e-08 2.02770e-09 5.52297e-09 9.49910e-10 2.25986e-08 3.81960e-09 8.89019e-09 1.51729e-09 7.85625e-09 1.35396e-09 1.62884e-08 2.77489e-09 1.64954e-08 2.79050e-09 
6.5 6.525 6.55 1.25013e-10 3.02490e-11 6.62390e-11 1.60697e-11 2.49420e-10 6.02103e-11 9.31442e-11 2.25113e-11 8.88961e-11 2.15907e-11 1.71928e-10 4.16576e-11 1.81341e-10 4.37139e-11 
6.55 6.575 6.6 0.00000e+00 0.00000e+00 0.00000e+00 0.00000e+00 0.00000e+00 0.00000e+00 0.00000e+00 0.00000e+00 0.00000e+00 0.00000e+00 0.00000e+00 0.00000e+00 0.00000e+00 0.00000e+00 
6.6 6.625 6.65 0.00000e+00 0.00000e+00 0.00000e+00 0.00000e+00 0.00000e+00 0.00000e+00 0.00000e+00 0.00000e+00 0.00000e+00 0.00000e+00 0.00000e+00 0.00000e+00 0.00000e+00 0.00000e+00 
6.65 6.675 6.7 0.00000e+00 0.00000e+00 0.00000e+00 0.00000e+00 0.00000e+00 0.00000e+00 0.00000e+00 0.00000e+00 0.00000e+00 0.00000e+00 0.00000e+00 0.00000e+00 0.00000e+00 0.00000e+00 
6.7 6.725 6.75 0.00000e+00 0.00000e+00 0.00000e+00 0.00000e+00 0.00000e+00 0.00000e+00 0.00000e+00 0.00000e+00 0.00000e+00 0.00000e+00 0.00000e+00 0.00000e+00 0.00000e+00 0.00000e+00 
6.75 6.775 6.8 0.00000e+00 0.00000e+00 0.00000e+00 0.00000e+00 0.00000e+00 0.00000e+00 0.00000e+00 0.00000e+00 0.00000e+00 0.00000e+00 0.00000e+00 0.00000e+00 0.00000e+00 0.00000e+00 
6.8 6.825 6.85 0.00000e+00 0.00000e+00 0.00000e+00 0.00000e+00 0.00000e+00 0.00000e+00 0.00000e+00 0.00000e+00 0.00000e+00 0.00000e+00 0.00000e+00 0.00000e+00 0.00000e+00 0.00000e+00 
6.85 6.875 6.9 0.00000e+00 0.00000e+00 0.00000e+00 0.00000e+00 0.00000e+00 0.00000e+00 0.00000e+00 0.00000e+00 0.00000e+00 0.00000e+00 0.00000e+00 0.00000e+00 0.00000e+00 0.00000e+00 
6.9 6.925 6.95 0.00000e+00 0.00000e+00 0.00000e+00 0.00000e+00 0.00000e+00 0.00000e+00 0.00000e+00 0.00000e+00 0.00000e+00 0.00000e+00 0.00000e+00 0.00000e+00 0.00000e+00 0.00000e+00 
6.95 6.975 7.0 0.00000e+00 0.00000e+00 0.00000e+00 0.00000e+00 0.00000e+00 0.00000e+00 0.00000e+00 0.00000e+00 0.00000e+00 0.00000e+00 0.00000e+00 0.00000e+00 0.00000e+00 0.00000e+00 
7.0 7.025 7.05 0.00000e+00 0.00000e+00 0.00000e+00 0.00000e+00 0.00000e+00 0.00000e+00 0.00000e+00 0.00000e+00 0.00000e+00 0.00000e+00 0.00000e+00 0.00000e+00 0.00000e+00 0.00000e+00 
7.05 7.075 7.1 0.00000e+00 0.00000e+00 0.00000e+00 0.00000e+00 0.00000e+00 0.00000e+00 0.00000e+00 0.00000e+00 0.00000e+00 0.00000e+00 0.00000e+00 0.00000e+00 0.00000e+00 0.00000e+00 
7.1 7.125 7.15 0.00000e+00 0.00000e+00 0.00000e+00 0.00000e+00 0.00000e+00 0.00000e+00 0.00000e+00 0.00000e+00 0.00000e+00 0.00000e+00 0.00000e+00 0.00000e+00 0.00000e+00 0.00000e+00 
7.15 7.175 7.2 0.00000e+00 0.00000e+00 0.00000e+00 0.00000e+00 0.00000e+00 0.00000e+00 0.00000e+00 0.00000e+00 0.00000e+00 0.00000e+00 0.00000e+00 0.00000e+00 0.00000e+00 0.00000e+00 
7.2 7.225 7.25 0.00000e+00 0.00000e+00 0.00000e+00 0.00000e+00 0.00000e+00 0.00000e+00 0.00000e+00 0.00000e+00 0.00000e+00 0.00000e+00 0.00000e+00 0.00000e+00 0.00000e+00 0.00000e+00 
7.25 7.275 7.3 0.00000e+00 0.00000e+00 0.00000e+00 0.00000e+00 0.00000e+00 0.00000e+00 0.00000e+00 0.00000e+00 0.00000e+00 0.00000e+00 0.00000e+00 0.00000e+00 0.00000e+00 0.00000e+00 
7.3 7.325 7.35 0.00000e+00 0.00000e+00 0.00000e+00 0.00000e+00 0.00000e+00 0.00000e+00 0.00000e+00 0.00000e+00 0.00000e+00 0.00000e+00 0.00000e+00 0.00000e+00 0.00000e+00 0.00000e+00 
7.35 7.375 7.4 0.00000e+00 0.00000e+00 0.00000e+00 0.00000e+00 0.00000e+00 0.00000e+00 0.00000e+00 0.00000e+00 0.00000e+00 0.00000e+00 0.00000e+00 0.00000e+00 0.00000e+00 0.00000e+00 
7.4 7.425 7.45 0.00000e+00 0.00000e+00 0.00000e+00 0.00000e+00 0.00000e+00 0.00000e+00 0.00000e+00 0.00000e+00 0.00000e+00 0.00000e+00 0.00000e+00 0.00000e+00 0.00000e+00 0.00000e+00 
7.45 7.475 7.5 0.00000e+00 0.00000e+00 0.00000e+00 0.00000e+00 0.00000e+00 0.00000e+00 0.00000e+00 0.00000e+00 0.00000e+00 0.00000e+00 0.00000e+00 0.00000e+00 0.00000e+00 0.00000e+00 
7.5 7.525 7.55 0.00000e+00 0.00000e+00 0.00000e+00 0.00000e+00 0.00000e+00 0.00000e+00 0.00000e+00 0.00000e+00 0.00000e+00 0.00000e+00 0.00000e+00 0.00000e+00 0.00000e+00 0.00000e+00 
7.55 7.575 7.6 0.00000e+00 0.00000e+00 0.00000e+00 0.00000e+00 0.00000e+00 0.00000e+00 0.00000e+00 0.00000e+00 0.00000e+00 0.00000e+00 0.00000e+00 0.00000e+00 0.00000e+00 0.00000e+00 
7.6 7.625 7.65 0.00000e+00 0.00000e+00 0.00000e+00 0.00000e+00 0.00000e+00 0.00000e+00 0.00000e+00 0.00000e+00 0.00000e+00 0.00000e+00 0.00000e+00 0.00000e+00 0.00000e+00 0.00000e+00 
7.65 7.675 7.7 0.00000e+00 0.00000e+00 0.00000e+00 0.00000e+00 0.00000e+00 0.00000e+00 0.00000e+00 0.00000e+00 0.00000e+00 0.00000e+00 0.00000e+00 0.00000e+00 0.00000e+00 0.00000e+00 
7.7 7.725 7.75 0.00000e+00 0.00000e+00 0.00000e+00 0.00000e+00 0.00000e+00 0.00000e+00 0.00000e+00 0.00000e+00 0.00000e+00 0.00000e+00 0.00000e+00 0.00000e+00 0.00000e+00 0.00000e+00 
7.75 7.775 7.8 0.00000e+00 0.00000e+00 0.00000e+00 0.00000e+00 0.00000e+00 0.00000e+00 0.00000e+00 0.00000e+00 0.00000e+00 0.00000e+00 0.00000e+00 0.00000e+00 0.00000e+00 0.00000e+00 
7.8 7.825 7.85 0.00000e+00 0.00000e+00 0.00000e+00 0.00000e+00 0.00000e+00 0.00000e+00 0.00000e+00 0.00000e+00 0.00000e+00 0.00000e+00 0.00000e+00 0.00000e+00 0.00000e+00 0.00000e+00 
7.85 7.875 7.9 0.00000e+00 0.00000e+00 0.00000e+00 0.00000e+00 0.00000e+00 0.00000e+00 0.00000e+00 0.00000e+00 0.00000e+00 0.00000e+00 0.00000e+00 0.00000e+00 0.00000e+00 0.00000e+00 
7.9 7.925 7.95 0.00000e+00 0.00000e+00 0.00000e+00 0.00000e+00 0.00000e+00 0.00000e+00 0.00000e+00 0.00000e+00 0.00000e+00 0.00000e+00 0.00000e+00 0.00000e+00 0.00000e+00 0.00000e+00 
7.95 7.975 8.0 0.00000e+00 0.00000e+00 0.00000e+00 0.00000e+00 0.00000e+00 0.00000e+00 0.00000e+00 0.00000e+00 0.00000e+00 0.00000e+00 0.00000e+00 0.00000e+00 0.00000e+00 0.00000e+00 
8.0 8.025 8.05 0.00000e+00 0.00000e+00 0.00000e+00 0.00000e+00 0.00000e+00 0.00000e+00 0.00000e+00 0.00000e+00 0.00000e+00 0.00000e+00 0.00000e+00 0.00000e+00 0.00000e+00 0.00000e+00 
8.05 8.075 8.1 0.00000e+00 0.00000e+00 0.00000e+00 0.00000e+00 0.00000e+00 0.00000e+00 0.00000e+00 0.00000e+00 0.00000e+00 0.00000e+00 0.00000e+00 0.00000e+00 0.00000e+00 0.00000e+00 
8.1 8.125 8.15 0.00000e+00 0.00000e+00 0.00000e+00 0.00000e+00 0.00000e+00 0.00000e+00 0.00000e+00 0.00000e+00 0.00000e+00 0.00000e+00 0.00000e+00 0.00000e+00 0.00000e+00 0.00000e+00 
8.15 8.175 8.2 0.00000e+00 0.00000e+00 0.00000e+00 0.00000e+00 0.00000e+00 0.00000e+00 0.00000e+00 0.00000e+00 0.00000e+00 0.00000e+00 0.00000e+00 0.00000e+00 0.00000e+00 0.00000e+00 
8.2 8.225 8.25 0.00000e+00 0.00000e+00 0.00000e+00 0.00000e+00 0.00000e+00 0.00000e+00 0.00000e+00 0.00000e+00 0.00000e+00 0.00000e+00 0.00000e+00 0.00000e+00 0.00000e+00 0.00000e+00 
8.25 8.275 8.3 0.00000e+00 0.00000e+00 0.00000e+00 0.00000e+00 0.00000e+00 0.00000e+00 0.00000e+00 0.00000e+00 0.00000e+00 0.00000e+00 0.00000e+00 0.00000e+00 0.00000e+00 0.00000e+00 
8.3 8.325 8.35 0.00000e+00 0.00000e+00 0.00000e+00 0.00000e+00 0.00000e+00 0.00000e+00 0.00000e+00 0.00000e+00 0.00000e+00 0.00000e+00 0.00000e+00 0.00000e+00 0.00000e+00 0.00000e+00 
8.35 8.375 8.4 0.00000e+00 0.00000e+00 0.00000e+00 0.00000e+00 0.00000e+00 0.00000e+00 0.00000e+00 0.00000e+00 0.00000e+00 0.00000e+00 0.00000e+00 0.00000e+00 0.00000e+00 0.00000e+00 
8.4 8.425 8.45 0.00000e+00 0.00000e+00 0.00000e+00 0.00000e+00 0.00000e+00 0.00000e+00 0.00000e+00 0.00000e+00 0.00000e+00 0.00000e+00 0.00000e+00 0.00000e+00 0.00000e+00 0.00000e+00 
8.45 8.475 8.5 0.00000e+00 0.00000e+00 0.00000e+00 0.00000e+00 0.00000e+00 0.00000e+00 0.00000e+00 0.00000e+00 0.00000e+00 0.00000e+00 0.00000e+00 0.00000e+00 0.00000e+00 0.00000e+00 
8.5 8.525 8.55 0.00000e+00 0.00000e+00 0.00000e+00 0.00000e+00 0.00000e+00 0.00000e+00 0.00000e+00 0.00000e+00 0.00000e+00 0.00000e+00 0.00000e+00 0.00000e+00 0.00000e+00 0.00000e+00 
8.55 8.575 8.6 0.00000e+00 0.00000e+00 0.00000e+00 0.00000e+00 0.00000e+00 0.00000e+00 0.00000e+00 0.00000e+00 0.00000e+00 0.00000e+00 0.00000e+00 0.00000e+00 0.00000e+00 0.00000e+00 
8.6 8.625 8.65 0.00000e+00 0.00000e+00 0.00000e+00 0.00000e+00 0.00000e+00 0.00000e+00 0.00000e+00 0.00000e+00 0.00000e+00 0.00000e+00 0.00000e+00 0.00000e+00 0.00000e+00 0.00000e+00 
8.65 8.675 8.7 0.00000e+00 0.00000e+00 0.00000e+00 0.00000e+00 0.00000e+00 0.00000e+00 0.00000e+00 0.00000e+00 0.00000e+00 0.00000e+00 0.00000e+00 0.00000e+00 0.00000e+00 0.00000e+00 
8.7 8.725 8.75 0.00000e+00 0.00000e+00 0.00000e+00 0.00000e+00 0.00000e+00 0.00000e+00 0.00000e+00 0.00000e+00 0.00000e+00 0.00000e+00 0.00000e+00 0.00000e+00 0.00000e+00 0.00000e+00 
8.75 8.775 8.8 0.00000e+00 0.00000e+00 0.00000e+00 0.00000e+00 0.00000e+00 0.00000e+00 0.00000e+00 0.00000e+00 0.00000e+00 0.00000e+00 0.00000e+00 0.00000e+00 0.00000e+00 0.00000e+00 
8.8 8.825 8.85 0.00000e+00 0.00000e+00 0.00000e+00 0.00000e+00 0.00000e+00 0.00000e+00 0.00000e+00 0.00000e+00 0.00000e+00 0.00000e+00 0.00000e+00 0.00000e+00 0.00000e+00 0.00000e+00 
8.85 8.875 8.9 0.00000e+00 0.00000e+00 0.00000e+00 0.00000e+00 0.00000e+00 0.00000e+00 0.00000e+00 0.00000e+00 0.00000e+00 0.00000e+00 0.00000e+00 0.00000e+00 0.00000e+00 0.00000e+00 
8.9 8.925 8.95 0.00000e+00 0.00000e+00 0.00000e+00 0.00000e+00 0.00000e+00 0.00000e+00 0.00000e+00 0.00000e+00 0.00000e+00 0.00000e+00 0.00000e+00 0.00000e+00 0.00000e+00 0.00000e+00 
8.95 8.975 9.0 0.00000e+00 0.00000e+00 0.00000e+00 0.00000e+00 0.00000e+00 0.00000e+00 0.00000e+00 0.00000e+00 0.00000e+00 0.00000e+00 0.00000e+00 0.00000e+00 0.00000e+00 0.00000e+00 
9.0 9.025 9.05 0.00000e+00 0.00000e+00 0.00000e+00 0.00000e+00 0.00000e+00 0.00000e+00 0.00000e+00 0.00000e+00 0.00000e+00 0.00000e+00 0.00000e+00 0.00000e+00 0.00000e+00 0.00000e+00 
9.05 9.075 9.1 0.00000e+00 0.00000e+00 0.00000e+00 0.00000e+00 0.00000e+00 0.00000e+00 0.00000e+00 0.00000e+00 0.00000e+00 0.00000e+00 0.00000e+00 0.00000e+00 0.00000e+00 0.00000e+00 
9.1 9.125 9.15 0.00000e+00 0.00000e+00 0.00000e+00 0.00000e+00 0.00000e+00 0.00000e+00 0.00000e+00 0.00000e+00 0.00000e+00 0.00000e+00 0.00000e+00 0.00000e+00 0.00000e+00 0.00000e+00 
9.15 9.175 9.2 0.00000e+00 0.00000e+00 0.00000e+00 0.00000e+00 0.00000e+00 0.00000e+00 0.00000e+00 0.00000e+00 0.00000e+00 0.00000e+00 0.00000e+00 0.00000e+00 0.00000e+00 0.00000e+00 
9.2 9.225 9.25 0.00000e+00 0.00000e+00 0.00000e+00 0.00000e+00 0.00000e+00 0.00000e+00 0.00000e+00 0.00000e+00 0.00000e+00 0.00000e+00 0.00000e+00 0.00000e+00 0.00000e+00 0.00000e+00 
9.25 9.275 9.3 0.00000e+00 0.00000e+00 0.00000e+00 0.00000e+00 0.00000e+00 0.00000e+00 0.00000e+00 0.00000e+00 0.00000e+00 0.00000e+00 0.00000e+00 0.00000e+00 0.00000e+00 0.00000e+00 
9.3 9.325 9.35 0.00000e+00 0.00000e+00 0.00000e+00 0.00000e+00 0.00000e+00 0.00000e+00 0.00000e+00 0.00000e+00 0.00000e+00 0.00000e+00 0.00000e+00 0.00000e+00 0.00000e+00 0.00000e+00 
9.35 9.375 9.4 0.00000e+00 0.00000e+00 0.00000e+00 0.00000e+00 0.00000e+00 0.00000e+00 0.00000e+00 0.00000e+00 0.00000e+00 0.00000e+00 0.00000e+00 0.00000e+00 0.00000e+00 0.00000e+00 
9.4 9.425 9.45 0.00000e+00 0.00000e+00 0.00000e+00 0.00000e+00 0.00000e+00 0.00000e+00 0.00000e+00 0.00000e+00 0.00000e+00 0.00000e+00 0.00000e+00 0.00000e+00 0.00000e+00 0.00000e+00 
9.45 9.475 9.5 0.00000e+00 0.00000e+00 0.00000e+00 0.00000e+00 0.00000e+00 0.00000e+00 0.00000e+00 0.00000e+00 0.00000e+00 0.00000e+00 0.00000e+00 0.00000e+00 0.00000e+00 0.00000e+00 
9.5 9.525 9.55 0.00000e+00 0.00000e+00 0.00000e+00 0.00000e+00 0.00000e+00 0.00000e+00 0.00000e+00 0.00000e+00 0.00000e+00 0.00000e+00 0.00000e+00 0.00000e+00 0.00000e+00 0.00000e+00 
9.55 9.575 9.6 0.00000e+00 0.00000e+00 0.00000e+00 0.00000e+00 0.00000e+00 0.00000e+00 0.00000e+00 0.00000e+00 0.00000e+00 0.00000e+00 0.00000e+00 0.00000e+00 0.00000e+00 0.00000e+00 
9.6 9.625 9.65 0.00000e+00 0.00000e+00 0.00000e+00 0.00000e+00 0.00000e+00 0.00000e+00 0.00000e+00 0.00000e+00 0.00000e+00 0.00000e+00 0.00000e+00 0.00000e+00 0.00000e+00 0.00000e+00 
9.65 9.675 9.7 0.00000e+00 0.00000e+00 0.00000e+00 0.00000e+00 0.00000e+00 0.00000e+00 0.00000e+00 0.00000e+00 0.00000e+00 0.00000e+00 0.00000e+00 0.00000e+00 0.00000e+00 0.00000e+00 
9.7 9.725 9.75 0.00000e+00 0.00000e+00 0.00000e+00 0.00000e+00 0.00000e+00 0.00000e+00 0.00000e+00 0.00000e+00 0.00000e+00 0.00000e+00 0.00000e+00 0.00000e+00 0.00000e+00 0.00000e+00 
9.75 9.775 9.8 0.00000e+00 0.00000e+00 0.00000e+00 0.00000e+00 0.00000e+00 0.00000e+00 0.00000e+00 0.00000e+00 0.00000e+00 0.00000e+00 0.00000e+00 0.00000e+00 0.00000e+00 0.00000e+00 
9.8 9.825 9.85 0.00000e+00 0.00000e+00 0.00000e+00 0.00000e+00 0.00000e+00 0.00000e+00 0.00000e+00 0.00000e+00 0.00000e+00 0.00000e+00 0.00000e+00 0.00000e+00 0.00000e+00 0.00000e+00 
9.85 9.875 9.9 0.00000e+00 0.00000e+00 0.00000e+00 0.00000e+00 0.00000e+00 0.00000e+00 0.00000e+00 0.00000e+00 0.00000e+00 0.00000e+00 0.00000e+00 0.00000e+00 0.00000e+00 0.00000e+00 
9.9 9.925 9.95 0.00000e+00 0.00000e+00 0.00000e+00 0.00000e+00 0.00000e+00 0.00000e+00 0.00000e+00 0.00000e+00 0.00000e+00 0.00000e+00 0.00000e+00 0.00000e+00 0.00000e+00 0.00000e+00 
9.95 9.975 10.0 0.00000e+00 0.00000e+00 0.00000e+00 0.00000e+00 0.00000e+00 0.00000e+00 0.00000e+00 0.00000e+00 0.00000e+00 0.00000e+00 0.00000e+00 0.00000e+00 0.00000e+00 0.00000e+00 
