10.0 11.294627059 12.589254118 6.90210e-03 1.06529e-03 4.60816e-03 7.08318e-04 1.02592e-02 1.59570e-03 4.66381e-03 7.19816e-04 6.81975e-03 1.04828e-03 1.06844e-02 1.64911e-03 6.62743e-03 1.03079e-03 
12.589254118 14.219093021 15.848931925 1.22520e+00 1.16984e-02 8.21127e-01 7.77551e-03 1.89005e+00 1.82864e-02 8.30469e-01 7.92692e-03 1.21142e+00 1.14751e-02 1.88931e+00 1.80464e-02 1.22569e+00 1.18543e-02 
15.848931925 17.900777537 19.95262315 4.28987e+00 1.58457e-02 2.87046e+00 1.05134e-02 6.63063e+00 2.48076e-02 2.91896e+00 1.07738e-02 4.21866e+00 1.54636e-02 6.58355e+00 2.43414e-02 4.32066e+00 1.61504e-02 
19.95262315 22.535743732 25.118864315 7.14246e+00 1.53631e-02 4.77313e+00 1.01968e-02 1.10565e+01 2.40343e-02 4.88063e+00 1.04840e-02 6.98548e+00 1.49441e-02 1.09040e+01 2.34941e-02 7.24294e+00 1.57193e-02 
25.118864315 28.370820458 31.622776602 8.87433e+00 1.33932e-02 5.92324e+00 8.89732e-03 1.37574e+01 2.09253e-02 6.08770e+00 9.16556e-03 8.63545e+00 1.30043e-02 1.34837e+01 2.04126e-02 9.05583e+00 1.37343e-02 
31.622776602 35.716746829 39.810717055 9.54530e+00 1.12549e-02 6.36568e+00 7.48554e-03 1.48125e+01 1.75599e-02 6.56688e+00 7.71292e-03 9.25442e+00 1.09270e-02 1.44529e+01 1.71265e-02 9.78532e+00 1.15457e-02 
39.810717055 44.964720209 50.118723363 9.68281e+00 9.60340e-03 6.45509e+00 6.40339e-03 1.50326e+01 1.49366e-02 6.67132e+00 6.57867e-03 9.37126e+00 9.35182e-03 1.46358e+01 1.46215e-02 9.94893e+00 9.81703e-03 
50.118723363 56.607228905 63.095734448 9.94741e+00 8.53474e-03 6.63331e+00 5.70560e-03 1.54392e+01 1.32331e-02 6.85215e+00 5.83712e-03 9.63263e+00 8.34654e-03 1.50409e+01 1.30209e-02 1.02154e+01 8.68020e-03 
63.095734448 71.26427896 79.432823472 1.10141e+01 7.44119e-03 7.35300e+00 4.96823e-03 1.70733e+01 1.15565e-02 7.57205e+00 5.08694e-03 1.06991e+01 7.27051e-03 1.66950e+01 1.13585e-02 1.12694e+01 7.57549e-03 
79.432823472 89.716411736 100.0 1.14381e+01 6.14771e-03 7.63473e+00 4.09152e-03 1.77354e+01 9.58346e-03 7.86206e+00 4.20801e-03 1.11108e+01 5.97935e-03 1.73411e+01 9.36904e-03 1.17036e+01 6.29122e-03 
100.0 112.94627059 125.89254118 1.05899e+01 4.99875e-03 7.05685e+00 3.31656e-03 1.64538e+01 7.82026e-03 7.29194e+00 3.42696e-03 1.02513e+01 4.83900e-03 1.60198e+01 7.60322e-03 1.08812e+01 5.14343e-03 
125.89254118 142.19093021 158.48931925 8.84081e+00 3.94593e-03 5.87585e+00 2.60770e-03 1.37793e+01 6.20154e-03 6.10418e+00 2.70983e-03 8.51226e+00 3.79817e-03 1.33290e+01 5.98941e-03 9.14289e+00 4.08719e-03 
158.48931925 179.00777537 199.5262315 6.75584e+00 3.01626e-03 4.47560e+00 1.98469e-03 1.05700e+01 4.76411e-03 4.67797e+00 2.07429e-03 6.46522e+00 2.88677e-03 1.01502e+01 4.57070e-03 7.03788e+00 3.14516e-03 
199.5262315 225.35743732 251.18864315 4.84131e+00 2.26540e-03 3.19496e+00 1.48330e-03 7.60900e+00 3.59857e-03 3.36058e+00 1.55901e-03 4.60393e+00 2.15599e-03 7.25221e+00 3.43013e-03 5.08144e+00 2.37762e-03 
251.18864315 283.70820458 316.22776602 3.29805e+00 1.68403e-03 2.16684e+00 1.09684e-03 5.21076e+00 2.69143e-03 2.29382e+00 1.15919e-03 3.11631e+00 1.59392e-03 4.92892e+00 2.54922e-03 3.48798e+00 1.77873e-03 
316.22776602 357.16746829 398.10717055 2.16014e+00 1.24756e-03 1.41194e+00 8.07708e-04 3.43373e+00 2.00780e-03 1.50473e+00 8.58690e-04 2.02745e+00 1.17381e-03 3.22238e+00 1.88867e-03 2.30267e+00 1.32678e-03 
398.10717055 449.64720209 501.18723363 1.36221e+00 9.19915e-04 8.85171e-01 5.91523e-04 2.18041e+00 1.49233e-03 9.50147e-01 6.33111e-04 1.26935e+00 8.59694e-04 2.02893e+00 1.39281e-03 1.46441e+00 9.85997e-04 
501.18723363 566.07228905 630.95734448 8.28157e-01 6.83473e-04 5.34554e-01 4.35912e-04 1.33609e+00 1.11943e-03 5.78272e-01 4.70199e-04 7.65707e-01 6.33762e-04 1.23191e+00 1.03532e-03 8.98458e-01 7.39223e-04 
630.95734448 712.6427896 794.32823472 4.80627e-01 4.97703e-04 3.07942e-01 3.14466e-04 7.82215e-01 8.24170e-04 3.35976e-01 3.42293e-04 4.40600e-01 4.57312e-04 7.14019e-01 7.54193e-04 5.26662e-01 5.44005e-04 
794.32823472 897.16411736 1000.0 2.67497e-01 3.67089e-04 1.69977e-01 2.29111e-04 4.39610e-01 6.16646e-04 1.87170e-01 2.52413e-04 2.42957e-01 3.33240e-04 3.96944e-01 5.56398e-04 2.96304e-01 4.06908e-04 
1000.0 1129.4627059 1258.9254118 1.39511e-01 2.75430e-04 8.78827e-02 1.70056e-04 2.31630e-01 4.68644e-04 9.77276e-02 1.89125e-04 1.25468e-01 2.47674e-04 2.06745e-01 4.18181e-04 1.56322e-01 3.08694e-04 
1258.9254118 1421.9093021 1584.8931925 6.79163e-02 1.96109e-04 4.23903e-02 1.19764e-04 1.13983e-01 3.37994e-04 4.76381e-02 1.34724e-04 6.04372e-02 1.74340e-04 1.00489e-01 2.97572e-04 7.70409e-02 2.22762e-04 
1584.8931925 1790.0777537 1995.262315 3.04287e-02 1.41664e-04 1.88047e-02 8.54300e-05 5.16599e-02 2.47776e-04 2.13750e-02 9.73552e-05 2.67697e-02 1.24313e-04 4.49424e-02 2.14868e-04 3.49765e-02 1.63363e-04 
1995.262315 2253.5743732 2511.8864315 1.20554e-02 1.04647e-04 7.37311e-03 6.21590e-05 2.06382e-02 1.74801e-04 8.48378e-03 7.18921e-05 1.04767e-02 9.04761e-05 1.77037e-02 1.49058e-04 1.40532e-02 1.22773e-04 
2511.8864315 2837.0820458 3162.2776602 4.12408e-03 7.11313e-05 2.49287e-03 4.19052e-05 7.18018e-03 1.27765e-04 2.90985e-03 4.91207e-05 3.50339e-03 5.73473e-05 6.00557e-03 1.01131e-04 4.88699e-03 8.47419e-05 
