0.0 0.025 0.05 0.00000e+00 0.00000e+00 0.00000e+00 0.00000e+00 0.00000e+00 0.00000e+00 0.00000e+00 0.00000e+00 0.00000e+00 0.00000e+00 0.00000e+00 0.00000e+00 0.00000e+00 0.00000e+00 
0.05 0.075 0.1 0.00000e+00 0.00000e+00 0.00000e+00 0.00000e+00 0.00000e+00 0.00000e+00 0.00000e+00 0.00000e+00 0.00000e+00 0.00000e+00 0.00000e+00 0.00000e+00 0.00000e+00 0.00000e+00 
0.1 0.125 0.15 0.00000e+00 0.00000e+00 0.00000e+00 0.00000e+00 0.00000e+00 0.00000e+00 0.00000e+00 0.00000e+00 0.00000e+00 0.00000e+00 0.00000e+00 0.00000e+00 0.00000e+00 0.00000e+00 
0.15 0.175 0.2 0.00000e+00 0.00000e+00 0.00000e+00 0.00000e+00 0.00000e+00 0.00000e+00 0.00000e+00 0.00000e+00 0.00000e+00 0.00000e+00 0.00000e+00 0.00000e+00 0.00000e+00 0.00000e+00 
0.2 0.225 0.25 0.00000e+00 0.00000e+00 0.00000e+00 0.00000e+00 0.00000e+00 0.00000e+00 0.00000e+00 0.00000e+00 0.00000e+00 0.00000e+00 0.00000e+00 0.00000e+00 0.00000e+00 0.00000e+00 
0.25 0.275 0.3 0.00000e+00 0.00000e+00 0.00000e+00 0.00000e+00 0.00000e+00 0.00000e+00 0.00000e+00 0.00000e+00 0.00000e+00 0.00000e+00 0.00000e+00 0.00000e+00 0.00000e+00 0.00000e+00 
0.3 0.325 0.35 0.00000e+00 0.00000e+00 0.00000e+00 0.00000e+00 0.00000e+00 0.00000e+00 0.00000e+00 0.00000e+00 0.00000e+00 0.00000e+00 0.00000e+00 0.00000e+00 0.00000e+00 0.00000e+00 
0.35 0.375 0.4 0.00000e+00 0.00000e+00 0.00000e+00 0.00000e+00 0.00000e+00 0.00000e+00 0.00000e+00 0.00000e+00 0.00000e+00 0.00000e+00 0.00000e+00 0.00000e+00 0.00000e+00 0.00000e+00 
0.4 0.425 0.45 5.91053e+01 8.88647e-02 3.87599e+01 5.79488e-02 9.33935e+01 1.41478e-01 4.27409e+01 6.40331e-02 5.36066e+01 8.04298e-02 8.42256e+01 1.27173e-01 6.55499e+01 9.88754e-02 
0.45 0.475 0.5 5.44258e+01 7.88485e-02 3.56956e+01 5.14192e-02 8.59951e+01 1.25561e-01 3.93591e+01 5.68176e-02 4.93660e+01 7.13649e-02 7.75525e+01 1.12835e-01 6.03609e+01 8.77546e-02 
0.5 0.525 0.55 5.07329e+01 7.09148e-02 3.32816e+01 4.63022e-02 8.01322e+01 1.12735e-01 3.66913e+01 5.11048e-02 4.60240e+01 6.42581e-02 7.22837e+01 1.01471e-01 5.62509e+01 7.87994e-02 
0.55 0.575 0.6 4.80147e+01 6.58113e-02 3.15029e+01 4.29773e-02 7.58276e+01 1.04609e-01 3.47263e+01 4.74246e-02 4.35631e+01 5.96465e-02 6.84088e+01 9.41739e-02 5.32307e+01 7.31150e-02 
0.6 0.625 0.65 4.57781e+01 6.18354e-02 3.00396e+01 4.03921e-02 7.22846e+01 9.82625e-02 3.31099e+01 4.45600e-02 4.15383e+01 5.60581e-02 6.52195e+01 8.84835e-02 5.07457e+01 6.86801e-02 
0.65 0.675 0.7 4.39602e+01 5.90729e-02 2.88493e+01 3.85779e-02 6.94084e+01 9.39171e-02 3.17973e+01 4.25672e-02 3.98895e+01 5.35422e-02 6.26244e+01 8.45351e-02 4.87306e+01 6.56380e-02 
0.7 0.725 0.75 4.24395e+01 5.65599e-02 2.78583e+01 3.69788e-02 6.69884e+01 8.97902e-02 3.06990e+01 4.07574e-02 3.85172e+01 5.13219e-02 6.04540e+01 8.09365e-02 4.70347e+01 6.27564e-02 
0.75 0.775 0.8 4.11542e+01 5.45673e-02 2.70162e+01 3.57111e-02 6.49561e+01 8.65280e-02 2.97718e+01 3.93240e-02 3.73497e+01 4.95594e-02 5.86172e+01 7.80792e-02 4.56123e+01 6.04809e-02 
0.8 0.825 0.85 4.01376e+01 5.34162e-02 2.63514e+01 3.49553e-02 6.33452e+01 8.47170e-02 2.90378e+01 3.84945e-02 3.64288e+01 4.85101e-02 5.71657e+01 7.64317e-02 4.44838e+01 5.92150e-02 
0.85 0.875 0.9 3.93385e+01 5.22993e-02 2.58314e+01 3.42611e-02 6.20719e+01 8.28284e-02 2.84615e+01 3.76911e-02 3.57075e+01 4.75452e-02 5.60233e+01 7.48302e-02 4.35930e+01 5.78980e-02 
0.9 0.925 0.95 3.86885e+01 5.14557e-02 2.54066e+01 3.37248e-02 6.10414e+01 8.14426e-02 2.79932e+01 3.70855e-02 3.51180e+01 4.67981e-02 5.50931e+01 7.36177e-02 4.28728e+01 5.69338e-02 
0.95 0.975 1.0 3.82691e+01 5.12610e-02 2.51333e+01 3.35638e-02 6.03742e+01 8.12402e-02 2.76915e+01 3.69463e-02 3.47379e+01 4.65729e-02 5.44916e+01 7.33360e-02 4.24074e+01 5.67941e-02 
1.0 1.025 1.05 3.75875e+01 5.04833e-02 2.46869e+01 3.30769e-02 5.92959e+01 7.99394e-02 2.72003e+01 3.63881e-02 3.41184e+01 4.58946e-02 5.35162e+01 7.22180e-02 4.16538e+01 5.58895e-02 
1.05 1.075 1.1 3.72163e+01 5.10120e-02 2.44450e+01 3.33537e-02 5.87060e+01 8.09916e-02 2.69337e+01 3.67631e-02 3.37815e+01 4.62850e-02 5.29832e+01 7.29886e-02 4.12429e+01 5.66117e-02 
1.1 1.125 1.15 3.68784e+01 4.96360e-02 2.42252e+01 3.25447e-02 5.81671e+01 7.85345e-02 2.66917e+01 3.57826e-02 3.34747e+01 4.51494e-02 5.24963e+01 7.09934e-02 4.08689e+01 5.49165e-02 
1.15 1.175 1.2 3.65422e+01 4.96710e-02 2.40034e+01 3.25343e-02 5.76400e+01 7.86997e-02 2.64508e+01 3.58087e-02 3.31649e+01 4.51333e-02 5.20116e+01 7.10413e-02 4.05032e+01 5.50327e-02 
1.2 1.225 1.25 3.62951e+01 4.91767e-02 2.38424e+01 3.22595e-02 5.72470e+01 7.77548e-02 2.62740e+01 3.54566e-02 3.29400e+01 4.47472e-02 5.16553e+01 7.03242e-02 4.02307e+01 5.43808e-02 
1.25 1.275 1.3 3.60963e+01 4.89322e-02 2.37116e+01 3.21022e-02 5.69400e+01 7.73706e-02 2.61320e+01 3.52835e-02 3.27568e+01 4.45252e-02 5.13677e+01 6.99671e-02 4.00145e+01 5.41095e-02 
1.3 1.325 1.35 3.59017e+01 4.89274e-02 2.35833e+01 3.20884e-02 5.66288e+01 7.73847e-02 2.59937e+01 3.52823e-02 3.25764e+01 4.45029e-02 5.10847e+01 6.99547e-02 3.98045e+01 5.41318e-02 
1.35 1.375 1.4 3.57368e+01 4.90582e-02 2.34735e+01 3.21471e-02 5.63732e+01 7.76773e-02 2.58763e+01 3.53781e-02 3.24223e+01 4.45824e-02 5.08454e+01 7.01382e-02 3.96284e+01 5.43389e-02 
1.4 1.425 1.45 3.54401e+01 4.84713e-02 2.32784e+01 3.17982e-02 5.59058e+01 7.66337e-02 2.56644e+01 3.49601e-02 3.21492e+01 4.40922e-02 5.04164e+01 6.92867e-02 3.93052e+01 5.36190e-02 
1.45 1.475 1.5 3.53135e+01 4.86246e-02 2.31932e+01 3.18725e-02 5.57121e+01 7.69579e-02 2.55747e+01 3.50713e-02 3.20289e+01 4.41939e-02 5.02315e+01 6.95042e-02 3.91727e+01 5.38463e-02 
1.5 1.525 1.55 3.51044e+01 4.90902e-02 2.30516e+01 3.20661e-02 5.53881e+01 7.78497e-02 2.54262e+01 3.54055e-02 3.18297e+01 4.44622e-02 4.99274e+01 7.01737e-02 3.89500e+01 5.44662e-02 
1.55 1.575 1.6 3.49700e+01 4.83662e-02 2.29668e+01 3.17083e-02 5.51730e+01 7.65343e-02 2.53309e+01 3.48906e-02 3.17101e+01 4.39592e-02 4.97315e+01 6.91217e-02 3.88026e+01 5.35603e-02 
1.6 1.625 1.65 3.47711e+01 4.82268e-02 2.28333e+01 3.16189e-02 5.48672e+01 7.63031e-02 2.51895e+01 3.47925e-02 3.15224e+01 4.38321e-02 4.94424e+01 6.89165e-02 3.85923e+01 5.34032e-02 
1.65 1.675 1.7 3.46084e+01 4.80403e-02 2.27252e+01 3.14990e-02 5.46137e+01 7.59995e-02 2.50743e+01 3.46619e-02 3.13698e+01 4.36612e-02 4.92045e+01 6.86408e-02 3.84191e+01 5.31980e-02 
1.7 1.725 1.75 3.44830e+01 4.85586e-02 2.26393e+01 3.17840e-02 5.44263e+01 7.69955e-02 2.49854e+01 3.50344e-02 3.12487e+01 4.40574e-02 4.90217e+01 6.93846e-02 3.82907e+01 5.38916e-02 
1.75 1.775 1.8 3.42082e+01 4.82915e-02 2.24561e+01 3.16157e-02 5.40002e+01 7.65463e-02 2.47895e+01 3.48456e-02 3.09918e+01 4.38195e-02 4.86235e+01 6.89937e-02 3.79968e+01 5.35847e-02 
1.8 1.825 1.85 3.39862e+01 4.79329e-02 2.23092e+01 3.14031e-02 5.36528e+01 7.59071e-02 2.46310e+01 3.45895e-02 3.07861e+01 4.35216e-02 4.83023e+01 6.84754e-02 3.77568e+01 5.31421e-02 
1.85 1.875 1.9 3.38630e+01 4.78826e-02 2.22249e+01 3.13596e-02 5.34681e+01 7.58589e-02 2.45447e+01 3.45565e-02 3.06660e+01 4.34570e-02 4.81203e+01 6.83955e-02 3.76323e+01 5.31144e-02 
1.9 1.925 1.95 3.35363e+01 4.76112e-02 2.20084e+01 3.11787e-02 5.29578e+01 7.54400e-02 2.43106e+01 3.43634e-02 3.03638e+01 4.32028e-02 4.76496e+01 6.80011e-02 3.72781e+01 5.28263e-02 
1.95 1.975 2.0 3.34045e+01 4.78537e-02 2.19178e+01 3.13102e-02 5.27613e+01 7.58972e-02 2.42174e+01 3.45419e-02 3.02359e+01 4.33808e-02 4.74569e+01 6.83393e-02 3.71439e+01 5.31530e-02 
2.0 2.025 2.05 3.30738e+01 4.70524e-02 2.16996e+01 3.08280e-02 5.22423e+01 7.45006e-02 2.39807e+01 3.39660e-02 2.99312e+01 4.27097e-02 4.69801e+01 6.71892e-02 3.67841e+01 5.21797e-02 
2.05 2.075 2.1 3.29092e+01 4.72723e-02 2.15879e+01 3.09483e-02 5.19928e+01 7.49202e-02 2.38634e+01 3.41249e-02 2.97745e+01 4.28760e-02 4.67415e+01 6.75029e-02 3.66120e+01 5.24735e-02 
2.1 2.125 2.15 3.25425e+01 4.69417e-02 2.13450e+01 3.07338e-02 5.14198e+01 7.43904e-02 2.36000e+01 3.38882e-02 2.94364e+01 4.25764e-02 4.62147e+01 6.70261e-02 3.62132e+01 5.21061e-02 
2.15 2.175 2.2 3.23542e+01 4.70678e-02 2.12168e+01 3.07744e-02 5.11357e+01 7.47250e-02 2.34658e+01 3.39788e-02 2.92565e+01 4.26326e-02 4.59417e+01 6.72072e-02 3.60174e+01 5.23387e-02 
2.2 2.225 2.25 3.20424e+01 4.66107e-02 2.10096e+01 3.05021e-02 5.06506e+01 7.39077e-02 2.32423e+01 3.36532e-02 2.89675e+01 4.22506e-02 4.54931e+01 6.65443e-02 3.56805e+01 5.17754e-02 
2.25 2.275 2.3 3.15545e+01 4.62664e-02 2.06869e+01 3.02576e-02 4.98870e+01 7.34215e-02 2.28919e+01 3.34059e-02 2.85183e+01 4.19099e-02 4.47922e+01 6.60496e-02 3.51489e+01 5.14366e-02 
2.3 2.325 2.35 3.12933e+01 4.61183e-02 2.05135e+01 3.01577e-02 4.94799e+01 7.31934e-02 2.27043e+01 3.33005e-02 2.82768e+01 4.17697e-02 4.44169e+01 6.58348e-02 3.48657e+01 5.12796e-02 
2.35 2.375 2.4 3.10595e+01 4.64900e-02 2.03553e+01 3.03501e-02 4.91242e+01 7.39251e-02 2.25360e+01 3.35650e-02 2.80571e+01 4.20409e-02 4.40821e+01 6.63744e-02 3.46174e+01 5.17850e-02 
2.4 2.425 2.45 3.06703e+01 4.57904e-02 2.00988e+01 2.99157e-02 4.85127e+01 7.27520e-02 2.22570e+01 3.30628e-02 2.76993e+01 4.14354e-02 4.35219e+01 6.53690e-02 3.41926e+01 5.09680e-02 
2.45 2.475 2.5 3.03475e+01 4.54883e-02 1.98827e+01 2.97140e-02 4.80146e+01 7.22797e-02 2.20249e+01 3.28486e-02 2.73988e+01 4.11514e-02 4.30587e+01 6.49282e-02 3.38455e+01 5.06451e-02 
2.5 2.525 2.55 3.00133e+01 4.52209e-02 1.96597e+01 2.95340e-02 4.74975e+01 7.18755e-02 2.17839e+01 3.26553e-02 2.70896e+01 4.09022e-02 4.25810e+01 6.45471e-02 3.34837e+01 5.03612e-02 
2.55 2.575 2.6 2.96443e+01 4.46723e-02 1.94162e+01 2.91888e-02 4.69185e+01 7.09608e-02 2.15185e+01 3.22628e-02 2.67511e+01 4.04198e-02 4.20519e+01 6.37554e-02 3.30799e+01 4.97276e-02 
2.6 2.625 2.65 2.93008e+01 4.51781e-02 1.91878e+01 2.94446e-02 4.63844e+01 7.19770e-02 2.12711e+01 3.26245e-02 2.64339e+01 4.07783e-02 4.15601e+01 6.44856e-02 3.27069e+01 5.04329e-02 
2.65 2.675 2.7 2.90122e+01 4.42073e-02 1.89961e+01 2.88663e-02 4.59357e+01 7.02759e-02 2.10628e+01 3.19260e-02 2.61684e+01 3.99745e-02 4.11481e+01 6.30942e-02 3.23926e+01 4.92455e-02 
2.7 2.725 2.75 2.86179e+01 4.37516e-02 1.87353e+01 2.85644e-02 4.53183e+01 6.95609e-02 2.07788e+01 3.15992e-02 2.58062e+01 3.95535e-02 4.05834e+01 6.24383e-02 3.19615e+01 4.87488e-02 
2.75 2.775 2.8 2.82730e+01 4.36816e-02 1.85063e+01 2.84911e-02 4.47833e+01 6.95961e-02 2.05299e+01 3.15471e-02 2.54889e+01 3.94536e-02 4.00908e+01 6.23423e-02 3.15868e+01 4.87690e-02 
2.8 2.825 2.85 2.80390e+01 4.36263e-02 1.83501e+01 2.84439e-02 4.44196e+01 6.94781e-02 2.03608e+01 3.15061e-02 2.52726e+01 3.93895e-02 3.97570e+01 6.22657e-02 3.13318e+01 4.86851e-02 
2.85 2.875 2.9 2.76734e+01 4.35838e-02 1.81077e+01 2.83755e-02 4.38491e+01 6.95324e-02 2.00967e+01 3.14754e-02 2.49372e+01 3.92945e-02 3.92356e+01 6.22049e-02 3.09318e+01 4.87230e-02 
2.9 2.925 2.95 2.73205e+01 4.27468e-02 1.78759e+01 2.78676e-02 4.32927e+01 6.80839e-02 1.98424e+01 3.08744e-02 2.46154e+01 3.85870e-02 3.87306e+01 6.10021e-02 3.05430e+01 4.77149e-02 
2.95 2.975 3.0 2.69863e+01 4.26173e-02 1.76547e+01 2.77680e-02 4.27708e+01 6.79727e-02 1.96004e+01 3.07788e-02 2.43099e+01 3.84517e-02 3.82550e+01 6.08224e-02 3.01762e+01 4.76316e-02 
3.0 3.025 3.05 2.67751e+01 4.23661e-02 1.75137e+01 2.76054e-02 4.24435e+01 6.75156e-02 1.94482e+01 3.06005e-02 2.41143e+01 3.82227e-02 3.79529e+01 6.04562e-02 2.99474e+01 4.73188e-02 
3.05 3.075 3.1 2.65525e+01 4.21531e-02 1.73653e+01 2.74510e-02 4.20990e+01 6.72276e-02 1.92879e+01 3.04490e-02 2.39083e+01 3.80063e-02 3.76343e+01 6.01471e-02 2.97066e+01 4.71213e-02 
3.1 3.125 3.15 2.61663e+01 4.20040e-02 1.71097e+01 2.73405e-02 4.14953e+01 6.70271e-02 1.90078e+01 3.03386e-02 2.35557e+01 3.78564e-02 3.70857e+01 5.99408e-02 2.92816e+01 4.69751e-02 
3.15 3.175 3.2 2.35825e+01 4.05318e-02 1.54079e+01 2.63530e-02 3.74329e+01 6.47653e-02 1.71273e+01 2.92707e-02 2.12173e+01 3.64946e-02 3.34320e+01 5.78503e-02 2.64083e+01 4.53817e-02 
3.2 3.225 3.25 2.18042e+01 3.93719e-02 1.42336e+01 2.55827e-02 3.46428e+01 6.29436e-02 1.58335e+01 2.84313e-02 1.96031e+01 3.54302e-02 3.09164e+01 5.61992e-02 2.44356e+01 4.41023e-02 
3.25 3.275 3.3 2.04442e+01 3.85375e-02 1.33395e+01 2.50261e-02 3.25033e+01 6.16613e-02 1.48442e+01 2.78260e-02 1.83737e+01 3.46629e-02 2.89920e+01 5.50145e-02 2.29234e+01 4.31987e-02 
3.3 3.325 3.35 1.93338e+01 3.78476e-02 1.26074e+01 2.45645e-02 3.07595e+01 6.05964e-02 1.40366e+01 2.73250e-02 1.73670e+01 3.40269e-02 2.74204e+01 5.40365e-02 2.16911e+01 4.24471e-02 
3.35 3.375 3.4 1.84308e+01 3.72847e-02 1.20135e+01 2.41924e-02 2.93375e+01 5.97116e-02 1.33797e+01 2.69172e-02 1.65505e+01 3.35133e-02 2.61428e+01 5.32362e-02 2.06859e+01 4.18248e-02 
3.4 3.425 3.45 1.75571e+01 3.68055e-02 1.14366e+01 2.38602e-02 2.79681e+01 5.90111e-02 1.27441e+01 2.65690e-02 1.57574e+01 3.30558e-02 2.49065e+01 5.25572e-02 1.97178e+01 4.13299e-02 
3.45 3.475 3.5 1.66786e+01 3.61446e-02 1.08591e+01 2.34311e-02 2.65837e+01 5.79477e-02 1.21058e+01 2.60910e-02 1.49623e+01 3.24626e-02 2.36617e+01 5.16158e-02 1.87406e+01 4.05832e-02 
3.5 3.525 3.55 1.58908e+01 3.55621e-02 1.03411e+01 2.30374e-02 2.53427e+01 5.70619e-02 1.15337e+01 2.56705e-02 1.42491e+01 3.19172e-02 2.25449e+01 5.07839e-02 1.78652e+01 3.99632e-02 
3.55 3.575 3.6 1.51521e+01 3.50666e-02 9.85550e+00 2.27047e-02 2.41787e+01 5.63011e-02 1.09970e+01 2.53120e-02 1.35806e+01 3.14573e-02 2.14980e+01 5.00782e-02 1.70437e+01 3.94290e-02 
3.6 3.625 3.65 1.45047e+01 3.47508e-02 9.42880e+00 2.24788e-02 2.31619e+01 5.58586e-02 1.05262e+01 2.50828e-02 1.29938e+01 3.11457e-02 2.05817e+01 4.96301e-02 1.63251e+01 3.91164e-02 
3.65 3.675 3.7 1.38323e+01 3.41892e-02 8.98782e+00 2.21127e-02 2.20991e+01 5.49636e-02 1.00375e+01 2.46760e-02 1.23869e+01 3.06401e-02 1.96292e+01 4.88315e-02 1.55748e+01 3.84869e-02 
3.7 3.725 3.75 1.32296e+01 3.38659e-02 8.59154e+00 2.18808e-02 2.11499e+01 5.45105e-02 9.59980e+00 2.44439e-02 1.18412e+01 3.03175e-02 1.87748e+01 4.83668e-02 1.49051e+01 3.81722e-02 
3.75 3.775 3.8 1.26373e+01 3.31553e-02 8.20323e+00 2.14385e-02 2.02136e+01 5.33132e-02 9.16926e+00 2.39292e-02 1.13070e+01 2.97071e-02 1.79360e+01 4.73564e-02 1.42439e+01 3.73304e-02 
3.8 3.825 3.85 1.20433e+01 3.26947e-02 7.81161e+00 2.11199e-02 1.92769e+01 5.26232e-02 8.73804e+00 2.35965e-02 1.07673e+01 2.92655e-02 1.70932e+01 4.66990e-02 1.35834e+01 3.68465e-02 
3.85 3.875 3.9 1.15224e+01 3.23223e-02 7.47087e+00 2.08707e-02 1.84554e+01 5.20586e-02 8.35963e+00 2.33274e-02 1.02983e+01 2.89209e-02 1.63553e+01 4.61680e-02 1.30035e+01 3.64506e-02 
3.9 3.925 3.95 1.09952e+01 3.19077e-02 7.12559e+00 2.05945e-02 1.76208e+01 5.14159e-02 7.97644e+00 2.30270e-02 9.82319e+00 2.85395e-02 1.56084e+01 4.55783e-02 1.24143e+01 3.59986e-02 
3.95 3.975 4.0 1.05249e+01 3.16803e-02 6.81693e+00 2.04275e-02 1.68783e+01 5.11089e-02 7.63487e+00 2.28625e-02 9.39816e+00 2.83084e-02 1.49417e+01 4.52543e-02 1.18904e+01 3.57828e-02 
4.0 4.025 4.05 1.00102e+01 3.10462e-02 6.48043e+00 2.00169e-02 1.60619e+01 5.00909e-02 7.26104e+00 2.24044e-02 8.93475e+00 2.77400e-02 1.42120e+01 4.43498e-02 1.13144e+01 3.50689e-02 
4.05 4.075 4.1 9.56609e+00 3.07127e-02 6.18916e+00 1.97865e-02 1.53603e+01 4.95980e-02 6.93871e+00 2.21630e-02 8.53344e+00 2.74215e-02 1.35820e+01 4.38754e-02 1.08198e+01 3.47220e-02 
4.1 4.125 4.15 9.15168e+00 3.04596e-02 5.91724e+00 1.96058e-02 1.47060e+01 4.92442e-02 6.63760e+00 2.19792e-02 8.15915e+00 2.71723e-02 1.29948e+01 4.35165e-02 1.03579e+01 3.44720e-02 
4.15 4.175 4.2 8.68515e+00 2.97450e-02 5.61365e+00 1.91527e-02 1.39619e+01 4.80644e-02 6.29932e+00 2.14664e-02 7.74043e+00 2.65412e-02 1.23322e+01 4.24888e-02 9.83403e+00 3.36519e-02 
4.2 4.225 4.25 8.29176e+00 2.95244e-02 5.35570e+00 1.89974e-02 1.33402e+01 4.77462e-02 6.01338e+00 2.13050e-02 7.38551e+00 2.63285e-02 1.17750e+01 4.21788e-02 9.39495e+00 3.34249e-02 
4.25 4.275 4.3 7.91476e+00 2.93191e-02 5.10825e+00 1.88467e-02 1.27450e+01 4.74688e-02 5.73960e+00 2.11566e-02 7.04471e+00 2.61199e-02 1.12405e+01 4.18864e-02 8.97509e+00 3.32299e-02 
4.3 4.325 4.35 7.49438e+00 2.87672e-02 4.83461e+00 1.84869e-02 1.20748e+01 4.65893e-02 5.43473e+00 2.07592e-02 6.66735e+00 2.56203e-02 1.06435e+01 4.10959e-02 8.50311e+00 3.26158e-02 
4.35 4.375 4.4 7.17426e+00 2.84752e-02 4.62500e+00 1.82927e-02 1.15681e+01 4.61348e-02 5.20207e+00 2.05473e-02 6.37892e+00 2.53524e-02 1.01901e+01 4.06813e-02 8.14526e+00 3.22954e-02 
4.4 4.425 4.45 6.73828e+00 2.79546e-02 4.34148e+00 1.79377e-02 1.08722e+01 4.53565e-02 4.88624e+00 2.01733e-02 5.98750e+00 2.48583e-02 9.57014e+00 3.99338e-02 7.65584e+00 3.17535e-02 
4.45 4.475 4.5 6.44308e+00 2.77464e-02 4.14857e+00 1.77969e-02 1.04040e+01 4.50404e-02 4.67144e+00 2.00217e-02 5.72234e+00 2.46649e-02 9.15259e+00 3.96396e-02 7.32473e+00 3.15295e-02 
4.5 4.525 4.55 6.09914e+00 2.73536e-02 3.92517e+00 1.75457e-02 9.85415e+00 4.43957e-02 4.42168e+00 1.97382e-02 5.41466e+00 2.43170e-02 8.66491e+00 3.90787e-02 6.93691e+00 3.10782e-02 
4.55 4.575 4.6 5.77441e+00 2.68831e-02 3.71427e+00 1.72400e-02 9.33518e+00 4.36452e-02 4.18634e+00 1.93990e-02 5.12365e+00 2.38928e-02 8.20340e+00 3.84054e-02 6.57173e+00 3.05537e-02 
4.6 4.625 4.65 5.52806e+00 2.68017e-02 3.55253e+00 1.71672e-02 8.94636e+00 4.35719e-02 4.00753e+00 1.93407e-02 4.90076e+00 2.37914e-02 7.85387e+00 3.82881e-02 6.29762e+00 3.05033e-02 
4.65 4.675 4.7 5.23490e+00 2.65885e-02 3.36186e+00 1.70210e-02 8.47857e+00 4.32543e-02 3.79460e+00 1.91846e-02 4.63824e+00 2.35915e-02 7.43834e+00 3.79890e-02 5.96755e+00 3.02764e-02 
4.7 4.725 4.75 4.96757e+00 2.62237e-02 3.18843e+00 1.67796e-02 8.05069e+00 4.26834e-02 3.60075e+00 1.89233e-02 4.39904e+00 2.32546e-02 7.05862e+00 3.74632e-02 5.66626e+00 2.98804e-02 
4.75 4.775 4.8 4.66451e+00 2.59862e-02 2.99143e+00 1.66093e-02 7.57005e+00 4.23747e-02 3.38104e+00 1.87499e-02 4.12728e+00 2.30208e-02 6.62809e+00 3.71286e-02 5.32789e+00 2.96602e-02 
4.8 4.825 4.85 4.40110e+00 2.55608e-02 2.82108e+00 1.63334e-02 7.14365e+00 4.16687e-02 3.18992e+00 1.84432e-02 3.89248e+00 2.26381e-02 6.25425e+00 3.65203e-02 5.02742e+00 2.91667e-02 
4.85 4.875 4.9 4.18988e+00 2.53668e-02 2.68290e+00 1.61875e-02 6.80404e+00 4.13855e-02 3.03456e+00 1.82906e-02 3.70202e+00 2.24346e-02 5.95446e+00 3.62406e-02 4.78808e+00 2.89705e-02 
4.9 4.925 4.95 3.97194e+00 2.51819e-02 2.54122e+00 1.60617e-02 6.46099e+00 4.11387e-02 2.87850e+00 1.81699e-02 3.50677e+00 2.22616e-02 5.64524e+00 3.59789e-02 4.54628e+00 2.87959e-02 
4.95 4.975 5.0 3.69860e+00 2.47430e-02 2.36437e+00 1.57675e-02 6.02208e+00 4.04638e-02 2.68025e+00 1.78531e-02 3.26290e+00 2.18539e-02 5.25709e+00 3.53522e-02 4.23716e+00 2.83230e-02 
5.0 5.025 5.05 3.49452e+00 2.45547e-02 2.23260e+00 1.56400e-02 5.69367e+00 4.01794e-02 2.53200e+00 1.77130e-02 3.08150e+00 2.16821e-02 4.96787e+00 3.50932e-02 4.00539e+00 2.81152e-02 
5.05 5.075 5.1 3.28010e+00 2.39886e-02 2.09409e+00 1.52774e-02 5.34881e+00 3.92576e-02 2.37669e+00 1.73082e-02 2.89026e+00 2.11754e-02 4.66292e+00 3.42757e-02 3.76289e+00 2.74776e-02 
5.1 5.125 5.15 3.10738e+00 2.42116e-02 1.98182e+00 1.53757e-02 5.07304e+00 3.97555e-02 2.25139e+00 1.74689e-02 2.73547e+00 2.13117e-02 4.41771e+00 3.45948e-02 3.56859e+00 2.78255e-02 
5.15 5.175 5.2 2.89900e+00 2.36607e-02 1.84720e+00 1.50284e-02 4.73790e+00 3.88405e-02 2.10028e+00 1.70703e-02 2.54981e+00 2.08315e-02 4.12178e+00 3.38099e-02 3.33258e+00 2.71830e-02 
5.2 5.225 5.25 2.71650e+00 2.32516e-02 1.72949e+00 1.47567e-02 4.44384e+00 3.82059e-02 1.96786e+00 1.67769e-02 2.38757e+00 2.04528e-02 3.86277e+00 3.32212e-02 3.12537e+00 2.67424e-02 
5.25 5.275 5.3 2.52233e+00 2.29539e-02 1.60427e+00 1.45508e-02 4.13090e+00 3.77668e-02 1.82716e+00 1.65620e-02 2.21477e+00 2.01677e-02 3.58677e+00 3.27960e-02 2.90519e+00 2.64349e-02 
5.3 5.325 5.35 2.36208e+00 2.25486e-02 1.50193e+00 1.42968e-02 3.86976e+00 3.70919e-02 1.71089e+00 1.62693e-02 2.07368e+00 1.98157e-02 3.35930e+00 3.22177e-02 2.72119e+00 2.59615e-02 
5.35 5.375 5.4 2.25656e+00 2.28427e-02 1.43290e+00 1.44507e-02 3.70251e+00 3.76749e-02 1.63441e+00 1.64813e-02 1.97845e+00 2.00296e-02 3.20936e+00 3.26385e-02 2.60349e+00 2.63696e-02 
5.4 5.425 5.45 2.10428e+00 2.25490e-02 1.33511e+00 1.42533e-02 3.45588e+00 3.72228e-02 1.52392e+00 1.62667e-02 1.84366e+00 1.97590e-02 2.99322e+00 3.22249e-02 2.42969e+00 2.60479e-02 
5.45 5.475 5.5 1.91065e+00 2.15092e-02 1.21125e+00 1.35984e-02 3.14090e+00 3.54982e-02 1.38373e+00 1.55178e-02 1.67257e+00 1.88496e-02 2.71773e+00 3.07363e-02 2.20830e+00 2.48431e-02 
5.5 5.525 5.55 1.78330e+00 2.12472e-02 1.12966e+00 1.34248e-02 2.93405e+00 3.50905e-02 1.29146e+00 1.53288e-02 1.55996e+00 1.86090e-02 2.53668e+00 3.03619e-02 2.06279e+00 2.45579e-02 
5.55 5.575 5.6 1.68386e+00 2.15410e-02 1.06560e+00 1.35853e-02 2.77367e+00 3.56498e-02 1.21907e+00 1.55356e-02 1.47195e+00 1.88375e-02 2.39611e+00 3.07935e-02 1.94931e+00 2.49392e-02 
5.6 5.625 5.65 1.52796e+00 2.04130e-02 9.66073e-01 1.28852e-02 2.51941e+00 3.37460e-02 1.10639e+00 1.47286e-02 1.33424e+00 1.78591e-02 2.17380e+00 2.91658e-02 1.77100e+00 2.36201e-02 
5.65 5.675 5.7 1.41284e+00 2.02665e-02 8.91988e-01 1.27656e-02 2.33355e+00 3.35888e-02 1.02273e+00 1.46185e-02 1.23228e+00 1.76986e-02 2.01073e+00 2.89669e-02 1.63976e+00 2.35017e-02 
5.7 5.725 5.75 1.30377e+00 2.00094e-02 8.22014e-01 1.25768e-02 2.15668e+00 3.32444e-02 9.43799e-01 1.44332e-02 1.13558e+00 1.74362e-02 1.85545e+00 2.85989e-02 1.51551e+00 2.32603e-02 
5.75 5.775 5.8 1.22955e+00 2.02321e-02 7.74414e-01 1.26877e-02 2.03626e+00 3.37012e-02 8.90088e-01 1.45962e-02 1.06980e+00 1.75873e-02 1.74978e+00 2.89118e-02 1.43093e+00 2.35849e-02 
5.8 5.825 5.85 1.09688e+00 1.93169e-02 6.90021e-01 1.21062e-02 1.81901e+00 3.22002e-02 7.93922e-01 1.39316e-02 9.53501e-01 1.67870e-02 1.56128e+00 2.76141e-02 1.27802e+00 2.25256e-02 
5.85 5.875 5.9 1.03201e+00 1.97678e-02 6.45736e-01 1.22613e-02 1.69457e+00 3.18570e-02 7.46772e-01 1.42516e-02 8.96246e-01 1.71309e-02 1.46939e+00 2.82707e-02 1.19037e+00 2.22871e-02 
5.9 5.925 5.95 9.36232e-01 1.84387e-02 5.88245e-01 1.15566e-02 1.55479e+00 3.07298e-02 6.77545e-01 1.32993e-02 8.12866e-01 1.60230e-02 1.33284e+00 2.63562e-02 1.09218e+00 2.14991e-02 
5.95 5.975 6.0 8.53759e-01 1.85198e-02 5.35492e-01 1.15538e-02 1.42061e+00 3.10331e-02 6.17922e-01 1.33578e-02 7.39894e-01 1.60187e-02 1.21528e+00 2.64716e-02 9.98051e-01 2.17110e-02 
6.0 6.025 6.05 7.53156e-01 1.72699e-02 4.71968e-01 1.07955e-02 1.25452e+00 2.88665e-02 5.45026e-01 1.24606e-02 6.52222e-01 1.49627e-02 1.07226e+00 2.46749e-02 8.81215e-01 2.02044e-02 
6.05 6.075 6.1 6.96147e-01 1.75580e-02 4.35414e-01 1.09392e-02 1.16214e+00 2.94641e-02 5.03491e-01 1.26590e-02 6.02042e-01 1.51728e-02 9.91757e-01 2.51089e-02 8.15784e-01 2.06039e-02 
6.1 6.125 6.15 6.29062e-01 1.67402e-02 3.93217e-01 1.04412e-02 1.05083e+00 2.80542e-02 4.55041e-01 1.20713e-02 5.43612e-01 1.44799e-02 8.96024e-01 2.39350e-02 7.37776e-01 1.96218e-02 
6.15 6.175 6.2 6.16414e-01 1.73526e-02 3.84684e-01 1.08011e-02 1.03161e+00 2.91447e-02 4.45802e-01 1.25102e-02 5.31920e-01 1.49823e-02 8.78224e-01 2.48173e-02 7.24096e-01 2.03789e-02 
6.2 6.225 6.25 5.36344e-01 1.72155e-02 3.34007e-01 1.06477e-02 8.99770e-01 2.91363e-02 3.87924e-01 1.24034e-02 4.61808e-01 1.47783e-02 7.64068e-01 2.46397e-02 6.31619e-01 2.03565e-02 
6.25 6.275 6.3 4.81765e-01 1.59853e-02 2.99974e-01 9.92059e-03 8.08297e-01 2.69400e-02 3.48479e-01 1.15278e-02 4.14719e-01 1.37568e-02 6.86242e-01 2.28535e-02 5.67470e-01 1.88438e-02 
6.3 6.325 6.35 4.16256e-01 1.48917e-02 2.58812e-01 9.21247e-03 6.99492e-01 2.51893e-02 3.01146e-01 1.07438e-02 3.57751e-01 1.27691e-02 5.92801e-01 2.12787e-02 4.91192e-01 1.76282e-02 
6.35 6.375 6.4 3.70449e-01 1.39303e-02 2.30199e-01 8.64647e-03 6.22987e-01 2.34744e-02 2.67877e-01 1.00400e-02 3.18354e-01 1.19970e-02 5.27873e-01 1.99295e-02 4.37216e-01 1.64083e-02 
6.4 6.425 6.45 3.55731e-01 1.50310e-02 2.20129e-01 9.25800e-03 6.01063e-01 2.55519e-02 2.57180e-01 1.08334e-02 3.04487e-01 1.28451e-02 5.07026e-01 2.15035e-02 4.21717e-01 1.78607e-02 
6.45 6.475 6.5 3.10765e-01 1.37449e-02 1.92506e-01 8.50319e-03 5.24469e-01 2.32475e-02 2.24636e-01 9.90644e-03 2.66325e-01 1.17980e-02 4.43022e-01 1.96638e-02 3.67914e-01 1.62501e-02 
6.5 6.525 6.55 2.38199e-01 1.18279e-02 1.47547e-01 7.32786e-03 4.01968e-01 1.99682e-02 1.72294e-01 8.52981e-03 2.03994e-01 1.01614e-02 3.39307e-01 1.69095e-02 2.82201e-01 1.39676e-02 
6.55 6.575 6.6 2.30674e-01 1.29879e-02 1.42525e-01 8.00314e-03 3.90454e-01 2.20707e-02 1.66693e-01 9.35352e-03 1.97237e-01 1.11128e-02 3.28962e-01 1.85982e-02 2.73805e-01 1.54129e-02 
6.6 6.625 6.65 2.26918e-01 1.38351e-02 1.40030e-01 8.51835e-03 3.84638e-01 2.35282e-02 1.63904e-01 9.95680e-03 1.93867e-01 1.18361e-02 3.23776e-01 1.98275e-02 2.69577e-01 1.64169e-02 
6.65 6.675 6.7 1.60560e-01 1.07638e-02 9.84997e-02 6.58798e-03 2.73947e-01 1.84267e-02 1.16035e-01 7.75787e-03 1.36298e-01 9.14044e-03 2.28950e-01 1.53987e-02 1.92121e-01 1.28800e-02 
6.7 6.725 6.75 1.37385e-01 1.05977e-02 8.42543e-02 6.49559e-03 2.34528e-01 1.81167e-02 9.92287e-02 7.63154e-03 1.16654e-01 9.02002e-03 1.91106e-01 1.45065e-02 1.64359e-01 1.26504e-02 
6.75 6.775 6.8 1.51099e-01 1.16593e-02 9.28633e-02 7.16926e-03 2.57308e-01 1.98553e-02 1.09090e-01 8.39447e-03 1.28627e-01 9.95754e-03 2.15711e-01 1.67007e-02 1.80242e-01 1.38615e-02 
6.8 6.825 6.85 1.16457e-01 9.90012e-03 7.11091e-02 6.04344e-03 1.99778e-01 1.70034e-02 8.40800e-02 7.13059e-03 9.84920e-02 8.39037e-03 1.66252e-01 1.41743e-02 1.39942e-01 1.18754e-02 
6.85 6.875 6.9 1.12071e-01 9.98816e-03 6.85194e-02 6.11361e-03 1.91951e-01 1.70949e-02 8.09915e-02 7.20505e-03 9.48131e-02 8.47496e-03 1.59804e-01 1.42740e-02 1.34616e-01 1.19617e-02 
6.9 6.925 6.95 5.66684e-02 6.14095e-03 3.44626e-02 3.75175e-03 9.76461e-02 1.05347e-02 4.09696e-02 4.42968e-03 4.76686e-02 5.20092e-03 8.07687e-02 8.77660e-03 6.85106e-02 7.37068e-03 
6.95 6.975 7.0 6.23108e-02 6.85081e-03 3.80894e-02 4.19821e-03 1.06750e-01 1.17106e-02 4.50302e-02 4.94345e-03 5.27070e-02 5.81792e-03 8.88538e-02 9.78698e-03 7.48616e-02 8.19711e-03 
7.0 7.025 7.05 5.00260e-02 5.64099e-03 2.98896e-02 3.47708e-03 8.68365e-02 9.76136e-03 3.61528e-02 4.06953e-03 4.18238e-02 4.74165e-03 7.13334e-02 8.06056e-03 6.08981e-02 6.83061e-03 
7.05 7.075 7.1 3.34469e-02 4.28409e-03 1.94199e-02 2.53043e-03 5.81521e-02 7.38907e-03 2.41483e-02 3.08836e-03 2.68929e-02 3.50921e-03 4.77481e-02 6.12711e-03 4.07431e-02 5.16891e-03 
7.1 7.125 7.15 2.15110e-02 3.15954e-03 1.24773e-02 1.88267e-03 4.02609e-02 5.86127e-03 1.55628e-02 2.28373e-03 1.72432e-02 2.60428e-03 3.06327e-02 4.50449e-03 2.82785e-02 4.11351e-03 
7.15 7.175 7.2 2.15250e-02 3.22718e-03 1.30368e-02 1.96960e-03 3.72358e-02 5.53521e-03 1.55856e-02 2.33499e-03 1.80050e-02 2.72222e-03 3.06224e-02 4.59521e-03 2.61740e-02 3.88740e-03 
7.2 7.225 7.25 1.10845e-02 1.93260e-03 6.51139e-03 1.14115e-03 1.98456e-02 3.44457e-03 8.01203e-03 1.39494e-03 9.53997e-03 1.67574e-03 1.58024e-02 2.75992e-03 1.39200e-02 2.41163e-03 
7.25 7.275 7.3 9.89640e-03 2.06086e-03 5.82979e-03 1.22708e-03 1.76780e-02 3.64191e-03 7.14782e-03 1.48841e-03 8.07099e-03 1.69863e-03 1.41215e-02 2.94111e-03 1.23877e-02 2.55110e-03 
7.3 7.325 7.35 4.99597e-03 1.27942e-03 2.66547e-03 6.99331e-04 8.90015e-03 2.27778e-03 3.61338e-03 9.24645e-04 3.68637e-03 9.68114e-04 7.11715e-03 1.82439e-03 6.89366e-03 1.70033e-03 
7.35 7.375 7.4 5.65219e-04 1.59006e-04 3.22799e-04 9.09566e-05 1.04413e-03 2.93518e-04 4.10274e-04 1.15193e-04 4.44698e-04 1.25547e-04 8.01745e-04 2.26087e-04 7.36074e-04 2.06418e-04 
7.4 7.425 7.45 4.11038e-05 1.30499e-05 2.28745e-05 7.40088e-06 7.81330e-05 2.43371e-05 3.00151e-05 9.56588e-06 3.13192e-05 1.00900e-05 5.78955e-05 1.83019e-05 5.54574e-05 1.73382e-05 
7.45 7.475 7.5 1.33480e-05 4.52793e-06 7.27601e-06 2.46571e-06 2.59940e-05 8.84553e-06 9.71654e-06 3.29122e-06 9.99403e-06 3.39125e-06 1.88694e-05 6.41233e-06 1.83842e-05 6.24343e-06 
7.5 7.525 7.55 1.80006e-06 7.77074e-07 9.72485e-07 4.24065e-07 3.52966e-06 1.50700e-06 1.30851e-06 5.64344e-07 9.05048e-07 3.88162e-07 2.54869e-06 1.10146e-06 2.49297e-06 1.06321e-06 
7.55 7.575 7.6 0.00000e+00 0.00000e+00 0.00000e+00 0.00000e+00 0.00000e+00 0.00000e+00 0.00000e+00 0.00000e+00 0.00000e+00 0.00000e+00 0.00000e+00 0.00000e+00 0.00000e+00 0.00000e+00 
7.6 7.625 7.65 5.73951e-11 3.81244e-11 2.77293e-11 1.87379e-11 1.27504e-10 8.31793e-11 4.16321e-11 2.76462e-11 3.82290e-11 2.58396e-11 8.14694e-11 5.41329e-11 8.98286e-11 5.85808e-11 
7.65 7.675 7.7 0.00000e+00 0.00000e+00 0.00000e+00 0.00000e+00 0.00000e+00 0.00000e+00 0.00000e+00 0.00000e+00 0.00000e+00 0.00000e+00 0.00000e+00 0.00000e+00 0.00000e+00 0.00000e+00 
7.7 7.725 7.75 0.00000e+00 0.00000e+00 0.00000e+00 0.00000e+00 0.00000e+00 0.00000e+00 0.00000e+00 0.00000e+00 0.00000e+00 0.00000e+00 0.00000e+00 0.00000e+00 0.00000e+00 0.00000e+00 
7.75 7.775 7.8 0.00000e+00 0.00000e+00 0.00000e+00 0.00000e+00 0.00000e+00 0.00000e+00 0.00000e+00 0.00000e+00 0.00000e+00 0.00000e+00 0.00000e+00 0.00000e+00 0.00000e+00 0.00000e+00 
7.8 7.825 7.85 0.00000e+00 0.00000e+00 0.00000e+00 0.00000e+00 0.00000e+00 0.00000e+00 0.00000e+00 0.00000e+00 0.00000e+00 0.00000e+00 0.00000e+00 0.00000e+00 0.00000e+00 0.00000e+00 
7.85 7.875 7.9 0.00000e+00 0.00000e+00 0.00000e+00 0.00000e+00 0.00000e+00 0.00000e+00 0.00000e+00 0.00000e+00 0.00000e+00 0.00000e+00 0.00000e+00 0.00000e+00 0.00000e+00 0.00000e+00 
7.9 7.925 7.95 0.00000e+00 0.00000e+00 0.00000e+00 0.00000e+00 0.00000e+00 0.00000e+00 0.00000e+00 0.00000e+00 0.00000e+00 0.00000e+00 0.00000e+00 0.00000e+00 0.00000e+00 0.00000e+00 
7.95 7.975 8.0 0.00000e+00 0.00000e+00 0.00000e+00 0.00000e+00 0.00000e+00 0.00000e+00 0.00000e+00 0.00000e+00 0.00000e+00 0.00000e+00 0.00000e+00 0.00000e+00 0.00000e+00 0.00000e+00 
8.0 8.025 8.05 0.00000e+00 0.00000e+00 0.00000e+00 0.00000e+00 0.00000e+00 0.00000e+00 0.00000e+00 0.00000e+00 0.00000e+00 0.00000e+00 0.00000e+00 0.00000e+00 0.00000e+00 0.00000e+00 
8.05 8.075 8.1 0.00000e+00 0.00000e+00 0.00000e+00 0.00000e+00 0.00000e+00 0.00000e+00 0.00000e+00 0.00000e+00 0.00000e+00 0.00000e+00 0.00000e+00 0.00000e+00 0.00000e+00 0.00000e+00 
8.1 8.125 8.15 0.00000e+00 0.00000e+00 0.00000e+00 0.00000e+00 0.00000e+00 0.00000e+00 0.00000e+00 0.00000e+00 0.00000e+00 0.00000e+00 0.00000e+00 0.00000e+00 0.00000e+00 0.00000e+00 
8.15 8.175 8.2 0.00000e+00 0.00000e+00 0.00000e+00 0.00000e+00 0.00000e+00 0.00000e+00 0.00000e+00 0.00000e+00 0.00000e+00 0.00000e+00 0.00000e+00 0.00000e+00 0.00000e+00 0.00000e+00 
8.2 8.225 8.25 0.00000e+00 0.00000e+00 0.00000e+00 0.00000e+00 0.00000e+00 0.00000e+00 0.00000e+00 0.00000e+00 0.00000e+00 0.00000e+00 0.00000e+00 0.00000e+00 0.00000e+00 0.00000e+00 
8.25 8.275 8.3 0.00000e+00 0.00000e+00 0.00000e+00 0.00000e+00 0.00000e+00 0.00000e+00 0.00000e+00 0.00000e+00 0.00000e+00 0.00000e+00 0.00000e+00 0.00000e+00 0.00000e+00 0.00000e+00 
8.3 8.325 8.35 0.00000e+00 0.00000e+00 0.00000e+00 0.00000e+00 0.00000e+00 0.00000e+00 0.00000e+00 0.00000e+00 0.00000e+00 0.00000e+00 0.00000e+00 0.00000e+00 0.00000e+00 0.00000e+00 
8.35 8.375 8.4 0.00000e+00 0.00000e+00 0.00000e+00 0.00000e+00 0.00000e+00 0.00000e+00 0.00000e+00 0.00000e+00 0.00000e+00 0.00000e+00 0.00000e+00 0.00000e+00 0.00000e+00 0.00000e+00 
8.4 8.425 8.45 0.00000e+00 0.00000e+00 0.00000e+00 0.00000e+00 0.00000e+00 0.00000e+00 0.00000e+00 0.00000e+00 0.00000e+00 0.00000e+00 0.00000e+00 0.00000e+00 0.00000e+00 0.00000e+00 
8.45 8.475 8.5 0.00000e+00 0.00000e+00 0.00000e+00 0.00000e+00 0.00000e+00 0.00000e+00 0.00000e+00 0.00000e+00 0.00000e+00 0.00000e+00 0.00000e+00 0.00000e+00 0.00000e+00 0.00000e+00 
8.5 8.525 8.55 0.00000e+00 0.00000e+00 0.00000e+00 0.00000e+00 0.00000e+00 0.00000e+00 0.00000e+00 0.00000e+00 0.00000e+00 0.00000e+00 0.00000e+00 0.00000e+00 0.00000e+00 0.00000e+00 
8.55 8.575 8.6 0.00000e+00 0.00000e+00 0.00000e+00 0.00000e+00 0.00000e+00 0.00000e+00 0.00000e+00 0.00000e+00 0.00000e+00 0.00000e+00 0.00000e+00 0.00000e+00 0.00000e+00 0.00000e+00 
8.6 8.625 8.65 0.00000e+00 0.00000e+00 0.00000e+00 0.00000e+00 0.00000e+00 0.00000e+00 0.00000e+00 0.00000e+00 0.00000e+00 0.00000e+00 0.00000e+00 0.00000e+00 0.00000e+00 0.00000e+00 
8.65 8.675 8.7 0.00000e+00 0.00000e+00 0.00000e+00 0.00000e+00 0.00000e+00 0.00000e+00 0.00000e+00 0.00000e+00 0.00000e+00 0.00000e+00 0.00000e+00 0.00000e+00 0.00000e+00 0.00000e+00 
8.7 8.725 8.75 0.00000e+00 0.00000e+00 0.00000e+00 0.00000e+00 0.00000e+00 0.00000e+00 0.00000e+00 0.00000e+00 0.00000e+00 0.00000e+00 0.00000e+00 0.00000e+00 0.00000e+00 0.00000e+00 
8.75 8.775 8.8 0.00000e+00 0.00000e+00 0.00000e+00 0.00000e+00 0.00000e+00 0.00000e+00 0.00000e+00 0.00000e+00 0.00000e+00 0.00000e+00 0.00000e+00 0.00000e+00 0.00000e+00 0.00000e+00 
8.8 8.825 8.85 0.00000e+00 0.00000e+00 0.00000e+00 0.00000e+00 0.00000e+00 0.00000e+00 0.00000e+00 0.00000e+00 0.00000e+00 0.00000e+00 0.00000e+00 0.00000e+00 0.00000e+00 0.00000e+00 
8.85 8.875 8.9 0.00000e+00 0.00000e+00 0.00000e+00 0.00000e+00 0.00000e+00 0.00000e+00 0.00000e+00 0.00000e+00 0.00000e+00 0.00000e+00 0.00000e+00 0.00000e+00 0.00000e+00 0.00000e+00 
8.9 8.925 8.95 0.00000e+00 0.00000e+00 0.00000e+00 0.00000e+00 0.00000e+00 0.00000e+00 0.00000e+00 0.00000e+00 0.00000e+00 0.00000e+00 0.00000e+00 0.00000e+00 0.00000e+00 0.00000e+00 
8.95 8.975 9.0 0.00000e+00 0.00000e+00 0.00000e+00 0.00000e+00 0.00000e+00 0.00000e+00 0.00000e+00 0.00000e+00 0.00000e+00 0.00000e+00 0.00000e+00 0.00000e+00 0.00000e+00 0.00000e+00 
9.0 9.025 9.05 0.00000e+00 0.00000e+00 0.00000e+00 0.00000e+00 0.00000e+00 0.00000e+00 0.00000e+00 0.00000e+00 0.00000e+00 0.00000e+00 0.00000e+00 0.00000e+00 0.00000e+00 0.00000e+00 
9.05 9.075 9.1 0.00000e+00 0.00000e+00 0.00000e+00 0.00000e+00 0.00000e+00 0.00000e+00 0.00000e+00 0.00000e+00 0.00000e+00 0.00000e+00 0.00000e+00 0.00000e+00 0.00000e+00 0.00000e+00 
9.1 9.125 9.15 0.00000e+00 0.00000e+00 0.00000e+00 0.00000e+00 0.00000e+00 0.00000e+00 0.00000e+00 0.00000e+00 0.00000e+00 0.00000e+00 0.00000e+00 0.00000e+00 0.00000e+00 0.00000e+00 
9.15 9.175 9.2 0.00000e+00 0.00000e+00 0.00000e+00 0.00000e+00 0.00000e+00 0.00000e+00 0.00000e+00 0.00000e+00 0.00000e+00 0.00000e+00 0.00000e+00 0.00000e+00 0.00000e+00 0.00000e+00 
9.2 9.225 9.25 0.00000e+00 0.00000e+00 0.00000e+00 0.00000e+00 0.00000e+00 0.00000e+00 0.00000e+00 0.00000e+00 0.00000e+00 0.00000e+00 0.00000e+00 0.00000e+00 0.00000e+00 0.00000e+00 
9.25 9.275 9.3 0.00000e+00 0.00000e+00 0.00000e+00 0.00000e+00 0.00000e+00 0.00000e+00 0.00000e+00 0.00000e+00 0.00000e+00 0.00000e+00 0.00000e+00 0.00000e+00 0.00000e+00 0.00000e+00 
9.3 9.325 9.35 0.00000e+00 0.00000e+00 0.00000e+00 0.00000e+00 0.00000e+00 0.00000e+00 0.00000e+00 0.00000e+00 0.00000e+00 0.00000e+00 0.00000e+00 0.00000e+00 0.00000e+00 0.00000e+00 
9.35 9.375 9.4 0.00000e+00 0.00000e+00 0.00000e+00 0.00000e+00 0.00000e+00 0.00000e+00 0.00000e+00 0.00000e+00 0.00000e+00 0.00000e+00 0.00000e+00 0.00000e+00 0.00000e+00 0.00000e+00 
9.4 9.425 9.45 0.00000e+00 0.00000e+00 0.00000e+00 0.00000e+00 0.00000e+00 0.00000e+00 0.00000e+00 0.00000e+00 0.00000e+00 0.00000e+00 0.00000e+00 0.00000e+00 0.00000e+00 0.00000e+00 
9.45 9.475 9.5 0.00000e+00 0.00000e+00 0.00000e+00 0.00000e+00 0.00000e+00 0.00000e+00 0.00000e+00 0.00000e+00 0.00000e+00 0.00000e+00 0.00000e+00 0.00000e+00 0.00000e+00 0.00000e+00 
9.5 9.525 9.55 0.00000e+00 0.00000e+00 0.00000e+00 0.00000e+00 0.00000e+00 0.00000e+00 0.00000e+00 0.00000e+00 0.00000e+00 0.00000e+00 0.00000e+00 0.00000e+00 0.00000e+00 0.00000e+00 
9.55 9.575 9.6 0.00000e+00 0.00000e+00 0.00000e+00 0.00000e+00 0.00000e+00 0.00000e+00 0.00000e+00 0.00000e+00 0.00000e+00 0.00000e+00 0.00000e+00 0.00000e+00 0.00000e+00 0.00000e+00 
9.6 9.625 9.65 0.00000e+00 0.00000e+00 0.00000e+00 0.00000e+00 0.00000e+00 0.00000e+00 0.00000e+00 0.00000e+00 0.00000e+00 0.00000e+00 0.00000e+00 0.00000e+00 0.00000e+00 0.00000e+00 
9.65 9.675 9.7 0.00000e+00 0.00000e+00 0.00000e+00 0.00000e+00 0.00000e+00 0.00000e+00 0.00000e+00 0.00000e+00 0.00000e+00 0.00000e+00 0.00000e+00 0.00000e+00 0.00000e+00 0.00000e+00 
9.7 9.725 9.75 0.00000e+00 0.00000e+00 0.00000e+00 0.00000e+00 0.00000e+00 0.00000e+00 0.00000e+00 0.00000e+00 0.00000e+00 0.00000e+00 0.00000e+00 0.00000e+00 0.00000e+00 0.00000e+00 
9.75 9.775 9.8 0.00000e+00 0.00000e+00 0.00000e+00 0.00000e+00 0.00000e+00 0.00000e+00 0.00000e+00 0.00000e+00 0.00000e+00 0.00000e+00 0.00000e+00 0.00000e+00 0.00000e+00 0.00000e+00 
9.8 9.825 9.85 0.00000e+00 0.00000e+00 0.00000e+00 0.00000e+00 0.00000e+00 0.00000e+00 0.00000e+00 0.00000e+00 0.00000e+00 0.00000e+00 0.00000e+00 0.00000e+00 0.00000e+00 0.00000e+00 
9.85 9.875 9.9 0.00000e+00 0.00000e+00 0.00000e+00 0.00000e+00 0.00000e+00 0.00000e+00 0.00000e+00 0.00000e+00 0.00000e+00 0.00000e+00 0.00000e+00 0.00000e+00 0.00000e+00 0.00000e+00 
9.9 9.925 9.95 0.00000e+00 0.00000e+00 0.00000e+00 0.00000e+00 0.00000e+00 0.00000e+00 0.00000e+00 0.00000e+00 0.00000e+00 0.00000e+00 0.00000e+00 0.00000e+00 0.00000e+00 0.00000e+00 
9.95 9.975 10.0 0.00000e+00 0.00000e+00 0.00000e+00 0.00000e+00 0.00000e+00 0.00000e+00 0.00000e+00 0.00000e+00 0.00000e+00 0.00000e+00 0.00000e+00 0.00000e+00 0.00000e+00 0.00000e+00 
