0.0 0.025 0.05 0.00000e+00 0.00000e+00 0.00000e+00 0.00000e+00 0.00000e+00 0.00000e+00 0.00000e+00 0.00000e+00 0.00000e+00 0.00000e+00 0.00000e+00 0.00000e+00 0.00000e+00 0.00000e+00 
0.05 0.075 0.1 0.00000e+00 0.00000e+00 0.00000e+00 0.00000e+00 0.00000e+00 0.00000e+00 0.00000e+00 0.00000e+00 0.00000e+00 0.00000e+00 0.00000e+00 0.00000e+00 0.00000e+00 0.00000e+00 
0.1 0.125 0.15 0.00000e+00 0.00000e+00 0.00000e+00 0.00000e+00 0.00000e+00 0.00000e+00 0.00000e+00 0.00000e+00 0.00000e+00 0.00000e+00 0.00000e+00 0.00000e+00 0.00000e+00 0.00000e+00 
0.15 0.175 0.2 0.00000e+00 0.00000e+00 0.00000e+00 0.00000e+00 0.00000e+00 0.00000e+00 0.00000e+00 0.00000e+00 0.00000e+00 0.00000e+00 0.00000e+00 0.00000e+00 0.00000e+00 0.00000e+00 
0.2 0.225 0.25 0.00000e+00 0.00000e+00 0.00000e+00 0.00000e+00 0.00000e+00 0.00000e+00 0.00000e+00 0.00000e+00 0.00000e+00 0.00000e+00 0.00000e+00 0.00000e+00 0.00000e+00 0.00000e+00 
0.25 0.275 0.3 0.00000e+00 0.00000e+00 0.00000e+00 0.00000e+00 0.00000e+00 0.00000e+00 0.00000e+00 0.00000e+00 0.00000e+00 0.00000e+00 0.00000e+00 0.00000e+00 0.00000e+00 0.00000e+00 
0.3 0.325 0.35 0.00000e+00 0.00000e+00 0.00000e+00 0.00000e+00 0.00000e+00 0.00000e+00 0.00000e+00 0.00000e+00 0.00000e+00 0.00000e+00 0.00000e+00 0.00000e+00 0.00000e+00 0.00000e+00 
0.35 0.375 0.4 1.09968e+00 6.76453e-02 6.54134e-01 4.00842e-02 1.88181e+00 1.15981e-01 7.22863e-01 4.42563e-02 9.69584e-01 5.93937e-02 1.66861e+00 1.02267e-01 1.19839e+00 7.35922e-02 
0.4 0.425 0.45 5.29484e+01 2.45421e+00 7.75105e+01 1.57535e+00 -3.69051e+01 4.07017e+00 7.28199e+01 1.68335e+00 6.45611e+01 2.29253e+00 -8.46255e+00 3.76992e+00 4.00374e+01 2.64326e+00 
0.45 0.475 0.5 7.03591e+01 2.30493e+00 8.45330e+01 1.47434e+00 3.09634e+00 3.83344e+00 8.11777e+01 1.57520e+00 7.95564e+01 2.15345e+00 2.66216e+01 3.55233e+00 6.01178e+01 2.48169e+00 
0.5 0.525 0.55 6.54890e+01 2.24024e+00 7.83394e+01 1.42305e+00 3.39860e+00 3.80019e+00 7.52097e+01 1.54234e+00 7.37653e+01 2.08868e+00 2.51999e+01 3.46634e+00 5.59956e+01 2.44918e+00 
0.55 0.575 0.6 6.82309e+01 2.17470e+00 7.81203e+01 1.37705e+00 1.39128e+01 3.64848e+00 7.55912e+01 1.47622e+00 7.56928e+01 2.02498e+00 3.34701e+01 3.37000e+00 5.98724e+01 2.33789e+00 
0.6 0.625 0.65 5.74262e+01 2.03689e+00 6.97568e+01 1.28988e+00 4.34459e-01 3.41634e+00 6.69234e+01 1.38264e+00 6.51535e+01 1.89679e+00 2.01446e+01 3.15626e+00 4.88314e+01 2.20016e+00 
0.65 0.675 0.7 5.66475e+01 2.02954e+00 6.74578e+01 1.27916e+00 4.33164e+00 3.41588e+00 6.48974e+01 1.37215e+00 6.37875e+01 1.88886e+00 2.27137e+01 3.15569e+00 4.87931e+01 2.19309e+00 
0.7 0.725 0.75 5.18365e+01 1.99977e+00 6.41652e+01 1.25923e+00 -2.93631e+00 3.36690e+00 6.14764e+01 1.35064e+00 5.91297e+01 1.86148e+00 1.56077e+01 3.11179e+00 4.37374e+01 2.16000e+00 
0.75 0.775 0.8 4.85818e+01 1.99862e+00 6.08817e+01 1.25274e+00 -4.80205e+00 3.37806e+00 5.82259e+01 1.34565e+00 5.56889e+01 1.85777e+00 1.31801e+01 3.11818e+00 4.06949e+01 2.16185e+00 
0.8 0.825 0.85 4.60877e+01 1.97882e+00 5.84138e+01 1.23883e+00 -6.36849e+00 3.34706e+00 5.57905e+01 1.33084e+00 5.30464e+01 1.83926e+00 1.11667e+01 3.08960e+00 3.83550e+01 2.14044e+00 
0.85 0.875 0.9 4.58154e+01 1.91906e+00 5.78974e+01 1.20332e+00 -5.92256e+00 3.24220e+00 5.52799e+01 1.29294e+00 5.27326e+01 1.78333e+00 1.15435e+01 2.99143e+00 3.80928e+01 2.07662e+00 
0.9 0.925 0.95 4.51316e+01 1.95829e+00 5.66258e+01 1.22285e+00 -4.59435e+00 3.31875e+00 5.42292e+01 1.31536e+00 5.16425e+01 1.81798e+00 1.19412e+01 3.06006e+00 3.79171e+01 2.12083e+00 
0.95 0.975 1.0 4.22415e+01 1.99991e+00 5.45285e+01 1.24788e+00 -8.64873e+00 3.38963e+00 5.19582e+01 1.34117e+00 4.89704e+01 1.85827e+00 8.25015e+00 3.12912e+00 3.47459e+01 2.16349e+00 
1.0 1.025 1.05 4.43334e+01 2.02448e+00 5.53338e+01 1.26159e+00 -3.72658e+00 3.43417e+00 5.29880e+01 1.35617e+00 5.06897e+01 1.88097e+00 1.24316e+01 3.17038e+00 3.72721e+01 2.19030e+00 
1.05 1.075 1.1 4.18273e+01 2.02843e+00 5.35298e+01 1.23073e+00 -8.71639e+00 3.34982e+00 5.13247e+01 1.35931e+00 4.83605e+01 1.88082e+00 8.51301e+00 3.17499e+00 3.40673e+01 2.13973e+00 
1.1 1.125 1.15 4.60294e+01 2.03857e+00 5.59749e+01 1.28669e+00 5.14581e-01 3.46412e+00 5.36971e+01 1.36507e+00 5.22295e+01 1.92063e+00 1.61338e+01 3.19272e+00 3.92479e+01 2.20903e+00 
1.15 1.175 1.2 4.18775e+01 2.07670e+00 5.32172e+01 1.29136e+00 -6.84822e+00 3.47924e+00 5.08878e+01 1.39078e+00 4.81509e+01 1.92576e+00 9.07434e+00 3.20447e+00 3.44774e+01 2.22006e+00 
1.2 1.225 1.25 4.25645e+01 2.15722e+00 5.32393e+01 1.29595e+00 -4.08719e+00 3.56399e+00 5.10508e+01 1.44146e+00 4.85853e+01 1.93356e+00 1.15457e+01 3.38403e+00 3.57214e+01 2.27171e+00 
1.25 1.275 1.3 4.05816e+01 2.06189e+00 5.22463e+01 1.28098e+00 -8.37244e+00 3.50979e+00 4.97751e+01 1.38116e+00 4.70485e+01 1.90969e+00 8.38171e+00 3.22721e+00 3.30433e+01 2.24760e+00 
1.3 1.325 1.35 4.40405e+01 2.02605e+00 5.48950e+01 1.32195e+00 -7.18243e-01 3.44391e+00 5.17610e+01 1.35813e+00 5.14846e+01 1.97461e+00 1.45716e+01 3.16929e+00 3.74013e+01 2.19850e+00 
1.35 1.375 1.4 4.35419e+01 2.22303e+00 5.35685e+01 1.35469e+00 -2.41900e+00 3.67450e+00 5.14002e+01 1.48508e+00 4.95106e+01 2.02366e+00 1.39116e+01 3.48642e+00 3.68788e+01 2.42402e+00 
1.4 1.425 1.45 4.09573e+01 2.17093e+00 5.17778e+01 1.34320e+00 -5.38314e+00 3.70746e+00 4.94465e+01 1.45174e+00 4.71609e+01 2.00600e+00 1.04135e+01 3.40165e+00 3.39811e+01 2.36323e+00 
1.45 1.475 1.5 3.80882e+01 2.10316e+00 4.99141e+01 1.30515e+00 -9.91936e+00 3.58318e+00 4.75108e+01 1.40825e+00 4.43907e+01 1.94642e+00 5.97517e+00 3.29279e+00 3.10371e+01 2.28555e+00 
1.5 1.525 1.55 3.84683e+01 2.16528e+00 5.02453e+01 1.33908e+00 -9.59427e+00 3.70128e+00 4.78164e+01 1.44734e+00 4.48245e+01 2.00059e+00 6.47195e+00 3.39487e+00 3.13272e+01 2.35766e+00 
1.55 1.575 1.6 4.52091e+01 2.15018e+00 5.41996e+01 1.34601e+00 2.60603e+00 3.66351e+00 5.27672e+01 1.46525e+00 5.09930e+01 2.00784e+00 1.75913e+01 3.39772e+00 3.88747e+01 2.33864e+00 
1.6 1.625 1.65 3.73778e+01 2.11527e+00 4.93353e+01 1.31310e+00 -1.07924e+01 3.60132e+00 4.69245e+01 1.41780e+00 4.37029e+01 1.95636e+00 5.20135e+00 3.30716e+00 3.02744e+01 2.30044e+00 
1.65 1.675 1.7 3.97296e+01 2.13701e+00 5.05216e+01 1.32492e+00 -6.08288e+00 3.64160e+00 4.82551e+01 1.43090e+00 4.55321e+01 2.01567e+00 9.05379e+00 3.41357e+00 3.28960e+01 2.32430e+00 
1.7 1.725 1.75 4.13326e+01 2.13318e+00 5.14410e+01 1.32261e+00 -3.22369e+00 3.63574e+00 4.92147e+01 1.42881e+00 4.73467e+01 1.97197e+00 1.22469e+01 3.33682e+00 3.53265e+01 2.44013e+00 
1.75 1.775 1.8 3.96023e+01 2.34198e+00 5.00939e+01 1.44285e+00 -5.32186e+00 4.01306e+00 4.79638e+01 1.56125e+00 4.54619e+01 2.16189e+00 9.77578e+00 3.67874e+00 3.30302e+01 2.55212e+00 
1.8 1.825 1.85 4.34451e+01 2.47937e+00 5.24732e+01 1.52761e+00 1.08032e+00 4.24247e+00 5.03967e+01 1.64996e+00 4.92157e+01 2.29331e+00 1.61259e+01 3.89997e+00 3.69020e+01 2.69480e+00 
1.85 1.875 1.9 3.86133e+01 2.27984e+00 4.92184e+01 1.40884e+00 -6.33249e+00 3.89264e+00 4.70303e+01 1.52207e+00 4.45451e+01 2.10796e+00 8.93741e+00 3.57567e+00 3.19175e+01 2.47946e+00 
1.9 1.925 1.95 3.63503e+01 2.11202e+00 4.79980e+01 1.30543e+00 -1.02677e+01 3.59972e+00 4.55190e+01 1.41540e+00 4.27137e+01 1.94489e+00 5.80316e+00 3.29039e+00 2.93703e+01 2.29973e+00 
1.95 1.975 2.0 3.85588e+01 2.50201e+00 4.88667e+01 1.53694e+00 -5.57841e+00 4.29224e+00 4.67419e+01 1.66491e+00 4.43756e+01 2.30751e+00 9.49500e+00 3.93365e+00 3.19670e+01 2.72778e+00 
2.0 2.025 2.05 4.22036e+01 2.51699e+00 5.04514e+01 1.54696e+00 -3.11752e-01 4.34149e+00 4.84625e+01 1.67851e+00 4.77070e+01 2.31603e+00 1.56800e+01 3.95668e+00 3.50283e+01 2.75738e+00 
2.05 2.075 2.1 3.96982e+01 2.38824e+00 4.93233e+01 1.46883e+00 -3.00941e+00 4.09597e+00 4.73019e+01 1.59173e+00 4.53517e+01 2.20154e+00 1.17741e+01 3.75005e+00 3.32865e+01 2.60606e+00 
2.1 2.125 2.15 3.67506e+01 2.28186e+00 4.73009e+01 1.40648e+00 -7.46071e+00 3.99015e+00 4.51390e+01 1.52402e+00 4.25962e+01 2.10349e+00 7.08889e+00 3.68855e+00 2.96570e+01 2.56663e+00 
2.15 2.175 2.2 3.64572e+01 2.20142e+00 4.69461e+01 1.35942e+00 -7.48258e+00 3.76327e+00 4.47839e+01 1.47269e+00 4.22933e+01 2.02970e+00 7.63243e+00 3.44509e+00 2.98011e+01 2.40206e+00 
2.2 2.225 2.25 3.72528e+01 2.35675e+00 4.72130e+01 1.44726e+00 -5.59840e+00 4.04813e+00 4.50583e+01 1.57185e+00 4.30607e+01 2.16768e+00 9.51737e+00 3.69659e+00 3.05800e+01 2.57838e+00 
2.25 2.275 2.3 4.04981e+01 2.52704e+00 4.90992e+01 1.54860e+00 2.50738e-01 4.34564e+00 4.71938e+01 1.68150e+00 4.59320e+01 2.32527e+00 1.46454e+01 3.97180e+00 3.42885e+01 2.76276e+00 
2.3 2.325 2.35 3.61977e+01 2.35154e+00 4.60941e+01 1.44406e+00 -3.34991e+00 4.38640e+00 4.40885e+01 1.56823e+00 4.17593e+01 2.16313e+00 8.52259e+00 3.68900e+00 2.88955e+01 2.57261e+00 
2.35 2.375 2.4 3.32762e+01 2.33081e+00 4.42760e+01 1.43003e+00 -1.11125e+01 3.69318e+00 4.20407e+01 1.44284e+00 3.91755e+01 2.14117e+00 4.22520e+00 3.65458e+00 2.64827e+01 2.35864e+00 
2.4 2.425 2.45 3.34053e+01 2.40697e+00 4.39576e+01 1.47427e+00 -8.93195e+00 4.22021e+00 4.18031e+01 1.60405e+00 3.91523e+01 2.21004e+00 5.95537e+00 3.84228e+00 2.72703e+01 2.68672e+00 
2.45 2.475 2.5 3.61385e+01 2.25041e+00 4.51789e+01 1.38111e+00 -3.74958e+00 3.86907e+00 4.32685e+01 1.50195e+00 4.14812e+01 2.06711e+00 1.03646e+01 3.52743e+00 2.99983e+01 2.46584e+00 
2.5 2.525 2.55 3.24435e+01 2.55101e+00 4.27826e+01 1.55877e+00 -9.74339e+00 4.39836e+00 4.06995e+01 1.69542e+00 3.80444e+01 2.34362e+00 4.86524e+00 4.01280e+00 2.59874e+01 2.79423e+00 
2.55 2.575 2.6 3.45902e+01 2.44285e+00 4.45080e+01 1.46692e+00 -5.32420e+00 4.20015e+00 4.19180e+01 1.62577e+00 3.99924e+01 2.13791e+00 8.74302e+00 3.83764e+00 2.84505e+01 2.67164e+00 
2.6 2.625 2.65 3.20743e+01 2.32393e+00 4.22010e+01 1.42353e+00 -9.41447e+00 4.00070e+00 4.01529e+01 1.54851e+00 3.75881e+01 2.13428e+00 4.99460e+00 3.64767e+00 2.57055e+01 2.54649e+00 
2.65 2.675 2.7 3.33704e+01 2.26533e+00 4.25024e+01 1.38647e+00 -5.81664e+00 3.90323e+00 4.06417e+01 1.51156e+00 3.85680e+01 2.07582e+00 7.96661e+00 3.54945e+00 2.73653e+01 2.48883e+00 
2.7 2.725 2.75 3.33070e+01 2.37035e+00 4.21693e+01 1.44953e+00 -5.13818e+00 4.08374e+00 4.02858e+01 1.57884e+00 3.85054e+01 2.17436e+00 8.63715e+00 3.71938e+00 2.72689e+01 2.60053e+00 
2.75 2.775 2.8 3.06251e+01 2.28322e+00 4.03760e+01 1.45558e+00 -9.39810e+00 3.93000e+00 3.84216e+01 1.52100e+00 3.59101e+01 2.18588e+00 4.86593e+00 3.69052e+00 2.44094e+01 2.50173e+00 
2.8 2.825 2.85 3.42446e+01 2.35945e+00 4.22307e+01 1.44152e+00 -2.10710e+00 4.06784e+00 4.05766e+01 1.56952e+00 3.90689e+01 2.16545e+00 1.09115e+01 3.70719e+00 2.86593e+01 2.58725e+00 
2.85 2.875 2.9 2.70145e+01 2.47631e+00 3.75557e+01 1.50804e+00 -1.37886e+01 4.28154e+00 3.54867e+01 1.64578e+00 3.24301e+01 2.26757e+00 3.02824e-01 3.89256e+00 2.07052e+01 2.72221e+00 
2.9 2.925 2.95 3.13215e+01 2.45868e+00 4.02935e+01 1.49652e+00 -6.76639e+00 4.25514e+00 3.84048e+01 1.63521e+00 3.64772e+01 2.24845e+00 6.91641e+00 3.86208e+00 2.52879e+01 2.70708e+00 
2.95 2.975 3.0 2.51842e+01 2.05559e+00 3.63381e+01 1.26135e+00 -1.67237e+01 3.53411e+00 3.41745e+01 1.37545e+00 3.07413e+01 1.88313e+00 -2.34255e+00 3.21213e+00 1.86944e+01 2.25929e+00 
3.0 3.025 3.05 2.78872e+01 2.22183e+00 3.78575e+01 1.35096e+00 -1.00979e+01 3.83524e+00 3.59184e+01 1.47416e+00 3.23331e+01 2.18897e+00 3.50065e+00 3.48569e+00 2.18131e+01 2.42296e+00 
3.05 3.075 3.1 3.08396e+01 2.39658e+00 3.91141e+01 1.46004e+00 -5.13153e+00 4.14214e+00 3.74078e+01 1.59420e+00 3.56470e+01 2.19349e+00 7.79488e+00 3.76384e+00 2.52135e+01 2.63601e+00 
3.1 3.125 3.15 2.93844e+01 2.36709e+00 3.79014e+01 1.44068e+00 -6.73624e+00 4.09615e+00 3.61017e+01 1.57335e+00 3.42981e+01 2.16603e+00 6.35201e+00 3.72038e+00 2.36098e+01 2.60456e+00 
3.15 3.175 3.2 2.37160e+01 2.12855e+00 3.26636e+01 1.29690e+00 -9.55258e+00 3.86946e+00 3.09313e+01 1.41843e+00 2.83590e+01 1.94460e+00 7.61625e-01 3.33731e+00 1.94904e+01 2.46264e+00 
3.2 3.225 3.25 2.66276e+01 2.23329e+00 3.31192e+01 1.35590e+00 -2.82036e+00 3.87582e+00 3.17764e+01 1.48415e+00 3.05579e+01 2.03894e+00 7.95046e+00 3.51104e+00 2.19992e+01 2.46382e+00 
3.25 3.275 3.3 2.31278e+01 2.25393e+00 2.99688e+01 1.36678e+00 -6.09124e+00 3.91481e+00 2.85993e+01 1.49662e+00 2.69959e+01 2.05729e+00 4.38173e+00 3.54551e+00 1.85699e+01 2.48753e+00 
3.3 3.325 3.35 1.83107e+01 2.09202e+00 2.62920e+01 1.27215e+00 -1.21216e+01 3.62288e+00 2.47751e+01 1.39209e+00 2.23225e+01 1.91057e+00 -1.56827e+00 3.28369e+00 1.35697e+01 2.11064e+00 
3.35 3.375 3.4 2.22530e+01 2.12971e+00 2.78942e+01 1.29117e+00 -3.13661e+00 3.69821e+00 2.66942e+01 1.41438e+00 2.56989e+01 1.94309e+00 6.30253e+00 3.34919e+00 1.81649e+01 2.35049e+00 
3.4 3.425 3.45 1.81352e+01 1.74725e+00 2.47793e+01 1.06561e+00 -8.55798e+00 3.02191e+00 2.35188e+01 1.16797e+00 2.16250e+01 1.59266e+00 8.77656e-01 2.73152e+00 1.39999e+01 1.93124e+00 
3.45 3.475 3.5 1.78498e+01 2.11441e+00 2.41486e+01 1.28578e+00 -7.34894e+00 3.67648e+00 2.27718e+01 1.40381e+00 2.14525e+01 1.93608e+00 1.78124e+00 3.32617e+00 1.38289e+01 2.33604e+00 
3.5 3.525 3.55 1.38618e+01 1.95611e+00 2.09896e+01 1.18419e+00 -1.35901e+01 2.83128e+00 1.96890e+01 1.30118e+00 1.72863e+01 1.77904e+00 -3.45305e+00 3.07123e+00 9.79768e+00 2.16775e+00 
3.55 3.575 3.6 1.88993e+01 1.77558e+00 2.35653e+01 1.07865e+00 -2.51962e+00 3.08085e+00 2.25862e+01 1.18367e+00 2.17858e+01 1.61685e+00 5.52916e+00 2.78247e+00 1.54418e+01 1.96460e+00 
3.6 3.625 3.65 1.97667e+01 2.00328e+00 2.35649e+01 1.21033e+00 3.66213e-01 3.49144e+00 2.27178e+01 1.32929e+00 2.23626e+01 1.82272e+00 7.86127e+00 3.15224e+00 1.66052e+01 2.21770e+00 
3.65 3.675 3.7 1.12656e+01 1.96023e+00 1.77269e+01 1.18274e+00 -1.16897e+01 3.55141e+00 1.65556e+01 1.30065e+00 1.43192e+01 1.78160e+00 -4.14116e+00 3.08459e+00 7.59600e+00 2.21139e+00 
3.7 3.725 3.75 1.51737e+01 1.71441e+00 1.96939e+01 1.03773e+00 -4.40144e+00 2.98548e+00 1.87968e+01 1.14092e+00 1.77726e+01 1.55822e+00 2.83804e+00 2.69107e+00 1.20436e+01 1.90063e+00 
3.75 3.775 3.8 1.33998e+01 1.83439e+00 1.84502e+01 1.17780e+00 -6.65129e+00 3.31035e+00 1.79904e+01 1.23803e+00 1.66053e+01 1.73231e+00 6.19780e-01 2.97937e+00 1.02675e+01 2.03779e+00 
3.8 3.825 3.85 1.17942e+01 1.86829e+00 1.67716e+01 1.12331e+00 -7.76938e+00 3.27360e+00 1.58536e+01 1.24007e+00 1.43393e+01 1.69149e+00 -7.87827e-01 2.93832e+00 8.73176e+00 2.08049e+00 
3.85 3.875 3.9 1.54768e+01 1.90172e+00 1.81938e+01 1.15498e+00 -5.07595e-01 3.31320e+00 1.78456e+01 1.26032e+00 1.70965e+01 1.74234e+00 5.37409e+00 3.03072e+00 1.30534e+01 2.11581e+00 
3.9 3.925 3.95 7.25335e+00 1.60550e+00 1.34237e+01 1.12143e+00 -1.37849e+01 2.80152e+00 1.22255e+01 1.06858e+00 1.00523e+01 1.45622e+00 -6.44065e+00 2.51922e+00 3.86981e+00 1.78417e+00 
3.95 3.975 4.0 1.46169e+01 1.90824e+00 1.70213e+01 1.13343e+00 2.07198e-01 3.27167e+00 1.64717e+01 1.25073e+00 1.64333e+01 1.72757e+00 6.12493e+00 3.01059e+00 1.10242e+01 1.93945e+00 
4.0 4.025 4.05 1.17010e+01 1.80994e+00 1.53259e+01 1.08321e+00 -3.92987e+00 3.18407e+00 1.45434e+01 1.19816e+00 1.38173e+01 1.60724e+00 2.05452e+00 2.85486e+00 9.08934e+00 2.01770e+00 
4.05 4.075 4.1 1.03581e+01 1.73191e+00 1.41107e+01 1.03050e+00 -4.64388e+00 3.06300e+00 1.33655e+01 1.14805e+00 1.24645e+01 1.55374e+00 6.40772e-01 2.72763e+00 7.63189e+00 1.98424e+00 
4.1 4.125 4.15 1.00178e+01 1.66611e+00 1.39213e+01 1.04821e+00 -4.88214e+00 2.93806e+00 1.29015e+01 1.10419e+00 1.18776e+01 1.39375e+00 6.62933e-01 2.62514e+00 7.61668e+00 1.86361e+00 
4.15 4.175 4.2 5.12740e+00 1.69019e+00 1.04612e+01 1.00620e+00 -1.24400e+01 2.97297e+00 9.58829e+00 1.09216e+00 8.23174e+00 1.51622e+00 -6.23806e+00 2.66072e+00 2.72214e+00 1.83722e+00 
4.2 4.225 4.25 1.15099e+01 1.72309e+00 1.37378e+01 1.03937e+00 -3.55328e-01 3.05633e+00 1.33091e+01 1.14184e+00 1.31057e+01 1.56153e+00 4.37228e+00 2.74642e+00 9.53801e+00 1.91651e+00 
4.25 4.275 4.3 9.37741e+00 1.54936e+00 1.22122e+01 9.29522e-01 -3.27534e+00 2.90431e+00 1.16941e+01 1.02827e+00 1.09964e+01 1.39986e+00 1.53711e+00 2.43724e+00 7.37355e+00 1.72695e+00 
4.3 4.325 4.35 9.41007e+00 1.55351e+00 1.21796e+01 9.43526e-01 -2.29710e+00 2.73117e+00 1.18216e+01 1.01111e+00 1.13707e+01 1.42182e+00 7.35425e-01 2.32182e+00 7.43383e+00 1.73397e+00 
4.35 4.375 4.4 6.83603e+00 1.52847e+00 1.00675e+01 9.14125e-01 -5.82355e+00 2.69439e+00 9.47381e+00 1.01388e+00 8.49355e+00 1.37745e+00 -1.16032e+00 2.40574e+00 4.78975e+00 1.71110e+00 
4.4 4.425 4.45 7.10029e+00 1.38870e+00 9.74422e+00 9.00336e-01 -4.98906e+00 2.44745e+00 9.47158e+00 9.22808e-01 9.63308e+00 1.36370e+00 -4.52726e-01 2.18690e+00 5.06204e+00 1.55477e+00 
4.45 4.475 4.5 4.58085e+00 1.52582e+00 8.20230e+00 9.11248e-01 -8.29303e+00 2.69346e+00 7.53338e+00 1.00976e+00 6.32802e+00 1.30924e+00 -6.46518e+00 1.78880e+00 2.46614e+00 1.70660e+00 
4.5 4.525 4.55 3.70899e+00 1.52787e+00 7.53788e+00 9.12863e-01 -9.44230e+00 2.69522e+00 7.04136e+00 7.72685e-01 5.46413e+00 1.37713e+00 -4.70856e+00 2.40723e+00 1.88003e+00 1.29410e+00 
4.55 4.575 4.6 6.35617e+00 1.46174e+00 8.82126e+00 8.72689e-01 -3.46683e+00 2.58067e+00 8.48445e+00 9.68533e-01 7.73908e+00 1.31567e+00 4.94877e-02 2.30218e+00 4.90542e+00 1.63831e+00 
4.6 4.625 4.65 8.61487e+00 1.38638e+00 9.89437e+00 8.27553e-01 2.71767e-01 2.51146e+00 9.61308e+00 9.20134e-01 9.66091e+00 1.24621e+00 4.13212e+00 2.18084e+00 6.91701e+00 1.59396e+00 
4.65 4.675 4.7 4.70042e+00 1.21918e+00 7.36532e+00 7.30390e-01 -5.47616e+00 2.14848e+00 6.87645e+00 8.12151e-01 6.04186e+00 1.09572e+00 -1.68106e+00 1.91140e+00 3.02306e+00 1.36946e+00 
4.7 4.725 4.75 1.45562e+00 1.27981e+00 5.10849e+00 7.64839e-01 -1.02274e+01 2.25961e+00 4.91779e+00 8.21220e-01 3.07421e+00 1.13465e+00 -6.11997e+00 2.00719e+00 -4.73819e-01 1.43993e+00 
4.75 4.775 4.8 6.66365e+00 1.32721e+00 8.05164e+00 7.90825e-01 -5.90485e-01 2.35004e+00 7.76626e+00 8.80519e-01 7.63590e+00 1.19141e+00 2.73208e+00 2.09329e+00 5.42796e+00 1.49276e+00 
4.8 4.825 4.85 1.86318e+00 1.20512e+00 4.97365e+00 7.18895e-01 -8.50782e+00 2.13189e+00 4.39539e+00 8.01572e-01 3.21748e+00 1.08006e+00 -4.75892e+00 1.89115e+00 1.17510e-01 1.35766e+00 
4.85 4.875 4.9 3.35243e+00 1.22064e+00 5.68015e+00 7.28686e-01 -2.16097e+00 2.42430e+00 5.25650e+00 8.11994e-01 5.82862e+00 1.22864e+00 -2.05169e+00 1.91560e+00 1.91745e+00 1.37403e+00 
4.9 4.925 4.95 3.49315e+00 1.27443e+00 5.44546e+00 7.61224e-01 -4.15978e+00 2.27518e+00 5.06462e+00 8.49338e-01 4.35993e+00 1.14624e+00 -1.43555e+00 2.00400e+00 7.90608e-01 1.02584e+00 
4.95 4.975 5.0 3.26263e+00 1.22727e+00 5.28763e+00 7.29668e-01 -4.45192e+00 2.17877e+00 4.90194e+00 8.15554e-01 4.31865e+00 1.09753e+00 -1.48762e+00 1.92774e+00 1.94092e+00 1.38635e+00 
5.0 5.025 5.05 4.23448e+00 1.17976e+00 5.60491e+00 6.99793e-01 -1.94085e+00 2.10141e+00 5.34023e+00 7.83924e-01 5.05894e+00 1.05248e+00 -2.95809e-01 1.76428e+00 3.17554e+00 1.33657e+00 
5.05 5.075 5.1 4.63379e+00 1.19149e+00 5.75414e+00 7.08041e-01 -6.73409e-01 2.10240e+00 5.53864e+00 7.92238e-01 5.37809e+00 1.06419e+00 1.32694e+00 1.87142e+00 3.67381e+00 1.34817e+00 
5.1 5.125 5.15 1.85087e+00 1.19142e+00 3.85649e+00 7.07772e-01 -5.25340e+00 2.11028e+00 3.51254e+00 7.92470e-01 2.75950e+00 1.06362e+00 -2.61412e+00 1.86936e+00 6.57279e-01 1.34447e+00 
5.15 5.175 5.2 1.77236e+00 8.51277e-01 3.71368e+00 5.12455e-01 -5.41773e+00 1.76269e+00 3.24355e+00 6.64936e-01 2.43308e+00 8.66722e-01 -2.97574e+00 1.51726e+00 -4.21310e-02 1.14206e+00 
5.2 5.225 5.25 2.32416e+00 9.05432e-01 3.85831e+00 5.42152e-01 -2.94651e+00 1.78819e+00 3.61406e+00 6.31386e-01 3.09645e+00 8.08349e-01 -8.38344e-01 1.58561e+00 1.69707e+00 1.14165e+00 
5.25 5.275 5.3 3.37739e+00 9.60543e-01 4.32007e+00 5.72445e-01 -1.17860e+00 1.70501e+00 4.13898e+00 6.41397e-01 3.98210e+00 8.56666e-01 7.14432e-01 1.50268e+00 2.58615e+00 1.08900e+00 
5.3 5.325 5.35 6.98793e-01 8.70166e-01 2.55821e+00 5.20099e-01 -6.20318e+00 1.61817e+00 2.23463e+00 5.83844e-01 1.49723e+00 7.74458e-01 -3.17924e+00 1.35506e+00 -6.71751e-01 9.60682e-01 
5.35 5.375 5.4 8.79998e-01 6.98104e-01 2.61123e+00 4.25422e-01 -3.20925e+00 1.75469e+00 2.18590e+00 5.30246e-01 2.31286e+00 8.47404e-01 -1.63876e+00 1.48505e+00 9.01177e-01 1.11351e+00 
5.4 5.425 5.45 1.85902e+00 9.18165e-01 2.92898e+00 5.43394e-01 -2.75172e+00 1.63157e+00 2.80638e+00 6.14021e-01 2.32128e+00 8.11713e-01 -8.78558e-01 1.43349e+00 1.01637e+00 1.04423e+00 
5.45 5.475 5.5 7.83769e-01 8.80685e-01 2.17619e+00 5.06527e-01 -4.10240e+00 1.56505e+00 1.77388e+00 5.86177e-01 1.25733e+00 7.54808e-01 -2.63222e+00 1.35318e+00 -9.34982e-02 1.00276e+00 
5.5 5.525 5.55 1.41132e+00 8.69843e-01 1.81099e+00 4.35354e-01 -2.79613e+00 1.54995e+00 2.45655e+00 5.89995e-01 1.96176e+00 7.72347e-01 -1.16106e+00 1.35220e+00 -1.06132e+00 8.21491e-01 
5.55 5.575 5.6 9.14464e-01 8.39606e-01 2.15700e+00 5.00979e-01 -3.52463e+00 1.45766e+00 1.93253e+00 5.63790e-01 1.49454e+00 7.45405e-01 -2.07369e+00 1.31611e+00 -4.33711e-02 9.41568e-01 
5.6 5.625 5.65 1.14357e+00 7.91501e-01 2.16056e+00 4.73424e-01 -2.24251e+00 1.41485e+00 1.53008e+00 4.54404e-01 1.63165e+00 7.02056e-01 -8.46985e-01 1.23834e+00 5.09128e-01 9.03599e-01 
5.65 5.675 5.7 9.14672e-01 8.13673e-01 1.84041e+00 4.80502e-01 -2.20935e+00 1.46656e+00 1.75438e+00 5.46920e-01 1.29541e+00 6.70195e-01 -1.72672e+00 1.09202e+00 7.23779e-01 9.28489e-01 
5.7 5.725 5.75 -6.75259e-01 7.09304e-01 1.17054e+00 3.76126e-01 -5.47104e+00 1.25153e+00 8.91587e-01 4.21382e-01 9.62188e-03 6.30096e-01 -3.66743e+00 1.09644e+00 -1.56858e+00 8.08549e-01 
5.75 5.775 5.8 1.04064e-01 7.11093e-01 1.23791e+00 4.24892e-01 -3.46832e+00 1.23124e+00 1.02636e+00 4.79160e-01 6.02450e-01 6.29867e-01 -1.33162e+00 8.99995e-01 -5.47161e-01 8.13197e-01 
5.8 5.825 5.85 1.67198e-01 6.32458e-01 1.02285e+00 4.10917e-01 -3.20382e+00 1.10456e+00 8.01246e-01 4.64449e-01 3.63010e-01 6.05958e-01 -1.90181e+00 9.69380e-01 -4.45774e-01 7.19680e-01 
5.85 5.875 5.9 4.82922e-01 6.59659e-01 1.58579e+00 3.67126e-01 -2.52420e+00 1.16265e+00 1.18474e+00 4.47274e-01 1.25595e+00 5.36913e-01 -1.33682e+00 1.01701e+00 -6.41084e-02 7.52997e-01 
5.9 5.925 5.95 8.10748e-02 6.18809e-01 9.64724e-01 3.69688e-01 -2.38822e+00 1.08367e+00 7.94835e-01 4.17466e-01 4.80171e-01 5.47461e-01 -1.76059e+00 9.55462e-01 -4.20517e-01 7.21786e-01 
5.95 5.975 6.0 1.86461e-01 6.14607e-01 1.04131e+00 3.73353e-01 -2.65804e+00 1.07367e+00 8.76143e-01 4.19879e-01 5.82423e-01 5.46044e-01 -1.53424e+00 9.39995e-01 -3.40228e-01 7.01046e-01 
6.0 6.025 6.05 3.04423e-01 5.55331e-01 1.05564e+00 3.43275e-01 -2.14944e+00 9.35864e-01 8.93820e-01 3.79985e-01 6.52192e-01 4.92477e-01 -1.19486e+00 8.48302e-01 -1.28526e-01 6.13471e-01 
6.05 6.075 6.1 -6.11295e-01 5.50274e-01 4.19105e-01 3.17431e-01 -3.46501e+00 9.72154e-01 1.77036e-01 3.73656e-01 -1.49634e-01 4.89671e-01 -2.38410e+00 8.45351e-01 -1.16208e+00 6.30435e-01 
6.1 6.125 6.15 2.64417e-01 5.19660e-01 8.03167e-01 3.12654e-01 -1.80053e+00 8.92816e-01 7.52513e-01 3.55625e-01 5.11362e-01 4.58809e-01 -1.04071e+00 7.76917e-01 -1.06947e-01 5.81076e-01 
6.15 6.175 6.2 -3.79994e-01 4.97081e-01 4.37558e-01 3.04532e-01 -2.81206e+00 8.54697e-01 2.74215e-01 3.42735e-01 -2.87482e-02 4.41243e-01 -1.89356e+00 7.44044e-01 -7.88920e-01 5.66930e-01 
6.2 6.225 6.25 5.02356e-01 4.48520e-01 8.58192e-01 2.74349e-01 -9.80267e-01 8.17115e-01 7.93182e-01 3.09216e-01 6.35123e-01 4.11916e-01 -4.25163e-01 7.07802e-01 2.50572e-01 5.31020e-01 
6.25 6.275 6.3 -7.87648e-01 4.18192e-01 8.52096e-03 2.52500e-01 -2.98919e+00 7.35622e-01 -1.50687e-01 2.86151e-01 -4.71589e-01 3.68586e-01 -2.17693e+00 6.37109e-01 -1.20610e+00 4.81829e-01 
6.3 6.325 6.35 -3.50223e-01 4.09625e-01 2.69760e-01 2.43117e-01 -1.92017e+00 7.42502e-01 1.20911e-01 2.80278e-01 -1.81022e-01 3.62021e-01 -1.31017e+00 6.40768e-01 -5.84138e-01 4.84392e-01 
6.35 6.375 6.4 -4.99345e-01 3.54672e-01 4.16251e-02 2.12362e-01 -2.00221e+00 5.93391e-01 -9.42381e-02 2.40282e-01 -5.96632e-01 2.86940e-01 -1.66696e+00 5.25383e-01 -7.56967e-01 3.89151e-01 
6.4 6.425 6.45 -1.04007e+00 3.38240e-01 -2.33959e-01 2.06500e-01 -3.09244e+00 5.90784e-01 -3.95398e-01 2.33841e-01 -7.38171e-01 2.98845e-01 -2.34028e+00 5.11902e-01 -1.48303e+00 3.87232e-01 
6.45 6.475 6.5 -7.56999e-01 3.13758e-01 -9.38836e-02 1.90866e-01 -2.41531e+00 5.48182e-01 -2.26893e-01 2.17436e-01 -4.63271e-01 2.77916e-01 -1.79139e+00 4.75207e-01 -1.08512e+00 3.61296e-01 
6.5 6.525 6.55 -1.06019e+00 2.73000e-01 -2.84877e-01 1.64899e-01 -2.67770e+00 5.03156e-01 -4.66797e-01 1.89343e-01 -6.95653e-01 2.39376e-01 -2.15239e+00 4.14731e-01 -1.39126e+00 3.26656e-01 
6.55 6.575 6.6 -9.18033e-01 2.75068e-01 -2.98465e-01 1.63113e-01 -2.48505e+00 4.73908e-01 -3.46151e-01 1.89977e-01 -5.82842e-01 2.37550e-01 -1.85209e+00 4.17438e-01 -1.26146e+00 3.21037e-01 
6.6 6.625 6.65 -3.71074e-01 2.44224e-01 -6.51198e-02 1.47280e-01 -1.37488e+00 4.25737e-01 -7.72907e-02 1.69062e-01 -2.27013e-01 2.14909e-01 -9.92599e-01 3.68209e-01 -5.65210e-01 2.81940e-01 
6.65 6.675 6.7 -9.28199e-01 2.23607e-01 -3.96785e-01 1.40544e-01 -2.58061e+00 4.12126e-01 -6.37997e-01 1.55099e-01 -8.52523e-01 2.02127e-01 -1.83386e+00 3.37933e-01 -1.38247e+00 2.70202e-01 
6.7 6.725 6.75 -7.55984e-01 2.34273e-01 -2.36849e-01 1.35942e-01 -1.58151e+00 3.84263e-01 -3.96272e-01 1.57994e-01 -5.62106e-01 2.01574e-01 -1.48930e+00 3.60177e-01 -1.00031e+00 2.68133e-01 
6.75 6.775 6.8 -8.29706e-01 1.72957e-01 -2.88000e-01 1.09467e-01 -1.92370e+00 3.18861e-01 -5.04680e-01 1.19889e-01 -6.60177e-01 1.50971e-01 -1.47903e+00 2.66508e-01 -1.16895e+00 2.05194e-01 
6.8 6.825 6.85 -9.14594e-01 1.56990e-01 -4.56355e-01 8.93067e-02 -2.08047e+00 2.87489e-01 -5.59493e-01 1.03723e-01 -7.73674e-01 1.33115e-01 -1.57436e+00 2.44186e-01 -1.21961e+00 1.83449e-01 
6.85 6.875 6.9 -7.06551e-01 1.38208e-01 -3.27461e-01 8.99556e-02 -1.58420e+00 2.49424e-01 -3.84553e-01 9.62582e-02 -5.75478e-01 1.21062e-01 -1.23996e+00 2.10416e-01 -9.44659e-01 1.60452e-01 
6.9 6.925 6.95 -5.58066e-01 1.12974e-01 -2.39255e-01 6.68114e-02 -1.29045e+00 2.13516e-01 -3.03788e-01 7.82880e-02 -3.81793e-01 1.01207e-01 -9.59460e-01 1.75659e-01 -7.59398e-01 1.33534e-01 
6.95 6.975 7.0 -6.71666e-01 1.03527e-01 -3.44194e-01 5.79272e-02 -1.42463e+00 1.79585e-01 -4.26760e-01 6.45720e-02 -5.54092e-01 8.89456e-02 -1.14138e+00 1.61715e-01 -8.73339e-01 1.23269e-01 
7.0 7.025 7.05 -7.24150e-01 9.34836e-02 -3.50804e-01 5.39397e-02 -1.45380e+00 1.74705e-01 -4.36579e-01 6.34072e-02 -5.83679e-01 8.04761e-02 -1.15958e+00 1.48058e-01 -8.90802e-01 1.10886e-01 
7.05 7.075 7.1 -5.12736e-01 7.54516e-02 -2.66837e-01 4.25204e-02 -1.00442e+00 1.40730e-01 -3.00049e-01 5.18292e-02 -4.32344e-01 6.34740e-02 -8.66344e-01 1.17396e-01 -6.08887e-01 9.37743e-02 
7.1 7.125 7.15 -5.97582e-01 6.89796e-02 -3.17594e-01 3.78755e-02 -1.22113e+00 1.31496e-01 -3.78330e-01 4.56664e-02 -4.99941e-01 5.72935e-02 -9.68002e-01 1.07715e-01 -7.43062e-01 8.33504e-02 
7.15 7.175 7.2 -4.57332e-01 5.69144e-02 -2.33729e-01 3.16297e-02 -9.41903e-01 1.08803e-01 -2.87332e-01 3.77743e-02 -3.72240e-01 4.76146e-02 -7.57406e-01 8.95414e-02 -5.69141e-01 6.91082e-02 
7.2 7.225 7.25 -4.81329e-01 5.05234e-02 -2.55649e-01 2.72539e-02 -9.41761e-01 9.31114e-02 -2.95179e-01 3.00880e-02 -3.93496e-01 4.16792e-02 -7.48310e-01 7.69170e-02 -5.88328e-01 5.84104e-02 
7.25 7.275 7.3 -3.15958e-01 3.07858e-02 -1.72210e-01 1.71104e-02 -6.37750e-01 6.18882e-02 -2.05919e-01 2.01852e-02 -2.64640e-01 2.60906e-02 -4.97981e-01 4.93056e-02 -3.84422e-01 3.75164e-02 
7.3 7.325 7.35 -3.70629e-01 3.71812e-02 -2.02121e-01 2.02051e-02 -7.89932e-01 7.18064e-02 -2.42228e-01 2.43455e-02 -3.08698e-01 3.11826e-02 -5.91449e-01 5.91811e-02 -4.94877e-01 4.50543e-02 
7.35 7.375 7.4 -3.22830e-01 3.36170e-02 -1.86479e-01 1.88254e-02 -6.40894e-01 6.63722e-02 -2.11643e-01 2.14485e-02 -2.85408e-01 2.87702e-02 -5.15257e-01 5.35330e-02 -4.01711e-01 4.16850e-02 
7.4 7.425 7.45 -1.95026e-01 2.55138e-02 -1.05928e-01 1.38377e-02 -3.76501e-01 5.18337e-02 -1.27447e-01 1.67010e-02 -1.62095e-01 2.11392e-02 -3.11107e-01 4.06191e-02 -2.33146e-01 3.08585e-02 
7.45 7.475 7.5 -1.80918e-01 1.82245e-02 -9.37149e-02 9.58694e-03 -3.31665e-01 3.42338e-02 -1.18167e-01 1.19015e-02 -1.40640e-01 1.43893e-02 -2.83489e-01 2.83389e-02 -2.07887e-01 2.14587e-02 
7.5 7.525 7.55 -1.37204e-01 1.50423e-02 -7.15590e-02 7.83573e-03 -2.73157e-01 2.99491e-02 -8.56522e-02 9.37041e-03 -1.09659e-01 1.20095e-02 -2.13942e-01 2.34281e-02 -1.70910e-01 1.87258e-02 
7.55 7.575 7.6 -7.50053e-02 7.63601e-03 -4.38485e-02 4.44603e-03 -1.51853e-01 1.53432e-02 -4.90519e-02 4.99201e-03 -6.70820e-02 6.80562e-03 -1.17004e-01 1.18965e-02 -9.14374e-02 9.24323e-03 
7.6 7.625 7.65 -5.97800e-02 7.69609e-03 -3.27831e-02 4.20484e-03 -1.19249e-01 1.53355e-02 -3.92248e-02 4.76682e-03 -5.01558e-02 6.43218e-03 -9.53008e-02 1.22656e-02 -7.68929e-02 9.83264e-03 
7.65 7.675 7.7 -5.50027e-02 6.79462e-03 -2.89032e-02 3.73656e-03 -1.10713e-01 1.34742e-02 -3.59668e-02 4.43927e-03 -4.52312e-02 5.80265e-03 -8.76662e-02 1.08412e-02 -6.94411e-02 8.44285e-03 
7.7 7.725 7.75 -1.97752e-02 2.39023e-03 -1.03622e-02 1.25907e-03 -4.28815e-02 5.14301e-03 -1.29134e-02 1.56363e-03 -1.58678e-02 1.92458e-03 -3.15711e-02 3.80842e-03 -2.68472e-02 3.22376e-03 
7.75 7.775 7.8 -1.19840e-02 1.35697e-03 -5.94498e-03 6.76119e-04 -2.45547e-02 2.77283e-03 -7.82563e-03 8.84962e-04 -9.10730e-03 1.03760e-03 -1.91328e-02 2.16999e-03 -1.53806e-02 1.73399e-03 
7.8 7.825 7.85 -6.50668e-03 7.55040e-04 -3.34348e-03 3.87019e-04 -1.30711e-02 1.51198e-03 -4.25445e-03 4.93160e-04 -5.11367e-03 5.92615e-04 -1.03715e-02 1.20514e-03 -8.44364e-03 9.79224e-04 
7.85 7.875 7.9 -2.66823e-03 3.15843e-04 -1.36310e-03 1.62458e-04 -5.58379e-03 6.99242e-04 -1.74669e-03 2.06854e-04 -2.08236e-03 2.48062e-04 -4.24715e-03 5.02529e-04 -3.51027e-03 4.40162e-04 
7.9 7.925 7.95 -6.84383e-04 9.03499e-05 -3.18160e-04 4.33285e-05 -1.45354e-03 1.89318e-04 -4.47709e-04 5.93203e-05 -4.72898e-04 6.45174e-05 -1.03354e-03 1.37350e-04 -9.12416e-04 1.19304e-04 
7.95 7.975 8.0 -1.19136e-04 2.39026e-05 -5.33246e-05 9.46001e-06 -1.94817e-04 3.52950e-05 -7.79902e-05 1.56974e-05 -8.86801e-05 1.81110e-05 -1.89620e-04 3.79036e-05 -1.23609e-04 2.25365e-05 
8.0 8.025 8.05 -2.54902e-05 3.46165e-06 -1.13751e-05 1.57205e-06 -5.78914e-05 8.22141e-06 -1.67350e-05 2.27114e-06 -1.75391e-05 2.39283e-06 -4.16752e-05 5.63908e-06 -3.64876e-05 5.18562e-06 
8.05 8.075 8.1 -1.69028e-06 2.72639e-07 -6.39081e-07 1.03626e-07 -3.85001e-06 6.20209e-07 -1.11180e-06 1.79000e-07 -9.70397e-07 1.57585e-07 -2.67502e-06 4.32461e-07 -2.43288e-06 3.91053e-07 
8.1 8.125 8.15 -8.15524e-08 1.47361e-08 -3.05188e-08 5.78765e-09 -1.99356e-07 3.55022e-08 -5.36508e-08 9.69998e-09 -4.91988e-08 9.23461e-09 -1.29041e-07 2.33034e-08 -1.26053e-07 2.24667e-08 
8.15 8.175 8.2 -5.34044e-11 1.59838e-11 -2.26223e-11 6.75656e-12 -1.37587e-10 4.13066e-11 -3.52014e-11 1.05286e-11 -3.43194e-11 1.02562e-11 -8.43003e-11 2.52521e-11 -8.71591e-11 2.61430e-11 
8.2 8.225 8.25 0.00000e+00 0.00000e+00 0.00000e+00 0.00000e+00 0.00000e+00 0.00000e+00 0.00000e+00 0.00000e+00 0.00000e+00 0.00000e+00 0.00000e+00 0.00000e+00 0.00000e+00 0.00000e+00 
8.25 8.275 8.3 0.00000e+00 0.00000e+00 0.00000e+00 0.00000e+00 0.00000e+00 0.00000e+00 0.00000e+00 0.00000e+00 0.00000e+00 0.00000e+00 0.00000e+00 0.00000e+00 0.00000e+00 0.00000e+00 
8.3 8.325 8.35 0.00000e+00 0.00000e+00 0.00000e+00 0.00000e+00 0.00000e+00 0.00000e+00 0.00000e+00 0.00000e+00 0.00000e+00 0.00000e+00 0.00000e+00 0.00000e+00 0.00000e+00 0.00000e+00 
8.35 8.375 8.4 0.00000e+00 0.00000e+00 0.00000e+00 0.00000e+00 0.00000e+00 0.00000e+00 0.00000e+00 0.00000e+00 0.00000e+00 0.00000e+00 0.00000e+00 0.00000e+00 0.00000e+00 0.00000e+00 
8.4 8.425 8.45 0.00000e+00 0.00000e+00 0.00000e+00 0.00000e+00 0.00000e+00 0.00000e+00 0.00000e+00 0.00000e+00 0.00000e+00 0.00000e+00 0.00000e+00 0.00000e+00 0.00000e+00 0.00000e+00 
8.45 8.475 8.5 0.00000e+00 0.00000e+00 0.00000e+00 0.00000e+00 0.00000e+00 0.00000e+00 0.00000e+00 0.00000e+00 0.00000e+00 0.00000e+00 0.00000e+00 0.00000e+00 0.00000e+00 0.00000e+00 
8.5 8.525 8.55 0.00000e+00 0.00000e+00 0.00000e+00 0.00000e+00 0.00000e+00 0.00000e+00 0.00000e+00 0.00000e+00 0.00000e+00 0.00000e+00 0.00000e+00 0.00000e+00 0.00000e+00 0.00000e+00 
8.55 8.575 8.6 0.00000e+00 0.00000e+00 0.00000e+00 0.00000e+00 0.00000e+00 0.00000e+00 0.00000e+00 0.00000e+00 0.00000e+00 0.00000e+00 0.00000e+00 0.00000e+00 0.00000e+00 0.00000e+00 
8.6 8.625 8.65 0.00000e+00 0.00000e+00 0.00000e+00 0.00000e+00 0.00000e+00 0.00000e+00 0.00000e+00 0.00000e+00 0.00000e+00 0.00000e+00 0.00000e+00 0.00000e+00 0.00000e+00 0.00000e+00 
8.65 8.675 8.7 0.00000e+00 0.00000e+00 0.00000e+00 0.00000e+00 0.00000e+00 0.00000e+00 0.00000e+00 0.00000e+00 0.00000e+00 0.00000e+00 0.00000e+00 0.00000e+00 0.00000e+00 0.00000e+00 
8.7 8.725 8.75 0.00000e+00 0.00000e+00 0.00000e+00 0.00000e+00 0.00000e+00 0.00000e+00 0.00000e+00 0.00000e+00 0.00000e+00 0.00000e+00 0.00000e+00 0.00000e+00 0.00000e+00 0.00000e+00 
8.75 8.775 8.8 0.00000e+00 0.00000e+00 0.00000e+00 0.00000e+00 0.00000e+00 0.00000e+00 0.00000e+00 0.00000e+00 0.00000e+00 0.00000e+00 0.00000e+00 0.00000e+00 0.00000e+00 0.00000e+00 
8.8 8.825 8.85 0.00000e+00 0.00000e+00 0.00000e+00 0.00000e+00 0.00000e+00 0.00000e+00 0.00000e+00 0.00000e+00 0.00000e+00 0.00000e+00 0.00000e+00 0.00000e+00 0.00000e+00 0.00000e+00 
8.85 8.875 8.9 0.00000e+00 0.00000e+00 0.00000e+00 0.00000e+00 0.00000e+00 0.00000e+00 0.00000e+00 0.00000e+00 0.00000e+00 0.00000e+00 0.00000e+00 0.00000e+00 0.00000e+00 0.00000e+00 
8.9 8.925 8.95 0.00000e+00 0.00000e+00 0.00000e+00 0.00000e+00 0.00000e+00 0.00000e+00 0.00000e+00 0.00000e+00 0.00000e+00 0.00000e+00 0.00000e+00 0.00000e+00 0.00000e+00 0.00000e+00 
8.95 8.975 9.0 0.00000e+00 0.00000e+00 0.00000e+00 0.00000e+00 0.00000e+00 0.00000e+00 0.00000e+00 0.00000e+00 0.00000e+00 0.00000e+00 0.00000e+00 0.00000e+00 0.00000e+00 0.00000e+00 
9.0 9.025 9.05 0.00000e+00 0.00000e+00 0.00000e+00 0.00000e+00 0.00000e+00 0.00000e+00 0.00000e+00 0.00000e+00 0.00000e+00 0.00000e+00 0.00000e+00 0.00000e+00 0.00000e+00 0.00000e+00 
9.05 9.075 9.1 0.00000e+00 0.00000e+00 0.00000e+00 0.00000e+00 0.00000e+00 0.00000e+00 0.00000e+00 0.00000e+00 0.00000e+00 0.00000e+00 0.00000e+00 0.00000e+00 0.00000e+00 0.00000e+00 
9.1 9.125 9.15 0.00000e+00 0.00000e+00 0.00000e+00 0.00000e+00 0.00000e+00 0.00000e+00 0.00000e+00 0.00000e+00 0.00000e+00 0.00000e+00 0.00000e+00 0.00000e+00 0.00000e+00 0.00000e+00 
9.15 9.175 9.2 0.00000e+00 0.00000e+00 0.00000e+00 0.00000e+00 0.00000e+00 0.00000e+00 0.00000e+00 0.00000e+00 0.00000e+00 0.00000e+00 0.00000e+00 0.00000e+00 0.00000e+00 0.00000e+00 
9.2 9.225 9.25 0.00000e+00 0.00000e+00 0.00000e+00 0.00000e+00 0.00000e+00 0.00000e+00 0.00000e+00 0.00000e+00 0.00000e+00 0.00000e+00 0.00000e+00 0.00000e+00 0.00000e+00 0.00000e+00 
9.25 9.275 9.3 0.00000e+00 0.00000e+00 0.00000e+00 0.00000e+00 0.00000e+00 0.00000e+00 0.00000e+00 0.00000e+00 0.00000e+00 0.00000e+00 0.00000e+00 0.00000e+00 0.00000e+00 0.00000e+00 
9.3 9.325 9.35 0.00000e+00 0.00000e+00 0.00000e+00 0.00000e+00 0.00000e+00 0.00000e+00 0.00000e+00 0.00000e+00 0.00000e+00 0.00000e+00 0.00000e+00 0.00000e+00 0.00000e+00 0.00000e+00 
9.35 9.375 9.4 0.00000e+00 0.00000e+00 0.00000e+00 0.00000e+00 0.00000e+00 0.00000e+00 0.00000e+00 0.00000e+00 0.00000e+00 0.00000e+00 0.00000e+00 0.00000e+00 0.00000e+00 0.00000e+00 
9.4 9.425 9.45 0.00000e+00 0.00000e+00 0.00000e+00 0.00000e+00 0.00000e+00 0.00000e+00 0.00000e+00 0.00000e+00 0.00000e+00 0.00000e+00 0.00000e+00 0.00000e+00 0.00000e+00 0.00000e+00 
9.45 9.475 9.5 0.00000e+00 0.00000e+00 0.00000e+00 0.00000e+00 0.00000e+00 0.00000e+00 0.00000e+00 0.00000e+00 0.00000e+00 0.00000e+00 0.00000e+00 0.00000e+00 0.00000e+00 0.00000e+00 
9.5 9.525 9.55 0.00000e+00 0.00000e+00 0.00000e+00 0.00000e+00 0.00000e+00 0.00000e+00 0.00000e+00 0.00000e+00 0.00000e+00 0.00000e+00 0.00000e+00 0.00000e+00 0.00000e+00 0.00000e+00 
9.55 9.575 9.6 0.00000e+00 0.00000e+00 0.00000e+00 0.00000e+00 0.00000e+00 0.00000e+00 0.00000e+00 0.00000e+00 0.00000e+00 0.00000e+00 0.00000e+00 0.00000e+00 0.00000e+00 0.00000e+00 
9.6 9.625 9.65 0.00000e+00 0.00000e+00 0.00000e+00 0.00000e+00 0.00000e+00 0.00000e+00 0.00000e+00 0.00000e+00 0.00000e+00 0.00000e+00 0.00000e+00 0.00000e+00 0.00000e+00 0.00000e+00 
9.65 9.675 9.7 0.00000e+00 0.00000e+00 0.00000e+00 0.00000e+00 0.00000e+00 0.00000e+00 0.00000e+00 0.00000e+00 0.00000e+00 0.00000e+00 0.00000e+00 0.00000e+00 0.00000e+00 0.00000e+00 
9.7 9.725 9.75 0.00000e+00 0.00000e+00 0.00000e+00 0.00000e+00 0.00000e+00 0.00000e+00 0.00000e+00 0.00000e+00 0.00000e+00 0.00000e+00 0.00000e+00 0.00000e+00 0.00000e+00 0.00000e+00 
9.75 9.775 9.8 0.00000e+00 0.00000e+00 0.00000e+00 0.00000e+00 0.00000e+00 0.00000e+00 0.00000e+00 0.00000e+00 0.00000e+00 0.00000e+00 0.00000e+00 0.00000e+00 0.00000e+00 0.00000e+00 
9.8 9.825 9.85 0.00000e+00 0.00000e+00 0.00000e+00 0.00000e+00 0.00000e+00 0.00000e+00 0.00000e+00 0.00000e+00 0.00000e+00 0.00000e+00 0.00000e+00 0.00000e+00 0.00000e+00 0.00000e+00 
9.85 9.875 9.9 0.00000e+00 0.00000e+00 0.00000e+00 0.00000e+00 0.00000e+00 0.00000e+00 0.00000e+00 0.00000e+00 0.00000e+00 0.00000e+00 0.00000e+00 0.00000e+00 0.00000e+00 0.00000e+00 
9.9 9.925 9.95 0.00000e+00 0.00000e+00 0.00000e+00 0.00000e+00 0.00000e+00 0.00000e+00 0.00000e+00 0.00000e+00 0.00000e+00 0.00000e+00 0.00000e+00 0.00000e+00 0.00000e+00 0.00000e+00 
9.95 9.975 10.0 0.00000e+00 0.00000e+00 0.00000e+00 0.00000e+00 0.00000e+00 0.00000e+00 0.00000e+00 0.00000e+00 0.00000e+00 0.00000e+00 0.00000e+00 0.00000e+00 0.00000e+00 0.00000e+00 
