0.0 0.025 0.05 1.20286e+01 1.93235e-01 1.01100e+01 1.23062e-01 1.25382e+01 3.13278e-01 1.06085e+01 1.39974e-01 1.17634e+01 1.75524e-01 1.28764e+01 2.79255e-01 1.22855e+01 2.15405e-01 
0.05 0.075 0.1 1.22555e+01 2.43874e-01 1.03153e+01 1.55941e-01 1.28708e+01 4.05446e-01 1.07762e+01 1.72609e-01 1.19767e+01 2.19645e-01 1.31907e+01 3.59519e-01 1.25269e+01 2.73891e-01 
0.1 0.125 0.15 1.17881e+01 2.50537e-01 1.00480e+01 1.59834e-01 1.20249e+01 4.17501e-01 1.04733e+01 1.77115e-01 1.15634e+01 2.25384e-01 1.24453e+01 3.69751e-01 1.19983e+01 2.81741e-01 
0.15 0.175 0.2 1.23507e+01 2.72134e-01 1.04177e+01 1.72624e-01 1.29118e+01 4.55112e-01 1.08853e+01 1.91405e-01 1.20689e+01 2.44742e-01 1.32362e+01 4.03363e-01 1.26272e+01 3.05950e-01 
0.2 0.225 0.25 1.27877e+01 2.36768e-01 1.07922e+01 1.53006e-01 1.33481e+01 3.90664e-01 1.12816e+01 1.68854e-01 1.24911e+01 2.13814e-01 1.36806e+01 3.46933e-01 1.30797e+01 2.65301e-01 
0.25 0.275 0.3 1.32920e+01 2.44751e-01 1.12218e+01 1.58340e-01 1.38484e+01 4.03314e-01 1.17176e+01 1.74568e-01 1.30000e+01 2.21229e-01 1.42197e+01 3.58479e-01 1.35271e+01 2.64073e-01 
0.3 0.325 0.35 1.37040e+01 2.66424e-01 1.16407e+01 1.70234e-01 1.40896e+01 4.43727e-01 1.21438e+01 1.88569e-01 1.34255e+01 2.39731e-01 1.45368e+01 3.92914e-01 1.39672e+01 2.99596e-01 
0.35 0.375 0.4 1.56454e+01 2.81923e-01 1.31937e+01 1.80151e-01 1.63592e+01 4.69497e-01 1.37924e+01 1.99518e-01 1.52801e+01 2.53722e-01 1.67544e+01 4.15883e-01 1.60081e+01 3.16914e-01 
0.4 0.425 0.45 1.79069e+01 2.73863e-01 1.50469e+01 1.77499e-01 1.88682e+01 4.51304e-01 1.57306e+01 1.95636e-01 1.74828e+01 2.47540e-01 1.92959e+01 4.00832e-01 1.83286e+01 3.06674e-01 
0.45 0.475 0.5 1.65411e+01 2.62995e-01 1.39862e+01 1.79357e-01 1.74435e+01 4.35329e-01 1.45279e+01 1.87071e-01 1.62793e+01 2.52676e-01 1.78334e+01 3.86218e-01 1.69798e+01 3.32802e-01 
0.5 0.525 0.55 1.51174e+01 2.71015e-01 1.27055e+01 1.80200e-01 1.56790e+01 4.52264e-01 1.33502e+01 1.91285e-01 1.46707e+01 2.55436e-01 1.61364e+01 4.00565e-01 1.54213e+01 3.04783e-01 
0.55 0.575 0.6 1.44640e+01 2.79797e-01 1.21640e+01 1.77119e-01 1.52144e+01 4.69094e-01 1.27185e+01 1.96743e-01 1.41201e+01 2.51170e-01 1.55631e+01 4.14842e-01 1.48049e+01 3.15262e-01 
0.6 0.625 0.65 1.35751e+01 2.72846e-01 1.14624e+01 1.72208e-01 1.41665e+01 4.58837e-01 1.19764e+01 1.91580e-01 1.32661e+01 2.44534e-01 1.45253e+01 4.05046e-01 1.38790e+01 3.07998e-01 
0.65 0.675 0.7 1.34839e+01 2.74395e-01 1.12658e+01 1.72829e-01 1.44035e+01 4.62237e-01 1.17904e+01 1.92469e-01 1.31397e+01 2.45681e-01 1.46568e+01 4.07638e-01 1.38210e+01 2.89150e-01 
0.7 0.725 0.75 1.20831e+01 2.39774e-01 1.02944e+01 1.52483e-01 1.23391e+01 4.00401e-01 1.07355e+01 1.69106e-01 1.18455e+01 2.15554e-01 1.27548e+01 3.54512e-01 1.23062e+01 2.69776e-01 
0.75 0.775 0.8 1.16763e+01 2.49509e-01 9.91706e+00 1.57811e-01 1.20175e+01 4.18219e-01 1.03542e+01 1.75220e-01 1.14307e+01 2.24112e-01 1.23765e+01 3.70277e-01 1.19160e+01 2.80861e-01 
0.8 0.825 0.85 1.14464e+01 2.56433e-01 9.67640e+00 1.61299e-01 1.19067e+01 4.31777e-01 1.01085e+01 1.79595e-01 1.11675e+01 2.24111e-01 1.21768e+01 3.71149e-01 1.16977e+01 2.89522e-01 
0.85 0.875 0.9 1.05468e+01 2.38002e-01 9.00311e+00 1.50206e-01 1.07199e+01 3.99772e-01 9.38697e+00 1.67141e-01 1.03436e+01 2.13302e-01 1.10995e+01 3.53088e-01 1.07333e+01 2.68578e-01 
0.9 0.925 0.95 1.05003e+01 2.45653e-01 8.94656e+00 1.54618e-01 1.07216e+01 4.13195e-01 9.32715e+00 1.71997e-01 1.02974e+01 2.20277e-01 1.10916e+01 3.65364e-01 1.06877e+01 2.76972e-01 
0.95 0.975 1.0 1.04749e+01 2.53831e-01 8.84635e+00 1.59250e-01 1.09211e+01 4.28266e-01 9.24190e+00 1.77423e-01 1.02393e+01 2.27257e-01 1.12055e+01 3.78027e-01 1.07056e+01 2.86709e-01 
1.0 1.025 1.05 9.83287e+00 2.43093e-01 8.36619e+00 1.52610e-01 1.00753e+01 4.09852e-01 8.73013e+00 1.70126e-01 9.63100e+00 2.17524e-01 1.03955e+01 3.61610e-01 1.00251e+01 2.74727e-01 
1.05 1.075 1.1 9.47326e+00 2.36427e-01 8.06545e+00 1.53409e-01 9.58008e+00 3.97529e-01 8.44111e+00 1.65668e-01 9.24822e+00 2.18799e-01 9.94897e+00 3.51331e-01 9.62457e+00 2.66677e-01 
1.1 1.125 1.15 9.46109e+00 2.20826e-01 8.03540e+00 1.39883e-01 9.36653e+00 4.49764e-01 8.39181e+00 1.55409e-01 9.25659e+00 1.98208e-01 1.00192e+01 3.26953e-01 9.42187e+00 3.00394e-01 
1.15 1.175 1.2 9.47912e+00 2.58579e-01 7.96775e+00 1.60951e-01 1.00298e+01 4.50475e-01 8.33488e+00 1.79894e-01 9.24802e+00 2.30878e-01 1.02033e+01 3.86469e-01 9.73837e+00 3.00549e-01 
1.2 1.225 1.25 8.18613e+00 2.63506e-01 7.08997e+00 1.63528e-01 8.03202e+00 4.48056e-01 7.37346e+00 1.83049e-01 8.06442e+00 2.34946e-01 8.42119e+00 3.94257e-01 8.28663e+00 2.98826e-01 
1.25 1.275 1.3 8.72925e+00 2.56875e-01 7.31782e+00 1.56551e-01 8.81076e+00 4.15339e-01 7.62857e+00 1.74959e-01 8.43480e+00 2.24330e-01 9.10821e+00 3.75140e-01 8.75685e+00 2.77710e-01 
1.3 1.325 1.35 8.41693e+00 2.30000e-01 7.16694e+00 1.44172e-01 8.61941e+00 3.88225e-01 7.48297e+00 1.60862e-01 8.23923e+00 2.05629e-01 8.88822e+00 3.42290e-01 8.58774e+00 2.60144e-01 
1.35 1.375 1.4 7.93289e+00 2.27843e-01 6.78088e+00 1.42525e-01 8.03126e+00 3.84903e-01 7.07023e+00 1.59017e-01 7.78226e+00 2.03764e-01 8.32794e+00 3.39590e-01 8.06995e+00 2.57571e-01 
1.4 1.425 1.45 7.97392e+00 2.48589e-01 6.83324e+00 1.54885e-01 8.15067e+00 4.19800e-01 7.08671e+00 1.73141e-01 7.87321e+00 2.21942e-01 8.40929e+00 3.69674e-01 8.13294e+00 2.80598e-01 
1.45 1.475 1.5 7.77543e+00 2.43052e-01 6.62797e+00 1.51420e-01 7.91820e+00 4.12075e-01 6.91486e+00 1.69342e-01 7.62118e+00 2.16872e-01 8.19518e+00 3.62744e-01 7.91763e+00 2.75422e-01 
1.5 1.525 1.55 7.64214e+00 2.63493e-01 6.47432e+00 1.62974e-01 7.90077e+00 4.48898e-01 6.76569e+00 1.82579e-01 7.47182e+00 2.34810e-01 8.12375e+00 3.95016e-01 7.68296e+00 2.94998e-01 
1.55 1.575 1.6 7.40918e+00 2.40969e-01 6.22954e+00 1.60470e-01 7.57360e+00 4.09725e-01 6.58345e+00 1.67468e-01 7.14225e+00 2.31318e-01 7.82282e+00 3.60314e-01 7.55249e+00 2.73422e-01 
1.6 1.625 1.65 7.59428e+00 2.56748e-01 6.35924e+00 1.58717e-01 8.05779e+00 4.37563e-01 6.66084e+00 1.77907e-01 7.39756e+00 2.28676e-01 8.21186e+00 3.84840e-01 7.79172e+00 2.91396e-01 
1.65 1.675 1.7 6.71606e+00 2.21849e-01 5.85289e+00 1.59043e-01 6.58879e+00 3.74812e-01 6.05196e+00 1.54993e-01 6.67245e+00 2.28652e-01 6.90182e+00 3.30225e-01 6.88849e+00 2.84410e-01 
1.7 1.725 1.75 6.94206e+00 2.61997e-01 5.87625e+00 1.61894e-01 7.14346e+00 4.43594e-01 6.14718e+00 1.81571e-01 6.77947e+00 2.33242e-01 7.37328e+00 3.92494e-01 7.07471e+00 2.95771e-01 
1.75 1.775 1.8 6.36377e+00 2.48420e-01 5.49271e+00 1.53743e-01 6.32916e+00 4.36655e-01 5.73062e+00 1.77503e-01 6.26375e+00 2.21224e-01 6.58023e+00 3.71779e-01 6.47496e+00 2.91000e-01 
1.8 1.825 1.85 6.38582e+00 2.40154e-01 5.42715e+00 1.48481e-01 6.54350e+00 4.09130e-01 5.66986e+00 1.66542e-01 6.24901e+00 2.13760e-01 6.75232e+00 3.59580e-01 6.51529e+00 2.72760e-01 
1.85 1.875 1.9 6.16352e+00 2.54436e-01 5.37397e+00 1.25730e-01 6.13262e+00 4.33308e-01 5.52882e+00 1.76304e-01 6.15926e+00 1.79071e-01 6.39840e+00 3.81279e-01 6.25668e+00 2.88678e-01 
1.9 1.925 1.95 5.90540e+00 2.24329e-01 5.10922e+00 1.39308e-01 5.79025e+00 3.80987e-01 5.31420e+00 1.56191e-01 5.81931e+00 1.99700e-01 6.08587e+00 3.34676e-01 5.97204e+00 2.54819e-01 
1.95 1.975 2.0 5.96174e+00 2.38510e-01 5.07966e+00 1.47578e-01 6.06471e+00 4.06105e-01 5.30716e+00 1.65615e-01 5.83593e+00 2.12188e-01 6.26909e+00 3.56661e-01 6.08083e+00 2.71076e-01 
2.0 2.025 2.05 5.57243e+00 1.84809e-01 4.78839e+00 1.47156e-01 5.44395e+00 4.14358e-01 5.01020e+00 1.29728e-01 5.45022e+00 2.11737e-01 5.71212e+00 3.63105e-01 5.61502e+00 2.76508e-01 
2.05 2.075 2.1 5.75355e+00 2.39896e-01 4.83917e+00 1.47540e-01 6.03416e+00 4.10439e-01 5.07223e+00 1.66037e-01 5.60387e+00 2.12869e-01 6.16499e+00 3.59628e-01 5.90093e+00 2.73375e-01 
2.1 2.125 2.15 5.49798e+00 2.35265e-01 4.69059e+00 1.45163e-01 5.43479e+00 4.10210e-01 4.86350e+00 1.65647e-01 5.37869e+00 2.09170e-01 5.39843e+00 2.62846e-01 5.54692e+00 2.71968e-01 
2.15 2.175 2.2 5.51031e+00 2.35896e-01 4.63153e+00 1.45234e-01 5.70129e+00 4.01797e-01 4.83916e+00 1.62883e-01 5.33930e+00 2.09344e-01 5.86620e+00 3.53341e-01 5.63060e+00 2.67832e-01 
2.2 2.225 2.25 5.26828e+00 2.18400e-01 4.46790e+00 1.34746e-01 5.41558e+00 3.72808e-01 4.67210e+00 1.51462e-01 5.15022e+00 1.93993e-01 5.58187e+00 3.26890e-01 5.38034e+00 2.48656e-01 
2.25 2.275 2.3 4.68788e+00 2.29480e-01 4.05087e+00 1.38163e-01 4.57288e+00 4.02881e-01 4.16010e+00 1.33460e-01 4.58046e+00 1.99221e-01 4.70757e+00 3.35717e-01 4.77098e+00 2.67985e-01 
2.3 2.325 2.35 4.66736e+00 1.90419e-01 4.04326e+00 1.18772e-01 4.24032e+00 3.78995e-01 4.09263e+00 1.54232e-01 4.59589e+00 1.69674e-01 4.78316e+00 2.83315e-01 4.52645e+00 2.52714e-01 
2.35 2.375 2.4 4.57204e+00 2.03265e-01 3.81987e+00 1.04758e-01 4.84134e+00 3.76452e-01 4.21282e+00 1.54971e-01 4.32176e+00 1.48982e-01 4.74597e+00 3.03562e-01 4.83845e+00 2.50932e-01 
2.4 2.425 2.45 4.20780e+00 2.20711e-01 3.66741e+00 1.35700e-01 4.03657e+00 3.77735e-01 3.82362e+00 1.52991e-01 4.14036e+00 1.95497e-01 4.25248e+00 3.30303e-01 4.26344e+00 2.52026e-01 
2.45 2.475 2.5 4.50055e+00 2.31496e-01 3.82803e+00 1.42533e-01 4.59053e+00 3.95331e-01 4.00581e+00 1.60288e-01 4.39864e+00 2.05601e-01 4.70285e+00 3.44941e-01 4.59860e+00 2.63527e-01 
2.5 2.525 2.55 4.13846e+00 2.20686e-01 3.58484e+00 1.36166e-01 4.02984e+00 3.76222e-01 3.73710e+00 1.52858e-01 4.07076e+00 1.96339e-01 4.23489e+00 3.30644e-01 4.19405e+00 2.50745e-01 
2.55 2.575 2.6 3.97029e+00 2.25207e-01 3.45123e+00 1.29365e-01 3.54475e+00 3.25748e-01 3.59728e+00 1.45555e-01 3.90895e+00 1.99579e-01 4.06962e+00 3.37336e-01 3.83707e+00 2.12173e-01 
2.6 2.625 2.65 3.82981e+00 1.90081e-01 3.32855e+00 1.25091e-01 3.68359e+00 3.23957e-01 3.47576e+00 1.32143e-01 3.69391e+00 1.88128e-01 3.88096e+00 2.83913e-01 3.88055e+00 2.16468e-01 
2.65 2.675 2.7 3.89539e+00 2.00037e-01 3.42827e+00 1.24196e-01 3.84919e+00 3.40525e-01 3.58320e+00 1.39362e-01 3.82461e+00 1.77941e-01 4.02712e+00 2.99096e-01 3.95516e+00 2.27385e-01 
2.7 2.725 2.75 3.81673e+00 1.89188e-01 3.26402e+00 1.16939e-01 3.25145e+00 2.82540e-01 3.37879e+00 1.36747e-01 3.74091e+00 1.67808e-01 3.98761e+00 2.82252e-01 3.82990e+00 2.24720e-01 
2.75 2.775 2.8 3.50796e+00 2.02889e-01 2.95488e+00 1.17130e-01 3.41453e+00 3.47868e-01 3.17282e+00 1.40555e-01 3.32296e+00 1.68494e-01 3.57853e+00 3.03826e-01 3.56387e+00 2.31972e-01 
2.8 2.825 2.85 3.43465e+00 1.76789e-01 3.04883e+00 1.21274e-01 3.65692e+00 3.44689e-01 3.08898e+00 1.23090e-01 3.50560e+00 1.74769e-01 3.67775e+00 2.93169e-01 3.66453e+00 2.29808e-01 
2.85 2.875 2.9 3.15896e+00 1.71874e-01 2.76230e+00 1.06470e-01 3.09197e+00 3.20740e-01 2.91794e+00 1.30227e-01 3.11212e+00 1.52745e-01 3.17290e+00 2.56410e-01 3.26055e+00 2.13890e-01 
2.9 2.925 2.95 2.90568e+00 1.54312e-01 2.58186e+00 9.60622e-02 2.63161e+00 2.61509e-01 2.68241e+00 1.07797e-01 2.87861e+00 1.37274e-01 2.84168e+00 2.29500e-01 2.91609e+00 1.75461e-01 
2.95 2.975 3.0 2.92925e+00 1.53674e-01 2.55587e+00 1.02610e-01 2.77008e+00 3.12758e-01 2.66491e+00 1.07282e-01 2.88447e+00 1.47287e-01 2.95444e+00 2.28638e-01 2.95384e+00 2.08617e-01 
3.0 3.025 3.05 2.85001e+00 1.96297e-01 2.50503e+00 1.20770e-01 2.63292e+00 2.22183e-01 2.60350e+00 1.35953e-01 2.82003e+00 1.74180e-01 2.85110e+00 2.93984e-01 2.85146e+00 1.50270e-01 
3.05 3.075 3.1 2.36962e+00 1.92519e-01 2.19107e+00 1.18031e-01 1.92873e+00 3.29106e-01 2.25542e+00 1.31072e-01 2.39568e+00 1.70428e-01 2.16123e+00 2.85612e-01 2.33801e+00 2.19211e-01 
3.1 3.125 3.15 2.65632e+00 1.75128e-01 2.30455e+00 1.07747e-01 2.43637e+00 3.32431e-01 2.35730e+00 1.34111e-01 2.61243e+00 1.55120e-01 2.70448e+00 2.61827e-01 2.61058e+00 2.21449e-01 
3.15 3.175 3.2 2.45472e+00 1.77789e-01 2.17788e+00 1.08639e-01 2.23509e+00 3.05272e-01 2.26058e+00 1.23252e-01 2.43498e+00 1.56358e-01 2.41499e+00 2.65991e-01 2.46184e+00 2.03758e-01 
3.2 3.225 3.25 2.29280e+00 1.58967e-01 2.04376e+00 9.91400e-02 2.02334e+00 2.71283e-01 2.20412e+00 1.03243e-01 2.29571e+00 1.43197e-01 2.20735e+00 2.37391e-01 2.29409e+00 1.81379e-01 
3.25 3.275 3.3 2.19997e+00 1.16664e-01 1.95045e+00 7.25616e-02 1.96582e+00 1.95216e-01 2.03164e+00 8.22600e-02 2.41784e+00 1.41262e-01 2.13369e+00 1.71737e-01 2.18824e+00 1.30033e-01 
3.3 3.325 3.35 2.24542e+00 1.56372e-01 1.96520e+00 9.63563e-02 2.11175e+00 2.67165e-01 2.04774e+00 1.08729e-01 2.21503e+00 1.38400e-01 2.25273e+00 2.33326e-01 2.26452e+00 1.78787e-01 
3.35 3.375 3.4 1.89138e+00 1.72029e-01 1.74563e+00 1.06027e-01 1.70604e+00 2.20540e-01 1.79383e+00 1.19238e-01 1.90993e+00 1.52792e-01 1.76789e+00 2.58296e-01 1.97109e+00 1.48616e-01 
3.4 3.425 3.45 1.85216e+00 1.44200e-01 1.69484e+00 8.93767e-02 1.52777e+00 2.45222e-01 1.75083e+00 1.00580e-01 1.85583e+00 1.27945e-01 1.72099e+00 2.14622e-01 1.83081e+00 1.64457e-01 
3.45 3.475 3.5 1.97640e+00 1.57578e-01 1.75640e+00 9.79631e-02 1.89010e+00 2.19560e-01 1.80831e+00 1.09260e-01 1.93443e+00 1.16368e-01 1.96971e+00 2.35828e-01 2.02528e+00 1.47759e-01 
3.5 3.525 3.55 1.91496e+00 1.05967e-01 1.67436e+00 6.72787e-02 1.81268e+00 1.78873e-01 1.58578e+00 1.00718e-01 1.88504e+00 9.45629e-02 1.91697e+00 1.55162e-01 1.67237e+00 1.65742e-01 
3.55 3.575 3.6 1.79530e+00 1.38294e-01 1.61249e+00 7.94346e-02 1.63450e+00 2.30918e-01 1.68345e+00 9.55992e-02 1.80336e+00 1.13128e-01 1.79895e+00 1.88920e-01 1.85157e+00 1.56690e-01 
3.6 3.625 3.65 1.64741e+00 1.35729e-01 1.47736e+00 8.38568e-02 1.44119e+00 2.31790e-01 1.53267e+00 9.46544e-02 1.63912e+00 1.20059e-01 1.58568e+00 2.02077e-01 1.64235e+00 1.55393e-01 
3.65 3.675 3.7 1.50116e+00 1.32246e-01 1.37533e+00 8.21097e-02 1.16650e+00 2.15286e-01 1.39747e+00 7.66716e-02 1.50318e+00 1.17175e-01 1.33600e+00 1.88352e-01 1.56361e+00 1.41326e-01 
3.7 3.725 3.75 1.54286e+00 1.06097e-01 1.36198e+00 6.74963e-02 1.44266e+00 2.16599e-01 1.42635e+00 7.52393e-02 1.54597e+00 1.03910e-01 1.50490e+00 1.55562e-01 1.53582e+00 1.19973e-01 
3.75 3.775 3.8 1.37582e+00 1.25883e-01 1.26445e+00 8.23867e-02 1.23749e+00 2.24827e-01 1.29664e+00 8.80128e-02 1.36495e+00 1.10997e-01 1.28648e+00 1.86953e-01 1.42177e+00 1.50732e-01 
3.8 3.825 3.85 1.39323e+00 1.22828e-01 1.21758e+00 7.88538e-02 1.23828e+00 2.07922e-01 1.29173e+00 8.61693e-02 1.34655e+00 1.12442e-01 1.35007e+00 1.81796e-01 1.39604e+00 1.40183e-01 
3.85 3.875 3.9 1.28072e+00 1.30331e-01 1.15560e+00 8.04607e-02 1.09446e+00 2.22452e-01 1.19940e+00 9.08458e-02 1.27525e+00 1.15271e-01 1.21387e+00 1.94030e-01 1.30043e+00 1.24407e-01 
3.9 3.925 3.95 1.41246e+00 1.21614e-01 1.22279e+00 7.56505e-02 1.40322e+00 2.14366e-01 1.27865e+00 8.52843e-02 1.38761e+00 1.07692e-01 1.43815e+00 1.80098e-01 1.45967e+00 1.44241e-01 
3.95 3.975 4.0 9.92655e-01 1.25261e-01 9.40025e-01 7.74594e-02 7.15655e-01 2.13582e-01 9.66682e-01 8.74334e-02 1.00629e+00 1.10811e-01 8.58311e-01 1.86245e-01 9.64346e-01 1.43388e-01 
4.0 4.025 4.05 1.18818e+00 1.10318e-01 1.05499e+00 6.93972e-02 1.06353e+00 1.85130e-01 1.10070e+00 7.79880e-02 1.17427e+00 9.79950e-02 1.15382e+00 1.61854e-01 1.19495e+00 1.25798e-01 
4.05 4.075 4.1 1.03169e+00 1.09093e-01 9.14486e-01 6.25915e-02 7.99475e-01 1.46246e-01 9.71934e-01 7.67768e-02 1.02936e+00 9.66647e-02 9.65558e-01 1.60926e-01 9.83985e-01 1.00329e-01 
4.1 4.125 4.15 9.14234e-01 1.07550e-01 8.15426e-01 6.45606e-02 6.65085e-01 1.74204e-01 8.42789e-01 7.28658e-02 9.14966e-01 9.50597e-02 8.30665e-01 1.58857e-01 8.93724e-01 1.19537e-01 
4.15 4.175 4.2 1.03272e+00 1.06569e-01 8.87640e-01 6.57854e-02 1.04636e+00 1.83802e-01 9.56820e-01 7.52712e-02 1.02416e+00 9.47503e-02 1.00202e+00 1.56772e-01 1.11981e+00 1.24419e-01 
4.2 4.225 4.25 8.25818e-01 1.07551e-01 7.86213e-01 6.63941e-02 5.40939e-01 1.66239e-01 7.65119e-01 7.04926e-02 8.54238e-01 9.38154e-02 7.53904e-01 1.58675e-01 7.53910e-01 1.13223e-01 
4.25 4.275 4.3 8.25046e-01 8.87432e-02 7.23876e-01 6.17569e-02 6.36142e-01 1.61086e-01 7.49764e-01 6.94903e-02 8.24623e-01 7.89314e-02 7.65068e-01 1.29177e-01 7.91932e-01 1.09632e-01 
4.3 4.325 4.35 7.21321e-01 8.60194e-02 6.78898e-01 5.80963e-02 5.43875e-01 1.60241e-01 6.97820e-01 6.13385e-02 7.70238e-01 8.71921e-02 6.58937e-01 1.42599e-01 7.10229e-01 1.08747e-01 
4.35 4.375 4.4 8.49195e-01 9.20827e-02 7.51686e-01 5.86047e-02 8.45838e-01 1.56291e-01 7.90594e-01 6.73827e-02 8.51244e-01 8.23857e-02 7.49581e-01 1.26514e-01 8.95610e-01 1.06660e-01 
4.4 4.425 4.45 6.51420e-01 8.90179e-02 6.04863e-01 5.63311e-02 5.17264e-01 1.48856e-01 6.26899e-01 6.32262e-02 6.66778e-01 7.94742e-02 5.96567e-01 1.30435e-01 6.57155e-01 1.01673e-01 
4.45 4.475 4.5 6.17415e-01 8.71366e-02 5.90137e-01 5.48695e-02 5.10619e-01 1.44949e-01 6.11702e-01 6.16503e-02 6.21889e-01 7.73437e-02 5.48390e-01 1.27320e-01 6.33601e-01 9.89465e-02 
4.5 4.525 4.55 7.46284e-01 8.53072e-02 6.35939e-01 5.39218e-02 7.41688e-01 1.42690e-01 6.70887e-01 6.06573e-02 7.16169e-01 7.56343e-02 7.70071e-01 1.24625e-01 7.65911e-01 9.74201e-02 
4.55 4.575 4.6 4.94427e-01 7.24976e-02 4.76075e-01 4.66122e-02 3.73704e-01 1.20120e-01 4.88851e-01 5.22351e-02 5.36837e-01 6.25256e-02 4.62532e-01 1.05908e-01 4.75144e-01 8.25342e-02 
4.6 4.625 4.65 4.25312e-01 7.23102e-02 4.15390e-01 4.65004e-02 2.70756e-01 1.10459e-01 4.26761e-01 5.20473e-02 4.34745e-01 6.45116e-02 3.50510e-01 1.04829e-01 4.17252e-01 8.26513e-02 
4.65 4.675 4.7 5.59507e-01 7.53481e-02 5.01064e-01 4.86118e-02 4.81264e-01 1.23259e-01 5.21959e-01 5.43365e-02 5.55687e-01 6.73316e-02 5.34680e-01 1.08420e-01 5.58111e-01 8.54514e-02 
4.7 4.725 4.75 4.35177e-01 7.37656e-02 4.05221e-01 4.67885e-02 2.59951e-01 1.23212e-01 4.10560e-01 5.22745e-02 4.42237e-01 6.37426e-02 3.72190e-01 1.06365e-01 4.01473e-01 8.53618e-02 
4.75 4.775 4.8 3.28270e-01 6.99925e-02 3.33842e-01 4.47823e-02 1.86562e-01 1.16971e-01 3.40927e-01 5.03252e-02 3.40508e-01 6.21779e-02 2.35953e-01 1.01072e-01 3.24131e-01 8.06761e-02 
4.8 4.825 4.85 4.40627e-01 6.77899e-02 3.97348e-01 4.37922e-02 3.61367e-01 1.13290e-01 4.13509e-01 4.90919e-02 4.38771e-01 6.03818e-02 4.15925e-01 9.71154e-02 4.31948e-01 7.86519e-02 
4.85 4.875 4.9 3.75564e-01 6.88607e-02 3.60543e-01 4.57576e-02 2.57000e-01 1.10786e-01 3.73152e-01 5.06349e-02 3.77010e-01 6.20462e-02 3.19578e-01 9.76559e-02 3.61575e-01 7.78958e-02 
4.9 4.925 4.95 3.63329e-01 6.56563e-02 3.29629e-01 4.25265e-02 2.89188e-01 1.08858e-01 3.45180e-01 4.75769e-02 3.72710e-01 5.99822e-02 3.28148e-01 9.51089e-02 3.61687e-01 7.47303e-02 
4.95 4.975 5.0 2.80169e-01 5.95137e-02 2.65772e-01 3.83159e-02 2.10042e-01 1.00704e-01 2.74985e-01 4.30745e-02 2.83141e-01 5.28583e-02 2.45916e-01 8.54724e-02 2.62063e-01 6.87567e-02 
5.0 5.025 5.05 2.29544e-01 5.51041e-02 2.26010e-01 3.58083e-02 1.95335e-01 8.89810e-02 2.33215e-01 4.01292e-02 2.34256e-01 4.91132e-02 1.76788e-01 7.84282e-02 2.41565e-01 6.28422e-02 
5.05 5.075 5.1 1.34317e-01 5.12697e-02 1.62801e-01 3.29236e-02 1.14579e-02 8.22129e-02 1.64100e-01 3.66107e-02 1.46971e-01 4.64059e-02 5.21973e-02 7.32831e-02 1.24671e-01 5.74795e-02 
5.1 5.125 5.15 6.82257e-02 4.91671e-02 1.08316e-01 3.11285e-02 -7.50435e-02 8.24601e-02 1.02482e-01 3.51255e-02 9.14496e-02 4.28003e-02 -1.94633e-02 7.15534e-02 4.60461e-02 5.65578e-02 
5.15 5.175 5.2 8.26841e-02 4.52079e-02 1.03200e-01 2.88373e-02 -5.31753e-02 7.45138e-02 9.87816e-02 3.27558e-02 8.25840e-02 3.88810e-02 -1.78075e-02 6.36275e-02 4.64824e-02 5.21177e-02 
5.2 5.225 5.25 1.29247e-01 4.33564e-02 1.31283e-01 2.74478e-02 5.46548e-02 7.24960e-02 1.35757e-01 3.11308e-02 1.32595e-01 3.81878e-02 1.00102e-01 6.31352e-02 1.21972e-01 5.03173e-02 
5.25 5.275 5.3 3.19201e-02 3.89139e-02 6.56415e-02 2.46185e-02 -7.78460e-02 6.58528e-02 6.19680e-02 2.79717e-02 4.56512e-02 3.42064e-02 -6.90570e-02 5.92267e-02 1.56789e-02 4.54505e-02 
5.3 5.325 5.35 7.34499e-02 3.70319e-02 7.10416e-02 2.38177e-02 -3.56916e-02 6.33462e-02 8.52362e-02 2.64232e-02 6.01424e-02 3.34216e-02 1.45689e-02 5.43295e-02 4.09841e-02 4.35961e-02 
5.35 5.375 5.4 3.71003e-02 3.11240e-02 5.46081e-02 2.00113e-02 -4.71693e-02 5.23691e-02 5.82461e-02 2.23970e-02 3.39131e-02 2.82933e-02 -3.21979e-02 4.71266e-02 2.52375e-02 3.61523e-02 
5.4 5.425 5.45 -7.44348e-03 2.83521e-02 2.25589e-02 1.75340e-02 -6.68554e-02 4.64530e-02 2.58568e-02 2.03631e-02 2.30809e-03 2.45718e-02 -6.30325e-02 4.13662e-02 -4.21953e-04 3.20124e-02 
5.45 5.475 5.5 4.03036e-02 2.76935e-02 5.31668e-02 1.76147e-02 -3.32982e-02 4.61403e-02 4.33322e-02 1.93778e-02 4.56063e-02 2.43090e-02 3.29042e-03 3.96013e-02 1.88388e-02 3.18748e-02 
5.5 5.525 5.55 -1.29028e-02 2.22982e-02 1.35303e-02 1.37910e-02 -9.01589e-02 3.75363e-02 1.73485e-02 1.58997e-02 -7.71417e-03 1.91632e-02 -5.77944e-02 3.23463e-02 -2.22497e-02 2.62771e-02 
5.55 5.575 5.6 -1.04088e-02 2.40595e-02 1.62488e-02 1.51651e-02 -8.92683e-02 3.95326e-02 1.20423e-02 1.73324e-02 5.61917e-04 2.08795e-02 -5.86589e-02 3.46162e-02 -2.19427e-02 2.76781e-02 
5.6 5.625 5.65 3.49362e-03 2.06721e-02 2.06677e-02 1.25046e-02 -4.84669e-02 3.39684e-02 1.63073e-02 1.46869e-02 9.18781e-03 1.77814e-02 -3.21538e-02 2.98194e-02 -9.32896e-03 2.39190e-02 
5.65 5.675 5.7 1.03488e-02 1.91747e-02 1.90100e-02 1.16356e-02 -4.68934e-02 3.16499e-02 1.63293e-02 1.35403e-02 8.69759e-03 1.63813e-02 -2.04789e-02 2.74809e-02 -8.16181e-04 2.20655e-02 
5.7 5.725 5.75 -2.43437e-02 1.65951e-02 -5.32494e-03 9.93811e-03 -9.28171e-02 2.79291e-02 -7.85538e-03 1.15030e-02 -2.29990e-02 1.40120e-02 -6.54286e-02 2.38938e-02 -4.81698e-02 1.94039e-02 
5.75 5.775 5.8 -2.58695e-02 1.51115e-02 -5.67811e-03 8.71132e-03 -7.70386e-02 2.62592e-02 -8.33096e-03 1.03729e-02 -1.41770e-02 1.28470e-02 -6.13335e-02 2.20458e-02 -3.82888e-02 1.77567e-02 
5.8 5.825 5.85 -1.67672e-02 1.36196e-02 -1.45135e-03 8.34699e-03 -5.91510e-02 2.36292e-02 -1.31781e-03 9.75595e-03 -1.17826e-02 1.15028e-02 -4.65571e-02 1.96725e-02 -2.21871e-02 1.63086e-02 
5.85 5.875 5.9 6.16339e-03 1.42254e-02 1.30582e-02 8.83121e-03 -2.02120e-02 2.33386e-02 1.44039e-02 1.00093e-02 6.39737e-03 1.22957e-02 -1.65362e-02 2.01982e-02 5.56126e-03 1.64035e-02 
5.9 5.925 5.95 -1.62108e-02 9.07530e-03 -5.89585e-03 5.36739e-03 -4.70083e-02 1.57409e-02 -7.53589e-03 6.37889e-03 -1.44431e-02 7.54132e-03 -3.54836e-02 1.32590e-02 -2.42339e-02 1.06876e-02 
5.95 5.975 6.0 -1.80984e-02 7.96694e-03 -5.02460e-03 4.83620e-03 -4.86120e-02 1.40830e-02 -6.61160e-03 5.73570e-03 -1.25935e-02 6.79840e-03 -3.82169e-02 1.15484e-02 -2.43947e-02 9.63805e-03 
6.0 6.025 6.05 -9.22709e-03 6.81520e-03 -1.54841e-03 4.28796e-03 -2.93479e-02 1.18171e-02 -3.42077e-03 4.80191e-03 -7.15136e-03 5.98368e-03 -2.85360e-02 1.00897e-02 -1.50384e-02 8.11280e-03 
6.05 6.075 6.1 -1.18026e-02 5.31472e-03 -5.55169e-03 3.33393e-03 -3.38186e-02 9.39728e-03 -5.44883e-03 3.76230e-03 -1.12418e-02 4.73528e-03 -2.52580e-02 7.69787e-03 -1.65014e-02 6.45921e-03 
6.1 6.125 6.15 -9.86682e-03 4.68678e-03 -3.94461e-03 2.72999e-03 -2.27471e-02 8.42109e-03 -5.29128e-03 3.26781e-03 -7.53348e-03 3.91309e-03 -1.81954e-02 6.95837e-03 -1.23825e-02 5.66941e-03 
6.15 6.175 6.2 -1.85698e-02 3.17321e-03 -9.96848e-03 1.82446e-03 -3.63492e-02 5.81191e-03 -1.19753e-02 2.19047e-03 -1.54476e-02 2.64332e-03 -2.96090e-02 4.75940e-03 -2.27882e-02 3.87540e-03 
6.2 6.225 6.25 -1.37969e-02 2.91040e-03 -7.08935e-03 1.69406e-03 -2.76797e-02 5.27221e-03 -8.47574e-03 2.02601e-03 -1.03212e-02 2.36492e-03 -2.25576e-02 4.33570e-03 -1.68207e-02 3.54012e-03 
6.25 6.275 6.3 -1.30259e-02 2.10289e-03 -6.86324e-03 1.17646e-03 -2.45861e-02 3.69332e-03 -8.52536e-03 1.44392e-03 -1.04806e-02 1.71297e-03 -1.94458e-02 2.95962e-03 -1.55657e-02 2.45310e-03 
6.3 6.325 6.35 -7.24138e-03 2.23125e-03 -3.30170e-03 1.28825e-03 -1.57009e-02 3.93149e-03 -4.48655e-03 1.58601e-03 -5.39538e-03 1.80598e-03 -1.20238e-02 3.19135e-03 -9.51331e-03 2.74452e-03 
6.35 6.375 6.4 -6.74056e-03 1.48827e-03 -3.54681e-03 8.53077e-04 -1.20535e-02 2.63604e-03 -3.80255e-03 1.00254e-03 -5.55639e-03 1.22450e-03 -1.08888e-02 2.21164e-03 -7.40496e-03 1.77730e-03 
6.4 6.425 6.45 -4.52006e-03 1.03774e-03 -2.58303e-03 5.80742e-04 -9.14048e-03 1.90577e-03 -2.88968e-03 7.27238e-04 -4.00508e-03 8.31627e-04 -7.28800e-03 1.53247e-03 -5.67188e-03 1.28989e-03 
6.45 6.475 6.5 -2.70467e-03 7.94327e-04 -1.35127e-03 4.58919e-04 -6.10270e-03 1.45157e-03 -1.67834e-03 5.60301e-04 -2.18051e-03 6.50270e-04 -4.47645e-03 1.16502e-03 -3.56172e-03 9.98898e-04 
6.5 6.525 6.55 -2.37170e-03 6.64812e-04 -1.43106e-03 3.82517e-04 -5.18499e-03 1.25339e-03 -1.50595e-03 4.63257e-04 -2.22405e-03 5.51091e-04 -4.68153e-03 9.65106e-04 -3.36465e-03 8.27293e-04 
6.55 6.575 6.6 -1.19264e-03 5.72632e-04 -5.50483e-04 3.35765e-04 -2.78161e-03 1.09636e-03 -6.89062e-04 4.04039e-04 -9.55475e-04 4.76509e-04 -2.08870e-03 8.39624e-04 -1.74243e-03 7.55335e-04 
6.6 6.625 6.65 -5.62830e-04 3.83978e-04 -2.15521e-04 2.18189e-04 -1.40787e-03 7.11493e-04 -3.04714e-04 2.72626e-04 -4.09468e-04 3.07056e-04 -1.03178e-03 5.59125e-04 -7.79062e-04 4.88283e-04 
6.65 6.675 6.7 5.15796e-05 1.82737e-04 5.10188e-05 1.02825e-04 -8.36287e-05 3.46628e-04 7.38332e-05 1.30111e-04 2.98162e-05 1.44237e-04 -8.89207e-06 2.65221e-04 1.88993e-05 2.38400e-04 
6.7 6.725 6.75 -2.20690e-04 9.77652e-05 -1.07191e-04 5.06432e-05 -4.85103e-04 1.82314e-04 -1.57612e-04 6.54120e-05 -1.75309e-04 7.14147e-05 -3.74181e-04 1.42333e-04 -3.07503e-04 1.27037e-04 
6.75 6.775 6.8 -1.01150e-04 2.23924e-05 -4.95109e-05 1.19216e-05 -1.99795e-04 4.74551e-05 -6.61961e-05 1.56641e-05 -7.57786e-05 1.70345e-05 -1.59638e-04 3.31182e-05 -1.30883e-04 3.29164e-05 
6.8 6.825 6.85 2.69573e-04 8.12012e-05 1.62956e-04 4.74875e-05 4.76168e-04 1.45704e-04 2.00663e-04 5.94974e-05 2.19464e-04 6.48009e-05 3.73500e-04 1.13886e-04 3.46194e-04 1.03865e-04 
6.85 6.875 6.9 8.81114e-07 3.74716e-06 1.25426e-06 2.05699e-06 5.37789e-06 8.73902e-06 2.72604e-06 3.04851e-06 1.36503e-06 2.82669e-06 2.30007e-06 6.00347e-06 5.42417e-06 6.15140e-06 
6.9 6.925 6.95 -1.89423e-06 3.09353e-07 -8.79930e-07 1.53716e-07 -3.94166e-06 5.72947e-07 -1.28658e-06 2.10322e-07 -1.25148e-06 2.21875e-07 -2.88434e-06 4.70623e-07 -2.58831e-06 3.77051e-07 
6.95 6.975 7.0 -5.45894e-08 1.29036e-08 -2.83837e-08 6.15569e-09 -1.18584e-07 2.77230e-08 -3.70135e-08 8.80036e-09 -3.93429e-08 8.68146e-09 -8.32511e-08 1.95597e-08 -7.77481e-08 1.82886e-08 
7.0 7.025 7.05 -1.17964e-08 2.06481e-09 -5.43400e-09 9.55729e-10 -2.59241e-08 4.54709e-09 -8.02987e-09 1.40447e-09 -7.98084e-09 1.40450e-09 -1.79185e-08 3.13934e-09 -1.70664e-08 2.99055e-09 
7.05 7.075 7.1 -4.29775e-10 1.01641e-10 -2.03169e-10 4.71859e-11 -9.76117e-10 2.37575e-10 -2.92991e-10 6.92409e-11 -2.98039e-10 6.92667e-11 -6.51691e-10 1.54261e-10 -6.43783e-10 1.56536e-10 
7.1 7.125 7.15 0.00000e+00 0.00000e+00 0.00000e+00 0.00000e+00 0.00000e+00 0.00000e+00 0.00000e+00 0.00000e+00 0.00000e+00 0.00000e+00 0.00000e+00 0.00000e+00 0.00000e+00 0.00000e+00 
7.15 7.175 7.2 0.00000e+00 0.00000e+00 0.00000e+00 0.00000e+00 0.00000e+00 0.00000e+00 0.00000e+00 0.00000e+00 0.00000e+00 0.00000e+00 0.00000e+00 0.00000e+00 0.00000e+00 0.00000e+00 
7.2 7.225 7.25 0.00000e+00 0.00000e+00 0.00000e+00 0.00000e+00 0.00000e+00 0.00000e+00 0.00000e+00 0.00000e+00 0.00000e+00 0.00000e+00 0.00000e+00 0.00000e+00 0.00000e+00 0.00000e+00 
7.25 7.275 7.3 0.00000e+00 0.00000e+00 0.00000e+00 0.00000e+00 0.00000e+00 0.00000e+00 0.00000e+00 0.00000e+00 0.00000e+00 0.00000e+00 0.00000e+00 0.00000e+00 0.00000e+00 0.00000e+00 
7.3 7.325 7.35 0.00000e+00 0.00000e+00 0.00000e+00 0.00000e+00 0.00000e+00 0.00000e+00 0.00000e+00 0.00000e+00 0.00000e+00 0.00000e+00 0.00000e+00 0.00000e+00 0.00000e+00 0.00000e+00 
7.35 7.375 7.4 0.00000e+00 0.00000e+00 0.00000e+00 0.00000e+00 0.00000e+00 0.00000e+00 0.00000e+00 0.00000e+00 0.00000e+00 0.00000e+00 0.00000e+00 0.00000e+00 0.00000e+00 0.00000e+00 
7.4 7.425 7.45 0.00000e+00 0.00000e+00 0.00000e+00 0.00000e+00 0.00000e+00 0.00000e+00 0.00000e+00 0.00000e+00 0.00000e+00 0.00000e+00 0.00000e+00 0.00000e+00 0.00000e+00 0.00000e+00 
7.45 7.475 7.5 0.00000e+00 0.00000e+00 0.00000e+00 0.00000e+00 0.00000e+00 0.00000e+00 0.00000e+00 0.00000e+00 0.00000e+00 0.00000e+00 0.00000e+00 0.00000e+00 0.00000e+00 0.00000e+00 
7.5 7.525 7.55 0.00000e+00 0.00000e+00 0.00000e+00 0.00000e+00 0.00000e+00 0.00000e+00 0.00000e+00 0.00000e+00 0.00000e+00 0.00000e+00 0.00000e+00 0.00000e+00 0.00000e+00 0.00000e+00 
7.55 7.575 7.6 0.00000e+00 0.00000e+00 0.00000e+00 0.00000e+00 0.00000e+00 0.00000e+00 0.00000e+00 0.00000e+00 0.00000e+00 0.00000e+00 0.00000e+00 0.00000e+00 0.00000e+00 0.00000e+00 
7.6 7.625 7.65 0.00000e+00 0.00000e+00 0.00000e+00 0.00000e+00 0.00000e+00 0.00000e+00 0.00000e+00 0.00000e+00 0.00000e+00 0.00000e+00 0.00000e+00 0.00000e+00 0.00000e+00 0.00000e+00 
7.65 7.675 7.7 0.00000e+00 0.00000e+00 0.00000e+00 0.00000e+00 0.00000e+00 0.00000e+00 0.00000e+00 0.00000e+00 0.00000e+00 0.00000e+00 0.00000e+00 0.00000e+00 0.00000e+00 0.00000e+00 
7.7 7.725 7.75 0.00000e+00 0.00000e+00 0.00000e+00 0.00000e+00 0.00000e+00 0.00000e+00 0.00000e+00 0.00000e+00 0.00000e+00 0.00000e+00 0.00000e+00 0.00000e+00 0.00000e+00 0.00000e+00 
7.75 7.775 7.8 0.00000e+00 0.00000e+00 0.00000e+00 0.00000e+00 0.00000e+00 0.00000e+00 0.00000e+00 0.00000e+00 0.00000e+00 0.00000e+00 0.00000e+00 0.00000e+00 0.00000e+00 0.00000e+00 
7.8 7.825 7.85 0.00000e+00 0.00000e+00 0.00000e+00 0.00000e+00 0.00000e+00 0.00000e+00 0.00000e+00 0.00000e+00 0.00000e+00 0.00000e+00 0.00000e+00 0.00000e+00 0.00000e+00 0.00000e+00 
7.85 7.875 7.9 0.00000e+00 0.00000e+00 0.00000e+00 0.00000e+00 0.00000e+00 0.00000e+00 0.00000e+00 0.00000e+00 0.00000e+00 0.00000e+00 0.00000e+00 0.00000e+00 0.00000e+00 0.00000e+00 
7.9 7.925 7.95 0.00000e+00 0.00000e+00 0.00000e+00 0.00000e+00 0.00000e+00 0.00000e+00 0.00000e+00 0.00000e+00 0.00000e+00 0.00000e+00 0.00000e+00 0.00000e+00 0.00000e+00 0.00000e+00 
7.95 7.975 8.0 0.00000e+00 0.00000e+00 0.00000e+00 0.00000e+00 0.00000e+00 0.00000e+00 0.00000e+00 0.00000e+00 0.00000e+00 0.00000e+00 0.00000e+00 0.00000e+00 0.00000e+00 0.00000e+00 
8.0 8.025 8.05 0.00000e+00 0.00000e+00 0.00000e+00 0.00000e+00 0.00000e+00 0.00000e+00 0.00000e+00 0.00000e+00 0.00000e+00 0.00000e+00 0.00000e+00 0.00000e+00 0.00000e+00 0.00000e+00 
8.05 8.075 8.1 0.00000e+00 0.00000e+00 0.00000e+00 0.00000e+00 0.00000e+00 0.00000e+00 0.00000e+00 0.00000e+00 0.00000e+00 0.00000e+00 0.00000e+00 0.00000e+00 0.00000e+00 0.00000e+00 
8.1 8.125 8.15 0.00000e+00 0.00000e+00 0.00000e+00 0.00000e+00 0.00000e+00 0.00000e+00 0.00000e+00 0.00000e+00 0.00000e+00 0.00000e+00 0.00000e+00 0.00000e+00 0.00000e+00 0.00000e+00 
8.15 8.175 8.2 0.00000e+00 0.00000e+00 0.00000e+00 0.00000e+00 0.00000e+00 0.00000e+00 0.00000e+00 0.00000e+00 0.00000e+00 0.00000e+00 0.00000e+00 0.00000e+00 0.00000e+00 0.00000e+00 
8.2 8.225 8.25 0.00000e+00 0.00000e+00 0.00000e+00 0.00000e+00 0.00000e+00 0.00000e+00 0.00000e+00 0.00000e+00 0.00000e+00 0.00000e+00 0.00000e+00 0.00000e+00 0.00000e+00 0.00000e+00 
8.25 8.275 8.3 0.00000e+00 0.00000e+00 0.00000e+00 0.00000e+00 0.00000e+00 0.00000e+00 0.00000e+00 0.00000e+00 0.00000e+00 0.00000e+00 0.00000e+00 0.00000e+00 0.00000e+00 0.00000e+00 
8.3 8.325 8.35 0.00000e+00 0.00000e+00 0.00000e+00 0.00000e+00 0.00000e+00 0.00000e+00 0.00000e+00 0.00000e+00 0.00000e+00 0.00000e+00 0.00000e+00 0.00000e+00 0.00000e+00 0.00000e+00 
8.35 8.375 8.4 0.00000e+00 0.00000e+00 0.00000e+00 0.00000e+00 0.00000e+00 0.00000e+00 0.00000e+00 0.00000e+00 0.00000e+00 0.00000e+00 0.00000e+00 0.00000e+00 0.00000e+00 0.00000e+00 
8.4 8.425 8.45 0.00000e+00 0.00000e+00 0.00000e+00 0.00000e+00 0.00000e+00 0.00000e+00 0.00000e+00 0.00000e+00 0.00000e+00 0.00000e+00 0.00000e+00 0.00000e+00 0.00000e+00 0.00000e+00 
8.45 8.475 8.5 0.00000e+00 0.00000e+00 0.00000e+00 0.00000e+00 0.00000e+00 0.00000e+00 0.00000e+00 0.00000e+00 0.00000e+00 0.00000e+00 0.00000e+00 0.00000e+00 0.00000e+00 0.00000e+00 
8.5 8.525 8.55 0.00000e+00 0.00000e+00 0.00000e+00 0.00000e+00 0.00000e+00 0.00000e+00 0.00000e+00 0.00000e+00 0.00000e+00 0.00000e+00 0.00000e+00 0.00000e+00 0.00000e+00 0.00000e+00 
8.55 8.575 8.6 0.00000e+00 0.00000e+00 0.00000e+00 0.00000e+00 0.00000e+00 0.00000e+00 0.00000e+00 0.00000e+00 0.00000e+00 0.00000e+00 0.00000e+00 0.00000e+00 0.00000e+00 0.00000e+00 
8.6 8.625 8.65 0.00000e+00 0.00000e+00 0.00000e+00 0.00000e+00 0.00000e+00 0.00000e+00 0.00000e+00 0.00000e+00 0.00000e+00 0.00000e+00 0.00000e+00 0.00000e+00 0.00000e+00 0.00000e+00 
8.65 8.675 8.7 0.00000e+00 0.00000e+00 0.00000e+00 0.00000e+00 0.00000e+00 0.00000e+00 0.00000e+00 0.00000e+00 0.00000e+00 0.00000e+00 0.00000e+00 0.00000e+00 0.00000e+00 0.00000e+00 
8.7 8.725 8.75 0.00000e+00 0.00000e+00 0.00000e+00 0.00000e+00 0.00000e+00 0.00000e+00 0.00000e+00 0.00000e+00 0.00000e+00 0.00000e+00 0.00000e+00 0.00000e+00 0.00000e+00 0.00000e+00 
8.75 8.775 8.8 0.00000e+00 0.00000e+00 0.00000e+00 0.00000e+00 0.00000e+00 0.00000e+00 0.00000e+00 0.00000e+00 0.00000e+00 0.00000e+00 0.00000e+00 0.00000e+00 0.00000e+00 0.00000e+00 
8.8 8.825 8.85 0.00000e+00 0.00000e+00 0.00000e+00 0.00000e+00 0.00000e+00 0.00000e+00 0.00000e+00 0.00000e+00 0.00000e+00 0.00000e+00 0.00000e+00 0.00000e+00 0.00000e+00 0.00000e+00 
8.85 8.875 8.9 0.00000e+00 0.00000e+00 0.00000e+00 0.00000e+00 0.00000e+00 0.00000e+00 0.00000e+00 0.00000e+00 0.00000e+00 0.00000e+00 0.00000e+00 0.00000e+00 0.00000e+00 0.00000e+00 
8.9 8.925 8.95 0.00000e+00 0.00000e+00 0.00000e+00 0.00000e+00 0.00000e+00 0.00000e+00 0.00000e+00 0.00000e+00 0.00000e+00 0.00000e+00 0.00000e+00 0.00000e+00 0.00000e+00 0.00000e+00 
8.95 8.975 9.0 0.00000e+00 0.00000e+00 0.00000e+00 0.00000e+00 0.00000e+00 0.00000e+00 0.00000e+00 0.00000e+00 0.00000e+00 0.00000e+00 0.00000e+00 0.00000e+00 0.00000e+00 0.00000e+00 
9.0 9.025 9.05 0.00000e+00 0.00000e+00 0.00000e+00 0.00000e+00 0.00000e+00 0.00000e+00 0.00000e+00 0.00000e+00 0.00000e+00 0.00000e+00 0.00000e+00 0.00000e+00 0.00000e+00 0.00000e+00 
9.05 9.075 9.1 0.00000e+00 0.00000e+00 0.00000e+00 0.00000e+00 0.00000e+00 0.00000e+00 0.00000e+00 0.00000e+00 0.00000e+00 0.00000e+00 0.00000e+00 0.00000e+00 0.00000e+00 0.00000e+00 
9.1 9.125 9.15 0.00000e+00 0.00000e+00 0.00000e+00 0.00000e+00 0.00000e+00 0.00000e+00 0.00000e+00 0.00000e+00 0.00000e+00 0.00000e+00 0.00000e+00 0.00000e+00 0.00000e+00 0.00000e+00 
9.15 9.175 9.2 0.00000e+00 0.00000e+00 0.00000e+00 0.00000e+00 0.00000e+00 0.00000e+00 0.00000e+00 0.00000e+00 0.00000e+00 0.00000e+00 0.00000e+00 0.00000e+00 0.00000e+00 0.00000e+00 
9.2 9.225 9.25 0.00000e+00 0.00000e+00 0.00000e+00 0.00000e+00 0.00000e+00 0.00000e+00 0.00000e+00 0.00000e+00 0.00000e+00 0.00000e+00 0.00000e+00 0.00000e+00 0.00000e+00 0.00000e+00 
9.25 9.275 9.3 0.00000e+00 0.00000e+00 0.00000e+00 0.00000e+00 0.00000e+00 0.00000e+00 0.00000e+00 0.00000e+00 0.00000e+00 0.00000e+00 0.00000e+00 0.00000e+00 0.00000e+00 0.00000e+00 
9.3 9.325 9.35 0.00000e+00 0.00000e+00 0.00000e+00 0.00000e+00 0.00000e+00 0.00000e+00 0.00000e+00 0.00000e+00 0.00000e+00 0.00000e+00 0.00000e+00 0.00000e+00 0.00000e+00 0.00000e+00 
9.35 9.375 9.4 0.00000e+00 0.00000e+00 0.00000e+00 0.00000e+00 0.00000e+00 0.00000e+00 0.00000e+00 0.00000e+00 0.00000e+00 0.00000e+00 0.00000e+00 0.00000e+00 0.00000e+00 0.00000e+00 
9.4 9.425 9.45 0.00000e+00 0.00000e+00 0.00000e+00 0.00000e+00 0.00000e+00 0.00000e+00 0.00000e+00 0.00000e+00 0.00000e+00 0.00000e+00 0.00000e+00 0.00000e+00 0.00000e+00 0.00000e+00 
9.45 9.475 9.5 0.00000e+00 0.00000e+00 0.00000e+00 0.00000e+00 0.00000e+00 0.00000e+00 0.00000e+00 0.00000e+00 0.00000e+00 0.00000e+00 0.00000e+00 0.00000e+00 0.00000e+00 0.00000e+00 
9.5 9.525 9.55 0.00000e+00 0.00000e+00 0.00000e+00 0.00000e+00 0.00000e+00 0.00000e+00 0.00000e+00 0.00000e+00 0.00000e+00 0.00000e+00 0.00000e+00 0.00000e+00 0.00000e+00 0.00000e+00 
9.55 9.575 9.6 0.00000e+00 0.00000e+00 0.00000e+00 0.00000e+00 0.00000e+00 0.00000e+00 0.00000e+00 0.00000e+00 0.00000e+00 0.00000e+00 0.00000e+00 0.00000e+00 0.00000e+00 0.00000e+00 
9.6 9.625 9.65 0.00000e+00 0.00000e+00 0.00000e+00 0.00000e+00 0.00000e+00 0.00000e+00 0.00000e+00 0.00000e+00 0.00000e+00 0.00000e+00 0.00000e+00 0.00000e+00 0.00000e+00 0.00000e+00 
9.65 9.675 9.7 0.00000e+00 0.00000e+00 0.00000e+00 0.00000e+00 0.00000e+00 0.00000e+00 0.00000e+00 0.00000e+00 0.00000e+00 0.00000e+00 0.00000e+00 0.00000e+00 0.00000e+00 0.00000e+00 
9.7 9.725 9.75 0.00000e+00 0.00000e+00 0.00000e+00 0.00000e+00 0.00000e+00 0.00000e+00 0.00000e+00 0.00000e+00 0.00000e+00 0.00000e+00 0.00000e+00 0.00000e+00 0.00000e+00 0.00000e+00 
9.75 9.775 9.8 0.00000e+00 0.00000e+00 0.00000e+00 0.00000e+00 0.00000e+00 0.00000e+00 0.00000e+00 0.00000e+00 0.00000e+00 0.00000e+00 0.00000e+00 0.00000e+00 0.00000e+00 0.00000e+00 
9.8 9.825 9.85 0.00000e+00 0.00000e+00 0.00000e+00 0.00000e+00 0.00000e+00 0.00000e+00 0.00000e+00 0.00000e+00 0.00000e+00 0.00000e+00 0.00000e+00 0.00000e+00 0.00000e+00 0.00000e+00 
9.85 9.875 9.9 0.00000e+00 0.00000e+00 0.00000e+00 0.00000e+00 0.00000e+00 0.00000e+00 0.00000e+00 0.00000e+00 0.00000e+00 0.00000e+00 0.00000e+00 0.00000e+00 0.00000e+00 0.00000e+00 
9.9 9.925 9.95 0.00000e+00 0.00000e+00 0.00000e+00 0.00000e+00 0.00000e+00 0.00000e+00 0.00000e+00 0.00000e+00 0.00000e+00 0.00000e+00 0.00000e+00 0.00000e+00 0.00000e+00 0.00000e+00 
9.95 9.975 10.0 0.00000e+00 0.00000e+00 0.00000e+00 0.00000e+00 0.00000e+00 0.00000e+00 0.00000e+00 0.00000e+00 0.00000e+00 0.00000e+00 0.00000e+00 0.00000e+00 0.00000e+00 0.00000e+00 
