0.0 25.0 50.0 2.54969e-01 3.18033e-03 2.21324e-01 2.05035e-03 2.51414e-01 5.25934e-03 2.24760e-01 2.18434e-03 2.55828e-01 2.97930e-03 2.62999e-01 4.88247e-03 2.54482e-01 3.41673e-03 
50.0 75.0 100.0 1.44824e+00 3.96334e-03 1.19599e+00 2.65717e-03 1.59832e+00 6.28845e-03 1.22686e+00 2.80366e-03 1.43238e+00 3.73772e-03 1.62376e+00 5.89209e-03 1.46723e+00 4.21774e-03 
100.0 125.0 150.0 1.22803e+00 3.65946e-03 1.01489e+00 2.41002e-03 1.35330e+00 5.93505e-03 1.04312e+00 2.56233e-03 1.21229e+00 3.43405e-03 1.37220e+00 5.50982e-03 1.24681e+00 3.92794e-03 
150.0 175.0 200.0 1.06653e+00 3.96470e-03 8.92514e-01 2.56702e-03 1.14401e+00 6.52584e-03 9.16446e-01 2.74292e-03 1.05519e+00 3.70164e-03 1.16713e+00 6.03133e-03 1.08027e+00 4.27633e-03 
200.0 225.0 250.0 9.38875e-01 3.74131e-03 7.89646e-01 2.41221e-03 9.91762e-01 6.61742e-03 8.11039e-01 2.58704e-03 9.29403e-01 3.48003e-03 1.01540e+00 6.08679e-03 9.48203e-01 4.31417e-03 
250.0 275.0 300.0 7.70439e-01 3.62466e-03 6.47279e-01 2.30577e-03 8.17247e-01 6.05777e-03 6.65930e-01 2.48463e-03 7.61575e-01 3.35664e-03 8.35894e-01 5.55368e-03 7.80858e-01 3.94345e-03 
300.0 325.0 350.0 6.29009e-01 3.00295e-03 5.25341e-01 1.92046e-03 6.74943e-01 4.99507e-03 5.41756e-01 2.07105e-03 6.20143e-01 2.77852e-03 6.87768e-01 4.57217e-03 6.39299e-01 3.27120e-03 
350.0 375.0 400.0 5.09668e-01 2.67333e-03 4.24269e-01 1.70223e-03 5.49926e-01 4.46461e-03 4.38409e-01 1.84227e-03 5.01438e-01 2.46474e-03 5.58997e-01 4.07050e-03 5.19157e-01 2.92382e-03 
400.0 425.0 450.0 4.12327e-01 2.71624e-03 3.43100e-01 1.70149e-03 4.44505e-01 4.60023e-03 3.54939e-01 1.85124e-03 4.05339e-01 2.49198e-03 4.51862e-01 4.17690e-03 4.20305e-01 2.98488e-03 
450.0 475.0 500.0 3.41132e-01 2.34069e-03 2.82707e-01 1.46631e-03 3.70390e-01 3.96756e-03 2.93075e-01 1.59844e-03 3.34579e-01 2.14310e-03 3.75375e-01 3.59264e-03 3.48621e-01 2.57890e-03 
500.0 525.0 550.0 2.81475e-01 2.09572e-03 2.33243e-01 1.31280e-03 3.05160e-01 3.55086e-03 2.41982e-01 1.43266e-03 2.75946e-01 1.91680e-03 3.09460e-01 3.21181e-03 2.87729e-01 2.31159e-03 
550.0 575.0 600.0 2.32525e-01 1.93015e-03 1.92895e-01 1.20637e-03 2.51080e-01 3.27728e-03 2.00381e-01 1.31868e-03 2.27731e-01 1.76258e-03 2.54576e-01 2.95951e-03 2.37973e-01 2.13260e-03 
600.0 625.0 650.0 1.95970e-01 1.88704e-03 1.62207e-01 1.16938e-03 2.12265e-01 3.23015e-03 1.68691e-01 1.28327e-03 1.91732e-01 1.71660e-03 2.15049e-01 2.90521e-03 2.00763e-01 2.09376e-03 
650.0 675.0 700.0 1.65393e-01 1.69442e-03 1.36924e-01 1.05534e-03 1.77300e-01 3.07875e-03 1.42462e-01 1.11213e-03 1.61769e-01 1.54221e-03 1.81303e-01 2.59746e-03 1.69560e-01 1.88070e-03 
700.0 725.0 750.0 1.41504e-01 1.64575e-03 1.17134e-01 9.80000e-04 1.52883e-01 2.82253e-03 1.22003e-01 1.11991e-03 1.38323e-01 1.43359e-03 1.54884e-01 2.53076e-03 1.45982e-01 1.71405e-03 
750.0 775.0 800.0 1.20210e-01 1.55569e-03 9.96954e-02 9.58040e-04 1.29018e-01 2.67914e-03 1.03946e-01 1.05699e-03 1.17416e-01 1.40777e-03 1.30882e-01 2.39556e-03 1.23341e-01 1.73646e-03 
800.0 825.0 850.0 1.02757e-01 1.50960e-03 8.53706e-02 9.26901e-04 1.09663e-01 2.60452e-03 8.90267e-02 1.02282e-03 1.00401e-01 1.36613e-03 1.11482e-01 2.33051e-03 1.05294e-01 1.68686e-03 
850.0 875.0 900.0 9.12100e-02 1.37039e-03 7.50048e-02 8.51826e-04 9.88243e-02 2.36784e-03 7.86046e-02 9.30115e-04 8.85483e-02 1.25396e-03 9.93848e-02 2.14213e-03 9.38110e-02 1.53369e-03 
900.0 925.0 950.0 8.05998e-02 1.41849e-03 6.62554e-02 8.62782e-04 8.79489e-02 2.47854e-03 6.93849e-02 9.60474e-04 7.82515e-02 1.23804e-03 8.82792e-02 2.18604e-03 8.31186e-02 1.59793e-03 
950.0 975.0 1000.0 6.98830e-02 1.23054e-03 5.76509e-02 8.30035e-04 7.54199e-02 2.13047e-03 6.03160e-02 9.22579e-04 6.80593e-02 1.23080e-03 7.64531e-02 1.89658e-03 7.18702e-02 1.37986e-03 
1000.0 1025.0 1050.0 5.97957e-02 1.19726e-03 4.95941e-02 7.30504e-04 6.33731e-02 2.09592e-03 5.18941e-02 8.07344e-04 5.82712e-02 1.07532e-03 6.47000e-02 1.84536e-03 6.12124e-02 1.37799e-03 
1050.0 1075.0 1100.0 5.23120e-02 1.13436e-03 4.33816e-02 6.97367e-04 5.52373e-02 1.98133e-03 4.54106e-02 7.76476e-04 5.13149e-02 1.00626e-03 5.63019e-02 1.75667e-03 5.36393e-02 1.28605e-03 
1100.0 1125.0 1150.0 4.72273e-02 1.05739e-03 3.90948e-02 6.87747e-04 5.11632e-02 1.99006e-03 4.08357e-02 7.19051e-04 4.61922e-02 9.96309e-04 5.14804e-02 1.62555e-03 4.89092e-02 1.28591e-03 
1150.0 1175.0 1200.0 3.79699e-02 1.05263e-03 3.21894e-02 6.39255e-04 3.81326e-02 1.83759e-03 3.36080e-02 7.12817e-04 3.72102e-02 9.42748e-04 3.95427e-02 1.62481e-03 3.87484e-02 1.18857e-03 
1200.0 1225.0 1250.0 3.82164e-02 9.69774e-04 3.12265e-02 5.91642e-04 4.18641e-02 1.68664e-03 3.28411e-02 6.59493e-04 3.70210e-02 8.68760e-04 4.21514e-02 1.49082e-03 3.95423e-02 1.09514e-03 
1250.0 1275.0 1300.0 3.30612e-02 9.32119e-04 2.73080e-02 5.67756e-04 3.52640e-02 1.62311e-03 2.86825e-02 6.33394e-04 3.21195e-02 8.34438e-04 3.58209e-02 1.43405e-03 3.40871e-02 1.05323e-03 
1300.0 1325.0 1350.0 2.79150e-02 8.87659e-04 2.34595e-02 5.41307e-04 2.84923e-02 1.54479e-03 2.45749e-02 6.04359e-04 2.73389e-02 7.81380e-04 2.95357e-02 1.33928e-03 2.87359e-02 9.81192e-04 
1350.0 1375.0 1400.0 2.63860e-02 8.72664e-04 2.16965e-02 5.21539e-04 2.87085e-02 1.43884e-03 2.28356e-02 5.84031e-04 2.56072e-02 7.65635e-04 2.90238e-02 1.26630e-03 2.74484e-02 9.37246e-04 
1400.0 1425.0 1450.0 2.27914e-02 8.36079e-04 1.90210e-02 5.10411e-04 2.34968e-02 1.46182e-03 1.99274e-02 5.74352e-04 2.21894e-02 7.46221e-04 2.42250e-02 1.27884e-03 2.33464e-02 9.53982e-04 
1450.0 1475.0 1500.0 2.13949e-02 8.10433e-04 1.75928e-02 4.99963e-04 2.28655e-02 1.40156e-03 1.85565e-02 5.56009e-04 2.04226e-02 7.17000e-04 2.31991e-02 1.23386e-03 2.21156e-02 9.18850e-04 
1500.0 1525.0 1550.0 1.89344e-02 7.98955e-04 1.56294e-02 4.88800e-04 2.00875e-02 1.38513e-03 1.64694e-02 5.47015e-04 1.82649e-02 7.15800e-04 2.02441e-02 1.22408e-03 1.95606e-02 9.06386e-04 
1550.0 1575.0 1600.0 1.48553e-02 7.32098e-04 1.27706e-02 4.38588e-04 1.41806e-02 1.27100e-03 1.31995e-02 5.00594e-04 1.45716e-02 6.51815e-04 1.50256e-02 1.11669e-03 1.50886e-02 8.31610e-04 
1600.0 1625.0 1650.0 1.51116e-02 7.21909e-04 1.26235e-02 4.46042e-04 1.55184e-02 1.23994e-03 1.32890e-02 4.98364e-04 1.46891e-02 6.45309e-04 1.59525e-02 1.09196e-03 1.55530e-02 8.18096e-04 
1650.0 1675.0 1700.0 1.46954e-02 6.86926e-04 1.17193e-02 4.22508e-04 1.64133e-02 1.19372e-03 1.25211e-02 4.71224e-04 1.41280e-02 6.11619e-04 1.63957e-02 1.04707e-03 1.53535e-02 7.82225e-04 
1700.0 1725.0 1750.0 1.31537e-02 6.95724e-04 1.07654e-02 4.27962e-04 1.40106e-02 1.19093e-03 1.13711e-02 4.79134e-04 1.27186e-02 6.20753e-04 1.42184e-02 1.04578e-03 1.36196e-02 7.90118e-04 
1750.0 1775.0 1800.0 1.11738e-02 6.29712e-04 9.28469e-03 3.82442e-04 1.17320e-02 1.12462e-03 9.75149e-03 4.33303e-04 1.08898e-02 5.54567e-04 1.20983e-02 9.45807e-04 1.15527e-02 7.17660e-04 
1800.0 1825.0 1850.0 1.01924e-02 6.09863e-04 8.34949e-03 3.88025e-04 1.06410e-02 1.05390e-03 8.91499e-03 4.20403e-04 9.87480e-03 5.42738e-04 1.08891e-02 9.23618e-04 1.05248e-02 6.94547e-04 
1850.0 1875.0 1900.0 8.90480e-03 5.97579e-04 7.57533e-03 3.68911e-04 9.08676e-03 1.03659e-03 7.91472e-03 4.16351e-04 8.75943e-03 5.28361e-04 9.37476e-03 9.05859e-04 9.16800e-03 6.82539e-04 
1900.0 1925.0 1950.0 7.73615e-03 5.14386e-04 6.47045e-03 3.15317e-04 8.13977e-03 9.06144e-04 6.83710e-03 3.55171e-04 7.50090e-03 4.56113e-04 8.10126e-03 7.77456e-04 7.93696e-03 5.93598e-04 
1950.0 1975.0 2000.0 7.87985e-03 5.02609e-04 6.46981e-03 3.13027e-04 8.35610e-03 8.55623e-04 6.85478e-03 3.50962e-04 7.60667e-03 4.48003e-04 8.32356e-03 7.60729e-04 8.16841e-03 5.71712e-04 
