1.0 1.1294627059 1.2589254118 0.00000e+00 0.00000e+00 0.00000e+00 0.00000e+00 0.00000e+00 0.00000e+00 0.00000e+00 0.00000e+00 0.00000e+00 0.00000e+00 0.00000e+00 0.00000e+00 0.00000e+00 0.00000e+00 
1.2589254118 1.4219093021 1.5848931925 0.00000e+00 0.00000e+00 0.00000e+00 0.00000e+00 0.00000e+00 0.00000e+00 0.00000e+00 0.00000e+00 0.00000e+00 0.00000e+00 0.00000e+00 0.00000e+00 0.00000e+00 0.00000e+00 
1.5848931925 1.7900777537 1.995262315 0.00000e+00 0.00000e+00 0.00000e+00 0.00000e+00 0.00000e+00 0.00000e+00 0.00000e+00 0.00000e+00 0.00000e+00 0.00000e+00 0.00000e+00 0.00000e+00 0.00000e+00 0.00000e+00 
1.995262315 2.2535743732 2.5118864315 0.00000e+00 0.00000e+00 0.00000e+00 0.00000e+00 0.00000e+00 0.00000e+00 0.00000e+00 0.00000e+00 0.00000e+00 0.00000e+00 0.00000e+00 0.00000e+00 0.00000e+00 0.00000e+00 
2.5118864315 2.8370820458 3.1622776602 0.00000e+00 0.00000e+00 0.00000e+00 0.00000e+00 0.00000e+00 0.00000e+00 0.00000e+00 0.00000e+00 0.00000e+00 0.00000e+00 0.00000e+00 0.00000e+00 0.00000e+00 0.00000e+00 
3.1622776602 3.5716746829 3.9810717055 0.00000e+00 0.00000e+00 0.00000e+00 0.00000e+00 0.00000e+00 0.00000e+00 0.00000e+00 0.00000e+00 0.00000e+00 0.00000e+00 0.00000e+00 0.00000e+00 0.00000e+00 0.00000e+00 
3.9810717055 4.4964720209 5.0118723363 0.00000e+00 0.00000e+00 0.00000e+00 0.00000e+00 0.00000e+00 0.00000e+00 0.00000e+00 0.00000e+00 0.00000e+00 0.00000e+00 0.00000e+00 0.00000e+00 0.00000e+00 0.00000e+00 
5.0118723363 5.6607228905 6.3095734448 0.00000e+00 0.00000e+00 0.00000e+00 0.00000e+00 0.00000e+00 0.00000e+00 0.00000e+00 0.00000e+00 0.00000e+00 0.00000e+00 0.00000e+00 0.00000e+00 0.00000e+00 0.00000e+00 
6.3095734448 7.126427896 7.9432823472 0.00000e+00 0.00000e+00 0.00000e+00 0.00000e+00 0.00000e+00 0.00000e+00 0.00000e+00 0.00000e+00 0.00000e+00 0.00000e+00 0.00000e+00 0.00000e+00 0.00000e+00 0.00000e+00 
7.9432823472 8.9716411736 10.0 0.00000e+00 0.00000e+00 0.00000e+00 0.00000e+00 0.00000e+00 0.00000e+00 0.00000e+00 0.00000e+00 0.00000e+00 0.00000e+00 0.00000e+00 0.00000e+00 0.00000e+00 0.00000e+00 
10.0 11.294627059 12.589254118 0.00000e+00 0.00000e+00 0.00000e+00 0.00000e+00 0.00000e+00 0.00000e+00 0.00000e+00 0.00000e+00 0.00000e+00 0.00000e+00 0.00000e+00 0.00000e+00 0.00000e+00 0.00000e+00 
12.589254118 14.219093021 15.848931925 0.00000e+00 0.00000e+00 0.00000e+00 0.00000e+00 0.00000e+00 0.00000e+00 0.00000e+00 0.00000e+00 0.00000e+00 0.00000e+00 0.00000e+00 0.00000e+00 0.00000e+00 0.00000e+00 
15.848931925 17.900777537 19.95262315 0.00000e+00 0.00000e+00 0.00000e+00 0.00000e+00 0.00000e+00 0.00000e+00 0.00000e+00 0.00000e+00 0.00000e+00 0.00000e+00 0.00000e+00 0.00000e+00 0.00000e+00 0.00000e+00 
19.95262315 22.535743732 25.118864315 0.00000e+00 0.00000e+00 0.00000e+00 0.00000e+00 0.00000e+00 0.00000e+00 0.00000e+00 0.00000e+00 0.00000e+00 0.00000e+00 0.00000e+00 0.00000e+00 0.00000e+00 0.00000e+00 
25.118864315 28.370820458 31.622776602 2.31189e-01 3.87718e-04 1.51157e-01 2.52472e-04 3.66482e-01 6.18073e-04 1.68795e-01 2.82341e-04 2.07047e-01 3.46728e-04 3.25666e-01 5.47860e-04 2.60191e-01 4.37451e-04 
31.622776602 35.716746829 39.810717055 7.71109e-01 5.97696e-04 5.04069e-01 3.88866e-04 1.22259e+00 9.53723e-04 5.63073e-01 4.35286e-04 6.90360e-01 5.33996e-04 1.08606e+00 8.44485e-04 8.68137e-01 6.75079e-04 
39.810717055 44.964720209 50.118723363 5.72060e-01 4.18454e-04 3.73838e-01 2.72238e-04 9.07326e-01 6.67735e-04 4.17807e-01 3.04788e-04 5.11897e-01 3.73793e-04 8.05525e-01 5.91144e-04 6.44423e-01 4.72716e-04 
50.118723363 56.607228905 63.095734448 4.22966e-01 2.94496e-04 2.76323e-01 1.91526e-04 6.71090e-01 4.70134e-04 3.08977e-01 2.14527e-04 3.78294e-01 2.62939e-04 5.95444e-01 4.15971e-04 4.76750e-01 3.32873e-04 
63.095734448 71.26427896 79.432823472 3.11046e-01 2.07497e-04 2.03165e-01 1.34942e-04 4.93633e-01 3.31266e-04 2.27270e-01 1.51173e-04 2.78077e-01 1.85232e-04 4.37771e-01 2.93040e-04 3.50774e-01 2.34586e-04 
79.432823472 89.716411736 100.0 2.29035e-01 1.48073e-04 1.49571e-01 9.62712e-05 3.63562e-01 2.36471e-04 1.67380e-01 1.07882e-04 2.04683e-01 1.32145e-04 3.22276e-01 2.09110e-04 2.58403e-01 1.67463e-04 
100.0 112.94627059 125.89254118 1.70000e-01 1.07289e-04 1.11008e-01 6.97597e-05 2.69884e-01 1.71327e-04 1.24254e-01 7.81655e-05 1.51889e-01 9.57581e-05 2.39168e-01 1.51522e-04 1.91853e-01 1.21324e-04 
125.89254118 142.19093021 158.48931925 1.28277e-01 8.00055e-05 8.37548e-02 5.20153e-05 2.03673e-01 1.27774e-04 9.37603e-02 5.82759e-05 1.14597e-01 7.14153e-05 1.80465e-01 1.13017e-04 1.44789e-01 9.04599e-05 
158.48931925 179.00777537 199.5262315 1.00443e-01 6.19564e-05 6.55811e-02 4.03011e-05 1.59483e-01 9.88884e-05 7.34030e-02 4.51127e-05 8.97465e-02 5.53521e-05 1.41335e-01 8.75575e-05 1.13352e-01 6.99805e-05 
199.5262315 225.35743732 251.18864315 6.61601e-02 4.12089e-05 4.31862e-02 2.68201e-05 1.05073e-01 6.57237e-05 4.84282e-02 3.00586e-05 5.90029e-02 3.67715e-05 9.29154e-02 5.81155e-05 7.48237e-02 4.66079e-05 
