10.0 11.294627059 12.589254118 0.00000e+00 0.00000e+00 0.00000e+00 0.00000e+00 0.00000e+00 0.00000e+00 0.00000e+00 0.00000e+00 0.00000e+00 0.00000e+00 0.00000e+00 0.00000e+00 0.00000e+00 0.00000e+00 
12.589254118 14.219093021 15.848931925 0.00000e+00 0.00000e+00 0.00000e+00 0.00000e+00 0.00000e+00 0.00000e+00 0.00000e+00 0.00000e+00 0.00000e+00 0.00000e+00 0.00000e+00 0.00000e+00 0.00000e+00 0.00000e+00 
15.848931925 17.900777537 19.95262315 0.00000e+00 0.00000e+00 0.00000e+00 0.00000e+00 0.00000e+00 0.00000e+00 0.00000e+00 0.00000e+00 0.00000e+00 0.00000e+00 0.00000e+00 0.00000e+00 0.00000e+00 0.00000e+00 
19.95262315 22.535743732 25.118864315 0.00000e+00 0.00000e+00 0.00000e+00 0.00000e+00 0.00000e+00 0.00000e+00 0.00000e+00 0.00000e+00 0.00000e+00 0.00000e+00 0.00000e+00 0.00000e+00 0.00000e+00 0.00000e+00 
25.118864315 28.370820458 31.622776602 0.00000e+00 0.00000e+00 0.00000e+00 0.00000e+00 0.00000e+00 0.00000e+00 0.00000e+00 0.00000e+00 0.00000e+00 0.00000e+00 0.00000e+00 0.00000e+00 0.00000e+00 0.00000e+00 
31.622776602 35.716746829 39.810717055 0.00000e+00 0.00000e+00 0.00000e+00 0.00000e+00 0.00000e+00 0.00000e+00 0.00000e+00 0.00000e+00 0.00000e+00 0.00000e+00 0.00000e+00 0.00000e+00 0.00000e+00 0.00000e+00 
39.810717055 44.964720209 50.118723363 0.00000e+00 0.00000e+00 0.00000e+00 0.00000e+00 0.00000e+00 0.00000e+00 0.00000e+00 0.00000e+00 0.00000e+00 0.00000e+00 0.00000e+00 0.00000e+00 0.00000e+00 0.00000e+00 
50.118723363 56.607228905 63.095734448 0.00000e+00 0.00000e+00 0.00000e+00 0.00000e+00 0.00000e+00 0.00000e+00 0.00000e+00 0.00000e+00 0.00000e+00 0.00000e+00 0.00000e+00 0.00000e+00 0.00000e+00 0.00000e+00 
63.095734448 71.26427896 79.432823472 0.00000e+00 0.00000e+00 0.00000e+00 0.00000e+00 0.00000e+00 0.00000e+00 0.00000e+00 0.00000e+00 0.00000e+00 0.00000e+00 0.00000e+00 0.00000e+00 0.00000e+00 0.00000e+00 
79.432823472 89.716411736 100.0 0.00000e+00 0.00000e+00 0.00000e+00 0.00000e+00 0.00000e+00 0.00000e+00 0.00000e+00 0.00000e+00 0.00000e+00 0.00000e+00 0.00000e+00 0.00000e+00 0.00000e+00 0.00000e+00 
100.0 112.94627059 125.89254118 0.00000e+00 0.00000e+00 0.00000e+00 0.00000e+00 0.00000e+00 0.00000e+00 0.00000e+00 0.00000e+00 0.00000e+00 0.00000e+00 0.00000e+00 0.00000e+00 0.00000e+00 0.00000e+00 
125.89254118 142.19093021 158.48931925 0.00000e+00 0.00000e+00 0.00000e+00 0.00000e+00 0.00000e+00 0.00000e+00 0.00000e+00 0.00000e+00 0.00000e+00 0.00000e+00 0.00000e+00 0.00000e+00 0.00000e+00 0.00000e+00 
158.48931925 179.00777537 199.5262315 0.00000e+00 0.00000e+00 0.00000e+00 0.00000e+00 0.00000e+00 0.00000e+00 0.00000e+00 0.00000e+00 0.00000e+00 0.00000e+00 0.00000e+00 0.00000e+00 0.00000e+00 0.00000e+00 
199.5262315 225.35743732 251.18864315 0.00000e+00 0.00000e+00 0.00000e+00 0.00000e+00 0.00000e+00 0.00000e+00 0.00000e+00 0.00000e+00 0.00000e+00 0.00000e+00 0.00000e+00 0.00000e+00 0.00000e+00 0.00000e+00 
251.18864315 283.70820458 316.22776602 0.00000e+00 0.00000e+00 0.00000e+00 0.00000e+00 0.00000e+00 0.00000e+00 0.00000e+00 0.00000e+00 0.00000e+00 0.00000e+00 0.00000e+00 0.00000e+00 0.00000e+00 0.00000e+00 
316.22776602 357.16746829 398.10717055 0.00000e+00 0.00000e+00 0.00000e+00 0.00000e+00 0.00000e+00 0.00000e+00 0.00000e+00 0.00000e+00 0.00000e+00 0.00000e+00 0.00000e+00 0.00000e+00 0.00000e+00 0.00000e+00 
398.10717055 449.64720209 501.18723363 1.02615e+00 6.10685e-04 6.74239e-01 3.98143e-04 1.62022e+00 9.74580e-04 7.25576e-01 4.31647e-04 9.53555e-01 5.63289e-04 1.50215e+00 8.94375e-04 1.10682e+00 6.65456e-04 
501.18723363 566.07228905 630.95734448 8.25383e-01 3.94469e-04 5.41588e-01 2.57203e-04 1.30480e+00 6.28973e-04 5.88459e-01 2.81143e-04 7.59646e-01 3.60884e-04 1.19616e+00 5.71910e-04 9.00352e-01 4.33837e-04 
630.95734448 712.6427896 794.32823472 4.08589e-01 2.04644e-04 2.67750e-01 1.33311e-04 6.46678e-01 3.26452e-04 2.93882e-01 1.47147e-04 3.72259e-01 1.85403e-04 5.85928e-01 2.93577e-04 4.50957e-01 2.27564e-04 
794.32823472 897.16411736 1000.0 1.74873e-01 9.97563e-05 1.14442e-01 6.49010e-05 2.77058e-01 1.59261e-04 1.26859e-01 7.23458e-05 1.57757e-01 8.94919e-05 2.48201e-01 1.41636e-04 1.95206e-01 1.12172e-04 
1000.0 1129.4627059 1258.9254118 6.74591e-02 4.66413e-05 4.40885e-02 3.02914e-05 1.06989e-01 7.45384e-05 4.93461e-02 3.41100e-05 6.02721e-02 4.14203e-05 9.48097e-02 6.55705e-05 7.61257e-02 5.30211e-05 
1258.9254118 1421.9093021 1584.8931925 2.34789e-02 2.09225e-05 1.53236e-02 1.35834e-05 3.72745e-02 3.34298e-05 1.73113e-02 1.54235e-05 2.07832e-02 1.84266e-05 3.26869e-02 2.91346e-05 2.67744e-02 2.40073e-05 
1584.8931925 1790.0777537 1995.262315 7.32493e-03 9.09940e-06 4.77170e-03 5.90211e-06 1.16480e-02 1.45439e-05 5.44215e-03 6.75950e-06 6.42256e-03 7.94528e-06 1.01071e-02 1.25579e-05 8.44173e-03 1.05386e-05 
1995.262315 2253.5743732 2511.8864315 2.00912e-03 3.82001e-06 1.30529e-03 2.47653e-06 3.20216e-03 6.10311e-06 1.50352e-03 2.85841e-06 1.74424e-03 3.30969e-06 2.74856e-03 5.22653e-06 2.34071e-03 4.46073e-06 
2511.8864315 2837.0820458 3162.2776602 4.68839e-04 1.54324e-06 3.03372e-04 9.99179e-07 7.50249e-04 2.46747e-06 3.53302e-04 1.16292e-06 4.02583e-04 1.32595e-06 6.36261e-04 2.09435e-06 5.52836e-04 1.81818e-06 
