0.0 0.1 0.2 -2.89013e+01 2.04480e+00 -2.87451e+01 1.94476e+00 -2.46575e+01 2.80370e+00 -2.75817e+01 1.70756e+00 -3.08165e+01 2.05272e+00 -2.92107e+01 2.55853e+00 -2.98120e+01 2.29483e+00 
0.2 0.3 0.4 -2.43945e+01 2.25079e+00 -2.41468e+01 1.84128e+00 -2.16043e+01 2.47016e+00 -2.36013e+01 1.81481e+00 -2.69164e+01 2.21296e+00 -2.35860e+01 2.73056e+00 -2.45831e+01 2.06635e+00 
0.4 0.5 0.6 -2.85208e+01 1.80915e+00 -2.91836e+01 1.71518e+00 -2.62977e+01 2.29340e+00 -2.86652e+01 1.80656e+00 -3.21318e+01 1.90886e+00 -2.94557e+01 2.40496e+00 -2.93943e+01 2.15013e+00 
0.6 0.7 0.8 -2.33624e+01 1.68173e+00 -2.38648e+01 1.37003e+00 -1.87690e+01 2.27891e+00 -2.33344e+01 1.38742e+00 -2.67624e+01 1.40298e+00 -2.06256e+01 2.42753e+00 -2.10240e+01 2.03691e+00 
0.8 0.9 1.0 -2.13002e+01 1.70715e+00 -2.25895e+01 1.50116e+00 -1.91520e+01 2.20125e+00 -2.12979e+01 1.39671e+00 -2.51090e+01 1.78970e+00 -2.20788e+01 2.17403e+00 -2.14264e+01 1.84572e+00 
1.0 1.1 1.2 -2.07262e+01 1.61650e+00 -2.19035e+01 1.41823e+00 -1.89426e+01 2.08489e+00 -2.01474e+01 1.31988e+00 -2.31749e+01 1.58345e+00 -2.14240e+01 1.67433e+00 -2.05300e+01 1.28394e+00 
1.2 1.3 1.4 -1.64661e+01 1.35879e+00 -1.74329e+01 1.12187e+00 -1.53451e+01 1.66975e+00 -1.61621e+01 1.27960e+00 -1.93181e+01 1.36518e+00 -1.63292e+01 1.71694e+00 -1.48414e+01 1.45460e+00 
1.4 1.5 1.6 -1.17805e+01 1.24135e+00 -1.32232e+01 1.14223e+00 -1.13905e+01 1.53392e+00 -1.12482e+01 9.51555e-01 -1.47985e+01 1.31882e+00 -1.30333e+01 1.48827e+00 -1.14592e+01 1.29036e+00 
1.6 1.7 1.8 -1.20149e+01 1.13235e+00 -1.17129e+01 9.16070e-01 -1.40670e+01 1.29171e+00 -1.08134e+01 8.73096e-01 -1.38707e+01 1.06904e+00 -1.41985e+01 1.31364e+00 -1.24977e+01 1.08869e+00 
1.8 1.9 2.0 -6.03991e+00 9.26452e-01 -5.83218e+00 8.01707e-01 -7.62855e+00 1.06080e+00 -5.37096e+00 7.86191e-01 -7.85343e+00 8.18813e-01 -7.67595e+00 1.09200e+00 -6.95412e+00 7.50137e-01 
2.0 2.1 2.2 -5.14805e+00 7.18835e-01 -3.60397e+00 6.13918e-01 -6.59875e+00 7.61927e-01 -3.62020e+00 6.17290e-01 -5.44517e+00 7.32747e-01 -6.86334e+00 7.62701e-01 -5.07756e+00 6.79634e-01 
2.2 2.3 2.4 -2.26313e+00 5.14846e-01 -1.53045e+00 4.77059e-01 -4.88477e+00 5.80686e-01 -8.64991e-01 4.33920e-01 -2.63861e+00 5.72673e-01 -4.07089e+00 6.20345e-01 -2.92313e+00 4.89584e-01 
2.4 2.5 2.6 -2.24228e-01 4.27090e-01 1.16942e+00 3.88858e-01 -2.62599e+00 4.43293e-01 6.06944e-01 3.43858e-01 5.91041e-02 4.49747e-01 -1.98965e+00 4.42049e-01 -9.39964e-01 3.80581e-01 
2.6 2.7 2.8 8.70704e-01 3.30599e-01 2.32657e+00 3.16362e-01 -1.88868e+00 3.70555e-01 1.85030e+00 2.87830e-01 1.43026e+00 3.49673e-01 -5.75450e-01 3.73423e-01 -2.07435e-01 3.13389e-01 
2.8 2.9 3.0 1.42643e+00 2.20964e-01 2.66996e+00 2.12305e-01 -8.66962e-01 2.39330e-01 2.17052e+00 1.97025e-01 1.93571e+00 2.28509e-01 6.14905e-02 2.51482e-01 7.30596e-01 2.03799e-01 
3.0 3.1 3.2 1.61754e+00 1.50454e-01 2.68381e+00 1.43536e-01 -2.19783e-01 1.66874e-01 2.26116e+00 1.27581e-01 2.20838e+00 1.60797e-01 5.58843e-01 1.66458e-01 9.39198e-01 1.42781e-01 
3.2 3.3 3.4 1.44457e+00 9.77775e-02 2.22605e+00 9.34388e-02 9.04571e-02 1.06774e-01 1.88326e+00 9.01262e-02 1.91342e+00 1.03038e-01 8.12169e-01 1.09054e-01 9.25350e-01 9.00745e-02 
3.4 3.5 3.6 1.01682e+00 6.47479e-02 1.53164e+00 6.21492e-02 1.02053e-01 6.86701e-02 1.29367e+00 5.94740e-02 1.34802e+00 6.82971e-02 5.77563e-01 7.25052e-02 6.56054e-01 6.04578e-02 
3.6 3.7 3.8 7.09819e-01 3.96201e-02 1.00809e+00 3.88422e-02 1.86949e-01 4.28821e-02 8.56144e-01 3.66729e-02 9.19811e-01 4.22242e-02 4.69280e-01 4.50567e-02 5.00277e-01 3.88569e-02 
3.8 3.9 4.0 2.69223e-01 2.18643e-02 4.32013e-01 2.07073e-02 2.69641e-02 2.56888e-02 3.53460e-01 2.00073e-02 3.74357e-01 2.26242e-02 1.68944e-01 2.51033e-02 1.62461e-01 2.21489e-02 
4.0 4.25 4.5 4.55665e-02 4.16022e-03 6.40715e-02 3.91684e-03 8.06088e-03 4.60632e-03 5.33000e-02 3.77595e-03 5.77291e-02 4.22991e-03 3.01621e-02 4.73249e-03 2.81282e-02 4.02878e-03 
4.5 4.75 5.0 0.00000e+00 0.00000e+00 0.00000e+00 0.00000e+00 0.00000e+00 0.00000e+00 0.00000e+00 0.00000e+00 0.00000e+00 0.00000e+00 0.00000e+00 0.00000e+00 0.00000e+00 0.00000e+00 
5.0 5.25 5.5 0.00000e+00 0.00000e+00 0.00000e+00 0.00000e+00 0.00000e+00 0.00000e+00 0.00000e+00 0.00000e+00 0.00000e+00 0.00000e+00 0.00000e+00 0.00000e+00 0.00000e+00 0.00000e+00 
5.5 5.75 6.0 0.00000e+00 0.00000e+00 0.00000e+00 0.00000e+00 0.00000e+00 0.00000e+00 0.00000e+00 0.00000e+00 0.00000e+00 0.00000e+00 0.00000e+00 0.00000e+00 0.00000e+00 0.00000e+00 
6.0 6.25 6.5 0.00000e+00 0.00000e+00 0.00000e+00 0.00000e+00 0.00000e+00 0.00000e+00 0.00000e+00 0.00000e+00 0.00000e+00 0.00000e+00 0.00000e+00 0.00000e+00 0.00000e+00 0.00000e+00 
6.5 6.75 7.0 0.00000e+00 0.00000e+00 0.00000e+00 0.00000e+00 0.00000e+00 0.00000e+00 0.00000e+00 0.00000e+00 0.00000e+00 0.00000e+00 0.00000e+00 0.00000e+00 0.00000e+00 0.00000e+00 
7.0 7.5 8.0 0.00000e+00 0.00000e+00 0.00000e+00 0.00000e+00 0.00000e+00 0.00000e+00 0.00000e+00 0.00000e+00 0.00000e+00 0.00000e+00 0.00000e+00 0.00000e+00 0.00000e+00 0.00000e+00 
8.0 8.5 9.0 0.00000e+00 0.00000e+00 0.00000e+00 0.00000e+00 0.00000e+00 0.00000e+00 0.00000e+00 0.00000e+00 0.00000e+00 0.00000e+00 0.00000e+00 0.00000e+00 0.00000e+00 0.00000e+00 
9.0 9.5 10.0 0.00000e+00 0.00000e+00 0.00000e+00 0.00000e+00 0.00000e+00 0.00000e+00 0.00000e+00 0.00000e+00 0.00000e+00 0.00000e+00 0.00000e+00 0.00000e+00 0.00000e+00 0.00000e+00 
