0.0 50.0 100.0 4.23901e-03 8.61991e-05 4.33285e-03 8.33701e-05 4.13880e-03 9.10076e-05 4.34848e-03 8.15508e-05 4.22295e-03 8.88306e-05 4.11388e-03 9.21873e-05 4.26765e-03 8.41419e-05 
100.0 150.0 200.0 1.98477e+00 4.78004e-03 2.00790e+00 4.04178e-03 1.96064e+00 5.77644e-03 2.00584e+00 4.24411e-03 1.98318e+00 4.71401e-03 1.96152e+00 5.34797e-03 1.98114e+00 4.83260e-03 
200.0 250.0 300.0 9.24647e+00 9.01378e-03 9.35184e+00 7.78741e-03 9.15679e+00 1.17467e-02 9.32538e+00 7.20865e-03 9.26443e+00 9.12835e-03 9.15974e+00 1.13447e-02 9.23682e+00 9.76506e-03 
300.0 350.0 400.0 5.43996e+00 5.87520e-03 5.47858e+00 4.93761e-03 5.39591e+00 7.79141e-03 5.46935e+00 5.27533e-03 5.44868e+00 5.75647e-03 5.40342e+00 7.24367e-03 5.43297e+00 6.44304e-03 
400.0 450.0 500.0 2.23250e+00 2.81985e-03 2.23660e+00 2.26975e-03 2.22175e+00 3.44042e-03 2.23687e+00 2.43977e-03 2.23437e+00 2.62443e-03 2.22494e+00 3.31258e-03 2.23330e+00 2.70744e-03 
500.0 550.0 600.0 9.18479e-01 1.29752e-03 9.16470e-01 9.93359e-04 9.18327e-01 1.61002e-03 9.17575e-01 1.12625e-03 9.18855e-01 1.15383e-03 9.18118e-01 1.46926e-03 9.19926e-01 1.39360e-03 
600.0 650.0 700.0 4.01873e-01 6.00633e-04 3.99751e-01 5.16217e-04 4.03170e-01 7.60694e-04 4.00560e-01 5.16949e-04 4.01821e-01 6.01775e-04 4.02872e-01 6.88931e-04 4.02975e-01 6.55673e-04 
700.0 750.0 800.0 1.87444e-01 3.23073e-04 1.85915e-01 2.72335e-04 1.88200e-01 4.01033e-04 1.86566e-01 2.86038e-04 1.87063e-01 3.03061e-04 1.88051e-01 3.72440e-04 1.87935e-01 3.47733e-04 
800.0 850.0 900.0 9.35671e-02 1.76298e-04 9.25742e-02 1.50963e-04 9.42221e-02 2.19208e-04 9.29667e-02 1.63309e-04 9.33893e-02 1.68091e-04 9.41009e-02 1.99964e-04 9.39127e-02 1.93418e-04 
900.0 950.0 1000.0 4.88099e-02 1.03863e-04 4.82410e-02 9.09003e-05 4.92599e-02 1.25024e-04 4.84360e-02 9.46084e-05 4.86998e-02 9.98231e-05 4.91390e-02 1.17634e-04 4.90140e-02 1.12927e-04 
1000.0 1100.0 1200.0 2.09829e-02 3.33081e-05 2.06789e-02 2.96558e-05 2.12130e-02 3.93392e-05 2.08095e-02 3.13064e-05 2.08971e-02 3.23025e-05 2.11448e-02 3.62003e-05 2.11126e-02 3.63542e-05 
1200.0 1300.0 1400.0 7.19884e-03 1.49646e-05 7.06746e-03 1.35900e-05 7.30515e-03 1.69432e-05 7.12313e-03 1.44874e-05 7.15682e-03 1.43984e-05 7.27111e-03 1.61475e-05 7.25124e-03 1.63966e-05 
1400.0 1500.0 1600.0 2.75529e-03 7.59012e-06 2.69820e-03 6.91790e-06 2.80441e-03 8.51368e-06 2.72414e-03 7.29757e-06 2.73684e-03 7.21554e-06 2.78577e-03 7.96847e-06 2.78174e-03 8.13624e-06 
1600.0 1700.0 1800.0 1.14528e-03 4.04893e-06 1.11734e-03 3.70897e-06 1.16899e-03 4.45042e-06 1.12969e-03 3.92345e-06 1.13492e-03 3.85229e-06 1.16049e-03 4.23690e-06 1.15784e-03 4.32535e-06 
1800.0 1900.0 2000.0 5.09498e-04 2.36993e-06 4.95258e-04 2.15902e-06 5.22634e-04 2.65490e-06 5.02307e-04 2.29746e-06 5.02818e-04 2.22071e-06 5.16757e-04 2.45499e-06 5.17006e-04 2.57920e-06 
