0.0 0.5 1.0 1.57767e+01 3.37597e-01 2.30087e+01 3.63855e-01 4.05346e+00 3.56876e-01 2.01502e+01 3.22234e-01 1.96770e+01 3.74454e-01 9.13170e+00 3.77426e-01 1.21440e+01 3.24022e-01 
1.0 1.5 2.0 -4.50330e-01 3.88277e-01 -7.34251e-03 3.46571e-01 -2.83339e+00 4.66164e-01 2.48031e-02 3.36241e-01 3.12602e-01 3.80114e-01 -1.17796e+00 4.71448e-01 -1.37921e+00 3.87519e-01 
2.0 2.5 3.0 -1.15553e+01 5.10254e-01 -1.56841e+01 4.17349e-01 -7.44118e+00 6.99341e-01 -1.30985e+01 4.88143e-01 -1.44738e+01 5.47214e-01 -9.04817e+00 6.06108e-01 -9.98793e+00 6.03830e-01 
3.0 3.5 4.0 -9.95533e+00 6.67429e-01 -1.16394e+01 5.50254e-01 -8.02354e+00 8.11064e-01 -1.00604e+01 5.59569e-01 -1.16894e+01 6.56258e-01 -9.00705e+00 8.03339e-01 -8.66786e+00 6.67727e-01 
4.0 4.5 5.0 -1.29611e+00 2.22596e-01 -1.36101e+00 1.86759e-01 -1.23257e+00 2.76665e-01 -1.24156e+00 1.84946e-01 -1.55328e+00 2.18675e-01 -1.45535e+00 2.73897e-01 -1.10306e+00 2.26120e-01 
5.0 5.5 6.0 0.00000e+00 0.00000e+00 0.00000e+00 0.00000e+00 0.00000e+00 0.00000e+00 0.00000e+00 0.00000e+00 0.00000e+00 0.00000e+00 0.00000e+00 0.00000e+00 0.00000e+00 0.00000e+00 
6.0 6.5 7.0 0.00000e+00 0.00000e+00 0.00000e+00 0.00000e+00 0.00000e+00 0.00000e+00 0.00000e+00 0.00000e+00 0.00000e+00 0.00000e+00 0.00000e+00 0.00000e+00 0.00000e+00 0.00000e+00 
7.0 7.5 8.0 0.00000e+00 0.00000e+00 0.00000e+00 0.00000e+00 0.00000e+00 0.00000e+00 0.00000e+00 0.00000e+00 0.00000e+00 0.00000e+00 0.00000e+00 0.00000e+00 0.00000e+00 0.00000e+00 
8.0 8.5 9.0 0.00000e+00 0.00000e+00 0.00000e+00 0.00000e+00 0.00000e+00 0.00000e+00 0.00000e+00 0.00000e+00 0.00000e+00 0.00000e+00 0.00000e+00 0.00000e+00 0.00000e+00 0.00000e+00 
9.0 9.5 10.0 0.00000e+00 0.00000e+00 0.00000e+00 0.00000e+00 0.00000e+00 0.00000e+00 0.00000e+00 0.00000e+00 0.00000e+00 0.00000e+00 0.00000e+00 0.00000e+00 0.00000e+00 0.00000e+00 
