0.0 12.5 25.0 -2.84075e+00 3.38427e-02 -2.97847e+00 2.87286e-02 -2.15254e+00 4.32966e-02 -2.85315e+00 2.57491e-02 -3.25856e+00 3.39090e-02 -2.78942e+00 4.22772e-02 -2.59820e+00 3.61111e-02 
25.0 37.5 50.0 1.27451e+00 1.50658e-02 1.58434e+00 1.22042e-02 7.07120e-01 1.91712e-02 1.40637e+00 1.29738e-02 1.51135e+00 1.43521e-02 1.05707e+00 1.80160e-02 1.01985e+00 1.59598e-02 
50.0 62.5 75.0 3.82659e-01 3.62731e-03 3.76414e-01 3.05988e-03 3.73119e-01 4.74900e-03 3.65405e-01 3.24835e-03 4.00366e-01 3.46915e-03 4.02681e-01 4.31077e-03 3.64832e-01 4.04540e-03 
75.0 87.5 100.0 8.08967e-02 8.83001e-04 7.42331e-02 7.16347e-04 8.60128e-02 1.13883e-03 7.44233e-02 7.61790e-04 8.14559e-02 8.28929e-04 8.83905e-02 1.04546e-03 7.95555e-02 9.54393e-04 
100.0 125.0 150.0 1.28979e-02 1.27394e-04 1.12776e-02 1.03645e-04 1.46735e-02 1.65011e-04 1.15955e-02 1.10705e-04 1.26005e-02 1.19349e-04 1.45066e-02 1.50306e-04 1.31544e-02 1.38507e-04 
150.0 175.0 200.0 1.03139e-03 1.34093e-05 8.61040e-04 1.05863e-05 1.25362e-03 1.77303e-05 9.12827e-04 1.15507e-05 9.73854e-04 1.21808e-05 1.18482e-03 1.56664e-05 1.09857e-03 1.49454e-05 
200.0 225.0 250.0 1.09314e-04 1.60844e-06 8.77831e-05 1.25058e-06 1.38724e-04 2.15805e-06 9.57577e-05 1.38716e-06 1.00640e-04 1.44909e-06 1.26954e-04 1.90030e-06 1.19999e-04 1.83333e-06 
250.0 275.0 300.0 1.43360e-05 2.59948e-07 1.11633e-05 1.95261e-07 1.88692e-05 3.58096e-07 1.24044e-05 2.23594e-07 1.28382e-05 2.26408e-07 1.67956e-05 3.09890e-07 1.61381e-05 3.02618e-07 
300.0 325.0 350.0 2.36086e-06 5.45201e-08 1.78674e-06 4.03048e-08 3.18452e-06 7.46023e-08 2.03772e-06 4.67956e-08 2.05664e-06 4.69336e-08 2.77550e-06 6.45150e-08 2.71218e-06 6.30123e-08 
350.0 375.0 400.0 3.47931e-07 9.52242e-09 2.70709e-07 7.41632e-09 4.79452e-07 1.32919e-08 3.00091e-07 8.13421e-09 3.13108e-07 8.63095e-09 4.08573e-07 1.12352e-08 4.08067e-07 1.12519e-08 
400.0 425.0 450.0 6.52637e-08 2.34155e-09 4.79117e-08 1.71665e-09 9.13552e-08 3.31040e-09 5.60923e-08 2.01039e-09 5.53787e-08 1.98523e-09 7.68119e-08 2.76314e-09 7.74060e-08 2.79784e-09 
450.0 475.0 500.0 8.68603e-09 4.01532e-10 6.33155e-09 2.93154e-10 1.22925e-08 5.71056e-10 7.47980e-09 3.45482e-10 7.35287e-09 3.40732e-10 1.02721e-08 4.76048e-10 1.03693e-08 4.82318e-10 
500.0 550.0 600.0 1.42766e-09 6.95556e-11 1.01402e-09 4.96890e-11 1.93344e-09 9.35288e-11 1.22342e-09 5.96485e-11 1.17588e-09 5.76446e-11 1.67672e-09 8.17000e-11 1.64729e-09 7.96304e-11 
600.0 700.0 800.0 3.33533e-11 1.85964e-12 2.26416e-11 1.26614e-12 4.97754e-11 2.76967e-12 2.92432e-11 1.63352e-12 2.61810e-11 1.46441e-12 3.79509e-11 2.11560e-12 4.28191e-11 2.38025e-12 
800.0 900.0 1000.0 1.57216e-15 1.32411e-16 1.02732e-15 8.25427e-17 2.51684e-15 2.10466e-16 1.36662e-15 1.15120e-16 1.18179e-15 9.49369e-17 1.80846e-15 1.50699e-16 2.16423e-15 1.81027e-16 
