0.0 2.5 5.0 -1.52337e-02 1.80293e-03 -1.80311e-02 1.65539e-03 -8.27309e-03 1.95138e-03 -1.64376e-02 1.54703e-03 -2.20880e-02 1.82014e-03 -1.66803e-02 1.92988e-03 -1.20657e-02 1.70470e-03 
5.0 7.5 10.0 -4.00301e-02 4.31505e-03 -4.06827e-02 3.71715e-03 -2.31358e-02 5.00328e-03 -3.68369e-02 3.81139e-03 -5.40106e-02 4.02947e-03 -3.66644e-02 4.59031e-03 -3.06065e-02 4.32732e-03 
10.0 12.5 15.0 -3.84896e-02 5.64914e-03 -4.51486e-02 5.47136e-03 -1.78697e-02 7.53636e-03 -3.85385e-02 5.41473e-03 -6.25821e-02 6.15362e-03 -4.01608e-02 6.45556e-03 -3.36873e-02 6.21353e-03 
15.0 17.5 20.0 -5.61116e-02 7.31076e-03 -5.22518e-02 6.84463e-03 -3.13012e-02 9.45270e-03 -4.70966e-02 6.34106e-03 -7.89529e-02 7.53250e-03 -5.39339e-02 9.15995e-03 -4.30971e-02 7.35995e-03 
20.0 22.5 25.0 -7.36390e-02 9.01847e-03 -7.26294e-02 7.90493e-03 -5.98758e-02 1.05495e-02 -6.46450e-02 7.04922e-03 -1.02063e-01 8.59744e-03 -8.69118e-02 1.05347e-02 -6.76789e-02 9.22015e-03 
25.0 27.5 30.0 -7.83927e-02 9.81480e-03 -7.55680e-02 8.53160e-03 -5.34601e-02 1.20485e-02 -6.68130e-02 8.68219e-03 -1.08970e-01 9.79686e-03 -8.58229e-02 1.13829e-02 -6.72997e-02 1.00522e-02 
30.0 32.5 35.0 -6.31571e-02 1.04216e-02 -6.24439e-02 9.31779e-03 -3.12626e-02 1.23822e-02 -5.24654e-02 9.23020e-03 -9.77327e-02 1.04797e-02 -7.38834e-02 1.20944e-02 -4.86754e-02 1.06054e-02 
35.0 37.5 40.0 -7.92628e-02 1.12733e-02 -8.14207e-02 9.96070e-03 -5.59519e-02 1.29239e-02 -7.36416e-02 9.01325e-03 -1.17549e-01 1.12165e-02 -7.90676e-02 1.19881e-02 -6.56456e-02 1.14637e-02 
40.0 42.5 45.0 -7.76601e-02 1.14934e-02 -6.83249e-02 1.06033e-02 -5.36981e-02 1.42060e-02 -6.46636e-02 1.05109e-02 -1.13757e-01 1.15427e-02 -9.47127e-02 1.29826e-02 -7.44747e-02 1.21762e-02 
45.0 47.5 50.0 -6.67636e-02 1.22277e-02 -6.44313e-02 1.07163e-02 -2.92499e-02 1.46078e-02 -6.14516e-02 1.06447e-02 -1.00787e-01 1.22323e-02 -7.50035e-02 1.28869e-02 -5.80637e-02 1.25313e-02 
50.0 52.5 55.0 -1.00378e-01 1.20910e-02 -8.35954e-02 1.17743e-02 -7.54876e-02 1.42583e-02 -9.03723e-02 1.10760e-02 -1.32987e-01 1.26571e-02 -1.20634e-01 1.37592e-02 -9.27494e-02 1.36674e-02 
55.0 57.5 60.0 -7.86631e-02 1.31776e-02 -8.14646e-02 1.20891e-02 -4.75988e-02 1.72004e-02 -7.26114e-02 1.21681e-02 -1.22963e-01 1.37776e-02 -9.84988e-02 1.62973e-02 -8.69672e-02 1.39558e-02 
60.0 62.5 65.0 -1.11639e-01 1.40568e-02 -1.01887e-01 1.23480e-02 -6.36801e-02 1.71351e-02 -9.34282e-02 1.24678e-02 -1.55455e-01 1.38842e-02 -1.15500e-01 1.57942e-02 -8.87532e-02 1.46478e-02 
65.0 67.5 70.0 -1.05640e-01 1.42187e-02 -1.03269e-01 1.29397e-02 -5.11572e-02 1.82111e-02 -9.61990e-02 1.27488e-02 -1.54344e-01 1.47255e-02 -1.18329e-01 1.73921e-02 -8.62190e-02 1.50390e-02 
70.0 72.5 75.0 -1.15909e-01 1.48759e-02 -1.17364e-01 1.31653e-02 -6.38193e-02 1.82224e-02 -1.08357e-01 1.31511e-02 -1.65977e-01 1.47390e-02 -1.27937e-01 1.76046e-02 -1.05312e-01 1.52849e-02 
75.0 77.5 80.0 -1.22252e-01 1.33816e-02 -1.09560e-01 1.24316e-02 -7.67778e-02 1.81015e-02 -1.17237e-01 1.23975e-02 -1.62685e-01 1.47530e-02 -1.32056e-01 1.72353e-02 -1.09978e-01 1.51587e-02 
80.0 82.5 85.0 -1.29067e-01 1.43790e-02 -1.12425e-01 1.26438e-02 -9.90811e-02 1.68628e-02 -1.12453e-01 1.27332e-02 -1.77418e-01 1.38652e-02 -1.48663e-01 1.72265e-02 -1.27623e-01 1.48514e-02 
85.0 87.5 90.0 -1.27083e-01 1.30139e-02 -1.16500e-01 1.19475e-02 -9.38090e-02 1.65689e-02 -1.10679e-01 1.21048e-02 -1.73267e-01 1.38490e-02 -1.51237e-01 1.61842e-02 -1.17253e-01 1.42108e-02 
90.0 92.5 95.0 -1.14065e-01 1.15129e-02 -9.48463e-02 1.09201e-02 -8.87174e-02 1.57482e-02 -9.69941e-02 1.04081e-02 -1.44514e-01 1.27926e-02 -1.22546e-01 1.42914e-02 -1.16425e-01 1.34101e-02 
95.0 97.5 100.0 -1.05119e-01 1.20902e-02 -8.26368e-02 1.11502e-02 -7.24725e-02 1.49848e-02 -8.92552e-02 1.07838e-02 -1.38594e-01 1.27379e-02 -1.19926e-01 1.35682e-02 -1.00591e-01 1.27610e-02 
100.0 105.0 110.0 -9.09710e-02 8.85598e-03 -5.42789e-02 7.82135e-03 -8.78933e-02 1.05892e-02 -7.12223e-02 7.15869e-03 -1.05361e-01 9.02659e-03 -1.15361e-01 1.08601e-02 -1.03188e-01 8.94612e-03 
110.0 115.0 120.0 -6.10076e-02 8.12137e-03 -3.14648e-02 6.63754e-03 -5.41351e-02 9.84355e-03 -4.48783e-02 7.04538e-03 -7.67836e-02 7.79621e-03 -8.48710e-02 9.56945e-03 -7.02803e-02 8.33652e-03 
120.0 125.0 130.0 -1.86200e-02 6.55696e-03 1.34358e-02 5.99542e-03 -2.17019e-02 8.34947e-03 -4.42434e-03 5.98913e-03 -2.80935e-02 6.94727e-03 -3.80194e-02 8.02964e-03 -3.23903e-02 7.11190e-03 
130.0 135.0 140.0 -1.69997e-02 5.46021e-03 1.42702e-02 5.11919e-03 -2.40447e-02 6.87757e-03 -4.35123e-03 4.99000e-03 -2.11112e-02 5.74462e-03 -3.57552e-02 6.44509e-03 -3.56742e-02 5.69525e-03 
140.0 145.0 150.0 -1.57945e-02 4.95229e-03 1.47060e-02 4.44610e-03 -2.44916e-02 5.86142e-03 -2.21013e-03 4.24481e-03 -1.51900e-02 4.94649e-03 -3.45844e-02 5.75644e-03 -3.16593e-02 5.00624e-03 
150.0 155.0 160.0 -8.81359e-03 3.97357e-03 1.79827e-02 3.65830e-03 -1.32254e-02 4.70693e-03 1.49183e-03 3.63669e-03 -7.73221e-03 4.10934e-03 -2.36031e-02 4.68672e-03 -2.30469e-02 4.01260e-03 
160.0 165.0 170.0 -4.61057e-03 3.56499e-03 1.87772e-02 3.16613e-03 -9.42576e-03 3.97029e-03 1.64450e-03 3.07980e-03 -2.50272e-03 3.54900e-03 -1.78908e-02 4.03619e-03 -1.88353e-02 3.56030e-03 
170.0 175.0 180.0 1.28608e-03 2.79256e-03 2.28709e-02 2.62227e-03 -5.93500e-03 3.27222e-03 7.49570e-03 2.55446e-03 4.99191e-03 2.96575e-03 -1.04573e-02 3.15838e-03 -1.04938e-02 2.83772e-03 
180.0 185.0 190.0 -3.12765e-03 2.36355e-03 1.85644e-02 2.21115e-03 -1.03934e-02 2.77133e-03 4.09352e-03 2.07316e-03 2.17719e-03 2.42790e-03 -1.39208e-02 2.66539e-03 -1.37937e-02 2.37030e-03 
190.0 195.0 200.0 4.09011e-03 2.05560e-03 2.25238e-02 1.96333e-03 -5.17390e-04 2.21096e-03 1.01499e-02 1.85502e-03 8.42369e-03 2.16918e-03 -3.88718e-03 2.30660e-03 -5.00976e-03 2.04922e-03 
200.0 212.5 225.0 4.27810e-03 1.19857e-03 1.82337e-02 1.12110e-03 -6.58236e-04 1.38231e-03 8.48448e-03 1.07878e-03 9.00224e-03 1.18428e-03 -1.05831e-03 1.36242e-03 -2.32260e-03 1.16238e-03 
225.0 237.5 250.0 4.03359e-03 7.65117e-04 1.34350e-02 7.69141e-04 2.61580e-04 8.76951e-04 7.04051e-03 7.24214e-04 7.80585e-03 8.22989e-04 4.50601e-04 8.96548e-04 -1.00983e-03 7.87603e-04 
250.0 262.5 275.0 4.00366e-03 5.14068e-04 1.04367e-02 5.03589e-04 5.68140e-04 6.26671e-04 5.75724e-03 4.80910e-04 6.31726e-03 5.63543e-04 8.12362e-04 6.28499e-04 -1.11010e-04 5.56051e-04 
275.0 287.5 300.0 2.29874e-03 3.57974e-04 7.18541e-03 3.52693e-04 2.58859e-06 3.86363e-04 3.63781e-03 3.32259e-04 4.19688e-03 3.91024e-04 3.99379e-04 4.02603e-04 -3.37686e-04 3.46894e-04 
300.0 312.5 325.0 1.84142e-03 2.55728e-04 5.08871e-03 2.51470e-04 1.59563e-04 2.69714e-04 2.65742e-03 2.36558e-04 3.47831e-03 2.70156e-04 6.30743e-04 2.85091e-04 -1.89802e-04 2.43615e-04 
325.0 337.5 350.0 1.55392e-03 1.83085e-04 3.85128e-03 1.88383e-04 2.64995e-04 1.94850e-04 2.07153e-03 1.73079e-04 2.60677e-03 2.06090e-04 7.03235e-04 2.03075e-04 1.67617e-04 1.76157e-04 
350.0 362.5 375.0 9.27858e-04 1.38976e-04 2.57008e-03 1.38944e-04 5.88816e-05 1.42041e-04 1.52616e-03 1.13072e-04 1.69847e-03 1.49767e-04 3.10508e-04 1.54552e-04 -4.53020e-05 1.28770e-04 
375.0 387.5 400.0 9.05342e-04 1.02007e-04 2.19863e-03 1.04364e-04 1.58437e-04 9.42330e-05 1.28290e-03 8.80202e-05 1.58979e-03 1.14828e-04 3.70262e-04 1.09918e-04 1.20504e-04 8.92043e-05 
400.0 412.5 425.0 6.78030e-04 7.39077e-05 1.60760e-03 7.13930e-05 1.91353e-04 7.33979e-05 8.97637e-04 6.80336e-05 1.16031e-03 8.49048e-05 3.92131e-04 8.17646e-05 1.97585e-04 6.71255e-05 
425.0 437.5 450.0 4.71895e-04 5.84152e-05 1.15360e-03 6.08402e-05 1.19097e-04 5.58944e-05 6.68757e-04 5.36104e-05 8.40545e-04 6.65747e-05 2.41527e-04 6.32855e-05 1.06421e-04 5.08676e-05 
450.0 462.5 475.0 4.26584e-04 4.11841e-05 8.38129e-04 4.54553e-05 7.64144e-05 4.14765e-05 5.09612e-04 4.05921e-05 6.45038e-04 5.14642e-05 1.97654e-04 4.90543e-05 9.04123e-05 3.85401e-05 
475.0 487.5 500.0 3.55064e-04 3.21846e-05 7.20521e-04 3.56698e-05 7.26480e-05 3.16626e-05 4.35627e-04 3.07279e-05 5.48649e-04 4.06766e-05 2.11557e-04 3.42602e-05 1.03937e-04 2.89169e-05 
500.0 512.5 525.0 3.04350e-04 2.78960e-05 6.12017e-04 2.82983e-05 9.57875e-05 2.56167e-05 3.92422e-04 2.43074e-05 4.92778e-04 3.20349e-05 2.00748e-04 3.07964e-05 1.11866e-04 2.34391e-05 
525.0 537.5 550.0 1.67930e-04 2.14668e-05 3.98010e-04 2.39738e-05 1.36459e-05 1.99972e-05 2.36234e-04 1.83189e-05 2.93394e-04 2.26250e-05 8.83140e-05 2.41872e-05 3.74916e-05 1.84192e-05 
550.0 562.5 575.0 1.50453e-04 1.72437e-05 3.13932e-04 1.84413e-05 1.76847e-05 1.51269e-05 1.88651e-04 1.57221e-05 2.46867e-04 2.06182e-05 7.91478e-05 1.89879e-05 3.61011e-05 1.33920e-05 
575.0 587.5 600.0 1.23144e-04 1.41642e-05 2.52482e-04 1.58413e-05 3.88850e-05 1.31837e-05 1.56569e-04 1.32420e-05 2.03358e-04 1.75182e-05 7.67806e-05 1.59414e-05 4.46977e-05 1.17237e-05 
