0.0 2.5 5.0 1.11935e+00 5.78928e-03 1.13120e+00 5.70712e-03 1.11035e+00 6.05685e-03 1.12919e+00 5.67978e-03 1.11866e+00 5.86197e-03 1.10803e+00 6.04443e-03 1.11844e+00 5.79788e-03 
5.0 7.5 10.0 3.28855e+00 9.75651e-03 3.32223e+00 9.29875e-03 3.26755e+00 1.04613e-02 3.31704e+00 9.21748e-03 3.29107e+00 9.93268e-03 3.26332e+00 1.03561e-02 3.28965e+00 9.67213e-03 
10.0 12.5 15.0 5.24472e+00 1.23412e-02 5.29277e+00 1.16296e-02 5.20173e+00 1.35111e-02 5.28108e+00 1.16580e-02 5.24890e+00 1.25316e-02 5.20260e+00 1.34659e-02 5.23670e+00 1.24254e-02 
15.0 17.5 20.0 6.97713e+00 1.46365e-02 7.03616e+00 1.38537e-02 6.92624e+00 1.58451e-02 7.02098e+00 1.37603e-02 6.98536e+00 1.47157e-02 6.93136e+00 1.59163e-02 6.96927e+00 1.45774e-02 
20.0 22.5 25.0 8.49343e+00 1.63757e-02 8.55568e+00 1.57513e-02 8.44342e+00 1.84473e-02 8.53584e+00 1.55445e-02 8.50032e+00 1.67864e-02 8.44800e+00 1.82405e-02 8.48258e+00 1.68037e-02 
25.0 27.5 30.0 9.72374e+00 1.79257e-02 9.79935e+00 1.64100e-02 9.65561e+00 2.04034e-02 9.77662e+00 1.64079e-02 9.73752e+00 1.79488e-02 9.66718e+00 1.96637e-02 9.69771e+00 1.84335e-02 
30.0 32.5 35.0 1.07970e+01 1.91045e-02 1.08809e+01 1.80464e-02 1.07310e+01 1.96481e-02 1.08552e+01 1.73371e-02 1.08143e+01 1.92496e-02 1.07357e+01 2.08963e-02 1.07866e+01 1.93552e-02 
35.0 37.5 40.0 1.17620e+01 1.97384e-02 1.18343e+01 1.82685e-02 1.17001e+01 2.12368e-02 1.18108e+01 1.85972e-02 1.17763e+01 1.97493e-02 1.17138e+01 2.21878e-02 1.17576e+01 2.02659e-02 
40.0 42.5 45.0 1.25575e+01 2.02702e-02 1.26353e+01 1.94386e-02 1.25142e+01 2.23300e-02 1.26115e+01 1.87450e-02 1.25685e+01 1.99957e-02 1.25186e+01 2.31668e-02 1.25524e+01 2.13642e-02 
45.0 47.5 50.0 1.31938e+01 2.24008e-02 1.32822e+01 2.03148e-02 1.31356e+01 2.52759e-02 1.32474e+01 2.08889e-02 1.32150e+01 2.16065e-02 1.31392e+01 2.48611e-02 1.31896e+01 2.23193e-02 
50.0 52.5 55.0 1.38439e+01 2.23303e-02 1.39257e+01 2.11746e-02 1.38038e+01 2.59027e-02 1.38973e+01 2.10535e-02 1.38655e+01 2.29244e-02 1.37893e+01 2.49597e-02 1.38476e+01 2.31191e-02 
55.0 57.5 60.0 1.44384e+01 2.36766e-02 1.45109e+01 2.14894e-02 1.43744e+01 2.61259e-02 1.44814e+01 2.17752e-02 1.44569e+01 2.32533e-02 1.43773e+01 2.63407e-02 1.44153e+01 2.36720e-02 
60.0 62.5 65.0 1.50067e+01 2.36303e-02 1.50800e+01 2.19615e-02 1.49352e+01 2.73586e-02 1.50554e+01 2.20162e-02 1.50109e+01 2.39241e-02 1.49381e+01 2.66494e-02 1.49883e+01 2.49456e-02 
65.0 67.5 70.0 1.55131e+01 2.42723e-02 1.56208e+01 2.23326e-02 1.54214e+01 2.73972e-02 1.55776e+01 2.22680e-02 1.55486e+01 2.41835e-02 1.54377e+01 2.69052e-02 1.54996e+01 2.47878e-02 
70.0 72.5 75.0 1.58617e+01 2.40096e-02 1.59520e+01 2.18268e-02 1.57819e+01 2.81830e-02 1.59231e+01 2.22744e-02 1.58827e+01 2.37096e-02 1.57900e+01 2.62286e-02 1.58500e+01 2.51865e-02 
75.0 77.5 80.0 1.60160e+01 2.38105e-02 1.61042e+01 2.17300e-02 1.59325e+01 2.61283e-02 1.60799e+01 2.21311e-02 1.60377e+01 2.34283e-02 1.59449e+01 2.46688e-02 1.59994e+01 2.43626e-02 
80.0 82.5 85.0 1.59356e+01 2.29744e-02 1.60319e+01 2.16526e-02 1.58626e+01 2.63990e-02 1.59951e+01 2.13474e-02 1.59709e+01 2.33125e-02 1.58747e+01 2.58806e-02 1.59130e+01 2.24037e-02 
85.0 87.5 90.0 1.57048e+01 2.29544e-02 1.57946e+01 2.06570e-02 1.56315e+01 2.61051e-02 1.57575e+01 2.13612e-02 1.57213e+01 2.27231e-02 1.56326e+01 2.53033e-02 1.56907e+01 2.34938e-02 
90.0 92.5 95.0 1.52972e+01 2.16515e-02 1.53819e+01 2.05976e-02 1.52124e+01 2.42099e-02 1.53417e+01 2.03172e-02 1.53265e+01 2.18675e-02 1.52382e+01 2.42894e-02 1.52699e+01 2.20696e-02 
95.0 97.5 100.0 1.48127e+01 2.03388e-02 1.48780e+01 1.92462e-02 1.47350e+01 2.34433e-02 1.48435e+01 1.98104e-02 1.48239e+01 2.07951e-02 1.47532e+01 2.28348e-02 1.47918e+01 2.17135e-02 
100.0 105.0 110.0 1.38124e+01 1.44266e-02 1.38744e+01 1.33756e-02 1.37615e+01 1.59277e-02 1.38425e+01 1.34907e-02 1.38361e+01 1.42893e-02 1.37705e+01 1.58906e-02 1.37921e+01 1.37769e-02 
110.0 115.0 120.0 1.23755e+01 1.27788e-02 1.24196e+01 1.20290e-02 1.23359e+01 1.45420e-02 1.23943e+01 1.22880e-02 1.23940e+01 1.27457e-02 1.23456e+01 1.41804e-02 1.23636e+01 1.34953e-02 
120.0 125.0 130.0 1.08520e+01 1.15160e-02 1.08854e+01 1.07538e-02 1.08263e+01 1.27802e-02 1.08676e+01 1.10128e-02 1.08697e+01 1.13606e-02 1.08301e+01 1.23734e-02 1.08408e+01 1.18548e-02 
130.0 135.0 140.0 9.37907e+00 1.03383e-02 9.39948e+00 9.68398e-03 9.35754e+00 1.11591e-02 9.38851e+00 9.88788e-03 9.39054e+00 1.01848e-02 9.36488e+00 1.10158e-02 9.37255e+00 1.05181e-02 
140.0 145.0 150.0 8.00905e+00 8.91409e-03 8.02783e+00 8.23835e-03 7.98866e+00 9.80653e-03 8.01504e+00 8.54472e-03 8.01907e+00 8.70060e-03 7.99709e+00 9.47325e-03 8.00389e+00 9.31857e-03 
150.0 155.0 160.0 6.79856e+00 7.80596e-03 6.80672e+00 7.32323e-03 6.78680e+00 8.61461e-03 6.80119e+00 7.52250e-03 6.80471e+00 7.64854e-03 6.79083e+00 8.24484e-03 6.79581e+00 8.16520e-03 
160.0 165.0 170.0 5.72834e+00 6.76747e-03 5.73595e+00 6.35822e-03 5.72079e+00 7.28580e-03 5.73024e+00 6.54240e-03 5.73580e+00 6.62523e-03 5.72571e+00 7.13070e-03 5.72727e+00 6.96317e-03 
170.0 175.0 180.0 4.81830e+00 5.95724e-03 4.82013e+00 5.61366e-03 4.81125e+00 6.53820e-03 4.81751e+00 5.77539e-03 4.82196e+00 5.81381e-03 4.81670e+00 6.24235e-03 4.81572e+00 6.26929e-03 
180.0 185.0 190.0 4.02877e+00 5.13119e-03 4.03156e+00 4.81477e-03 4.02213e+00 5.62198e-03 4.02836e+00 4.97667e-03 4.03344e+00 4.99223e-03 4.02664e+00 5.31650e-03 4.02645e+00 5.38982e-03 
190.0 195.0 200.0 3.37898e+00 4.46733e-03 3.37701e+00 4.18048e-03 3.37675e+00 4.84806e-03 3.37678e+00 4.39006e-03 3.38167e+00 4.31657e-03 3.37941e+00 4.63916e-03 3.37884e+00 4.68199e-03 
200.0 212.5 225.0 2.49500e+00 2.27866e-03 2.49372e+00 2.14732e-03 2.49291e+00 2.49895e-03 2.49341e+00 2.20918e-03 2.49630e+00 2.23185e-03 2.49508e+00 2.37185e-03 2.49429e+00 2.41902e-03 
225.0 237.5 250.0 1.61119e+00 1.64411e-03 1.60955e+00 1.54107e-03 1.61142e+00 1.80650e-03 1.60957e+00 1.60664e-03 1.61229e+00 1.58943e-03 1.61202e+00 1.69926e-03 1.61174e+00 1.74122e-03 
250.0 262.5 275.0 1.05063e+00 1.18096e-03 1.04879e+00 1.10533e-03 1.05114e+00 1.28826e-03 1.04911e+00 1.15290e-03 1.05135e+00 1.13914e-03 1.05164e+00 1.22210e-03 1.05100e+00 1.24934e-03 
275.0 287.5 300.0 6.97076e-01 8.66998e-04 6.94918e-01 8.11808e-04 6.97536e-01 9.39145e-04 6.95665e-01 8.48494e-04 6.97053e-01 8.38846e-04 6.98111e-01 8.93214e-04 6.97345e-01 9.16221e-04 
300.0 312.5 325.0 4.68622e-01 6.43662e-04 4.67040e-01 6.02223e-04 4.69246e-01 7.00998e-04 4.67588e-01 6.30744e-04 4.68622e-01 6.17731e-04 4.69338e-01 6.62499e-04 4.69015e-01 6.84496e-04 
325.0 337.5 350.0 3.19717e-01 4.86939e-04 3.18554e-01 4.57091e-04 3.20384e-01 5.30711e-04 3.18865e-01 4.78326e-04 3.19824e-01 4.69797e-04 3.20499e-01 5.00498e-04 3.20100e-01 5.19257e-04 
350.0 362.5 375.0 2.21714e-01 3.85867e-04 2.20722e-01 3.62521e-04 2.22299e-01 4.17642e-04 2.21120e-01 3.80104e-04 2.21591e-01 3.70073e-04 2.22270e-01 3.95838e-04 2.22188e-01 4.12731e-04 
375.0 387.5 400.0 1.56222e-01 2.92760e-04 1.55490e-01 2.73682e-04 1.56624e-01 3.17571e-04 1.55741e-01 2.87267e-04 1.56192e-01 2.80475e-04 1.56685e-01 2.98898e-04 1.56433e-01 3.11316e-04 
400.0 412.5 425.0 1.11299e-01 2.29813e-04 1.10644e-01 2.15285e-04 1.11705e-01 2.49678e-04 1.10932e-01 2.26279e-04 1.11200e-01 2.20364e-04 1.11661e-01 2.34986e-04 1.11539e-01 2.45686e-04 
425.0 437.5 450.0 8.03012e-02 1.92111e-04 7.98190e-02 1.79633e-04 8.06221e-02 2.09492e-04 8.00120e-02 1.89318e-04 8.02236e-02 1.83468e-04 8.06073e-02 1.96376e-04 8.04694e-02 2.06130e-04 
450.0 462.5 475.0 5.88294e-02 1.49694e-04 5.83892e-02 1.39834e-04 5.91440e-02 1.63301e-04 5.85894e-02 1.47178e-04 5.87173e-02 1.43052e-04 5.90461e-02 1.52980e-04 5.90180e-02 1.60673e-04 
475.0 487.5 500.0 4.33826e-02 1.23137e-04 4.30449e-02 1.14954e-04 4.36089e-02 1.34177e-04 4.31936e-02 1.21209e-04 4.32956e-02 1.17612e-04 4.35613e-02 1.25817e-04 4.35048e-02 1.32121e-04 
500.0 512.5 525.0 3.25258e-02 1.02139e-04 3.22425e-02 9.49942e-05 3.27344e-02 1.11710e-04 3.23775e-02 1.00593e-04 3.24513e-02 9.72007e-05 3.26661e-02 1.04273e-04 3.26420e-02 1.10028e-04 
525.0 537.5 550.0 2.44758e-02 8.25928e-05 2.42540e-02 7.68221e-05 2.46300e-02 9.01446e-05 2.43484e-02 8.07277e-05 2.44012e-02 7.74958e-05 2.45873e-02 8.43183e-05 2.45640e-02 8.87869e-05 
550.0 562.5 575.0 1.85609e-02 6.76284e-05 1.83824e-02 6.29173e-05 1.86931e-02 7.39095e-05 1.84633e-02 6.66406e-05 1.85186e-02 6.42989e-05 1.86472e-02 6.88321e-05 1.86340e-02 7.28181e-05 
575.0 587.5 600.0 1.41887e-02 5.66817e-05 1.40460e-02 5.27031e-05 1.42835e-02 6.20082e-05 1.41075e-02 5.56023e-05 1.41473e-02 5.35818e-05 1.42642e-02 5.78162e-05 1.42348e-02 6.09258e-05 
