30.0 35.0 40.0 1.85515e+02 6.61057e-02 2.50431e+02 9.04778e-02 1.40096e+02 4.94896e-02 1.82898e+02 6.60765e-02 2.54015e+02 9.05179e-02 1.85952e+02 6.56906e-02 1.39767e+02 4.98023e-02 
40.0 45.0 50.0 1.22134e+02 4.75052e-02 1.65689e+02 6.52569e-02 9.18515e+01 3.54432e-02 1.21148e+02 4.77133e-02 1.67038e+02 6.49723e-02 1.21803e+02 4.70014e-02 9.21013e+01 3.58231e-02 
50.0 55.0 60.0 8.57325e+01 3.70491e-02 1.16806e+02 5.09595e-02 6.42433e+01 2.75996e-02 8.55221e+01 3.73105e-02 1.17093e+02 5.06025e-02 8.50988e+01 3.65598e-02 6.47218e+01 2.79690e-02 
60.0 65.0 70.0 6.27940e+01 2.99406e-02 8.58932e+01 4.12718e-02 4.68972e+01 2.22568e-02 6.29852e+01 3.02640e-02 8.56325e+01 4.08308e-02 6.20455e+01 2.94464e-02 4.74630e+01 2.26304e-02 
70.0 75.0 80.0 4.73335e+01 2.47628e-02 6.49766e+01 3.42100e-02 3.52441e+01 1.83692e-02 4.77260e+01 2.51273e-02 6.44422e+01 3.37138e-02 4.65665e+01 2.42708e-02 3.58246e+01 1.87416e-02 
80.0 85.0 90.0 3.63945e+01 2.07253e-02 5.01223e+01 2.86924e-02 2.70245e+01 1.53433e-02 3.68793e+01 2.11112e-02 4.94635e+01 2.81680e-02 3.56565e+01 2.02444e-02 2.75839e+01 1.57078e-02 
90.0 95.0 100.0 2.84785e+01 1.75774e-02 3.93412e+01 2.43973e-02 2.10916e+01 1.29831e-02 2.89983e+01 1.79829e-02 3.86361e+01 2.38472e-02 2.77881e+01 1.71054e-02 2.16156e+01 1.33414e-02 
100.0 105.0 110.0 2.25262e+01 1.50154e-02 3.12063e+01 2.08849e-02 1.66435e+01 1.10695e-02 2.30435e+01 1.54217e-02 3.05057e+01 2.03347e-02 2.18952e+01 1.45624e-02 1.71232e+01 1.14138e-02 
110.0 115.0 120.0 1.80295e+01 1.29302e-02 2.50392e+01 1.80206e-02 1.32930e+01 9.51497e-03 1.85232e+01 1.33309e-02 2.43719e+01 1.74789e-02 1.74613e+01 1.24987e-02 1.37256e+01 9.84348e-03 
120.0 125.0 130.0 1.45839e+01 1.12241e-02 2.03024e+01 1.56731e-02 1.07307e+01 8.24508e-03 1.50465e+01 1.16155e-02 1.96783e+01 1.51451e-02 1.40746e+01 1.08145e-02 1.11191e+01 8.55742e-03 
130.0 135.0 140.0 1.18771e+01 9.80084e-03 1.65711e+01 1.37119e-02 8.72230e+00 7.18711e-03 1.23034e+01 1.01805e-02 1.59970e+01 1.32006e-02 1.14235e+01 9.41297e-03 9.06866e+00 7.48326e-03 
140.0 145.0 150.0 9.76281e+00 8.59782e-03 1.36488e+01 1.20507e-02 7.15698e+00 6.29456e-03 1.01518e+01 8.96305e-03 1.31259e+01 1.15597e-02 9.35993e+00 8.23212e-03 7.46504e+00 6.57419e-03 
150.0 155.0 160.0 8.07913e+00 7.58210e-03 1.13166e+01 1.06447e-02 5.91289e+00 5.54265e-03 8.43167e+00 7.93098e-03 1.08435e+01 1.01764e-02 7.72202e+00 7.23855e-03 6.18634e+00 5.80571e-03 
160.0 165.0 170.0 6.73212e+00 6.72347e-03 9.44659e+00 9.45488e-03 4.91945e+00 4.90776e-03 7.05018e+00 7.05631e-03 9.02042e+00 9.00891e-03 6.41581e+00 6.40062e-03 5.16199e+00 5.15532e-03 
170.0 175.0 180.0 5.63035e+00 5.97574e-03 7.91298e+00 8.41516e-03 4.10876e+00 4.35649e-03 5.91522e+00 6.29057e-03 7.53191e+00 7.99401e-03 5.35135e+00 5.67403e-03 4.32298e+00 4.58814e-03 
180.0 185.0 190.0 4.73943e+00 5.33268e-03 6.67196e+00 7.52108e-03 3.45367e+00 3.88242e-03 4.99537e+00 5.63108e-03 6.33012e+00 7.12253e-03 4.49224e+00 5.04997e-03 3.64371e+00 4.09978e-03 
190.0 195.0 200.0 4.01892e+00 4.77876e-03 5.66569e+00 6.74860e-03 2.92500e+00 3.47510e-03 4.24850e+00 5.06050e-03 5.35954e+00 6.37289e-03 3.79976e+00 4.51441e-03 3.09370e+00 3.67859e-03 
200.0 205.0 210.0 3.41598e+00 4.29114e-03 4.82189e+00 6.06730e-03 2.48336e+00 3.11708e-03 3.62119e+00 4.55645e-03 4.54864e+00 5.71402e-03 3.22208e+00 4.04434e-03 2.63280e+00 3.30730e-03 
210.0 215.0 220.0 2.92472e+00 3.87006e-03 4.13408e+00 5.47933e-03 2.12365e+00 2.80779e-03 3.10917e+00 4.12089e-03 3.88882e+00 5.14582e-03 2.75209e+00 3.63870e-03 2.25686e+00 2.98631e-03 
220.0 225.0 230.0 2.50947e+00 3.49981e-03 3.55138e+00 4.96120e-03 1.82013e+00 2.53632e-03 2.67468e+00 3.73645e-03 3.33202e+00 4.64699e-03 2.35604e+00 3.28311e-03 1.93866e+00 2.70372e-03 
230.0 235.0 240.0 2.15456e+00 3.16430e-03 3.05255e+00 4.48980e-03 1.56120e+00 2.29121e-03 2.30210e+00 3.38601e-03 2.85691e+00 4.19583e-03 2.01863e+00 2.96253e-03 1.66634e+00 2.44726e-03 
240.0 245.0 250.0 1.87110e+00 2.88026e-03 2.65353e+00 4.09053e-03 1.35463e+00 2.08377e-03 2.00379e+00 3.08892e-03 2.47781e+00 3.81422e-03 1.74963e+00 2.69140e-03 1.44867e+00 2.22999e-03 
250.0 255.0 260.0 1.62356e+00 2.62348e-03 2.30504e+00 3.73023e-03 1.17425e+00 1.89600e-03 1.74282e+00 2.82038e-03 2.14730e+00 3.46980e-03 1.51507e+00 2.44632e-03 1.25833e+00 2.03330e-03 
260.0 265.0 270.0 1.40913e+00 2.38998e-03 2.00243e+00 3.40129e-03 1.01834e+00 1.72584e-03 1.51586e+00 2.57480e-03 1.86144e+00 3.15715e-03 1.31258e+00 2.22452e-03 1.09324e+00 1.85421e-03 
270.0 275.0 280.0 1.23988e+00 2.19638e-03 1.76367e+00 3.12884e-03 8.95238e-01 1.58463e-03 1.33669e+00 2.37133e-03 1.63595e+00 2.89800e-03 1.15279e+00 2.04051e-03 9.62878e-01 1.70567e-03 
280.0 285.0 290.0 1.08672e+00 2.01256e-03 1.54702e+00 2.86937e-03 7.84090e-01 1.45090e-03 1.17382e+00 2.17717e-03 1.43222e+00 2.65243e-03 1.00870e+00 1.86654e-03 8.44733e-01 1.56441e-03 
290.0 295.0 300.0 9.54617e-01 1.84537e-03 1.36015e+00 2.63311e-03 6.88233e-01 1.32937e-03 1.03318e+00 2.00013e-03 1.25672e+00 2.42938e-03 8.84571e-01 1.70862e-03 7.42731e-01 1.43577e-03 
300.0 305.0 310.0 8.37346e-01 1.69568e-03 1.19407e+00 2.42148e-03 6.03279e-01 1.22069e-03 9.08010e-01 1.84137e-03 1.10114e+00 2.22990e-03 7.74690e-01 1.56753e-03 6.52071e-01 1.32048e-03 
310.0 315.0 320.0 7.45092e-01 1.56643e-03 1.06328e+00 2.23883e-03 5.36405e-01 1.12668e-03 8.09403e-01 1.70426e-03 9.78801e-01 2.05777e-03 6.88219e-01 1.44556e-03 5.80732e-01 1.22088e-03 
320.0 325.0 330.0 6.59929e-01 1.44839e-03 9.42479e-01 2.07171e-03 4.74759e-01 1.04104e-03 7.18169e-01 1.57864e-03 8.66049e-01 1.90078e-03 6.08616e-01 1.33457e-03 5.14787e-01 1.12983e-03 
330.0 335.0 340.0 5.84524e-01 1.33688e-03 8.35299e-01 1.91352e-03 4.20277e-01 9.60278e-04 6.37122e-01 1.45953e-03 7.66340e-01 1.75272e-03 5.38334e-01 1.23003e-03 4.56338e-01 1.04370e-03 
340.0 345.0 350.0 5.25455e-01 1.24836e-03 7.51373e-01 1.78779e-03 3.77580e-01 8.96226e-04 5.73654e-01 1.36492e-03 6.88242e-01 1.63511e-03 4.83261e-01 1.14707e-03 4.10547e-01 9.75363e-04 
350.0 355.0 360.0 4.64931e-01 1.15168e-03 6.65232e-01 1.65044e-03 3.33900e-01 8.26299e-04 5.08355e-01 1.26122e-03 6.08407e-01 1.50709e-03 4.27027e-01 1.05676e-03 3.63538e-01 9.00519e-04 
360.0 365.0 370.0 4.17250e-01 1.07476e-03 5.97431e-01 1.54141e-03 2.99466e-01 7.70566e-04 4.56952e-01 1.17896e-03 5.45523e-01 1.40517e-03 3.82701e-01 9.84744e-04 3.26500e-01 8.41004e-04 
370.0 375.0 380.0 3.74029e-01 1.00234e-03 5.35829e-01 1.43809e-03 2.68315e-01 7.18367e-04 4.10191e-01 1.10089e-03 4.88592e-01 1.30935e-03 3.42644e-01 9.17370e-04 2.92893e-01 7.84902e-04 
380.0 385.0 390.0 3.35120e-01 9.31925e-04 4.80362e-01 1.33787e-03 2.40277e-01 6.67527e-04 3.68040e-01 1.02503e-03 4.37396e-01 1.21634e-03 3.06621e-01 8.51841e-04 2.62610e-01 7.30284e-04 
390.0 395.0 400.0 3.01490e-01 8.72324e-04 4.32447e-01 1.25330e-03 2.16034e-01 6.24391e-04 3.31600e-01 9.61026e-04 3.93180e-01 1.13762e-03 2.75493e-01 7.96244e-04 2.36420e-01 6.84051e-04 
400.0 405.0 410.0 2.73008e-01 8.21430e-04 3.91808e-01 1.18076e-03 1.95526e-01 5.87689e-04 3.00679e-01 9.06126e-04 3.55750e-01 1.07039e-03 2.49173e-01 7.48937e-04 2.14229e-01 6.44575e-04 
410.0 415.0 420.0 2.46613e-01 7.67353e-04 3.54121e-01 1.10385e-03 1.76532e-01 5.48620e-04 2.71971e-01 8.47776e-04 3.21104e-01 9.99140e-04 2.24820e-01 6.98691e-04 1.93643e-01 6.02534e-04 
420.0 425.0 430.0 2.23300e-01 7.18408e-04 3.20792e-01 1.03390e-03 1.59774e-01 5.13400e-04 2.46562e-01 7.94660e-04 2.90527e-01 9.34694e-04 2.03350e-01 6.53422e-04 1.75449e-01 5.64460e-04 
430.0 435.0 440.0 2.01500e-01 6.75307e-04 2.89627e-01 9.72198e-04 1.44104e-01 4.82436e-04 2.22774e-01 7.47791e-04 2.61968e-01 8.77962e-04 1.83293e-01 6.13633e-04 1.58418e-01 5.30924e-04 
440.0 445.0 450.0 1.82704e-01 6.36329e-04 2.62727e-01 9.16397e-04 1.30607e-01 4.54432e-04 2.02230e-01 7.05382e-04 2.37359e-01 8.26687e-04 1.66024e-01 5.77664e-04 1.43728e-01 5.00582e-04 
450.0 455.0 460.0 1.66919e-01 5.98168e-04 2.40154e-01 8.62089e-04 1.19265e-01 4.26883e-04 1.84986e-01 6.64048e-04 2.16700e-01 7.76561e-04 1.51517e-01 5.42325e-04 1.31388e-01 4.70839e-04 
460.0 465.0 470.0 1.51993e-01 5.62024e-04 2.18763e-01 8.10275e-04 1.08560e-01 4.00947e-04 1.68625e-01 6.24568e-04 1.97186e-01 7.29133e-04 1.37838e-01 5.09081e-04 1.19708e-01 4.42644e-04 
470.0 475.0 480.0 1.38102e-01 5.29704e-04 1.98863e-01 7.64050e-04 9.85954e-02 3.77717e-04 1.53389e-01 5.89334e-04 1.79044e-01 6.86741e-04 1.25116e-01 4.79316e-04 1.08830e-01 4.17424e-04 
480.0 485.0 490.0 1.25855e-01 5.02926e-04 1.81269e-01 7.25359e-04 8.98309e-02 3.58633e-04 1.39910e-01 5.59860e-04 1.63059e-01 6.51595e-04 1.13931e-01 4.54847e-04 9.92331e-02 3.96542e-04 
490.0 495.0 500.0 1.15649e-01 4.78984e-04 1.66666e-01 6.91248e-04 8.25022e-02 3.41367e-04 1.28722e-01 5.33874e-04 1.49740e-01 6.20177e-04 1.04579e-01 4.32716e-04 9.12352e-02 3.77867e-04 
500.0 505.0 510.0 1.05575e-01 4.49778e-04 1.52220e-01 6.49509e-04 7.52818e-02 3.20367e-04 1.17638e-01 5.01951e-04 1.36611e-01 5.81999e-04 9.53768e-02 4.05883e-04 8.33313e-02 3.55014e-04 
510.0 515.0 520.0 9.62960e-02 4.23589e-04 1.38880e-01 6.11926e-04 6.86461e-02 3.01598e-04 1.07395e-01 4.73196e-04 1.24527e-01 5.47776e-04 8.69250e-02 3.81907e-04 7.60465e-02 3.34515e-04 
520.0 525.0 530.0 8.87281e-02 4.01885e-04 1.28046e-01 5.81019e-04 6.32153e-02 2.85944e-04 9.90763e-02 4.49567e-04 1.14672e-01 5.19396e-04 8.00076e-02 3.61902e-04 7.01056e-02 3.17535e-04 
530.0 535.0 540.0 8.07805e-02 3.77467e-04 1.16604e-01 5.45690e-04 5.75393e-02 2.68569e-04 9.02762e-02 4.22478e-04 1.04339e-01 4.87552e-04 7.27877e-02 3.39742e-04 6.38577e-02 2.98391e-04 
540.0 545.0 550.0 7.38608e-02 3.58116e-04 1.06655e-01 5.17877e-04 5.25926e-02 2.54724e-04 8.26205e-02 4.01176e-04 9.53468e-02 4.62291e-04 6.64978e-02 3.22072e-04 5.84160e-02 2.83231e-04 
550.0 555.0 560.0 6.92727e-02 3.48075e-04 1.00076e-01 5.03595e-04 4.93044e-02 2.47473e-04 7.75679e-02 3.90332e-04 8.93738e-02 4.49077e-04 6.23105e-02 3.12755e-04 5.48134e-02 2.75421e-04 
560.0 565.0 570.0 6.30138e-02 3.31015e-04 9.10730e-02 4.78917e-04 4.48317e-02 2.35335e-04 7.06287e-02 3.71408e-04 8.12539e-02 4.26832e-04 5.66314e-02 2.97276e-04 4.98842e-02 2.62044e-04 
570.0 575.0 580.0 5.78034e-02 3.11651e-04 8.35684e-02 4.51078e-04 4.11127e-02 2.21484e-04 6.48437e-02 3.50007e-04 7.44952e-02 4.01646e-04 5.19098e-02 2.79651e-04 4.57805e-02 2.46828e-04 
580.0 585.0 590.0 5.33687e-02 2.95843e-04 7.71850e-02 4.28458e-04 3.79455e-02 2.10132e-04 5.99224e-02 3.32633e-04 6.87433e-02 3.81070e-04 4.78893e-02 2.65198e-04 4.22873e-02 2.34414e-04 
590.0 595.0 600.0 4.91946e-02 2.79683e-04 7.11789e-02 4.05218e-04 3.49633e-02 1.98575e-04 5.52882e-02 3.14753e-04 6.33338e-02 3.60068e-04 4.41063e-02 2.50503e-04 3.89969e-02 2.21706e-04 
600.0 605.0 610.0 4.59907e-02 2.68929e-04 6.65616e-02 3.89872e-04 3.26774e-02 1.90832e-04 5.17281e-02 3.02987e-04 5.91790e-02 3.46048e-04 4.12049e-02 2.40633e-04 3.64727e-02 2.13273e-04 
610.0 615.0 620.0 4.24115e-02 2.54354e-04 6.14005e-02 3.68748e-04 3.01253e-02 1.80480e-04 4.77410e-02 2.86714e-04 5.45461e-02 3.27129e-04 3.79709e-02 2.27483e-04 3.36483e-02 2.01799e-04 
620.0 625.0 630.0 3.92771e-02 2.43110e-04 5.68945e-02 3.52680e-04 2.78842e-02 1.72394e-04 4.42592e-02 2.74356e-04 5.04901e-02 3.12514e-04 3.51317e-02 2.17202e-04 3.11744e-02 1.92957e-04 
630.0 635.0 640.0 3.62075e-02 2.32121e-04 5.24607e-02 3.36748e-04 2.56988e-02 1.64592e-04 4.08296e-02 2.62087e-04 4.65219e-02 2.98245e-04 3.23653e-02 2.07288e-04 2.87496e-02 1.84310e-04 
640.0 645.0 650.0 3.33965e-02 2.22440e-04 4.83926e-02 3.22746e-04 2.37008e-02 1.57703e-04 3.76813e-02 2.51309e-04 4.28898e-02 2.85671e-04 2.98372e-02 1.98534e-04 2.65281e-02 1.76693e-04 
650.0 655.0 660.0 3.10443e-02 2.13524e-04 4.49996e-02 3.09792e-04 2.20243e-02 1.51384e-04 3.50556e-02 2.41334e-04 3.98505e-02 2.74093e-04 2.77157e-02 1.90504e-04 2.46693e-02 1.69676e-04 
660.0 665.0 670.0 2.87865e-02 2.06603e-04 4.17394e-02 2.99705e-04 2.04165e-02 1.46492e-04 3.25306e-02 2.33583e-04 3.69354e-02 2.65088e-04 2.56826e-02 1.84278e-04 2.28839e-02 1.64240e-04 
670.0 675.0 680.0 2.68981e-02 2.04567e-04 3.90211e-02 2.96668e-04 1.90681e-02 1.45081e-04 3.04256e-02 2.31320e-04 3.44970e-02 2.62358e-04 2.39775e-02 1.82434e-04 2.13908e-02 1.62683e-04 
680.0 685.0 690.0 2.50614e-02 1.95913e-04 3.63640e-02 2.84173e-04 1.77623e-02 1.38915e-04 2.83663e-02 2.21673e-04 3.21273e-02 2.51150e-04 2.23272e-02 1.74616e-04 1.99375e-02 1.55857e-04 
690.0 695.0 700.0 2.32953e-02 1.85511e-04 3.38132e-02 2.69212e-04 1.65052e-02 1.31480e-04 2.63879e-02 2.10093e-04 2.98504e-02 2.37712e-04 2.07395e-02 1.65210e-04 1.85392e-02 1.47635e-04 
700.0 705.0 710.0 2.14072e-02 1.75191e-04 3.10825e-02 2.54350e-04 1.51626e-02 1.24112e-04 2.42671e-02 1.98579e-04 2.74193e-02 2.24393e-04 1.90457e-02 1.55896e-04 1.70427e-02 1.39473e-04 
710.0 715.0 720.0 2.01469e-02 1.67430e-04 2.92645e-02 2.43260e-04 1.42644e-02 1.18532e-04 2.28573e-02 1.90001e-04 2.57943e-02 2.14363e-04 1.79111e-02 1.48835e-04 1.60450e-02 1.33341e-04 
720.0 725.0 730.0 1.88284e-02 1.59192e-04 2.73597e-02 2.31403e-04 1.33261e-02 1.12649e-04 2.13783e-02 1.80814e-04 2.40964e-02 2.03732e-04 1.67271e-02 1.41398e-04 1.50002e-02 1.26824e-04 
730.0 735.0 740.0 1.74890e-02 1.50151e-04 2.54170e-02 2.18258e-04 1.23762e-02 1.06249e-04 1.98684e-02 1.70612e-04 2.23731e-02 1.92084e-04 1.55295e-02 1.33320e-04 1.39379e-02 1.19663e-04 
740.0 745.0 750.0 1.61961e-02 1.42080e-04 2.35409e-02 2.06598e-04 1.14598e-02 1.00505e-04 1.84092e-02 1.61561e-04 2.07109e-02 1.81687e-04 1.43748e-02 1.26070e-04 1.29118e-02 1.13269e-04 
750.0 755.0 760.0 1.53784e-02 1.37657e-04 2.23590e-02 2.00253e-04 1.08781e-02 9.73340e-05 1.74917e-02 1.56661e-04 1.96576e-02 1.75961e-04 1.36406e-02 1.22052e-04 1.22640e-02 1.09779e-04 
760.0 765.0 770.0 1.44481e-02 1.31297e-04 2.10097e-02 1.91053e-04 1.02184e-02 9.28111e-05 1.64425e-02 1.49521e-04 1.84613e-02 1.67767e-04 1.28091e-02 1.16342e-04 1.15259e-02 1.04741e-04 
770.0 775.0 780.0 1.34227e-02 1.25572e-04 1.95289e-02 1.82832e-04 9.48858e-03 8.87147e-05 1.52895e-02 1.43142e-04 1.71446e-02 1.60391e-04 1.18904e-02 1.11171e-04 1.07114e-02 1.00206e-04 
780.0 785.0 790.0 1.26116e-02 1.20671e-04 1.83523e-02 1.75738e-04 8.91349e-03 8.52326e-05 1.43736e-02 1.37639e-04 1.61026e-02 1.54074e-04 1.11662e-02 1.06774e-04 1.00673e-02 9.63264e-05 
790.0 795.0 800.0 1.17330e-02 1.15142e-04 1.70792e-02 1.67736e-04 8.29002e-03 8.13025e-05 1.33815e-02 1.31421e-04 1.49753e-02 1.46960e-04 1.03819e-02 1.01818e-04 9.36892e-03 9.19421e-05 
800.0 805.0 810.0 1.07839e-02 1.09460e-04 1.57022e-02 1.59531e-04 7.61727e-03 7.72569e-05 1.23071e-02 1.25038e-04 1.37588e-02 1.39656e-04 9.53645e-03 9.67216e-05 8.61369e-03 8.74315e-05 
810.0 815.0 820.0 1.01526e-02 1.05184e-04 1.47868e-02 1.53302e-04 7.16956e-03 7.42358e-05 1.15937e-02 1.20198e-04 1.29487e-02 1.34153e-04 8.97321e-03 9.29113e-05 8.11188e-03 8.40413e-05 
820.0 825.0 830.0 9.46502e-03 1.01368e-04 1.37894e-02 1.47779e-04 6.68501e-03 7.15460e-05 1.08156e-02 1.15909e-04 1.20675e-02 1.29239e-04 8.36421e-03 8.95176e-05 7.56482e-03 8.10169e-05 
830.0 835.0 840.0 9.04601e-03 9.86618e-05 1.31851e-02 1.43906e-04 6.38350e-03 6.95808e-05 1.03452e-02 1.12910e-04 1.15293e-02 1.25746e-04 7.98459e-03 8.70328e-05 7.23208e-03 7.88779e-05 
840.0 845.0 850.0 8.30376e-03 9.33540e-05 1.21064e-02 1.36175e-04 5.85827e-03 6.58321e-05 9.50203e-03 1.06881e-04 1.05797e-02 1.18941e-04 7.32549e-03 8.23200e-05 6.64060e-03 7.46560e-05 
850.0 855.0 860.0 7.86916e-03 9.07674e-05 1.14727e-02 1.32396e-04 5.55159e-03 6.40087e-05 9.00769e-03 1.03950e-04 1.00226e-02 1.15606e-04 6.93999e-03 8.00166e-05 6.29487e-03 7.26087e-05 
860.0 865.0 870.0 7.42054e-03 8.86783e-05 1.08199e-02 1.29343e-04 5.23444e-03 6.25357e-05 8.49796e-03 1.01586e-04 9.44809e-03 1.12909e-04 6.54167e-03 7.81533e-05 5.93768e-03 7.09575e-05 
870.0 875.0 880.0 7.06296e-03 8.67227e-05 1.03081e-02 1.26553e-04 4.97801e-03 6.11290e-05 8.09862e-03 9.94276e-05 8.98986e-03 1.10382e-04 6.21945e-03 7.63736e-05 5.65316e-03 6.94123e-05 
880.0 885.0 890.0 6.51530e-03 8.30645e-05 9.51304e-03 1.21249e-04 4.59014e-03 5.85348e-05 7.47641e-03 9.52912e-05 8.29011e-03 1.05692e-04 5.73327e-03 7.31124e-05 5.21624e-03 6.65026e-05 
890.0 895.0 900.0 6.20184e-03 8.12442e-05 9.05725e-03 1.18589e-04 4.36835e-03 5.72512e-05 7.12045e-03 9.32301e-05 7.88877e-03 1.03343e-04 5.45478e-03 7.14898e-05 4.96662e-03 6.50627e-05 
900.0 905.0 910.0 5.75509e-03 7.90035e-05 8.40401e-03 1.15278e-04 4.05392e-03 5.56881e-05 6.60898e-03 9.06552e-05 7.31819e-03 1.00461e-04 5.06080e-03 6.95194e-05 4.61008e-03 6.32853e-05 
910.0 915.0 920.0 5.41644e-03 7.59337e-05 7.91314e-03 1.10824e-04 3.81375e-03 5.35126e-05 6.22488e-03 8.71801e-05 6.88544e-03 9.65277e-05 4.75973e-03 6.67861e-05 4.33994e-03 6.08422e-05 
920.0 925.0 930.0 5.23759e-03 7.66616e-05 7.65241e-03 1.11844e-04 3.68745e-03 5.40420e-05 6.02163e-03 8.80092e-05 6.65604e-03 9.74231e-05 4.60090e-03 6.74293e-05 4.19773e-03 6.14414e-05 
930.0 935.0 940.0 4.84458e-03 7.37328e-05 7.07879e-03 1.07527e-04 3.41042e-03 5.19948e-05 5.57193e-03 8.46380e-05 6.15474e-03 9.36729e-05 4.25417e-03 6.48585e-05 3.88373e-03 5.91091e-05 
940.0 945.0 950.0 4.55709e-03 7.24273e-05 6.66265e-03 1.05636e-04 3.20628e-03 5.10679e-05 5.24593e-03 8.31738e-05 5.78778e-03 9.19871e-05 3.99853e-03 6.36863e-05 3.65418e-03 5.80770e-05 
950.0 955.0 960.0 4.37923e-03 7.32567e-05 6.40263e-03 1.06758e-04 3.08106e-03 5.16895e-05 5.04268e-03 8.40820e-05 5.56024e-03 9.30130e-05 3.84141e-03 6.44455e-05 3.51243e-03 5.87567e-05 
960.0 965.0 970.0 3.97048e-03 7.23283e-05 5.80889e-03 1.05393e-04 2.79175e-03 5.10387e-05 4.57639e-03 8.30313e-05 5.03980e-03 9.18073e-05 3.47985e-03 6.36183e-05 3.18537e-03 5.80264e-05 
970.0 975.0 980.0 3.76972e-03 7.52401e-05 5.51400e-03 1.09511e-04 2.65104e-03 5.31463e-05 4.34532e-03 8.63000e-05 4.78360e-03 9.54762e-05 3.30365e-03 6.62295e-05 3.02504e-03 6.03770e-05 
980.0 985.0 990.0 3.64310e-03 7.21947e-05 5.33181e-03 1.05128e-04 2.56063e-03 5.09726e-05 4.20292e-03 8.28693e-05 4.62162e-03 9.15859e-05 3.19023e-03 6.35056e-05 2.92413e-03 5.79469e-05 
990.0 995.0 1000.0 3.42990e-03 6.80976e-05 5.02200e-03 9.91938e-05 2.40979e-03 4.80650e-05 3.95984e-03 7.82142e-05 4.34991e-03 8.63636e-05 3.00157e-03 5.98686e-05 2.75367e-03 5.46716e-05 
