50.0 75.0 100.0 2.15132e+01 7.07533e-03 3.37257e+01 1.11559e-02 1.42367e+01 4.67287e-03 2.23564e+01 7.39443e-03 3.24541e+01 1.06749e-02 2.06366e+01 6.77425e-03 1.48416e+01 4.88070e-03 
100.0 125.0 150.0 1.35855e+01 4.59303e-03 2.13950e+01 7.31785e-03 8.95259e+00 3.00398e-03 1.43391e+01 4.90220e-03 2.02710e+01 6.85655e-03 1.28613e+01 4.31724e-03 9.45679e+00 3.19595e-03 
150.0 175.0 200.0 6.28977e+00 2.46401e-03 9.94567e+00 3.92851e-03 4.12872e+00 1.60890e-03 6.74266e+00 2.66235e-03 9.27775e+00 3.63590e-03 5.87591e+00 2.29047e-03 4.41955e+00 1.73083e-03 
200.0 225.0 250.0 2.90429e+00 1.36570e-03 4.60505e+00 2.17802e-03 1.90114e+00 8.90713e-04 3.15355e+00 1.49107e-03 4.24111e+00 1.99492e-03 2.68334e+00 1.25750e-03 2.05770e+00 9.67365e-04 
250.0 275.0 300.0 1.36417e+00 7.65222e-04 2.16741e+00 1.22081e-03 8.91105e-01 4.98585e-04 1.49696e+00 8.42967e-04 1.97517e+00 1.10823e-03 1.24889e+00 6.98914e-04 9.73362e-01 5.45892e-04 
300.0 325.0 350.0 6.61342e-01 4.42843e-04 1.05241e+00 7.07781e-04 4.31276e-01 2.87946e-04 7.32166e-01 4.92311e-04 9.50610e-01 6.36667e-04 6.00804e-01 4.01200e-04 4.74733e-01 3.17835e-04 
350.0 375.0 400.0 3.32455e-01 2.64540e-04 5.29701e-01 4.23199e-04 2.16510e-01 1.71800e-04 3.70820e-01 2.96217e-04 4.74900e-01 3.77944e-04 3.00052e-01 2.38123e-04 2.39891e-01 1.90861e-04 
400.0 425.0 450.0 1.73007e-01 1.61162e-04 2.75957e-01 2.58133e-04 1.12535e-01 1.04517e-04 1.94232e-01 1.81663e-04 2.45801e-01 2.29003e-04 1.55253e-01 1.44208e-04 1.25404e-01 1.16805e-04 
450.0 475.0 500.0 9.31581e-02 1.01240e-04 1.48709e-01 1.62239e-04 6.05400e-02 6.56039e-05 1.05169e-01 1.14726e-04 1.31725e-01 1.43168e-04 8.31892e-02 9.01559e-05 6.77948e-02 7.36696e-05 
500.0 525.0 550.0 5.16097e-02 6.54659e-05 8.24518e-02 1.04901e-04 3.35086e-02 4.24135e-05 5.85578e-02 7.44950e-05 7.26686e-02 9.21869e-05 4.58818e-02 5.80792e-05 3.76918e-02 4.78078e-05 
550.0 575.0 600.0 2.95295e-02 4.40338e-05 4.72143e-02 7.05609e-05 1.91559e-02 2.85213e-05 3.36589e-02 5.02989e-05 4.14219e-02 6.17721e-05 2.61456e-02 3.89307e-05 2.16352e-02 3.22600e-05 
600.0 625.0 650.0 1.73158e-02 3.02176e-05 2.77032e-02 4.84012e-05 1.12246e-02 1.95751e-05 1.98173e-02 3.46214e-05 2.42063e-02 4.22448e-05 1.52761e-02 2.66420e-05 1.27233e-02 2.22023e-05 
650.0 675.0 700.0 1.03970e-02 2.06421e-05 1.66451e-02 3.30414e-05 6.73437e-03 1.33767e-05 1.19440e-02 2.37083e-05 1.44891e-02 2.87682e-05 9.14124e-03 1.81584e-05 7.65948e-03 1.52065e-05 
700.0 725.0 750.0 6.34439e-03 1.45005e-05 1.01638e-02 2.32166e-05 4.10547e-03 9.38688e-06 7.31403e-03 1.67061e-05 8.81637e-03 2.01514e-05 5.55941e-03 1.27118e-05 4.68517e-03 1.07078e-05 
750.0 775.0 800.0 3.95913e-03 1.01239e-05 6.34694e-03 1.62128e-05 2.56053e-03 6.55536e-06 4.57937e-03 1.16972e-05 5.48729e-03 1.40322e-05 3.45962e-03 8.85749e-06 2.93023e-03 7.49265e-06 
800.0 825.0 850.0 2.51403e-03 7.22225e-06 4.03291e-03 1.15709e-05 1.62477e-03 4.67394e-06 2.91686e-03 8.36845e-06 3.47596e-03 9.98609e-06 2.19075e-03 6.30229e-06 1.86454e-03 5.35620e-06 
850.0 875.0 900.0 1.62503e-03 5.18211e-06 2.60871e-03 8.30736e-06 1.04942e-03 3.35136e-06 1.89104e-03 6.02170e-06 2.24174e-03 7.14909e-06 1.41225e-03 4.51022e-06 1.20754e-03 3.85061e-06 
900.0 925.0 950.0 1.05649e-03 3.73168e-06 1.69733e-03 5.98431e-06 6.81719e-04 2.41220e-06 1.23298e-03 4.34698e-06 1.45438e-03 5.13726e-06 9.15775e-04 3.24049e-06 7.86473e-04 2.77784e-06 
950.0 975.0 1000.0 7.02494e-04 2.78961e-06 1.12928e-03 4.47496e-06 4.52986e-04 1.80240e-06 8.21949e-04 3.25700e-06 9.65159e-04 3.83278e-06 6.07500e-04 2.41728e-06 5.23819e-04 2.08002e-06 
1000.0 1025.0 1050.0 4.67925e-04 2.03060e-06 7.52727e-04 3.25769e-06 3.01501e-04 1.31169e-06 5.48890e-04 2.37548e-06 6.41694e-04 2.78474e-06 4.03711e-04 1.75638e-06 3.49457e-04 1.51648e-06 
1050.0 1075.0 1100.0 3.16073e-04 1.54047e-06 5.08874e-04 2.47237e-06 2.03480e-04 9.94558e-07 3.71723e-04 1.80598e-06 4.32691e-04 2.10890e-06 2.72056e-04 1.32976e-06 2.36402e-04 1.15215e-06 
1100.0 1125.0 1150.0 2.16126e-04 1.15590e-06 3.48274e-04 1.85522e-06 1.39009e-04 7.46153e-07 2.54828e-04 1.35741e-06 2.95379e-04 1.57980e-06 1.85596e-04 9.96239e-07 1.61876e-04 8.65731e-07 
1150.0 1175.0 1200.0 1.47088e-04 8.95694e-07 2.37216e-04 1.43743e-06 9.45257e-05 5.78166e-07 1.73843e-04 1.05341e-06 2.00708e-04 1.22222e-06 1.26035e-04 7.70898e-07 1.10316e-04 6.71762e-07 
1200.0 1225.0 1250.0 1.04317e-04 7.14108e-07 1.68388e-04 1.14542e-06 6.69800e-05 4.61127e-07 1.23586e-04 8.40658e-07 1.42133e-04 9.72996e-07 8.91926e-05 6.14059e-07 7.83380e-05 5.36259e-07 
1250.0 1275.0 1300.0 7.18129e-05 5.55052e-07 1.16023e-04 8.89948e-07 4.60706e-05 3.58520e-07 8.52736e-05 6.54083e-07 9.77081e-05 7.55206e-07 6.12736e-05 4.76834e-07 5.39948e-05 4.17331e-07 
