40.0 50.0 60.0 1.56431e+01 8.37969e-03 2.44849e+01 1.31410e-02 1.03674e+01 5.56201e-03 1.61450e+01 8.66599e-03 2.37237e+01 1.27068e-02 1.50918e+01 8.09575e-03 1.07462e+01 5.75706e-03 
60.0 70.0 80.0 2.12196e+01 1.15465e-02 3.30890e+01 1.80192e-02 1.41051e+01 7.68637e-03 2.19068e+01 1.19294e-02 3.20510e+01 1.74411e-02 2.04663e+01 1.11533e-02 1.46242e+01 7.95745e-03 
80.0 90.0 100.0 1.97623e+01 1.01216e-02 3.08821e+01 1.59465e-02 1.31100e+01 6.67969e-03 2.05373e+01 1.06038e-02 2.97168e+01 1.52214e-02 1.89541e+01 9.65805e-03 1.36690e+01 7.00029e-03 
100.0 110.0 120.0 1.54696e+01 8.04881e-03 2.42473e+01 1.27457e-02 1.02353e+01 5.29339e-03 1.62021e+01 8.51613e-03 2.31512e+01 1.20464e-02 1.47399e+01 7.62352e-03 1.07420e+01 5.58872e-03 
120.0 130.0 140.0 1.16122e+01 6.30318e-03 1.82451e+01 9.99142e-03 7.66618e+00 4.13697e-03 1.22505e+01 6.70813e-03 1.72945e+01 9.38832e-03 1.09966e+01 5.93455e-03 8.09536e+00 4.39395e-03 
140.0 150.0 160.0 8.59614e+00 4.95910e-03 1.35325e+01 7.87425e-03 5.66469e+00 3.24973e-03 9.12930e+00 5.31168e-03 1.27422e+01 7.35158e-03 8.09446e+00 4.64396e-03 6.01579e+00 3.47026e-03 
160.0 170.0 180.0 6.33655e+00 3.88141e-03 9.99274e+00 6.16383e-03 4.16886e+00 2.54283e-03 6.77155e+00 4.17667e-03 9.35083e+00 5.72811e-03 5.93523e+00 3.62041e-03 4.45075e+00 2.72615e-03 
180.0 190.0 200.0 4.67496e+00 3.07287e-03 7.38336e+00 4.88102e-03 3.07126e+00 2.01152e-03 5.02442e+00 3.32137e-03 6.86984e+00 4.51585e-03 4.35732e+00 2.85396e-03 3.29515e+00 2.16581e-03 
200.0 210.0 220.0 3.45524e+00 2.44288e-03 5.46409e+00 3.88162e-03 2.26704e+00 1.59812e-03 3.73325e+00 2.65191e-03 5.05719e+00 3.57567e-03 3.20579e+00 2.25998e-03 2.44344e+00 1.72746e-03 
220.0 230.0 240.0 2.55476e+00 1.94346e-03 4.04465e+00 3.09064e-03 1.67426e+00 1.26989e-03 2.77381e+00 2.11946e-03 3.72524e+00 2.83400e-03 2.36028e+00 1.79029e-03 1.81221e+00 1.37854e-03 
240.0 250.0 260.0 1.89525e+00 1.54549e-03 3.00382e+00 2.45953e-03 1.24073e+00 1.00918e-03 2.06720e+00 1.69253e-03 2.75396e+00 2.24585e-03 1.74409e+00 1.41866e-03 1.34826e+00 1.09941e-03 
260.0 270.0 280.0 1.40915e+00 1.23091e-03 2.23537e+00 1.95915e-03 9.21689e-01 8.03487e-04 1.54335e+00 1.35259e-03 2.04099e+00 1.78290e-03 1.29212e+00 1.12645e-03 1.00517e+00 8.77993e-04 
280.0 290.0 300.0 1.05364e+00 9.87858e-04 1.67292e+00 1.57369e-03 6.88545e-01 6.44235e-04 1.15856e+00 1.08979e-03 1.52143e+00 1.42650e-03 9.62829e-01 9.00897e-04 7.53487e-01 7.06422e-04 
300.0 310.0 320.0 7.91481e-01 7.96530e-04 1.25764e+00 1.27036e-03 5.16817e-01 5.18855e-04 8.73473e-01 8.82277e-04 1.13958e+00 1.14690e-03 7.20973e-01 7.23838e-04 5.67360e-01 5.70962e-04 
320.0 330.0 340.0 5.97351e-01 6.42727e-04 9.49808e-01 1.02589e-03 3.89781e-01 4.18303e-04 6.61463e-01 7.14426e-04 8.57749e-01 9.22938e-04 5.42537e-01 5.82254e-04 4.29162e-01 4.61749e-04 
340.0 350.0 360.0 4.53410e-01 5.24467e-04 7.21378e-01 8.37905e-04 2.95669e-01 3.41019e-04 5.03658e-01 5.85001e-04 6.49409e-01 7.51203e-04 4.10673e-01 4.73673e-04 3.26439e-01 3.77589e-04 
360.0 370.0 380.0 3.46332e-01 4.28992e-04 5.51373e-01 6.85480e-04 2.25695e-01 2.78859e-04 3.85883e-01 4.79730e-04 4.94860e-01 6.12983e-04 3.12855e-01 3.86558e-04 2.49845e-01 3.09471e-04 
380.0 390.0 400.0 2.65809e-01 3.51372e-04 4.23390e-01 5.61682e-04 1.73130e-01 2.28295e-04 2.96982e-01 3.93974e-04 3.78949e-01 5.00945e-04 2.39537e-01 3.15868e-04 1.92119e-01 2.53956e-04 
400.0 410.0 420.0 2.05406e-01 2.88516e-04 3.27367e-01 4.61553e-04 1.33709e-01 1.87310e-04 2.30119e-01 3.24436e-04 2.92210e-01 4.10452e-04 1.84663e-01 2.58695e-04 1.48728e-01 2.08902e-04 
420.0 430.0 440.0 1.58876e-01 2.37703e-04 2.53329e-01 3.80602e-04 1.03368e-01 1.54182e-04 1.78439e-01 2.68083e-04 2.25556e-01 3.37471e-04 1.42518e-01 2.12579e-04 1.15233e-01 1.72404e-04 
440.0 450.0 460.0 1.24045e-01 1.96886e-04 1.97866e-01 3.15295e-04 8.06710e-02 1.27672e-04 1.39642e-01 2.22514e-04 1.75765e-01 2.78982e-04 1.11045e-01 1.75745e-04 9.01151e-02 1.43030e-04 
460.0 470.0 480.0 9.72164e-02 1.64382e-04 1.55133e-01 2.63392e-04 6.31991e-02 1.06568e-04 1.09686e-01 1.86226e-04 1.37497e-01 2.32497e-04 8.68609e-02 1.46469e-04 7.07337e-02 1.19600e-04 
480.0 490.0 500.0 7.66812e-02 1.37940e-04 1.22404e-01 2.21015e-04 4.98283e-02 8.93854e-05 8.66969e-02 1.56539e-04 1.08263e-01 1.94755e-04 6.83833e-02 1.22673e-04 5.58746e-02 1.00510e-04 
500.0 510.0 520.0 6.05489e-02 1.15856e-04 9.66880e-02 1.85600e-04 3.93296e-02 7.50778e-05 6.85975e-02 1.31676e-04 8.53434e-02 1.63302e-04 5.38993e-02 1.02892e-04 4.41817e-02 8.45372e-05 
520.0 530.0 540.0 4.80190e-02 9.77824e-05 7.67096e-02 1.56631e-04 3.11779e-02 6.33647e-05 5.45107e-02 1.11302e-04 6.75743e-02 1.37605e-04 4.26700e-02 8.67220e-05 3.50862e-02 7.14462e-05 
540.0 550.0 560.0 3.83703e-02 8.35073e-05 6.13183e-02 1.33798e-04 2.49036e-02 5.40980e-05 4.36403e-02 9.52234e-05 5.39136e-02 1.17336e-04 3.40389e-02 7.39431e-05 2.80726e-02 6.10954e-05 
560.0 570.0 580.0 3.07785e-02 7.15214e-05 4.92005e-02 1.14572e-04 1.99700e-02 4.63374e-05 3.50674e-02 8.16600e-05 4.31830e-02 1.00347e-04 2.72615e-02 6.32569e-05 2.25463e-02 5.23914e-05 
580.0 590.0 600.0 2.47658e-02 6.10343e-05 3.96011e-02 9.77629e-05 1.60634e-02 3.95433e-05 2.82655e-02 6.97779e-05 3.46979e-02 8.55126e-05 2.19023e-02 5.39175e-05 1.81635e-02 4.47629e-05 
600.0 610.0 620.0 2.00481e-02 5.28322e-05 3.20664e-02 8.46218e-05 1.29993e-02 3.42273e-05 2.29187e-02 6.04811e-05 2.80500e-02 7.39199e-05 1.77042e-02 4.66154e-05 1.47204e-02 3.87920e-05 
620.0 630.0 640.0 1.62468e-02 4.55752e-05 2.59939e-02 7.29989e-05 1.05310e-02 2.95229e-05 1.86029e-02 5.22417e-05 2.27017e-02 6.36836e-05 1.43267e-02 4.01647e-05 1.19423e-02 3.34999e-05 
640.0 650.0 660.0 1.32362e-02 3.90862e-05 2.11812e-02 6.25604e-05 8.57743e-03 2.53326e-05 1.51777e-02 4.48280e-05 1.84718e-02 5.45474e-05 1.16567e-02 3.44274e-05 9.73968e-03 2.87607e-05 
660.0 670.0 680.0 1.08210e-02 3.35245e-05 1.73242e-02 5.36823e-05 7.00938e-03 2.17237e-05 1.24290e-02 3.85132e-05 1.50829e-02 4.67287e-05 9.51603e-03 2.94927e-05 7.97059e-03 2.46935e-05 
680.0 690.0 700.0 8.89300e-03 2.90703e-05 1.42400e-02 4.65339e-05 5.75885e-03 1.88365e-05 1.02283e-02 3.34242e-05 1.23810e-02 4.04724e-05 7.81056e-03 2.55475e-05 6.55695e-03 2.14339e-05 
700.0 710.0 720.0 7.26938e-03 2.53434e-05 1.16429e-02 4.05712e-05 4.70616e-03 1.64191e-05 8.37235e-03 2.91740e-05 1.01091e-02 3.52441e-05 6.37674e-03 2.22478e-05 5.36494e-03 1.87037e-05 
720.0 730.0 740.0 5.99000e-03 2.17822e-05 9.59703e-03 3.48788e-05 3.87647e-03 1.41076e-05 6.90874e-03 2.51085e-05 8.32080e-03 3.02581e-05 5.24766e-03 1.90979e-05 4.42485e-03 1.60905e-05 
740.0 750.0 760.0 4.95341e-03 1.90045e-05 7.93796e-03 3.04250e-05 3.20484e-03 1.23100e-05 5.72046e-03 2.19254e-05 6.87357e-03 2.63717e-05 4.33456e-03 1.66495e-05 3.66239e-03 1.40512e-05 
760.0 770.0 780.0 4.12203e-03 1.64304e-05 6.60783e-03 2.63104e-05 2.66600e-03 1.06395e-05 4.76682e-03 1.89799e-05 5.71401e-03 2.27762e-05 3.60262e-03 1.43774e-05 3.05037e-03 1.21587e-05 
780.0 790.0 800.0 3.41840e-03 1.43579e-05 5.48160e-03 2.30060e-05 2.21017e-03 9.29180e-06 3.95832e-03 1.66128e-05 4.73390e-03 1.98833e-05 2.98412e-03 1.25456e-05 2.53182e-03 1.06340e-05 
800.0 810.0 820.0 2.85990e-03 1.25725e-05 4.58697e-03 2.01450e-05 1.84864e-03 8.13585e-06 3.31550e-03 1.45609e-05 3.95665e-03 1.73940e-05 2.49394e-03 1.09759e-05 2.11991e-03 9.31933e-06 
820.0 830.0 840.0 2.38205e-03 1.09038e-05 3.82135e-03 1.74665e-05 1.53938e-03 7.05718e-06 2.76471e-03 1.26367e-05 3.29244e-03 1.50712e-05 2.07505e-03 9.51301e-06 1.76712e-03 8.08891e-06 
840.0 850.0 860.0 2.00839e-03 9.65538e-06 3.22316e-03 1.54741e-05 1.29740e-03 6.24626e-06 2.33406e-03 1.12056e-05 2.77343e-03 1.33334e-05 1.74750e-03 8.41323e-06 1.49109e-03 7.16847e-06 
860.0 870.0 880.0 1.68301e-03 8.34809e-06 2.70130e-03 1.33792e-05 1.08705e-03 5.40014e-06 1.95788e-03 9.69706e-06 2.32206e-03 1.15180e-05 1.46307e-03 7.26811e-06 1.25047e-03 6.20256e-06 
880.0 890.0 900.0 1.41174e-03 7.33116e-06 2.26706e-03 1.17550e-05 9.11388e-04 4.74004e-06 1.64456e-03 8.52724e-06 1.94611e-03 1.01062e-05 1.22574e-03 6.37497e-06 1.04969e-03 5.45100e-06 
900.0 910.0 920.0 1.19219e-03 6.48596e-06 1.91492e-03 1.03985e-05 7.69459e-04 4.19372e-06 1.39027e-03 7.54960e-06 1.64209e-03 8.93352e-06 1.03412e-03 5.63617e-06 8.87078e-04 4.82603e-06 
920.0 930.0 940.0 1.00471e-03 5.66137e-06 1.61429e-03 9.08164e-06 6.48238e-04 3.65849e-06 1.17297e-03 6.59887e-06 1.38273e-03 7.79143e-06 8.70604e-04 4.91346e-06 7.48093e-04 4.21538e-06 
940.0 950.0 960.0 8.51538e-04 5.03355e-06 1.36858e-03 8.07503e-06 5.49234e-04 3.25236e-06 9.95226e-04 5.87214e-06 1.17099e-03 6.92184e-06 7.37144e-04 4.36506e-06 6.34467e-04 3.75044e-06 
960.0 970.0 980.0 7.30707e-04 4.51338e-06 1.17336e-03 7.20138e-06 4.71224e-04 2.91677e-06 8.53918e-04 5.24080e-06 1.00405e-03 6.20183e-06 6.32031e-04 3.91216e-06 5.44794e-04 3.36502e-06 
980.0 990.0 1000.0 6.16624e-04 3.96615e-06 9.91473e-04 6.36260e-06 3.97514e-04 2.56234e-06 7.22097e-04 4.63392e-06 8.46653e-04 5.44572e-06 5.32826e-04 3.43455e-06 4.60032e-04 2.95894e-06 
