0.0 2.5 5.0 6.13286e-01 1.50923e-03 5.93923e-01 1.48165e-03 6.33175e-01 1.56284e-03 6.13286e-01 1.50923e-03 5.93923e-01 1.48165e-03 6.13286e-01 1.50923e-03 6.33175e-01 1.56284e-03 
5.0 7.5 10.0 1.75790e+00 2.25556e-03 1.69913e+00 2.14590e-03 1.81642e+00 2.37863e-03 1.75790e+00 2.25556e-03 1.69913e+00 2.14590e-03 1.75790e+00 2.25556e-03 1.81642e+00 2.37863e-03 
10.0 12.5 15.0 2.76548e+00 2.76543e-03 2.67142e+00 2.63239e-03 2.85958e+00 2.91579e-03 2.76548e+00 2.76543e-03 2.67142e+00 2.63239e-03 2.76548e+00 2.76543e-03 2.85958e+00 2.91579e-03 
15.0 17.5 20.0 3.65429e+00 3.22291e-03 3.52760e+00 3.06396e-03 3.78223e+00 3.42981e-03 3.65429e+00 3.22291e-03 3.52760e+00 3.06396e-03 3.65429e+00 3.22291e-03 3.78223e+00 3.42981e-03 
20.0 22.5 25.0 4.41264e+00 3.55995e-03 4.25638e+00 3.38595e-03 4.57078e+00 3.76683e-03 4.41264e+00 3.55995e-03 4.25638e+00 3.38595e-03 4.41264e+00 3.55995e-03 4.57078e+00 3.76683e-03 
25.0 27.5 30.0 5.06606e+00 3.84660e-03 4.88320e+00 3.65554e-03 5.25203e+00 4.06804e-03 5.06606e+00 3.84660e-03 4.88320e+00 3.65554e-03 5.06606e+00 3.84660e-03 5.25203e+00 4.06804e-03 
30.0 32.5 35.0 5.61771e+00 4.13422e-03 5.41089e+00 3.92585e-03 5.82889e+00 4.37657e-03 5.61771e+00 4.13422e-03 5.41089e+00 3.92585e-03 5.61771e+00 4.13422e-03 5.82889e+00 4.37657e-03 
35.0 37.5 40.0 6.08112e+00 4.38777e-03 5.85347e+00 4.16029e-03 6.31442e+00 4.64968e-03 6.08112e+00 4.38777e-03 5.85347e+00 4.16029e-03 6.08112e+00 4.38777e-03 6.31442e+00 4.64968e-03 
40.0 42.5 45.0 6.45798e+00 4.53322e-03 6.21263e+00 4.30424e-03 6.71026e+00 4.79426e-03 6.45798e+00 4.53322e-03 6.21263e+00 4.30424e-03 6.45798e+00 4.53322e-03 6.71026e+00 4.79426e-03 
45.0 47.5 50.0 6.80862e+00 4.73309e-03 6.54619e+00 4.49181e-03 7.07959e+00 5.01373e-03 6.80862e+00 4.73309e-03 6.54619e+00 4.49181e-03 6.80862e+00 4.73309e-03 7.07959e+00 5.01373e-03 
50.0 52.5 55.0 7.11878e+00 4.90925e-03 6.84108e+00 4.66037e-03 7.40631e+00 5.20561e-03 7.11878e+00 4.90925e-03 6.84108e+00 4.66037e-03 7.11878e+00 4.90925e-03 7.40631e+00 5.20561e-03 
55.0 57.5 60.0 7.43318e+00 4.99410e-03 7.14077e+00 4.74133e-03 7.73599e+00 5.28039e-03 7.43318e+00 4.99410e-03 7.14077e+00 4.74133e-03 7.43318e+00 4.99410e-03 7.73599e+00 5.28039e-03 
60.0 62.5 65.0 7.83508e+00 5.17519e-03 7.52645e+00 4.91202e-03 8.15493e+00 5.47387e-03 7.83508e+00 5.17519e-03 7.52645e+00 4.91202e-03 7.83508e+00 5.17519e-03 8.15493e+00 5.47387e-03 
65.0 67.5 70.0 8.20635e+00 5.32512e-03 7.88156e+00 5.05494e-03 8.54352e+00 5.63330e-03 8.20635e+00 5.32512e-03 7.88156e+00 5.05494e-03 8.20635e+00 5.32512e-03 8.54352e+00 5.63330e-03 
70.0 72.5 75.0 8.47960e+00 5.47633e-03 8.14056e+00 5.19663e-03 8.83238e+00 5.79511e-03 8.47960e+00 5.47633e-03 8.14056e+00 5.19663e-03 8.47960e+00 5.47633e-03 8.83238e+00 5.79511e-03 
75.0 77.5 80.0 8.62571e+00 5.52841e-03 8.27628e+00 5.24958e-03 8.99035e+00 5.84493e-03 8.62571e+00 5.52841e-03 8.27628e+00 5.24958e-03 8.62571e+00 5.52841e-03 8.99035e+00 5.84493e-03 
80.0 82.5 85.0 8.66470e+00 5.57950e-03 8.30681e+00 5.29226e-03 9.03936e+00 5.90560e-03 8.66470e+00 5.57950e-03 8.30681e+00 5.29226e-03 8.66470e+00 5.57950e-03 9.03936e+00 5.90560e-03 
85.0 87.5 90.0 8.59224e+00 5.59040e-03 8.22980e+00 5.29884e-03 8.97375e+00 5.92374e-03 8.59224e+00 5.59040e-03 8.22980e+00 5.29884e-03 8.59224e+00 5.59040e-03 8.97375e+00 5.92374e-03 
90.0 92.5 95.0 8.40745e+00 5.54662e-03 8.04473e+00 5.25341e-03 8.79094e+00 5.88194e-03 8.40745e+00 5.54662e-03 8.04473e+00 5.25341e-03 8.40745e+00 5.54662e-03 8.79094e+00 5.88194e-03 
95.0 97.5 100.0 8.15008e+00 5.48034e-03 7.78866e+00 5.18550e-03 8.53427e+00 5.81851e-03 8.15008e+00 5.48034e-03 7.78866e+00 5.18550e-03 8.15008e+00 5.48034e-03 8.53427e+00 5.81851e-03 
100.0 105.0 110.0 7.58112e+00 3.73722e-03 7.22934e+00 3.53122e-03 7.95824e+00 3.97371e-03 7.58112e+00 3.73722e-03 7.22934e+00 3.53122e-03 7.58112e+00 3.73722e-03 7.95824e+00 3.97371e-03 
110.0 115.0 120.0 6.72919e+00 3.49392e-03 6.39777e+00 3.29291e-03 7.08840e+00 3.72627e-03 6.72919e+00 3.49392e-03 6.39777e+00 3.29291e-03 6.72919e+00 3.49392e-03 7.08840e+00 3.72627e-03 
120.0 125.0 130.0 5.85334e+00 3.24796e-03 5.54895e+00 3.05201e-03 6.18628e+00 3.47713e-03 5.85334e+00 3.24796e-03 5.54895e+00 3.05201e-03 5.85334e+00 3.24796e-03 6.18628e+00 3.47713e-03 
130.0 135.0 140.0 5.01371e+00 2.96291e-03 4.73996e+00 2.77872e-03 5.31556e+00 3.17712e-03 5.01371e+00 2.96291e-03 4.73996e+00 2.77872e-03 5.01371e+00 2.96291e-03 5.31556e+00 3.17712e-03 
140.0 145.0 150.0 4.24207e+00 2.64607e-03 4.00015e+00 2.47554e-03 4.51070e+00 2.84517e-03 4.24207e+00 2.64607e-03 4.00015e+00 2.47554e-03 4.24207e+00 2.64607e-03 4.51070e+00 2.84517e-03 
150.0 155.0 160.0 3.56362e+00 2.35887e-03 3.35196e+00 2.20204e-03 3.80017e+00 2.54257e-03 3.56362e+00 2.35887e-03 3.35196e+00 2.20204e-03 3.56362e+00 2.35887e-03 3.80017e+00 2.54257e-03 
160.0 165.0 170.0 2.97407e+00 2.08394e-03 2.79103e+00 1.94202e-03 3.17992e+00 2.25115e-03 2.97407e+00 2.08394e-03 2.79103e+00 1.94202e-03 2.97407e+00 2.08394e-03 3.17992e+00 2.25115e-03 
170.0 175.0 180.0 2.47262e+00 1.85573e-03 2.31545e+00 1.72622e-03 2.65009e+00 2.00797e-03 2.47262e+00 1.85573e-03 2.31545e+00 1.72622e-03 2.47262e+00 1.85573e-03 2.65009e+00 2.00797e-03 
180.0 185.0 190.0 2.05273e+00 1.61994e-03 1.91833e+00 1.50538e-03 2.20515e+00 1.75464e-03 2.05273e+00 1.61994e-03 1.91833e+00 1.50538e-03 2.05273e+00 1.61994e-03 2.20515e+00 1.75464e-03 
190.0 195.0 200.0 1.70053e+00 1.41961e-03 1.58607e+00 1.31658e-03 1.83086e+00 1.54109e-03 1.70053e+00 1.41961e-03 1.58607e+00 1.31658e-03 1.70053e+00 1.41961e-03 1.83086e+00 1.54109e-03 
200.0 212.5 225.0 1.23674e+00 7.26451e-04 1.15010e+00 6.72751e-04 1.33594e+00 7.89783e-04 1.23674e+00 7.26451e-04 1.15010e+00 6.72751e-04 1.23674e+00 7.26451e-04 1.33594e+00 7.89783e-04 
225.0 237.5 250.0 7.78561e-01 5.25152e-04 7.21085e-01 4.84952e-04 8.44850e-01 5.72662e-04 7.78561e-01 5.25152e-04 7.21085e-01 4.84952e-04 7.78561e-01 5.25152e-04 8.44850e-01 5.72662e-04 
250.0 262.5 275.0 4.95692e-01 3.85791e-04 4.57461e-01 3.55333e-04 5.40047e-01 4.21873e-04 4.95692e-01 3.85791e-04 4.57461e-01 3.55333e-04 4.95692e-01 3.85791e-04 5.40047e-01 4.21873e-04 
275.0 287.5 300.0 3.20623e-01 2.83206e-04 2.94942e-01 2.60249e-04 3.50566e-01 3.10464e-04 3.20623e-01 2.83206e-04 2.94942e-01 2.60249e-04 3.20623e-01 2.83206e-04 3.50566e-01 3.10464e-04 
300.0 312.5 325.0 2.10857e-01 2.13193e-04 1.93417e-01 1.95591e-04 2.31275e-01 2.34106e-04 2.10857e-01 2.13193e-04 1.93417e-01 1.95591e-04 2.10857e-01 2.13193e-04 2.31275e-01 2.34106e-04 
325.0 337.5 350.0 1.40908e-01 1.63836e-04 1.28915e-01 1.49813e-04 1.55002e-01 1.80550e-04 1.40908e-01 1.63836e-04 1.28915e-01 1.49813e-04 1.40908e-01 1.63836e-04 1.55002e-01 1.80550e-04 
350.0 362.5 375.0 9.56455e-02 1.26915e-04 8.72928e-02 1.16082e-04 1.05493e-01 1.39810e-04 9.56455e-02 1.26915e-04 8.72928e-02 1.16082e-04 9.56455e-02 1.26915e-04 1.05493e-01 1.39810e-04 
375.0 387.5 400.0 6.60883e-02 9.89862e-05 6.01817e-02 9.03880e-05 7.30717e-02 1.09232e-04 6.60883e-02 9.89862e-05 6.01817e-02 9.03880e-05 6.60883e-02 9.89862e-05 7.30717e-02 1.09232e-04 
400.0 412.5 425.0 4.60572e-02 7.70799e-05 4.18576e-02 7.02491e-05 5.10348e-02 8.52347e-05 4.60572e-02 7.70799e-05 4.18576e-02 7.02491e-05 4.60572e-02 7.70799e-05 5.10348e-02 8.52347e-05 
425.0 437.5 450.0 3.27428e-02 6.35568e-05 2.96998e-02 5.78876e-05 3.63581e-02 7.03209e-05 3.27428e-02 6.35568e-05 2.96998e-02 5.78876e-05 3.27428e-02 6.35568e-05 3.63581e-02 7.03209e-05 
450.0 462.5 475.0 2.34849e-02 5.01346e-05 2.12642e-02 4.55522e-05 2.61291e-02 5.56169e-05 2.34849e-02 5.01346e-05 2.12642e-02 4.55522e-05 2.34849e-02 5.01346e-05 2.61291e-02 5.56169e-05 
475.0 487.5 500.0 1.70809e-02 4.17016e-05 1.54391e-02 3.78868e-05 1.90388e-02 4.62991e-05 1.70809e-02 4.17016e-05 1.54391e-02 3.78868e-05 1.70809e-02 4.17016e-05 1.90388e-02 4.62991e-05 
500.0 512.5 525.0 1.25738e-02 3.55002e-05 1.13462e-02 3.20884e-05 1.40412e-02 3.96040e-05 1.25738e-02 3.55002e-05 1.13462e-02 3.20884e-05 1.25738e-02 3.55002e-05 1.40412e-02 3.96040e-05 
525.0 537.5 550.0 9.26853e-03 2.82679e-05 8.35219e-03 2.56025e-05 1.03656e-02 3.14617e-05 9.26853e-03 2.82679e-05 8.35219e-03 2.56025e-05 9.26853e-03 2.82679e-05 1.03656e-02 3.14617e-05 
550.0 562.5 575.0 6.98169e-03 2.31461e-05 6.28249e-03 2.09207e-05 7.81996e-03 2.58187e-05 6.98169e-03 2.31461e-05 6.28249e-03 2.09207e-05 6.98169e-03 2.31461e-05 7.81996e-03 2.58187e-05 
575.0 587.5 600.0 5.25660e-03 1.91678e-05 4.72294e-03 1.72952e-05 5.89744e-03 2.14203e-05 5.25660e-03 1.91678e-05 4.72294e-03 1.72952e-05 5.25660e-03 1.91678e-05 5.89744e-03 2.14203e-05 
