0.0 50.0 100.0 0.00000e+00 0.00000e+00 0.00000e+00 0.00000e+00 0.00000e+00 0.00000e+00 0.00000e+00 0.00000e+00 0.00000e+00 0.00000e+00 0.00000e+00 0.00000e+00 0.00000e+00 0.00000e+00 
100.0 150.0 200.0 4.48270e-01 3.26661e-03 4.47936e-01 3.26419e-03 4.45335e-01 3.24546e-03 4.48270e-01 3.26661e-03 4.47936e-01 3.26419e-03 4.48270e-01 3.26661e-03 4.45335e-01 3.24546e-03 
200.0 250.0 300.0 1.51178e+00 5.94858e-03 1.49720e+00 5.89621e-03 1.51815e+00 5.96833e-03 1.51178e+00 5.94858e-03 1.49720e+00 5.89621e-03 1.51178e+00 5.94858e-03 1.51815e+00 5.96833e-03 
300.0 350.0 400.0 1.19671e+00 4.56768e-03 1.17274e+00 4.48377e-03 1.21691e+00 4.63637e-03 1.19671e+00 4.56768e-03 1.17274e+00 4.48377e-03 1.19671e+00 4.56768e-03 1.21691e+00 4.63637e-03 
400.0 450.0 500.0 6.17631e-01 2.60854e-03 5.99255e-01 2.53673e-03 6.35446e-01 2.67715e-03 6.17631e-01 2.60854e-03 5.99255e-01 2.53673e-03 6.17631e-01 2.60854e-03 6.35446e-01 2.67715e-03 
500.0 550.0 600.0 2.92451e-01 1.44375e-03 2.81236e-01 1.39295e-03 3.04005e-01 1.49548e-03 2.92451e-01 1.44375e-03 2.81236e-01 1.39295e-03 2.92451e-01 1.44375e-03 3.04005e-01 1.49548e-03 
600.0 650.0 700.0 1.36224e-01 7.96957e-04 1.29988e-01 7.63373e-04 1.42873e-01 8.32410e-04 1.36224e-01 7.96957e-04 1.29988e-01 7.63373e-04 1.36224e-01 7.96957e-04 1.42873e-01 8.32410e-04 
700.0 750.0 800.0 6.57869e-02 4.54480e-04 6.23420e-02 4.32442e-04 6.95444e-02 4.78314e-04 6.57869e-02 4.54480e-04 6.23420e-02 4.32442e-04 6.57869e-02 4.54480e-04 6.95444e-02 4.78314e-04 
800.0 850.0 900.0 3.42427e-02 2.85111e-04 3.22657e-02 2.70222e-04 3.64322e-02 3.01420e-04 3.42427e-02 2.85111e-04 3.22657e-02 2.70222e-04 3.42427e-02 2.85111e-04 3.64322e-02 3.01420e-04 
900.0 950.0 1000.0 1.79694e-02 1.75771e-04 1.68401e-02 1.65586e-04 1.92464e-02 1.87350e-04 1.79694e-02 1.75771e-04 1.68401e-02 1.65586e-04 1.79694e-02 1.75771e-04 1.92464e-02 1.87350e-04 
1000.0 1100.0 1200.0 7.82594e-03 7.26125e-05 7.28828e-03 6.81062e-05 8.43631e-03 7.76693e-05 7.82594e-03 7.26125e-05 7.28828e-03 6.81062e-05 7.82594e-03 7.26125e-05 8.43631e-03 7.76693e-05 
1200.0 1300.0 1400.0 2.67871e-03 3.36174e-05 2.47493e-03 3.13214e-05 2.91320e-03 3.62283e-05 2.67871e-03 3.36174e-05 2.47493e-03 3.13214e-05 2.67871e-03 3.36174e-05 2.91320e-03 3.62283e-05 
1400.0 1500.0 1600.0 1.01963e-03 1.64002e-05 9.35456e-04 1.51638e-05 1.11750e-03 1.78233e-05 1.01963e-03 1.64002e-05 9.35456e-04 1.51638e-05 1.01963e-03 1.64002e-05 1.11750e-03 1.78233e-05 
1600.0 1700.0 1800.0 4.35101e-04 1.02038e-05 3.96785e-04 9.37937e-06 4.80026e-04 1.11608e-05 4.35101e-04 1.02038e-05 3.96785e-04 9.37937e-06 4.35101e-04 1.02038e-05 4.80026e-04 1.11608e-05 
1800.0 1900.0 2000.0 1.84621e-04 5.00528e-06 1.67268e-04 4.56289e-06 2.05132e-04 5.52435e-06 1.84621e-04 5.00528e-06 1.67268e-04 4.56289e-06 1.84621e-04 5.00528e-06 2.05132e-04 5.52435e-06 
