0.0 50.0 100.0 2.54455e-03 4.24162e-05 2.49042e-03 4.06428e-05 2.59029e-03 4.43302e-05 2.54455e-03 4.24162e-05 2.49042e-03 4.06428e-05 2.54455e-03 4.24162e-05 2.59029e-03 4.43302e-05 
100.0 150.0 200.0 1.15979e+00 1.02625e-03 1.12698e+00 9.76342e-04 1.19083e+00 1.08405e-03 1.15979e+00 1.02625e-03 1.12698e+00 9.76342e-04 1.15979e+00 1.02625e-03 1.19083e+00 1.08405e-03 
200.0 250.0 300.0 5.59798e+00 2.25830e-03 5.37662e+00 2.13903e-03 5.82747e+00 2.39537e-03 5.59798e+00 2.25830e-03 5.37662e+00 2.13903e-03 5.59798e+00 2.25830e-03 5.82747e+00 2.39537e-03 
300.0 350.0 400.0 2.91045e+00 1.48864e-03 2.74503e+00 1.39280e-03 3.09396e+00 1.60056e-03 2.91045e+00 1.48864e-03 2.74503e+00 1.39280e-03 2.91045e+00 1.48864e-03 3.09396e+00 1.60056e-03 
400.0 450.0 500.0 1.04106e+00 7.30378e-04 9.69784e-01 6.76852e-04 1.12241e+00 7.93567e-04 1.04106e+00 7.30378e-04 9.69784e-01 6.76852e-04 1.04106e+00 7.30378e-04 1.12241e+00 7.93567e-04 
500.0 550.0 600.0 3.86457e-01 3.70321e-04 3.56915e-01 3.41321e-04 4.20690e-01 4.04666e-04 3.86457e-01 3.70321e-04 3.56915e-01 3.41321e-04 3.86457e-01 3.70321e-04 4.20690e-01 4.04666e-04 
600.0 650.0 700.0 1.55710e-01 1.99068e-04 1.42858e-01 1.82679e-04 1.70755e-01 2.18543e-04 1.55710e-01 1.99068e-04 1.42858e-01 1.82679e-04 1.55710e-01 1.99068e-04 1.70755e-01 2.18543e-04 
700.0 750.0 800.0 6.79716e-02 1.15928e-04 6.20280e-02 1.06095e-04 7.49814e-02 1.27625e-04 6.79716e-02 1.15928e-04 6.20280e-02 1.06095e-04 6.79716e-02 1.15928e-04 7.49814e-02 1.27625e-04 
800.0 850.0 900.0 3.19472e-02 6.99855e-05 2.90232e-02 6.37948e-05 3.54152e-02 7.73742e-05 3.19472e-02 6.99855e-05 2.90232e-02 6.37948e-05 3.19472e-02 6.99855e-05 3.54152e-02 7.73742e-05 
900.0 950.0 1000.0 1.58336e-02 4.55129e-05 1.43302e-02 4.14012e-05 1.76300e-02 5.05725e-05 1.58336e-02 4.55129e-05 1.43302e-02 4.14012e-05 1.58336e-02 4.55129e-05 1.76300e-02 5.05725e-05 
1000.0 1100.0 1200.0 6.46498e-03 1.86920e-05 5.82433e-03 1.69157e-05 7.23249e-03 2.08237e-05 6.46498e-03 1.86920e-05 5.82433e-03 1.69157e-05 6.46498e-03 1.86920e-05 7.23249e-03 2.08237e-05 
1200.0 1300.0 1400.0 2.04693e-03 9.14833e-06 1.83365e-03 8.23108e-06 2.30395e-03 1.02541e-05 2.04693e-03 9.14833e-06 1.83365e-03 8.23108e-06 2.04693e-03 9.14833e-06 2.30395e-03 1.02541e-05 
1400.0 1500.0 1600.0 7.39884e-04 4.82052e-06 6.59565e-04 4.31781e-06 8.37167e-04 5.42857e-06 7.39884e-04 4.82052e-06 6.59565e-04 4.31781e-06 7.39884e-04 4.82052e-06 8.37167e-04 5.42857e-06 
1600.0 1700.0 1800.0 2.92443e-04 2.85060e-06 2.59536e-04 2.54466e-06 3.32482e-04 3.22159e-06 2.92443e-04 2.85060e-06 2.59536e-04 2.54466e-06 2.92443e-04 2.85060e-06 3.32482e-04 3.22159e-06 
1800.0 1900.0 2000.0 1.22403e-04 1.64775e-06 1.08213e-04 1.46460e-06 1.39724e-04 1.87048e-06 1.22403e-04 1.64775e-06 1.08213e-04 1.46460e-06 1.22403e-04 1.64775e-06 1.39724e-04 1.87048e-06 
