0.0 50.0 100.0 2.20266e-03 4.06078e-05 2.14490e-03 3.87727e-05 2.25128e-03 4.28069e-05 2.20266e-03 4.06078e-05 2.14490e-03 3.87727e-05 2.20266e-03 4.06078e-05 2.25128e-03 4.28069e-05 
100.0 150.0 200.0 1.06942e+00 1.00053e-03 1.03617e+00 9.49636e-04 1.10180e+00 1.06042e-03 1.06942e+00 1.00053e-03 1.03617e+00 9.49636e-04 1.06942e+00 1.00053e-03 1.10180e+00 1.06042e-03 
200.0 250.0 300.0 6.07287e+00 2.31314e-03 5.84589e+00 2.19625e-03 6.30550e+00 2.44692e-03 6.07287e+00 2.31314e-03 5.84589e+00 2.19625e-03 6.07287e+00 2.31314e-03 6.30550e+00 2.44692e-03 
300.0 350.0 400.0 4.01493e+00 1.65181e-03 3.82842e+00 1.56104e-03 4.21559e+00 1.75648e-03 4.01493e+00 1.65181e-03 3.82842e+00 1.56104e-03 4.01493e+00 1.65181e-03 4.21559e+00 1.75648e-03 
400.0 450.0 500.0 1.58061e+00 8.36257e-04 1.49231e+00 7.84269e-04 1.67861e+00 8.96784e-04 1.58061e+00 8.36257e-04 1.49231e+00 7.84269e-04 1.58061e+00 8.36257e-04 1.67861e+00 8.96784e-04 
500.0 550.0 600.0 6.10728e-01 4.25341e-04 5.71778e-01 3.96408e-04 6.54794e-01 4.59170e-04 6.10728e-01 4.25341e-04 5.71778e-01 3.96408e-04 6.10728e-01 4.25341e-04 6.54794e-01 4.59170e-04 
600.0 650.0 700.0 2.53668e-01 2.28660e-04 2.35901e-01 2.12003e-04 2.74025e-01 2.48225e-04 2.53668e-01 2.28660e-04 2.35901e-01 2.12003e-04 2.53668e-01 2.28660e-04 2.74025e-01 2.48225e-04 
700.0 750.0 800.0 1.13558e-01 1.32395e-04 1.05004e-01 1.21802e-04 1.23434e-01 1.44298e-04 1.13558e-01 1.32395e-04 1.05004e-01 1.21802e-04 1.13558e-01 1.32395e-04 1.23434e-01 1.44298e-04 
800.0 850.0 900.0 5.46528e-02 8.04692e-05 5.03059e-02 7.40307e-05 5.97137e-02 8.80770e-05 5.46528e-02 8.04692e-05 5.03059e-02 7.40307e-05 5.46528e-02 8.04692e-05 5.97137e-02 8.80770e-05 
900.0 950.0 1000.0 2.76754e-02 5.22119e-05 2.53706e-02 4.79041e-05 3.03737e-02 5.73092e-05 2.76754e-02 5.22119e-05 2.53706e-02 4.79041e-05 2.76754e-02 5.22119e-05 3.03737e-02 5.73092e-05 
1000.0 1100.0 1200.0 1.15187e-02 2.12612e-05 1.05065e-02 1.93946e-05 1.27116e-02 2.34835e-05 1.15187e-02 2.12612e-05 1.05065e-02 1.93946e-05 1.15187e-02 2.12612e-05 1.27116e-02 2.34835e-05 
1200.0 1300.0 1400.0 3.77207e-03 1.03755e-05 3.41947e-03 9.40895e-06 4.19061e-03 1.15320e-05 3.77207e-03 1.03755e-05 3.41947e-03 9.40895e-06 3.77207e-03 1.03755e-05 4.19061e-03 1.15320e-05 
1400.0 1500.0 1600.0 1.38870e-03 5.43056e-06 1.25191e-03 4.89832e-06 1.55211e-03 6.07012e-06 1.38870e-03 5.43056e-06 1.25191e-03 4.89832e-06 1.38870e-03 5.43056e-06 1.55211e-03 6.07012e-06 
1600.0 1700.0 1800.0 5.61365e-04 3.21935e-06 5.03631e-04 2.89227e-06 6.30596e-04 3.61222e-06 5.61365e-04 3.21935e-06 5.03631e-04 2.89227e-06 5.61365e-04 3.21935e-06 6.30596e-04 3.61222e-06 
1800.0 1900.0 2000.0 2.40114e-04 1.85609e-06 2.14475e-04 1.65977e-06 2.71031e-04 2.09349e-06 2.40114e-04 1.85609e-06 2.14475e-04 1.65977e-06 2.40114e-04 1.85609e-06 2.71031e-04 2.09349e-06 
