0.0 50.0 100.0 1.41872e-01 2.31849e-03 1.38114e-01 2.19036e-03 1.45322e-01 2.46375e-03 1.41872e-01 2.31849e-03 1.38114e-01 2.19036e-03 1.41872e-01 2.31849e-03 1.45322e-01 2.46375e-03 
100.0 150.0 200.0 3.86861e+00 1.19162e-02 3.73708e+00 1.12950e-02 3.99994e+00 1.26310e-02 3.86861e+00 1.19162e-02 3.73708e+00 1.12950e-02 3.86861e+00 1.19162e-02 3.99994e+00 1.26310e-02 
200.0 250.0 300.0 5.01223e+00 1.28876e-02 4.80480e+00 1.22316e-02 5.23000e+00 1.36332e-02 5.01223e+00 1.28876e-02 4.80480e+00 1.22316e-02 5.01223e+00 1.28876e-02 5.23000e+00 1.36332e-02 
300.0 350.0 400.0 2.72157e+00 8.28442e-03 2.58571e+00 7.79446e-03 2.86963e+00 8.85624e-03 2.72157e+00 8.28442e-03 2.58571e+00 7.79446e-03 2.72157e+00 8.28442e-03 2.86963e+00 8.85624e-03 
400.0 450.0 500.0 1.16566e+00 4.39714e-03 1.09812e+00 4.11424e-03 1.24102e+00 4.72749e-03 1.16566e+00 4.39714e-03 1.09812e+00 4.11424e-03 1.16566e+00 4.39714e-03 1.24102e+00 4.72749e-03 
500.0 550.0 600.0 4.91940e-01 2.36162e-03 4.60003e-01 2.19689e-03 5.28155e-01 2.55481e-03 4.91940e-01 2.36162e-03 4.60003e-01 2.19689e-03 4.91940e-01 2.36162e-03 5.28155e-01 2.55481e-03 
600.0 650.0 700.0 2.17405e-01 1.33157e-03 2.01968e-01 1.23207e-03 2.35128e-01 1.44906e-03 2.17405e-01 1.33157e-03 2.01968e-01 1.23207e-03 2.17405e-01 1.33157e-03 2.35128e-01 1.44906e-03 
700.0 750.0 800.0 9.98017e-02 7.69757e-04 9.22243e-02 7.09392e-04 1.08573e-01 8.41091e-04 9.98017e-02 7.69757e-04 9.22243e-02 7.09392e-04 9.98017e-02 7.69757e-04 1.08573e-01 8.41091e-04 
800.0 850.0 900.0 5.01087e-02 4.80090e-04 4.61284e-02 4.41986e-04 5.47413e-02 5.25051e-04 5.01087e-02 4.80090e-04 4.61284e-02 4.41986e-04 5.01087e-02 4.80090e-04 5.47413e-02 5.25051e-04 
900.0 950.0 1000.0 2.55162e-02 3.06467e-04 2.33888e-02 2.80810e-04 2.80069e-02 3.36862e-04 2.55162e-02 3.06467e-04 2.33888e-02 2.80810e-04 2.55162e-02 3.06467e-04 2.80069e-02 3.36862e-04 
1000.0 1100.0 1200.0 1.07801e-02 1.28427e-04 9.83111e-03 1.16803e-04 1.18986e-02 1.42340e-04 1.07801e-02 1.28427e-04 9.83111e-03 1.16803e-04 1.07801e-02 1.28427e-04 1.18986e-02 1.42340e-04 
1200.0 1300.0 1400.0 3.68732e-03 6.68246e-05 3.34191e-03 6.03766e-05 4.09746e-03 7.45833e-05 3.68732e-03 6.68246e-05 3.34191e-03 6.03766e-05 3.68732e-03 6.68246e-05 4.09746e-03 7.45833e-05 
1400.0 1500.0 1600.0 1.34849e-03 3.73569e-05 1.21477e-03 3.34515e-05 1.50834e-03 4.20850e-05 1.34849e-03 3.73569e-05 1.21477e-03 3.34515e-05 1.34849e-03 3.73569e-05 1.50834e-03 4.20850e-05 
1600.0 1700.0 1800.0 5.64108e-04 2.19181e-05 5.06276e-04 1.96901e-05 6.33533e-04 2.45990e-05 5.64108e-04 2.19181e-05 5.06276e-04 1.96901e-05 5.64108e-04 2.19181e-05 6.33533e-04 2.45990e-05 
1800.0 1900.0 2000.0 2.34674e-04 1.33333e-05 2.09609e-04 1.18681e-05 2.57701e-04 1.29250e-05 2.34674e-04 1.33333e-05 2.09609e-04 1.18681e-05 2.34674e-04 1.33333e-05 2.57701e-04 1.29250e-05 
