0.0 12.5 25.0 1.52237e-01 4.66186e-04 1.54690e-01 4.73575e-04 1.48222e-01 4.54051e-04 1.52237e-01 4.66186e-04 1.54690e-01 4.73575e-04 1.52237e-01 4.66186e-04 1.48222e-01 4.54051e-04 
25.0 37.5 50.0 2.07541e-01 6.33120e-04 2.10572e-01 6.42283e-04 2.02439e-01 6.17684e-04 2.07541e-01 6.33120e-04 2.10572e-01 6.42283e-04 2.07541e-01 6.33120e-04 2.02439e-01 6.17684e-04 
50.0 62.5 75.0 3.02024e-01 8.03773e-04 3.05846e-01 8.13710e-04 2.95298e-01 7.86191e-04 3.02024e-01 8.03773e-04 3.05846e-01 8.13710e-04 3.02024e-01 8.03773e-04 2.95298e-01 7.86191e-04 
75.0 87.5 100.0 1.33637e-01 5.56093e-04 1.34652e-01 5.60304e-04 1.31453e-01 5.47053e-04 1.33637e-01 5.56093e-04 1.34652e-01 5.60304e-04 1.33637e-01 5.56093e-04 1.31453e-01 5.47053e-04 
100.0 125.0 150.0 1.94167e-04 1.41777e-05 1.94724e-04 1.42068e-05 1.92102e-04 1.40420e-05 1.94167e-04 1.41777e-05 1.94724e-04 1.42068e-05 1.94167e-04 1.41777e-05 1.92102e-04 1.40420e-05 
150.0 175.0 200.0 0.00000e+00 0.00000e+00 0.00000e+00 0.00000e+00 0.00000e+00 0.00000e+00 0.00000e+00 0.00000e+00 0.00000e+00 0.00000e+00 0.00000e+00 0.00000e+00 0.00000e+00 0.00000e+00 
200.0 225.0 250.0 0.00000e+00 0.00000e+00 0.00000e+00 0.00000e+00 0.00000e+00 0.00000e+00 0.00000e+00 0.00000e+00 0.00000e+00 0.00000e+00 0.00000e+00 0.00000e+00 0.00000e+00 0.00000e+00 
250.0 275.0 300.0 0.00000e+00 0.00000e+00 0.00000e+00 0.00000e+00 0.00000e+00 0.00000e+00 0.00000e+00 0.00000e+00 0.00000e+00 0.00000e+00 0.00000e+00 0.00000e+00 0.00000e+00 0.00000e+00 
300.0 325.0 350.0 0.00000e+00 0.00000e+00 0.00000e+00 0.00000e+00 0.00000e+00 0.00000e+00 0.00000e+00 0.00000e+00 0.00000e+00 0.00000e+00 0.00000e+00 0.00000e+00 0.00000e+00 0.00000e+00 
350.0 375.0 400.0 0.00000e+00 0.00000e+00 0.00000e+00 0.00000e+00 0.00000e+00 0.00000e+00 0.00000e+00 0.00000e+00 0.00000e+00 0.00000e+00 0.00000e+00 0.00000e+00 0.00000e+00 0.00000e+00 
400.0 425.0 450.0 0.00000e+00 0.00000e+00 0.00000e+00 0.00000e+00 0.00000e+00 0.00000e+00 0.00000e+00 0.00000e+00 0.00000e+00 0.00000e+00 0.00000e+00 0.00000e+00 0.00000e+00 0.00000e+00 
450.0 475.0 500.0 0.00000e+00 0.00000e+00 0.00000e+00 0.00000e+00 0.00000e+00 0.00000e+00 0.00000e+00 0.00000e+00 0.00000e+00 0.00000e+00 0.00000e+00 0.00000e+00 0.00000e+00 0.00000e+00 
500.0 550.0 600.0 0.00000e+00 0.00000e+00 0.00000e+00 0.00000e+00 0.00000e+00 0.00000e+00 0.00000e+00 0.00000e+00 0.00000e+00 0.00000e+00 0.00000e+00 0.00000e+00 0.00000e+00 0.00000e+00 
600.0 700.0 800.0 0.00000e+00 0.00000e+00 0.00000e+00 0.00000e+00 0.00000e+00 0.00000e+00 0.00000e+00 0.00000e+00 0.00000e+00 0.00000e+00 0.00000e+00 0.00000e+00 0.00000e+00 0.00000e+00 
800.0 900.0 1000.0 0.00000e+00 0.00000e+00 0.00000e+00 0.00000e+00 0.00000e+00 0.00000e+00 0.00000e+00 0.00000e+00 0.00000e+00 0.00000e+00 0.00000e+00 0.00000e+00 0.00000e+00 0.00000e+00 
