0.0 12.5 25.0 1.53021e-01 4.68322e-04 1.55486e-01 4.75749e-04 1.48986e-01 4.56129e-04 1.53021e-01 4.68322e-04 1.55486e-01 4.75749e-04 1.53021e-01 4.68322e-04 1.48986e-01 4.56129e-04 
25.0 37.5 50.0 2.08467e-01 6.35874e-04 2.11512e-01 6.45083e-04 2.03342e-01 6.20365e-04 2.08467e-01 6.35874e-04 2.11512e-01 6.45083e-04 2.08467e-01 6.35874e-04 2.03342e-01 6.20365e-04 
50.0 62.5 75.0 3.03369e-01 8.07397e-04 3.07209e-01 8.17380e-04 2.96613e-01 7.89735e-04 3.03369e-01 8.07397e-04 3.07209e-01 8.17380e-04 3.03369e-01 8.07397e-04 2.96613e-01 7.89735e-04 
75.0 87.5 100.0 1.34322e-01 5.58888e-04 1.35344e-01 5.63123e-04 1.32126e-01 5.49799e-04 1.34322e-01 5.58888e-04 1.35344e-01 5.63123e-04 1.34322e-01 5.58888e-04 1.32126e-01 5.49799e-04 
100.0 125.0 150.0 1.98983e-04 1.45466e-05 1.99522e-04 1.45673e-05 1.96901e-04 1.44177e-05 1.98983e-04 1.45466e-05 1.99522e-04 1.45673e-05 1.98983e-04 1.45466e-05 1.96901e-04 1.44177e-05 
150.0 175.0 200.0 0.00000e+00 0.00000e+00 0.00000e+00 0.00000e+00 0.00000e+00 0.00000e+00 0.00000e+00 0.00000e+00 0.00000e+00 0.00000e+00 0.00000e+00 0.00000e+00 0.00000e+00 0.00000e+00 
200.0 225.0 250.0 0.00000e+00 0.00000e+00 0.00000e+00 0.00000e+00 0.00000e+00 0.00000e+00 0.00000e+00 0.00000e+00 0.00000e+00 0.00000e+00 0.00000e+00 0.00000e+00 0.00000e+00 0.00000e+00 
250.0 275.0 300.0 0.00000e+00 0.00000e+00 0.00000e+00 0.00000e+00 0.00000e+00 0.00000e+00 0.00000e+00 0.00000e+00 0.00000e+00 0.00000e+00 0.00000e+00 0.00000e+00 0.00000e+00 0.00000e+00 
300.0 325.0 350.0 0.00000e+00 0.00000e+00 0.00000e+00 0.00000e+00 0.00000e+00 0.00000e+00 0.00000e+00 0.00000e+00 0.00000e+00 0.00000e+00 0.00000e+00 0.00000e+00 0.00000e+00 0.00000e+00 
350.0 375.0 400.0 0.00000e+00 0.00000e+00 0.00000e+00 0.00000e+00 0.00000e+00 0.00000e+00 0.00000e+00 0.00000e+00 0.00000e+00 0.00000e+00 0.00000e+00 0.00000e+00 0.00000e+00 0.00000e+00 
400.0 425.0 450.0 0.00000e+00 0.00000e+00 0.00000e+00 0.00000e+00 0.00000e+00 0.00000e+00 0.00000e+00 0.00000e+00 0.00000e+00 0.00000e+00 0.00000e+00 0.00000e+00 0.00000e+00 0.00000e+00 
450.0 475.0 500.0 0.00000e+00 0.00000e+00 0.00000e+00 0.00000e+00 0.00000e+00 0.00000e+00 0.00000e+00 0.00000e+00 0.00000e+00 0.00000e+00 0.00000e+00 0.00000e+00 0.00000e+00 0.00000e+00 
500.0 550.0 600.0 0.00000e+00 0.00000e+00 0.00000e+00 0.00000e+00 0.00000e+00 0.00000e+00 0.00000e+00 0.00000e+00 0.00000e+00 0.00000e+00 0.00000e+00 0.00000e+00 0.00000e+00 0.00000e+00 
600.0 700.0 800.0 0.00000e+00 0.00000e+00 0.00000e+00 0.00000e+00 0.00000e+00 0.00000e+00 0.00000e+00 0.00000e+00 0.00000e+00 0.00000e+00 0.00000e+00 0.00000e+00 0.00000e+00 0.00000e+00 
800.0 900.0 1000.0 0.00000e+00 0.00000e+00 0.00000e+00 0.00000e+00 0.00000e+00 0.00000e+00 0.00000e+00 0.00000e+00 0.00000e+00 0.00000e+00 0.00000e+00 0.00000e+00 0.00000e+00 0.00000e+00 
