0.0 0.025 0.05 2.77566e+01 2.69963e-01 2.87100e+01 2.82559e-01 2.65177e+01 2.54315e-01 2.77566e+01 2.69963e-01 2.87100e+01 2.82559e-01 2.77566e+01 2.69963e-01 2.65177e+01 2.54315e-01 
0.05 0.075 0.1 2.79747e+01 2.70020e-01 2.89497e+01 2.84698e-01 2.67113e+01 2.52162e-01 2.79747e+01 2.70020e-01 2.89497e+01 2.84698e-01 2.79747e+01 2.70020e-01 2.67113e+01 2.52162e-01 
0.1 0.125 0.15 2.80777e+01 2.56326e-01 2.90385e+01 2.69514e-01 2.68288e+01 2.40162e-01 2.80777e+01 2.56326e-01 2.90385e+01 2.69514e-01 2.80777e+01 2.56326e-01 2.68288e+01 2.40162e-01 
0.15 0.175 0.2 2.94457e+01 2.79146e-01 3.04683e+01 2.93382e-01 2.81196e+01 2.61653e-01 2.94457e+01 2.79146e-01 3.04683e+01 2.93382e-01 2.94457e+01 2.79146e-01 2.81196e+01 2.61653e-01 
0.2 0.225 0.25 3.02416e+01 2.83711e-01 3.12722e+01 2.97894e-01 2.89006e+01 2.66233e-01 3.02416e+01 2.83711e-01 3.12722e+01 2.97894e-01 3.02416e+01 2.83711e-01 2.89006e+01 2.66233e-01 
0.25 0.275 0.3 3.08466e+01 2.70474e-01 3.18896e+01 2.84065e-01 2.94884e+01 2.53769e-01 3.08466e+01 2.70474e-01 3.18896e+01 2.84065e-01 3.08466e+01 2.70474e-01 2.94884e+01 2.53769e-01 
0.3 0.325 0.35 3.23826e+01 2.81547e-01 3.34747e+01 2.95927e-01 3.09586e+01 2.63916e-01 3.23826e+01 2.81547e-01 3.34747e+01 2.95927e-01 3.23826e+01 2.81547e-01 3.09586e+01 2.63916e-01 
0.35 0.375 0.4 3.37714e+01 2.81660e-01 3.49026e+01 2.96017e-01 3.22960e+01 2.64035e-01 3.37714e+01 2.81660e-01 3.49026e+01 2.96017e-01 3.37714e+01 2.81660e-01 3.22960e+01 2.64035e-01 
0.4 0.425 0.45 3.57736e+01 2.94873e-01 3.69542e+01 3.09688e-01 3.42298e+01 2.76640e-01 3.57736e+01 2.94873e-01 3.69542e+01 3.09688e-01 3.57736e+01 2.94873e-01 3.42298e+01 2.76640e-01 
0.45 0.475 0.5 3.75421e+01 2.90532e-01 3.87770e+01 3.05010e-01 3.59267e+01 2.72705e-01 3.75421e+01 2.90532e-01 3.87770e+01 3.05010e-01 3.75421e+01 2.90532e-01 3.59267e+01 2.72705e-01 
0.5 0.525 0.55 3.97721e+01 2.91917e-01 4.10519e+01 3.05684e-01 3.80910e+01 2.74827e-01 3.97721e+01 2.91917e-01 4.10519e+01 3.05684e-01 3.97721e+01 2.91917e-01 3.80910e+01 2.74827e-01 
0.55 0.575 0.6 4.21232e+01 2.95560e-01 4.34689e+01 3.09583e-01 4.03537e+01 2.78193e-01 4.21232e+01 2.95560e-01 4.34689e+01 3.09583e-01 4.21232e+01 2.95560e-01 4.03537e+01 2.78193e-01 
0.6 0.625 0.65 4.44987e+01 3.03252e-01 4.59083e+01 3.17752e-01 4.25131e+01 2.83502e-01 4.44987e+01 3.03252e-01 4.59083e+01 3.17752e-01 4.44987e+01 3.03252e-01 4.25131e+01 2.83502e-01 
0.65 0.675 0.7 4.73430e+01 3.06370e-01 4.88106e+01 3.20728e-01 4.54031e+01 2.88569e-01 4.73430e+01 3.06370e-01 4.88106e+01 3.20728e-01 4.73430e+01 3.06370e-01 4.54031e+01 2.88569e-01 
0.7 0.725 0.75 5.04697e+01 3.14826e-01 5.20125e+01 3.29308e-01 4.84258e+01 2.96828e-01 5.04697e+01 3.14826e-01 5.20125e+01 3.29308e-01 5.04697e+01 3.14826e-01 4.84258e+01 2.96828e-01 
0.75 0.775 0.8 5.43769e+01 3.30695e-01 5.60312e+01 3.45825e-01 5.21830e+01 3.11855e-01 5.43769e+01 3.30695e-01 5.60312e+01 3.45825e-01 5.43769e+01 3.30695e-01 5.21830e+01 3.11855e-01 
0.8 0.825 0.85 5.71446e+01 3.37383e-01 5.88494e+01 3.52523e-01 5.48758e+01 3.18488e-01 5.71446e+01 3.37383e-01 5.88494e+01 3.52523e-01 5.71446e+01 3.37383e-01 5.48758e+01 3.18488e-01 
0.85 0.875 0.9 6.10178e+01 3.41111e-01 6.28160e+01 3.56190e-01 5.86196e+01 3.22249e-01 6.10178e+01 3.41111e-01 6.28160e+01 3.56190e-01 6.10178e+01 3.41111e-01 5.86196e+01 3.22249e-01 
0.9 0.925 0.95 6.59738e+01 3.62129e-01 6.79018e+01 3.77848e-01 6.33981e+01 3.42403e-01 6.59738e+01 3.62129e-01 6.79018e+01 3.77848e-01 6.59738e+01 3.62129e-01 6.33981e+01 3.42403e-01 
0.95 0.975 1.0 7.06843e+01 3.66847e-01 7.26999e+01 3.82486e-01 6.79789e+01 3.47177e-01 7.06843e+01 3.66847e-01 7.26999e+01 3.82486e-01 7.06843e+01 3.66847e-01 6.79789e+01 3.47177e-01 
1.0 1.025 1.05 7.46702e+01 3.72962e-01 7.67571e+01 3.88200e-01 7.18584e+01 3.53686e-01 7.46702e+01 3.72962e-01 7.67571e+01 3.88200e-01 7.46702e+01 3.72962e-01 7.18584e+01 3.53686e-01 
1.05 1.075 1.1 7.99946e+01 3.82592e-01 8.22078e+01 3.98471e-01 7.70075e+01 3.62547e-01 7.99946e+01 3.82592e-01 8.22078e+01 3.98471e-01 7.99946e+01 3.82592e-01 7.70075e+01 3.62547e-01 
1.1 1.125 1.15 8.52810e+01 3.92908e-01 8.75855e+01 4.08425e-01 8.21361e+01 3.72934e-01 8.52810e+01 3.92908e-01 8.75855e+01 4.08425e-01 8.52810e+01 3.92908e-01 8.21361e+01 3.72934e-01 
1.15 1.175 1.2 9.15732e+01 4.18943e-01 9.40244e+01 4.36377e-01 8.82427e+01 3.96954e-01 9.15732e+01 4.18943e-01 9.40244e+01 4.36377e-01 9.15732e+01 4.18943e-01 8.82427e+01 3.96954e-01 
1.2 1.225 1.25 9.65130e+01 4.09274e-01 9.90497e+01 4.25174e-01 9.30542e+01 3.89003e-01 9.65130e+01 4.09274e-01 9.90497e+01 4.25174e-01 9.65130e+01 4.09274e-01 9.30542e+01 3.89003e-01 
1.25 1.275 1.3 1.02564e+02 4.20313e-01 1.05173e+02 4.36360e-01 9.89831e+01 3.99797e-01 1.02564e+02 4.20313e-01 1.05173e+02 4.36360e-01 1.02564e+02 4.20313e-01 9.89831e+01 3.99797e-01 
1.3 1.325 1.35 1.09778e+02 4.28983e-01 1.12510e+02 4.44773e-01 1.06012e+02 4.08696e-01 1.09778e+02 4.28983e-01 1.12510e+02 4.44773e-01 1.09778e+02 4.28983e-01 1.06012e+02 4.08696e-01 
1.35 1.375 1.4 1.16256e+02 4.33278e-01 1.19098e+02 4.48867e-01 1.12323e+02 4.13164e-01 1.16256e+02 4.33278e-01 1.19098e+02 4.48867e-01 1.16256e+02 4.33278e-01 1.12323e+02 4.13164e-01 
1.4 1.425 1.45 1.23671e+02 4.44938e-01 1.26614e+02 4.60263e-01 1.19575e+02 4.25031e-01 1.23671e+02 4.44938e-01 1.26614e+02 4.60263e-01 1.23671e+02 4.44938e-01 1.19575e+02 4.25031e-01 
1.45 1.475 1.5 1.30048e+02 4.59530e-01 1.33070e+02 4.74855e-01 1.25820e+02 4.39495e-01 1.30048e+02 4.59530e-01 1.33070e+02 4.74855e-01 1.30048e+02 4.59530e-01 1.25820e+02 4.39495e-01 
1.5 1.525 1.55 1.38901e+02 4.63555e-01 1.42050e+02 4.78711e-01 1.34472e+02 4.43688e-01 1.38901e+02 4.63555e-01 1.42050e+02 4.78711e-01 1.38901e+02 4.63555e-01 1.34472e+02 4.43688e-01 
1.55 1.575 1.6 1.46567e+02 4.74860e-01 1.49816e+02 4.90133e-01 1.41974e+02 4.54769e-01 1.46567e+02 4.74860e-01 1.49816e+02 4.90133e-01 1.46567e+02 4.74860e-01 1.41974e+02 4.54769e-01 
1.6 1.625 1.65 1.55176e+02 4.89180e-01 1.58523e+02 5.04831e-01 1.50414e+02 4.68555e-01 1.55176e+02 4.89180e-01 1.58523e+02 5.04831e-01 1.55176e+02 4.89180e-01 1.50414e+02 4.68555e-01 
1.65 1.675 1.7 1.63509e+02 4.93780e-01 1.66931e+02 5.08945e-01 1.58607e+02 4.73688e-01 1.63509e+02 4.93780e-01 1.66931e+02 5.08945e-01 1.63509e+02 4.93780e-01 1.58607e+02 4.73688e-01 
1.7 1.725 1.75 1.72222e+02 4.99183e-01 1.75735e+02 5.14097e-01 1.67161e+02 4.79322e-01 1.72222e+02 4.99183e-01 1.75735e+02 5.14097e-01 1.72222e+02 4.99183e-01 1.67161e+02 4.79322e-01 
1.75 1.775 1.8 1.81995e+02 5.10112e-01 1.85578e+02 5.24807e-01 1.76788e+02 4.90402e-01 1.81995e+02 5.10112e-01 1.85578e+02 5.24807e-01 1.81995e+02 5.10112e-01 1.76788e+02 4.90402e-01 
1.8 1.825 1.85 1.89607e+02 5.16093e-01 1.93193e+02 5.30328e-01 1.84346e+02 4.96832e-01 1.89607e+02 5.16093e-01 1.93193e+02 5.30328e-01 1.89607e+02 5.16093e-01 1.84346e+02 4.96832e-01 
1.85 1.875 1.9 2.00499e+02 5.26322e-01 2.04197e+02 5.40451e-01 1.95035e+02 5.07104e-01 2.00499e+02 5.26322e-01 2.04197e+02 5.40451e-01 2.00499e+02 5.26322e-01 1.95035e+02 5.07104e-01 
1.9 1.925 1.95 2.10411e+02 5.53231e-01 2.14140e+02 5.67753e-01 2.04846e+02 5.33365e-01 2.10411e+02 5.53231e-01 2.14140e+02 5.67753e-01 2.10411e+02 5.53231e-01 2.04846e+02 5.33365e-01 
1.95 1.975 2.0 2.20593e+02 5.45433e-01 2.24374e+02 5.59209e-01 2.14902e+02 5.26465e-01 2.20593e+02 5.45433e-01 2.24374e+02 5.59209e-01 2.20593e+02 5.45433e-01 2.14902e+02 5.26465e-01 
2.0 2.025 2.05 2.29045e+02 5.50547e-01 2.32793e+02 5.63848e-01 2.23333e+02 5.32070e-01 2.29045e+02 5.50547e-01 2.32793e+02 5.63848e-01 2.29045e+02 5.50547e-01 2.23333e+02 5.32070e-01 
2.05 2.075 2.1 2.40458e+02 5.62520e-01 2.44265e+02 5.75844e-01 2.34603e+02 5.43933e-01 2.40458e+02 5.62520e-01 2.44265e+02 5.75844e-01 2.40458e+02 5.62520e-01 2.34603e+02 5.43933e-01 
2.1 2.125 2.15 2.49619e+02 5.68660e-01 2.53369e+02 5.81480e-01 2.43765e+02 5.50576e-01 2.49619e+02 5.68660e-01 2.53369e+02 5.81480e-01 2.49619e+02 5.68660e-01 2.43765e+02 5.50576e-01 
2.15 2.175 2.2 2.60698e+02 5.73368e-01 2.64430e+02 5.85842e-01 2.54789e+02 5.55643e-01 2.60698e+02 5.73368e-01 2.64430e+02 5.85842e-01 2.60698e+02 5.73368e-01 2.54789e+02 5.55643e-01 
2.2 2.225 2.25 2.71907e+02 5.85183e-01 2.75626e+02 5.97456e-01 2.65935e+02 5.67591e-01 2.71907e+02 5.85183e-01 2.75626e+02 5.97456e-01 2.71907e+02 5.85183e-01 2.65935e+02 5.67591e-01 
2.25 2.275 2.3 2.82958e+02 5.93260e-01 2.86624e+02 6.05266e-01 2.76971e+02 5.75913e-01 2.82958e+02 5.93260e-01 2.86624e+02 6.05266e-01 2.82958e+02 5.93260e-01 2.76971e+02 5.75913e-01 
2.3 2.325 2.35 2.93844e+02 6.07378e-01 2.97455e+02 6.18965e-01 2.87845e+02 5.90385e-01 2.93844e+02 6.07378e-01 2.97455e+02 6.18965e-01 2.93844e+02 6.07378e-01 2.87845e+02 5.90385e-01 
2.35 2.375 2.4 3.04010e+02 6.07725e-01 3.07504e+02 6.18969e-01 2.98073e+02 5.91117e-01 3.04010e+02 6.07725e-01 3.07504e+02 6.18969e-01 3.04010e+02 6.07725e-01 2.98073e+02 5.91117e-01 
2.4 2.425 2.45 3.14329e+02 6.19975e-01 3.17697e+02 6.30834e-01 3.08464e+02 6.03696e-01 3.14329e+02 6.19975e-01 3.17697e+02 6.30834e-01 3.14329e+02 6.19975e-01 3.08464e+02 6.03696e-01 
2.45 2.475 2.5 3.25299e+02 6.23520e-01 3.28540e+02 6.33935e-01 3.19504e+02 6.07735e-01 3.25299e+02 6.23520e-01 3.28540e+02 6.33935e-01 3.25299e+02 6.23520e-01 3.19504e+02 6.07735e-01 
2.5 2.525 2.55 3.38375e+02 6.32663e-01 3.41516e+02 6.42685e-01 3.32604e+02 6.17235e-01 3.38375e+02 6.32663e-01 3.41516e+02 6.42685e-01 3.38375e+02 6.32663e-01 3.32604e+02 6.17235e-01 
2.55 2.575 2.6 3.47940e+02 6.41120e-01 3.50861e+02 6.50687e-01 3.42353e+02 6.26143e-01 3.47940e+02 6.41120e-01 3.50861e+02 6.50687e-01 3.47940e+02 6.41120e-01 3.42353e+02 6.26143e-01 
2.6 2.625 2.65 3.56617e+02 6.41879e-01 3.59354e+02 6.51049e-01 3.51181e+02 6.27348e-01 3.56617e+02 6.41879e-01 3.59354e+02 6.51049e-01 3.56617e+02 6.41879e-01 3.51181e+02 6.27348e-01 
2.65 2.675 2.7 3.67437e+02 6.48457e-01 3.69978e+02 6.57116e-01 3.62150e+02 6.34441e-01 3.67437e+02 6.48457e-01 3.69978e+02 6.57116e-01 3.67437e+02 6.48457e-01 3.62150e+02 6.34441e-01 
2.7 2.725 2.75 3.78655e+02 6.58637e-01 3.80939e+02 6.66664e-01 3.73583e+02 6.45266e-01 3.78655e+02 6.58637e-01 3.80939e+02 6.66664e-01 3.78655e+02 6.58637e-01 3.73583e+02 6.45266e-01 
2.75 2.775 2.8 3.88872e+02 6.72774e-01 3.90941e+02 6.80487e-01 3.83975e+02 6.59658e-01 3.88872e+02 6.72774e-01 3.90941e+02 6.80487e-01 3.88872e+02 6.72774e-01 3.83975e+02 6.59658e-01 
2.8 2.825 2.85 3.99583e+02 6.75960e-01 4.01389e+02 6.83418e-01 3.94914e+02 6.63122e-01 3.99583e+02 6.75960e-01 4.01389e+02 6.83418e-01 3.99583e+02 6.75960e-01 3.94914e+02 6.63122e-01 
2.85 2.875 2.9 4.07910e+02 6.75789e-01 4.09402e+02 6.82419e-01 4.03544e+02 6.63883e-01 4.07910e+02 6.75789e-01 4.09402e+02 6.82419e-01 4.07910e+02 6.75789e-01 4.03544e+02 6.63883e-01 
2.9 2.925 2.95 4.16915e+02 6.81735e-01 4.18086e+02 6.87865e-01 4.12855e+02 6.70347e-01 4.16915e+02 6.81735e-01 4.18086e+02 6.87865e-01 4.16915e+02 6.81735e-01 4.12855e+02 6.70347e-01 
2.95 2.975 3.0 4.26475e+02 6.83548e-01 4.27324e+02 6.89030e-01 4.22718e+02 6.72886e-01 4.26475e+02 6.83548e-01 4.27324e+02 6.89030e-01 4.26475e+02 6.83548e-01 4.22718e+02 6.72886e-01 
3.0 3.025 3.05 4.35840e+02 7.00014e-01 4.36331e+02 7.05054e-01 4.32430e+02 6.89718e-01 4.35840e+02 7.00014e-01 4.36331e+02 7.05054e-01 4.35840e+02 7.00014e-01 4.32430e+02 6.89718e-01 
3.05 3.075 3.1 4.44415e+02 6.93489e-01 4.44533e+02 6.97653e-01 4.41375e+02 6.84252e-01 4.44415e+02 6.93489e-01 4.44533e+02 6.97653e-01 4.44415e+02 6.93489e-01 4.41375e+02 6.84252e-01 
3.1 3.125 3.15 4.53092e+02 7.01054e-01 4.52816e+02 7.04513e-01 4.50444e+02 6.92569e-01 4.53092e+02 7.01054e-01 4.52816e+02 7.04513e-01 4.53092e+02 7.01054e-01 4.50444e+02 6.92569e-01 
3.15 3.175 3.2 4.61542e+02 7.02970e-01 4.60853e+02 7.05830e-01 4.59312e+02 6.95152e-01 4.61542e+02 7.02970e-01 4.60853e+02 7.05830e-01 4.61542e+02 7.02970e-01 4.59312e+02 6.95152e-01 
3.2 3.225 3.25 4.68391e+02 7.11700e-01 4.67293e+02 7.13875e-01 4.66586e+02 7.04600e-01 4.68391e+02 7.11700e-01 4.67293e+02 7.13875e-01 4.68391e+02 7.11700e-01 4.66586e+02 7.04600e-01 
3.25 3.275 3.3 4.76685e+02 7.14289e-01 4.75120e+02 7.15729e-01 4.75362e+02 7.08012e-01 4.76685e+02 7.14289e-01 4.75120e+02 7.15729e-01 4.76685e+02 7.14289e-01 4.75362e+02 7.08012e-01 
3.3 3.325 3.35 4.82195e+02 7.15562e-01 4.80203e+02 7.16441e-01 4.81328e+02 7.09924e-01 4.82195e+02 7.15562e-01 4.80203e+02 7.16441e-01 4.82195e+02 7.15562e-01 4.81328e+02 7.09924e-01 
3.35 3.375 3.4 4.90330e+02 7.21846e-01 4.87847e+02 7.22111e-01 4.89976e+02 7.16859e-01 4.90330e+02 7.21846e-01 4.87847e+02 7.22111e-01 4.90330e+02 7.21846e-01 4.89976e+02 7.16859e-01 
3.4 3.425 3.45 4.93724e+02 7.34434e-01 4.90767e+02 7.33985e-01 4.93899e+02 7.30189e-01 4.93724e+02 7.34434e-01 4.90767e+02 7.33985e-01 4.93724e+02 7.34434e-01 4.93899e+02 7.30189e-01 
3.45 3.475 3.5 5.02429e+02 7.26663e-01 4.98962e+02 7.25343e-01 5.03134e+02 7.23475e-01 5.02429e+02 7.26663e-01 4.98962e+02 7.25343e-01 5.02429e+02 7.26663e-01 5.03134e+02 7.23475e-01 
3.5 3.525 3.55 5.07149e+02 7.29011e-01 5.03195e+02 7.27052e-01 5.08389e+02 7.26546e-01 5.07149e+02 7.29011e-01 5.03195e+02 7.27052e-01 5.07149e+02 7.29011e-01 5.08389e+02 7.26546e-01 
3.55 3.575 3.6 5.10780e+02 7.38715e-01 5.06296e+02 7.35967e-01 5.12615e+02 7.37102e-01 5.10780e+02 7.38715e-01 5.06296e+02 7.35967e-01 5.10780e+02 7.38715e-01 5.12615e+02 7.37102e-01 
3.6 3.625 3.65 5.15087e+02 7.32508e-01 5.10071e+02 7.29195e-01 5.17512e+02 7.31584e-01 5.15087e+02 7.32508e-01 5.10071e+02 7.29195e-01 5.15087e+02 7.32508e-01 5.17512e+02 7.31584e-01 
3.65 3.675 3.7 5.20310e+02 7.42129e-01 5.14747e+02 7.37886e-01 5.23338e+02 7.42221e-01 5.20310e+02 7.42129e-01 5.14747e+02 7.37886e-01 5.20310e+02 7.42129e-01 5.23338e+02 7.42221e-01 
3.7 3.725 3.75 5.23968e+02 7.44604e-01 5.17882e+02 7.39797e-01 5.27585e+02 7.45337e-01 5.23968e+02 7.44604e-01 5.17882e+02 7.39797e-01 5.23968e+02 7.44604e-01 5.27585e+02 7.45337e-01 
3.75 3.775 3.8 5.26330e+02 7.45201e-01 5.19710e+02 7.39603e-01 5.30557e+02 7.46850e-01 5.26330e+02 7.45201e-01 5.19710e+02 7.39603e-01 5.26330e+02 7.45201e-01 5.30557e+02 7.46850e-01 
3.8 3.825 3.85 5.27634e+02 7.45288e-01 5.20450e+02 7.38718e-01 5.32514e+02 7.48524e-01 5.27634e+02 7.45288e-01 5.20450e+02 7.38718e-01 5.27634e+02 7.45288e-01 5.32514e+02 7.48524e-01 
3.85 3.875 3.9 5.29971e+02 7.43397e-01 5.22291e+02 7.36277e-01 5.35420e+02 7.46831e-01 5.29971e+02 7.43397e-01 5.22291e+02 7.36277e-01 5.29971e+02 7.43397e-01 5.35420e+02 7.46831e-01 
3.9 3.925 3.95 5.31732e+02 7.50521e-01 5.23467e+02 7.42397e-01 5.37860e+02 7.55092e-01 5.31732e+02 7.50521e-01 5.23467e+02 7.42397e-01 5.31732e+02 7.50521e-01 5.37860e+02 7.55092e-01 
3.95 3.975 4.0 5.32904e+02 7.48232e-01 5.24062e+02 7.39449e-01 5.39704e+02 7.53592e-01 5.32904e+02 7.48232e-01 5.24062e+02 7.39449e-01 5.32904e+02 7.48232e-01 5.39704e+02 7.53592e-01 
4.0 4.025 4.05 5.33561e+02 7.52540e-01 5.24174e+02 7.42618e-01 5.41007e+02 7.59607e-01 5.33561e+02 7.52540e-01 5.24174e+02 7.42618e-01 5.33561e+02 7.52540e-01 5.41007e+02 7.59607e-01 
4.05 4.075 4.1 5.33728e+02 7.60704e-01 5.23843e+02 7.50216e-01 5.41762e+02 7.67987e-01 5.33728e+02 7.60704e-01 5.23843e+02 7.50216e-01 5.33728e+02 7.60704e-01 5.41762e+02 7.67987e-01 
4.1 4.125 4.15 5.33946e+02 7.52741e-01 5.23485e+02 7.41401e-01 5.42665e+02 7.61114e-01 5.33946e+02 7.52741e-01 5.23485e+02 7.41401e-01 5.33946e+02 7.52741e-01 5.42665e+02 7.61114e-01 
4.15 4.175 4.2 5.31958e+02 7.50078e-01 5.20987e+02 7.38166e-01 5.41297e+02 7.59124e-01 5.31958e+02 7.50078e-01 5.20987e+02 7.38166e-01 5.31958e+02 7.50078e-01 5.41297e+02 7.59124e-01 
4.2 4.225 4.25 5.30112e+02 7.48594e-01 5.18623e+02 7.35835e-01 5.40085e+02 7.58654e-01 5.30112e+02 7.48594e-01 5.18623e+02 7.35835e-01 5.30112e+02 7.48594e-01 5.40085e+02 7.58654e-01 
4.25 4.275 4.3 5.27850e+02 7.47843e-01 5.15868e+02 7.34292e-01 5.38430e+02 7.58864e-01 5.27850e+02 7.47843e-01 5.15868e+02 7.34292e-01 5.27850e+02 7.47843e-01 5.38430e+02 7.58864e-01 
4.3 4.325 4.35 5.25181e+02 7.48277e-01 5.12683e+02 7.33886e-01 5.36400e+02 7.60292e-01 5.25181e+02 7.48277e-01 5.12683e+02 7.33886e-01 5.25181e+02 7.48277e-01 5.36400e+02 7.60292e-01 
4.35 4.375 4.4 5.22216e+02 7.47311e-01 5.09247e+02 7.32222e-01 5.34024e+02 7.60174e-01 5.22216e+02 7.47311e-01 5.09247e+02 7.32222e-01 5.22216e+02 7.47311e-01 5.34024e+02 7.60174e-01 
4.4 4.425 4.45 5.19275e+02 7.47614e-01 5.05869e+02 7.31704e-01 5.31632e+02 7.61462e-01 5.19275e+02 7.47614e-01 5.05869e+02 7.31704e-01 5.19275e+02 7.47614e-01 5.31632e+02 7.61462e-01 
4.45 4.475 4.5 5.16187e+02 7.50692e-01 5.02243e+02 7.33794e-01 5.29216e+02 7.65703e-01 5.16187e+02 7.50692e-01 5.02243e+02 7.33794e-01 5.16187e+02 7.50692e-01 5.29216e+02 7.65703e-01 
4.5 4.525 4.55 5.12316e+02 7.53735e-01 4.97940e+02 7.35975e-01 5.25897e+02 7.69763e-01 5.12316e+02 7.53735e-01 4.97940e+02 7.35975e-01 5.12316e+02 7.53735e-01 5.25897e+02 7.69763e-01 
4.55 4.575 4.6 5.08545e+02 7.47717e-01 4.93754e+02 7.29323e-01 5.22660e+02 7.64561e-01 5.08545e+02 7.47717e-01 4.93754e+02 7.29323e-01 5.08545e+02 7.47717e-01 5.22660e+02 7.64561e-01 
4.6 4.625 4.65 5.03326e+02 7.45738e-01 4.88108e+02 7.26541e-01 5.18001e+02 7.63573e-01 5.03326e+02 7.45738e-01 4.88108e+02 7.26541e-01 5.03326e+02 7.45738e-01 5.18001e+02 7.63573e-01 
4.65 4.675 4.7 4.96626e+02 7.44518e-01 4.81092e+02 7.24506e-01 5.11741e+02 7.63346e-01 4.96626e+02 7.44518e-01 4.81092e+02 7.24506e-01 4.96626e+02 7.44518e-01 5.11741e+02 7.63346e-01 
4.7 4.725 4.75 4.91963e+02 7.41218e-01 4.76041e+02 7.20420e-01 5.07587e+02 7.61043e-01 4.91963e+02 7.41218e-01 4.76041e+02 7.20420e-01 4.91963e+02 7.41218e-01 5.07587e+02 7.61043e-01 
4.75 4.775 4.8 4.86149e+02 7.40803e-01 4.69840e+02 7.19118e-01 5.02293e+02 7.61704e-01 4.86149e+02 7.40803e-01 4.69840e+02 7.19118e-01 4.86149e+02 7.40803e-01 5.02293e+02 7.61704e-01 
4.8 4.825 4.85 4.79091e+02 7.40093e-01 4.62501e+02 7.17639e-01 4.95635e+02 7.61925e-01 4.79091e+02 7.40093e-01 4.62501e+02 7.17639e-01 4.79091e+02 7.40093e-01 4.95635e+02 7.61925e-01 
4.85 4.875 4.9 4.74271e+02 7.43715e-01 4.57363e+02 7.20335e-01 4.91249e+02 7.66667e-01 4.74271e+02 7.43715e-01 4.57363e+02 7.20335e-01 4.74271e+02 7.43715e-01 4.91249e+02 7.66667e-01 
4.9 4.925 4.95 4.66199e+02 7.38767e-01 4.49001e+02 7.14578e-01 4.83601e+02 7.62757e-01 4.66199e+02 7.38767e-01 4.49001e+02 7.14578e-01 4.66199e+02 7.38767e-01 4.83601e+02 7.62757e-01 
4.95 4.975 5.0 4.58777e+02 7.46354e-01 4.41374e+02 7.21374e-01 4.76494e+02 7.71244e-01 4.58777e+02 7.46354e-01 4.41374e+02 7.21374e-01 4.58777e+02 7.46354e-01 4.76494e+02 7.71244e-01 
5.0 5.025 5.05 4.52097e+02 7.36886e-01 4.34403e+02 7.11223e-01 4.70231e+02 7.62703e-01 4.52097e+02 7.36886e-01 4.34403e+02 7.11223e-01 4.52097e+02 7.36886e-01 4.70231e+02 7.62703e-01 
5.05 5.075 5.1 4.42989e+02 7.30022e-01 4.25153e+02 7.03600e-01 4.61380e+02 7.56842e-01 4.42989e+02 7.30022e-01 4.25153e+02 7.03600e-01 4.42989e+02 7.30022e-01 4.61380e+02 7.56842e-01 
5.1 5.125 5.15 4.35533e+02 7.29357e-01 4.17489e+02 7.02108e-01 4.54245e+02 7.57205e-01 4.35533e+02 7.29357e-01 4.17489e+02 7.02108e-01 4.35533e+02 7.29357e-01 4.54245e+02 7.57205e-01 
5.15 5.175 5.2 4.26908e+02 7.23748e-01 4.08713e+02 6.95749e-01 4.45886e+02 7.52584e-01 4.26908e+02 7.23748e-01 4.08713e+02 6.95749e-01 4.26908e+02 7.23748e-01 4.45886e+02 7.52584e-01 
5.2 5.225 5.25 4.17500e+02 7.31037e-01 3.99203e+02 7.01981e-01 4.36692e+02 7.61116e-01 4.17500e+02 7.31037e-01 3.99203e+02 7.01981e-01 4.17500e+02 7.31037e-01 4.36692e+02 7.61116e-01 
5.25 5.275 5.3 4.10944e+02 7.20759e-01 3.92439e+02 6.91188e-01 4.30455e+02 7.51585e-01 4.10944e+02 7.20759e-01 3.92439e+02 6.91188e-01 4.10944e+02 7.20759e-01 4.30455e+02 7.51585e-01 
5.3 5.325 5.35 4.02712e+02 7.22508e-01 3.84139e+02 6.92079e-01 4.22386e+02 7.54388e-01 4.02712e+02 7.22508e-01 3.84139e+02 6.92079e-01 4.02712e+02 7.22508e-01 4.22386e+02 7.54388e-01 
5.35 5.375 5.4 3.92963e+02 7.19055e-01 3.74372e+02 6.87962e-01 4.12751e+02 7.51802e-01 3.92963e+02 7.19055e-01 3.74372e+02 6.87962e-01 3.92963e+02 7.19055e-01 4.12751e+02 7.51802e-01 
5.4 5.425 5.45 3.82874e+02 7.13891e-01 3.64303e+02 6.82193e-01 4.02733e+02 7.47455e-01 3.82874e+02 7.13891e-01 3.64303e+02 6.82193e-01 3.82874e+02 7.13891e-01 4.02733e+02 7.47455e-01 
5.45 5.475 5.5 3.75112e+02 7.22900e-01 3.56479e+02 6.89806e-01 3.95125e+02 7.58134e-01 3.75112e+02 7.22900e-01 3.56479e+02 6.89806e-01 3.75112e+02 7.22900e-01 3.95125e+02 7.58134e-01 
5.5 5.525 5.55 3.64572e+02 7.06482e-01 3.46029e+02 6.73196e-01 3.84573e+02 7.42116e-01 3.64572e+02 7.06482e-01 3.46029e+02 6.73196e-01 3.64572e+02 7.06482e-01 3.84573e+02 7.42116e-01 
5.55 5.575 5.6 3.55261e+02 7.02007e-01 3.36780e+02 6.68105e-01 3.75278e+02 7.38476e-01 3.55261e+02 7.02007e-01 3.36780e+02 6.68105e-01 3.55261e+02 7.02007e-01 3.75278e+02 7.38476e-01 
5.6 5.625 5.65 3.46722e+02 7.03296e-01 3.28242e+02 6.68481e-01 3.66823e+02 7.40900e-01 3.46722e+02 7.03296e-01 3.28242e+02 6.68481e-01 3.46722e+02 7.03296e-01 3.66823e+02 7.40900e-01 
5.65 5.675 5.7 3.35481e+02 6.93919e-01 3.17210e+02 6.58775e-01 3.55433e+02 7.32036e-01 3.35481e+02 6.93919e-01 3.17210e+02 6.58775e-01 3.35481e+02 6.93919e-01 3.55433e+02 7.32036e-01 
5.7 5.725 5.75 3.26886e+02 6.91684e-01 3.08670e+02 6.55776e-01 3.46856e+02 7.30803e-01 3.26886e+02 6.91684e-01 3.08670e+02 6.55776e-01 3.26886e+02 6.91684e-01 3.46856e+02 7.30803e-01 
5.75 5.775 5.8 3.18356e+02 6.90418e-01 3.00211e+02 6.53695e-01 3.38325e+02 7.30593e-01 3.18356e+02 6.90418e-01 3.00211e+02 6.53695e-01 3.18356e+02 6.90418e-01 3.38325e+02 7.30593e-01 
5.8 5.825 5.85 3.08842e+02 6.88710e-01 2.90838e+02 6.50891e-01 3.28733e+02 7.30321e-01 3.08842e+02 6.88710e-01 2.90838e+02 6.50891e-01 3.08842e+02 6.88710e-01 3.28733e+02 7.30321e-01 
5.85 5.875 5.9 2.99376e+02 6.86463e-01 2.81563e+02 6.48173e-01 3.19126e+02 7.28706e-01 2.99376e+02 6.86463e-01 2.81563e+02 6.48173e-01 2.99376e+02 6.86463e-01 3.19126e+02 7.28706e-01 
5.9 5.925 5.95 2.88101e+02 6.73730e-01 2.70597e+02 6.35262e-01 3.07558e+02 7.16300e-01 2.88101e+02 6.73730e-01 2.70597e+02 6.35262e-01 2.88101e+02 6.73730e-01 3.07558e+02 7.16300e-01 
5.95 5.975 6.0 2.80360e+02 6.71664e-01 2.63004e+02 6.32541e-01 2.99733e+02 7.15147e-01 2.80360e+02 6.71664e-01 2.63004e+02 6.32541e-01 2.80360e+02 6.71664e-01 2.99733e+02 7.15147e-01 
6.0 6.025 6.05 2.70151e+02 6.78512e-01 2.53078e+02 6.37866e-01 2.89273e+02 7.23892e-01 2.70151e+02 6.78512e-01 2.53078e+02 6.37866e-01 2.70151e+02 6.78512e-01 2.89273e+02 7.23892e-01 
6.05 6.075 6.1 2.60193e+02 6.60176e-01 2.43421e+02 6.19930e-01 2.79041e+02 7.05249e-01 2.60193e+02 6.60176e-01 2.43421e+02 6.19930e-01 2.60193e+02 6.60176e-01 2.79041e+02 7.05249e-01 
6.1 6.125 6.15 2.52229e+02 6.63224e-01 2.35648e+02 6.22061e-01 2.70923e+02 7.09466e-01 2.52229e+02 6.63224e-01 2.35648e+02 6.22061e-01 2.52229e+02 6.63224e-01 2.70923e+02 7.09466e-01 
6.15 6.175 6.2 2.41086e+02 6.52617e-01 2.24939e+02 6.11226e-01 2.59377e+02 6.99409e-01 2.41086e+02 6.52617e-01 2.24939e+02 6.11226e-01 2.41086e+02 6.52617e-01 2.59377e+02 6.99409e-01 
6.2 6.225 6.25 2.32611e+02 6.44680e-01 2.16683e+02 6.02667e-01 2.50689e+02 6.92266e-01 2.32611e+02 6.44680e-01 2.16683e+02 6.02667e-01 2.32611e+02 6.44680e-01 2.50689e+02 6.92266e-01 
6.25 6.275 6.3 2.24931e+02 6.45361e-01 2.09273e+02 6.02498e-01 2.42751e+02 6.94060e-01 2.24931e+02 6.45361e-01 2.09273e+02 6.02498e-01 2.24931e+02 6.45361e-01 2.42751e+02 6.94060e-01 
6.3 6.325 6.35 2.15132e+02 6.35964e-01 1.99866e+02 5.92910e-01 2.32560e+02 6.85031e-01 2.15132e+02 6.35964e-01 1.99866e+02 5.92910e-01 2.15132e+02 6.35964e-01 2.32560e+02 6.85031e-01 
6.35 6.375 6.4 2.04137e+02 6.27307e-01 1.89392e+02 5.83952e-01 2.21020e+02 6.76893e-01 2.04137e+02 6.27307e-01 1.89392e+02 5.83952e-01 2.04137e+02 6.27307e-01 2.21020e+02 6.76893e-01 
6.4 6.425 6.45 1.96495e+02 6.26074e-01 1.82033e+02 5.81941e-01 2.13104e+02 6.76703e-01 1.96495e+02 6.26074e-01 1.82033e+02 5.81941e-01 1.96495e+02 6.26074e-01 2.13104e+02 6.76703e-01 
6.45 6.475 6.5 1.88131e+02 6.23226e-01 1.74071e+02 5.78458e-01 2.04318e+02 6.74736e-01 1.88131e+02 6.23226e-01 1.74071e+02 5.78458e-01 1.88131e+02 6.23226e-01 2.04318e+02 6.74736e-01 
6.5 6.525 6.55 1.80327e+02 6.16091e-01 1.66597e+02 5.70873e-01 1.96183e+02 6.68311e-01 1.80327e+02 6.16091e-01 1.66597e+02 5.70873e-01 1.80327e+02 6.16091e-01 1.96183e+02 6.68311e-01 
6.55 6.575 6.6 1.71027e+02 6.04384e-01 1.57753e+02 5.59119e-01 1.86402e+02 6.56830e-01 1.71027e+02 6.04384e-01 1.57753e+02 5.59119e-01 1.71027e+02 6.04384e-01 1.86402e+02 6.56830e-01 
6.6 6.625 6.65 1.64553e+02 6.06096e-01 1.51574e+02 5.59851e-01 1.79626e+02 6.59833e-01 1.64553e+02 6.06096e-01 1.51574e+02 5.59851e-01 1.64553e+02 6.06096e-01 1.79626e+02 6.59833e-01 
6.65 6.675 6.7 1.54777e+02 5.92097e-01 1.42379e+02 5.46240e-01 1.69213e+02 6.45528e-01 1.54777e+02 5.92097e-01 1.42379e+02 5.46240e-01 1.54777e+02 5.92097e-01 1.69213e+02 6.45528e-01 
6.7 6.725 6.75 1.46263e+02 5.85621e-01 1.34328e+02 5.39256e-01 1.60202e+02 6.39836e-01 1.46263e+02 5.85621e-01 1.34328e+02 5.39256e-01 1.46263e+02 5.85621e-01 1.60202e+02 6.39836e-01 
6.75 6.775 6.8 1.39159e+02 5.85904e-01 1.27620e+02 5.38331e-01 1.52671e+02 6.41785e-01 1.39159e+02 5.85904e-01 1.27620e+02 5.38331e-01 1.39159e+02 5.85904e-01 1.52671e+02 6.41785e-01 
6.8 6.825 6.85 1.33044e+02 5.72595e-01 1.21835e+02 5.25478e-01 1.46205e+02 6.28046e-01 1.33044e+02 5.72595e-01 1.21835e+02 5.25478e-01 1.33044e+02 5.72595e-01 1.46205e+02 6.28046e-01 
6.85 6.875 6.9 1.23786e+02 5.63293e-01 1.13204e+02 5.16242e-01 1.36240e+02 6.18784e-01 1.23786e+02 5.63293e-01 1.13204e+02 5.16242e-01 1.23786e+02 5.63293e-01 1.36240e+02 6.18784e-01 
6.9 6.925 6.95 1.17412e+02 5.62778e-01 1.07203e+02 5.14635e-01 1.29459e+02 6.19775e-01 1.17412e+02 5.62778e-01 1.07203e+02 5.14635e-01 1.17412e+02 5.62778e-01 1.29459e+02 6.19775e-01 
6.95 6.975 7.0 1.12190e+02 5.66986e-01 1.02287e+02 5.17637e-01 1.23907e+02 6.25582e-01 1.12190e+02 5.66986e-01 1.02287e+02 5.17637e-01 1.12190e+02 5.66986e-01 1.23907e+02 6.25582e-01 
7.0 7.025 7.05 1.04799e+02 5.44829e-01 9.54044e+01 4.96677e-01 1.15942e+02 6.02167e-01 1.04799e+02 5.44829e-01 9.54044e+01 4.96677e-01 1.04799e+02 5.44829e-01 1.15942e+02 6.02167e-01 
7.05 7.075 7.1 9.79779e+01 5.40878e-01 8.90321e+01 4.92011e-01 1.08621e+02 5.99252e-01 9.79779e+01 5.40878e-01 8.90321e+01 4.92011e-01 9.79779e+01 5.40878e-01 1.08621e+02 5.99252e-01 
7.1 7.125 7.15 9.27041e+01 5.32934e-01 8.41229e+01 4.83998e-01 1.02937e+02 5.91569e-01 9.27041e+01 5.32934e-01 8.41229e+01 4.83998e-01 9.27041e+01 5.32934e-01 1.02937e+02 5.91569e-01 
7.15 7.175 7.2 8.62715e+01 5.29753e-01 7.81647e+01 4.80494e-01 9.59621e+01 5.88849e-01 8.62715e+01 5.29753e-01 7.81647e+01 4.80494e-01 8.62715e+01 5.29753e-01 9.59621e+01 5.88849e-01 
7.2 7.225 7.25 8.04513e+01 5.15181e-01 7.27926e+01 4.66309e-01 8.96261e+01 5.74038e-01 8.04513e+01 5.15181e-01 7.27926e+01 4.66309e-01 8.04513e+01 5.15181e-01 8.96261e+01 5.74038e-01 
7.25 7.275 7.3 7.51175e+01 5.12762e-01 6.78654e+01 4.63579e-01 8.38554e+01 5.72796e-01 7.51175e+01 5.12762e-01 6.78654e+01 4.63579e-01 7.51175e+01 5.12762e-01 8.38554e+01 5.72796e-01 
7.3 7.325 7.35 6.99480e+01 5.05991e-01 6.30797e+01 4.56159e-01 7.82202e+01 5.66411e-01 6.99480e+01 5.05991e-01 6.30797e+01 4.56159e-01 6.99480e+01 5.05991e-01 7.82202e+01 5.66411e-01 
7.35 7.375 7.4 6.39799e+01 4.89671e-01 5.76023e+01 4.40766e-01 7.16801e+01 5.49063e-01 6.39799e+01 4.89671e-01 5.76023e+01 4.40766e-01 6.39799e+01 4.89671e-01 7.16801e+01 5.49063e-01 
7.4 7.425 7.45 6.06208e+01 4.99827e-01 5.45047e+01 4.49272e-01 6.80201e+01 5.61343e-01 6.06208e+01 4.99827e-01 5.45047e+01 4.49272e-01 6.06208e+01 4.99827e-01 6.80201e+01 5.61343e-01 
7.45 7.475 7.5 5.51522e+01 4.99944e-01 4.94858e+01 4.48573e-01 6.20283e+01 5.62597e-01 5.51522e+01 4.99944e-01 4.94858e+01 4.48573e-01 5.51522e+01 4.99944e-01 6.20283e+01 5.62597e-01 
7.5 7.525 7.55 4.98968e+01 4.65596e-01 4.47089e+01 4.16724e-01 5.62062e+01 5.25455e-01 4.98968e+01 4.65596e-01 4.47089e+01 4.16724e-01 4.98968e+01 4.65596e-01 5.62062e+01 5.25455e-01 
7.55 7.575 7.6 4.60259e+01 4.68633e-01 4.11734e+01 4.18822e-01 5.19412e+01 5.29781e-01 4.60259e+01 4.68633e-01 4.11734e+01 4.18822e-01 4.60259e+01 4.68633e-01 5.19412e+01 5.29781e-01 
7.6 7.625 7.65 4.25477e+01 4.61237e-01 3.80116e+01 4.11164e-01 4.80873e+01 5.22910e-01 4.25477e+01 4.61237e-01 3.80116e+01 4.11164e-01 4.25477e+01 4.61237e-01 4.80873e+01 5.22910e-01 
7.65 7.675 7.7 3.82986e+01 4.51910e-01 3.41545e+01 4.02379e-01 4.33735e+01 5.13004e-01 3.82986e+01 4.51910e-01 3.41545e+01 4.02379e-01 3.82986e+01 4.51910e-01 4.33735e+01 5.13004e-01 
7.7 7.725 7.75 3.50540e+01 4.41955e-01 3.12064e+01 3.92659e-01 3.97776e+01 5.02963e-01 3.50540e+01 4.41955e-01 3.12064e+01 3.92659e-01 3.50540e+01 4.41955e-01 3.97776e+01 5.02963e-01 
7.75 7.775 7.8 3.17598e+01 4.35150e-01 2.82280e+01 3.86080e-01 3.61057e+01 4.95973e-01 3.17598e+01 4.35150e-01 2.82280e+01 3.86080e-01 3.17598e+01 4.35150e-01 3.61057e+01 4.95973e-01 
7.8 7.825 7.85 2.90353e+01 4.27974e-01 2.57483e+01 3.79146e-01 3.30932e+01 4.88629e-01 2.90353e+01 4.27974e-01 2.57483e+01 3.79146e-01 2.90353e+01 4.27974e-01 3.30932e+01 4.88629e-01 
7.85 7.875 7.9 2.60527e+01 4.17823e-01 2.30776e+01 3.69674e-01 2.97305e+01 4.77716e-01 2.60527e+01 4.17823e-01 2.30776e+01 3.69674e-01 2.60527e+01 4.17823e-01 2.97305e+01 4.77716e-01 
7.9 7.925 7.95 2.29508e+01 4.04199e-01 2.02786e+01 3.56709e-01 2.62660e+01 4.63478e-01 2.29508e+01 4.04199e-01 2.02786e+01 3.56709e-01 2.29508e+01 4.04199e-01 2.62660e+01 4.63478e-01 
7.95 7.975 8.0 2.04236e+01 3.92355e-01 1.80313e+01 3.45770e-01 2.33951e+01 4.50638e-01 2.04236e+01 3.92355e-01 1.80313e+01 3.45770e-01 2.04236e+01 3.92355e-01 2.33951e+01 4.50638e-01 
8.0 8.025 8.05 1.78759e+01 3.77810e-01 1.57592e+01 3.32574e-01 2.05108e+01 4.34531e-01 1.78759e+01 3.77810e-01 1.57592e+01 3.32574e-01 1.78759e+01 3.77810e-01 2.05108e+01 4.34531e-01 
8.05 8.075 8.1 1.57340e+01 3.70925e-01 1.38415e+01 3.25646e-01 1.80955e+01 4.27837e-01 1.57340e+01 3.70925e-01 1.38415e+01 3.25646e-01 1.57340e+01 3.70925e-01 1.80955e+01 4.27837e-01 
8.1 8.125 8.15 1.43102e+01 3.81882e-01 1.25666e+01 3.34602e-01 1.64915e+01 4.41518e-01 1.43102e+01 3.81882e-01 1.25666e+01 3.34602e-01 1.43102e+01 3.81882e-01 1.64915e+01 4.41518e-01 
8.15 8.175 8.2 1.19503e+01 3.36643e-01 1.04748e+01 2.95367e-01 1.38011e+01 3.88624e-01 1.19503e+01 3.36643e-01 1.04748e+01 2.95367e-01 1.19503e+01 3.36643e-01 1.38011e+01 3.88624e-01 
8.2 8.225 8.25 1.04206e+01 3.49930e-01 9.11433e+00 3.05850e-01 1.20639e+01 4.05708e-01 1.04206e+01 3.49930e-01 9.11433e+00 3.05850e-01 1.04206e+01 3.49930e-01 1.20639e+01 4.05708e-01 
8.25 8.275 8.3 8.87336e+00 3.25813e-01 7.74928e+00 2.84283e-01 1.02900e+01 3.78420e-01 8.87336e+00 3.25813e-01 7.74928e+00 2.84283e-01 8.87336e+00 3.25813e-01 1.02900e+01 3.78420e-01 
8.3 8.325 8.35 7.22521e+00 3.02270e-01 6.30203e+00 2.64685e-01 8.39104e+00 3.49842e-01 7.22521e+00 3.02270e-01 6.30203e+00 2.64685e-01 7.22521e+00 3.02270e-01 8.39104e+00 3.49842e-01 
8.35 8.375 8.4 5.93686e+00 2.82326e-01 5.16670e+00 2.44377e-01 6.91251e+00 3.31282e-01 5.93686e+00 2.82326e-01 5.16670e+00 2.44377e-01 5.93686e+00 2.82326e-01 6.91251e+00 3.31282e-01 
8.4 8.425 8.45 5.11722e+00 2.64559e-01 4.45272e+00 2.31270e-01 5.95937e+00 3.06821e-01 5.11722e+00 2.64559e-01 4.45272e+00 2.31270e-01 5.11722e+00 2.64559e-01 5.95937e+00 3.06821e-01 
8.45 8.475 8.5 3.94721e+00 2.69520e-01 3.42632e+00 2.34919e-01 4.60882e+00 3.13345e-01 3.94721e+00 2.69520e-01 3.42632e+00 2.34919e-01 3.94721e+00 2.69520e-01 4.60882e+00 3.13345e-01 
8.5 8.525 8.55 3.05998e+00 2.10533e-01 2.65194e+00 1.83337e-01 3.57948e+00 2.45131e-01 3.05998e+00 2.10533e-01 2.65194e+00 1.83337e-01 3.05998e+00 2.10533e-01 3.57948e+00 2.45131e-01 
8.55 8.575 8.6 2.11719e+00 1.66346e-01 1.82433e+00 1.43124e-01 2.57882e+00 2.10357e-01 2.11719e+00 1.66346e-01 1.82433e+00 1.43124e-01 2.11719e+00 1.66346e-01 2.57882e+00 2.10357e-01 
8.6 8.625 8.65 1.65667e+00 1.60008e-01 1.43016e+00 1.38853e-01 1.94633e+00 1.86921e-01 1.65667e+00 1.60008e-01 1.43016e+00 1.38853e-01 1.65667e+00 1.60008e-01 1.94633e+00 1.86921e-01 
8.65 8.675 8.7 1.00064e+00 1.13165e-01 8.58523e-01 9.69136e-02 1.18373e+00 1.34167e-01 1.00064e+00 1.13165e-01 8.58523e-01 9.69136e-02 1.00064e+00 1.13165e-01 1.18373e+00 1.34167e-01 
8.7 8.725 8.75 2.86659e-01 5.29674e-02 2.45849e-01 4.53963e-02 3.15546e-01 5.80672e-02 2.86659e-01 5.29674e-02 2.45849e-01 4.53963e-02 2.86659e-01 5.29674e-02 3.15546e-01 5.80672e-02 
8.75 8.775 8.8 0.00000e+00 0.00000e+00 0.00000e+00 0.00000e+00 0.00000e+00 0.00000e+00 0.00000e+00 0.00000e+00 0.00000e+00 0.00000e+00 0.00000e+00 0.00000e+00 0.00000e+00 0.00000e+00 
8.8 8.825 8.85 0.00000e+00 0.00000e+00 0.00000e+00 0.00000e+00 0.00000e+00 0.00000e+00 0.00000e+00 0.00000e+00 0.00000e+00 0.00000e+00 0.00000e+00 0.00000e+00 0.00000e+00 0.00000e+00 
8.85 8.875 8.9 0.00000e+00 0.00000e+00 0.00000e+00 0.00000e+00 0.00000e+00 0.00000e+00 0.00000e+00 0.00000e+00 0.00000e+00 0.00000e+00 0.00000e+00 0.00000e+00 0.00000e+00 0.00000e+00 
8.9 8.925 8.95 0.00000e+00 0.00000e+00 0.00000e+00 0.00000e+00 0.00000e+00 0.00000e+00 0.00000e+00 0.00000e+00 0.00000e+00 0.00000e+00 0.00000e+00 0.00000e+00 0.00000e+00 0.00000e+00 
8.95 8.975 9.0 0.00000e+00 0.00000e+00 0.00000e+00 0.00000e+00 0.00000e+00 0.00000e+00 0.00000e+00 0.00000e+00 0.00000e+00 0.00000e+00 0.00000e+00 0.00000e+00 0.00000e+00 0.00000e+00 
9.0 9.025 9.05 0.00000e+00 0.00000e+00 0.00000e+00 0.00000e+00 0.00000e+00 0.00000e+00 0.00000e+00 0.00000e+00 0.00000e+00 0.00000e+00 0.00000e+00 0.00000e+00 0.00000e+00 0.00000e+00 
9.05 9.075 9.1 0.00000e+00 0.00000e+00 0.00000e+00 0.00000e+00 0.00000e+00 0.00000e+00 0.00000e+00 0.00000e+00 0.00000e+00 0.00000e+00 0.00000e+00 0.00000e+00 0.00000e+00 0.00000e+00 
9.1 9.125 9.15 0.00000e+00 0.00000e+00 0.00000e+00 0.00000e+00 0.00000e+00 0.00000e+00 0.00000e+00 0.00000e+00 0.00000e+00 0.00000e+00 0.00000e+00 0.00000e+00 0.00000e+00 0.00000e+00 
9.15 9.175 9.2 0.00000e+00 0.00000e+00 0.00000e+00 0.00000e+00 0.00000e+00 0.00000e+00 0.00000e+00 0.00000e+00 0.00000e+00 0.00000e+00 0.00000e+00 0.00000e+00 0.00000e+00 0.00000e+00 
9.2 9.225 9.25 0.00000e+00 0.00000e+00 0.00000e+00 0.00000e+00 0.00000e+00 0.00000e+00 0.00000e+00 0.00000e+00 0.00000e+00 0.00000e+00 0.00000e+00 0.00000e+00 0.00000e+00 0.00000e+00 
9.25 9.275 9.3 0.00000e+00 0.00000e+00 0.00000e+00 0.00000e+00 0.00000e+00 0.00000e+00 0.00000e+00 0.00000e+00 0.00000e+00 0.00000e+00 0.00000e+00 0.00000e+00 0.00000e+00 0.00000e+00 
9.3 9.325 9.35 0.00000e+00 0.00000e+00 0.00000e+00 0.00000e+00 0.00000e+00 0.00000e+00 0.00000e+00 0.00000e+00 0.00000e+00 0.00000e+00 0.00000e+00 0.00000e+00 0.00000e+00 0.00000e+00 
9.35 9.375 9.4 0.00000e+00 0.00000e+00 0.00000e+00 0.00000e+00 0.00000e+00 0.00000e+00 0.00000e+00 0.00000e+00 0.00000e+00 0.00000e+00 0.00000e+00 0.00000e+00 0.00000e+00 0.00000e+00 
9.4 9.425 9.45 0.00000e+00 0.00000e+00 0.00000e+00 0.00000e+00 0.00000e+00 0.00000e+00 0.00000e+00 0.00000e+00 0.00000e+00 0.00000e+00 0.00000e+00 0.00000e+00 0.00000e+00 0.00000e+00 
9.45 9.475 9.5 0.00000e+00 0.00000e+00 0.00000e+00 0.00000e+00 0.00000e+00 0.00000e+00 0.00000e+00 0.00000e+00 0.00000e+00 0.00000e+00 0.00000e+00 0.00000e+00 0.00000e+00 0.00000e+00 
9.5 9.525 9.55 0.00000e+00 0.00000e+00 0.00000e+00 0.00000e+00 0.00000e+00 0.00000e+00 0.00000e+00 0.00000e+00 0.00000e+00 0.00000e+00 0.00000e+00 0.00000e+00 0.00000e+00 0.00000e+00 
9.55 9.575 9.6 0.00000e+00 0.00000e+00 0.00000e+00 0.00000e+00 0.00000e+00 0.00000e+00 0.00000e+00 0.00000e+00 0.00000e+00 0.00000e+00 0.00000e+00 0.00000e+00 0.00000e+00 0.00000e+00 
9.6 9.625 9.65 0.00000e+00 0.00000e+00 0.00000e+00 0.00000e+00 0.00000e+00 0.00000e+00 0.00000e+00 0.00000e+00 0.00000e+00 0.00000e+00 0.00000e+00 0.00000e+00 0.00000e+00 0.00000e+00 
9.65 9.675 9.7 0.00000e+00 0.00000e+00 0.00000e+00 0.00000e+00 0.00000e+00 0.00000e+00 0.00000e+00 0.00000e+00 0.00000e+00 0.00000e+00 0.00000e+00 0.00000e+00 0.00000e+00 0.00000e+00 
9.7 9.725 9.75 0.00000e+00 0.00000e+00 0.00000e+00 0.00000e+00 0.00000e+00 0.00000e+00 0.00000e+00 0.00000e+00 0.00000e+00 0.00000e+00 0.00000e+00 0.00000e+00 0.00000e+00 0.00000e+00 
9.75 9.775 9.8 0.00000e+00 0.00000e+00 0.00000e+00 0.00000e+00 0.00000e+00 0.00000e+00 0.00000e+00 0.00000e+00 0.00000e+00 0.00000e+00 0.00000e+00 0.00000e+00 0.00000e+00 0.00000e+00 
9.8 9.825 9.85 0.00000e+00 0.00000e+00 0.00000e+00 0.00000e+00 0.00000e+00 0.00000e+00 0.00000e+00 0.00000e+00 0.00000e+00 0.00000e+00 0.00000e+00 0.00000e+00 0.00000e+00 0.00000e+00 
9.85 9.875 9.9 0.00000e+00 0.00000e+00 0.00000e+00 0.00000e+00 0.00000e+00 0.00000e+00 0.00000e+00 0.00000e+00 0.00000e+00 0.00000e+00 0.00000e+00 0.00000e+00 0.00000e+00 0.00000e+00 
9.9 9.925 9.95 0.00000e+00 0.00000e+00 0.00000e+00 0.00000e+00 0.00000e+00 0.00000e+00 0.00000e+00 0.00000e+00 0.00000e+00 0.00000e+00 0.00000e+00 0.00000e+00 0.00000e+00 0.00000e+00 
9.95 9.975 10.0 0.00000e+00 0.00000e+00 0.00000e+00 0.00000e+00 0.00000e+00 0.00000e+00 0.00000e+00 0.00000e+00 0.00000e+00 0.00000e+00 0.00000e+00 0.00000e+00 0.00000e+00 0.00000e+00 
