0.0 50.0 100.0 1.42279e-03 4.78759e-05 1.49014e-03 4.47749e-05 1.33953e-03 4.91380e-05 1.47042e-03 4.37562e-05 1.43691e-03 4.89766e-05 1.36340e-03 5.30103e-05 1.39132e-03 4.43962e-05 
100.0 150.0 200.0 5.79136e-01 1.08537e-03 6.02024e-01 1.00858e-03 5.58502e-01 1.17107e-03 5.93731e-01 9.93828e-04 5.86224e-01 1.10127e-03 5.60969e-01 1.19904e-03 5.74040e-01 1.05983e-03 
200.0 250.0 300.0 2.14419e+00 2.29800e-03 2.21986e+00 1.74592e-03 2.07115e+00 2.36138e-03 2.19440e+00 2.10716e-03 2.16759e+00 1.89694e-03 2.08204e+00 2.53349e-03 2.12721e+00 2.14331e-03 
300.0 350.0 400.0 6.44612e-01 1.18366e-03 6.53967e-01 1.08126e-03 6.37523e-01 1.30173e-03 6.49469e-01 1.08690e-03 6.49331e-01 1.17743e-03 6.38593e-01 1.30195e-03 6.42959e-01 1.18336e-03 
400.0 450.0 500.0 1.13270e-01 3.94679e-04 1.12647e-01 3.56158e-04 1.14149e-01 3.86524e-04 1.12601e-01 3.63039e-04 1.13401e-01 3.87161e-04 1.14066e-01 4.33027e-04 1.13378e-01 3.52637e-04 
500.0 550.0 600.0 1.88776e-02 9.82527e-05 1.85494e-02 8.84234e-05 1.93246e-02 1.09970e-04 1.86453e-02 9.07430e-05 1.87979e-02 9.57302e-05 1.91551e-02 1.07321e-04 1.90686e-02 1.13142e-04 
600.0 650.0 700.0 3.18635e-03 3.26929e-05 3.10888e-03 2.91959e-05 3.31612e-03 4.00938e-05 3.13752e-03 3.02323e-05 3.16071e-03 3.15681e-05 3.24459e-03 3.56499e-05 3.25678e-03 3.67383e-05 
700.0 750.0 800.0 5.60378e-04 1.26168e-05 5.54457e-04 1.13570e-05 5.68901e-04 1.41326e-05 5.55835e-04 1.16735e-05 5.60203e-04 1.22749e-05 5.65759e-04 1.37452e-05 5.64564e-04 1.29722e-05 
800.0 850.0 900.0 1.10232e-04 4.16388e-06 1.09746e-04 3.67387e-06 1.05129e-04 3.28453e-06 1.10165e-04 3.86212e-06 1.10113e-04 3.96025e-06 1.10306e-04 4.52428e-06 1.05828e-04 3.03918e-06 
900.0 950.0 1000.0 2.47639e-05 1.20635e-06 2.46519e-05 1.05221e-06 2.41592e-05 1.04566e-06 2.48483e-05 1.12467e-06 2.46402e-05 1.12800e-06 2.46632e-05 1.30408e-06 2.43935e-05 9.73284e-07 
1000.0 1100.0 1200.0 3.50848e-06 2.18911e-07 3.53146e-06 1.80528e-07 3.43966e-06 2.48964e-07 3.53795e-06 2.05157e-07 3.51618e-06 1.92135e-07 3.47351e-06 2.35396e-07 3.49314e-06 2.31457e-07 
1200.0 1300.0 1400.0 1.47205e-07 1.90478e-08 1.45864e-07 1.72900e-08 1.46997e-07 2.27094e-08 1.46263e-07 1.77549e-08 1.47074e-07 1.85344e-08 1.48313e-07 2.05806e-08 1.47083e-07 2.10350e-08 
1400.0 1500.0 1600.0 7.32334e-10 8.59717e-11 7.17282e-10 8.13341e-11 7.65375e-10 9.20460e-11 7.32333e-10 8.59717e-11 7.19694e-10 8.14274e-11 7.32335e-10 8.59717e-11 7.66788e-10 9.20050e-11 
1600.0 1700.0 1800.0 0.00000e+00 0.00000e+00 0.00000e+00 0.00000e+00 0.00000e+00 0.00000e+00 0.00000e+00 0.00000e+00 0.00000e+00 0.00000e+00 0.00000e+00 0.00000e+00 0.00000e+00 0.00000e+00 
1800.0 1900.0 2000.0 0.00000e+00 0.00000e+00 0.00000e+00 0.00000e+00 0.00000e+00 0.00000e+00 0.00000e+00 0.00000e+00 0.00000e+00 0.00000e+00 0.00000e+00 0.00000e+00 0.00000e+00 0.00000e+00 
