0.0 0.1 0.2 8.02872e+01 3.25600e-01 8.29409e+01 3.08185e-01 7.79885e+01 3.45150e-01 8.19720e+01 3.03418e-01 8.11309e+01 3.30571e-01 7.82063e+01 3.53398e-01 7.97738e+01 3.17843e-01 
0.2 0.3 0.4 8.03203e+01 3.50554e-01 8.29422e+01 3.30587e-01 7.80480e+01 3.72977e-01 8.19743e+01 3.25646e-01 8.11656e+01 3.55734e-01 7.82774e+01 3.81671e-01 7.97994e+01 3.42420e-01 
0.4 0.5 0.6 7.94618e+01 3.78945e-01 8.22583e+01 3.62008e-01 7.71511e+01 4.04146e-01 8.11250e+01 3.51213e-01 8.04937e+01 3.90710e-01 7.74077e+01 4.13490e-01 7.89224e+01 3.70249e-01 
0.6 0.7 0.8 7.92285e+01 3.29655e-01 8.18067e+01 3.11702e-01 7.69670e+01 3.49963e-01 8.08124e+01 3.07404e-01 8.01158e+01 3.34106e-01 7.72717e+01 3.57553e-01 7.86555e+01 3.22483e-01 
0.8 0.9 1.0 7.77460e+01 3.83779e-01 8.03096e+01 3.60629e-01 7.56202e+01 3.78747e-01 7.92999e+01 3.56015e-01 7.86623e+01 3.88611e-01 7.58264e+01 4.18409e-01 7.72763e+01 3.48261e-01 
1.0 1.1 1.2 7.57694e+01 3.29739e-01 7.81118e+01 3.42044e-01 7.34928e+01 3.50497e-01 7.72907e+01 3.07843e-01 7.64946e+01 3.67779e-01 7.38900e+01 3.57215e-01 7.51459e+01 3.23354e-01 
1.2 1.3 1.4 7.35305e+01 3.12619e-01 7.59386e+01 2.96989e-01 7.16223e+01 3.71970e-01 7.49129e+01 2.93356e-01 7.45012e+01 3.16323e-01 7.18220e+01 3.36924e-01 7.28450e+01 3.06362e-01 
1.4 1.5 1.6 6.94014e+01 3.41064e-01 7.16710e+01 3.20653e-01 6.72608e+01 3.45074e-01 7.06742e+01 3.17977e-01 7.03672e+01 3.43785e-01 6.77943e+01 3.50556e-01 6.86840e+01 3.18719e-01 
1.6 1.7 1.8 6.51969e+01 3.49792e-01 6.72601e+01 3.27364e-01 6.32362e+01 3.75583e-01 6.61919e+01 2.97643e-01 6.61710e+01 3.51277e-01 6.38535e+01 3.79800e-01 6.43702e+01 3.13917e-01 
1.8 1.9 2.0 5.83917e+01 3.22404e-01 6.03002e+01 3.20348e-01 5.66065e+01 3.46045e-01 5.93034e+01 3.01152e-01 5.94211e+01 3.43816e-01 5.72628e+01 3.49100e-01 5.76734e+01 3.19417e-01 
2.0 2.1 2.2 4.98090e+01 2.68031e-01 5.13428e+01 2.53807e-01 4.82735e+01 2.86306e-01 5.05219e+01 2.52419e-01 5.06773e+01 2.69471e-01 4.89253e+01 2.87820e-01 4.91391e+01 2.66452e-01 
2.2 2.3 2.4 4.03615e+01 2.44385e-01 4.14872e+01 2.64224e-01 3.92533e+01 2.61653e-01 4.07960e+01 2.30407e-01 4.11132e+01 2.82600e-01 3.98209e+01 2.62133e-01 3.98069e+01 2.43801e-01 
2.4 2.5 2.6 2.82455e+01 2.13962e-01 2.89595e+01 2.00398e-01 2.74918e+01 2.29805e-01 2.85103e+01 2.01880e-01 2.87486e+01 2.12307e-01 2.79149e+01 2.29319e-01 2.78498e+01 2.14308e-01 
2.6 2.7 2.8 1.70503e+01 1.70049e-01 1.74579e+01 1.62642e-01 1.66332e+01 1.83110e-01 1.71686e+01 1.60689e-01 1.73668e+01 1.68462e-01 1.69014e+01 1.81965e-01 1.68099e+01 1.71025e-01 
2.8 2.9 3.0 8.54332e+00 1.13938e-01 8.67705e+00 1.06986e-01 8.37728e+00 1.20174e-01 8.54934e+00 1.06761e-01 8.67914e+00 1.12564e-01 8.51682e+00 1.21226e-01 8.42283e+00 1.13043e-01 
3.0 3.1 3.2 3.23643e+00 6.05036e-02 3.28650e+00 5.77591e-02 3.17315e+00 6.35965e-02 3.24502e+00 5.84368e-02 3.28774e+00 5.97878e-02 3.22516e+00 6.32011e-02 3.19292e+00 6.08442e-02 
3.2 3.3 3.4 8.60753e-01 3.19735e-02 8.62813e-01 2.99988e-02 8.58533e-01 3.42804e-02 8.56550e-01 3.04565e-02 8.69590e-01 3.14902e-02 8.65706e-01 3.39279e-02 8.55856e-01 3.22975e-02 
3.4 3.5 3.6 1.17758e-01 8.95836e-03 1.17964e-01 8.44418e-03 1.20603e-01 9.65703e-03 1.17467e-01 8.65856e-03 1.18703e-01 8.72985e-03 1.19392e-01 9.29403e-03 1.20380e-01 9.23108e-03 
3.6 3.7 3.8 3.30718e-03 4.80710e-04 3.24207e-03 4.44734e-04 3.63533e-03 5.52055e-04 3.26643e-03 4.67506e-04 3.29828e-03 4.57627e-04 3.35651e-03 4.97992e-04 3.59580e-03 5.34047e-04 
3.8 3.9 4.0 1.39933e-09 2.92651e-09 1.43177e-08 6.01556e-09 1.05629e-10 8.34905e-10 1.35323e-09 2.68089e-09 1.52251e-08 6.58454e-09 1.45391e-09 3.22595e-09 1.97128e-10 8.06905e-10 
4.0 4.25 4.5 0.00000e+00 0.00000e+00 0.00000e+00 0.00000e+00 0.00000e+00 0.00000e+00 0.00000e+00 0.00000e+00 0.00000e+00 0.00000e+00 0.00000e+00 0.00000e+00 0.00000e+00 0.00000e+00 
4.5 4.75 5.0 0.00000e+00 0.00000e+00 0.00000e+00 0.00000e+00 0.00000e+00 0.00000e+00 0.00000e+00 0.00000e+00 0.00000e+00 0.00000e+00 0.00000e+00 0.00000e+00 0.00000e+00 0.00000e+00 
5.0 5.25 5.5 0.00000e+00 0.00000e+00 0.00000e+00 0.00000e+00 0.00000e+00 0.00000e+00 0.00000e+00 0.00000e+00 0.00000e+00 0.00000e+00 0.00000e+00 0.00000e+00 0.00000e+00 0.00000e+00 
5.5 5.75 6.0 0.00000e+00 0.00000e+00 0.00000e+00 0.00000e+00 0.00000e+00 0.00000e+00 0.00000e+00 0.00000e+00 0.00000e+00 0.00000e+00 0.00000e+00 0.00000e+00 0.00000e+00 0.00000e+00 
6.0 6.25 6.5 0.00000e+00 0.00000e+00 0.00000e+00 0.00000e+00 0.00000e+00 0.00000e+00 0.00000e+00 0.00000e+00 0.00000e+00 0.00000e+00 0.00000e+00 0.00000e+00 0.00000e+00 0.00000e+00 
6.5 6.75 7.0 0.00000e+00 0.00000e+00 0.00000e+00 0.00000e+00 0.00000e+00 0.00000e+00 0.00000e+00 0.00000e+00 0.00000e+00 0.00000e+00 0.00000e+00 0.00000e+00 0.00000e+00 0.00000e+00 
7.0 7.5 8.0 0.00000e+00 0.00000e+00 0.00000e+00 0.00000e+00 0.00000e+00 0.00000e+00 0.00000e+00 0.00000e+00 0.00000e+00 0.00000e+00 0.00000e+00 0.00000e+00 0.00000e+00 0.00000e+00 
8.0 8.5 9.0 0.00000e+00 0.00000e+00 0.00000e+00 0.00000e+00 0.00000e+00 0.00000e+00 0.00000e+00 0.00000e+00 0.00000e+00 0.00000e+00 0.00000e+00 0.00000e+00 0.00000e+00 0.00000e+00 
9.0 9.5 10.0 0.00000e+00 0.00000e+00 0.00000e+00 0.00000e+00 0.00000e+00 0.00000e+00 0.00000e+00 0.00000e+00 0.00000e+00 0.00000e+00 0.00000e+00 0.00000e+00 0.00000e+00 0.00000e+00 
