0.0 2.5 5.0 3.04582e-03 1.36462e-04 3.05871e-03 1.32933e-04 3.00664e-03 1.39354e-04 3.05938e-03 1.33786e-04 3.04662e-03 1.35538e-04 3.02875e-03 1.39926e-04 3.03971e-03 1.37152e-04 
5.0 7.5 10.0 9.73116e-03 3.00262e-04 9.70247e-03 2.90889e-04 9.78190e-03 3.10897e-04 9.74862e-03 2.93792e-04 9.68605e-03 2.97190e-04 9.70762e-03 3.08619e-04 9.79921e-03 3.02278e-04 
10.0 12.5 15.0 1.51990e-02 3.67190e-04 1.49742e-02 3.33502e-04 1.52509e-02 3.84445e-04 1.52691e-02 3.56106e-04 1.48860e-02 3.40888e-04 1.50923e-02 3.82414e-04 1.53270e-02 3.69557e-04 
15.0 17.5 20.0 2.02270e-02 4.37500e-04 2.02796e-02 4.19374e-04 2.03140e-02 4.58878e-04 2.03624e-02 4.22080e-04 2.01476e-02 4.34488e-04 2.00578e-02 4.57147e-04 2.04600e-02 4.38832e-04 
20.0 22.5 25.0 2.58612e-02 4.98868e-04 2.60085e-02 4.84737e-04 2.58939e-02 5.22185e-04 2.59977e-02 4.79684e-04 2.58872e-02 5.04858e-04 2.56891e-02 5.23229e-04 2.59168e-02 5.12568e-04 
25.0 27.5 30.0 3.15512e-02 5.43048e-04 3.15806e-02 5.23156e-04 3.15911e-02 6.09156e-04 3.17083e-02 5.23421e-04 3.14282e-02 5.42911e-04 3.13533e-02 5.68033e-04 3.17708e-02 5.78365e-04 
30.0 32.5 35.0 3.68183e-02 5.71959e-04 3.67536e-02 5.41655e-04 3.70442e-02 6.31280e-04 3.69908e-02 5.53649e-04 3.65803e-02 5.58225e-04 3.66002e-02 5.95351e-04 3.72258e-02 6.02594e-04 
35.0 37.5 40.0 4.08823e-02 6.28830e-04 4.09081e-02 6.00234e-04 4.12660e-02 6.75408e-04 4.10463e-02 6.04949e-04 4.07552e-02 6.23576e-04 4.06730e-02 6.59139e-04 4.14253e-02 6.42754e-04 
40.0 42.5 45.0 4.55378e-02 6.89205e-04 4.55209e-02 6.54685e-04 4.58673e-02 7.30393e-04 4.57067e-02 6.60596e-04 4.53627e-02 6.82654e-04 4.53210e-02 7.25375e-04 4.60397e-02 6.93410e-04 
45.0 47.5 50.0 5.12409e-02 7.31910e-04 5.10835e-02 6.90922e-04 5.16239e-02 7.79563e-04 5.13158e-02 7.00201e-04 5.10206e-02 7.21569e-04 5.11368e-02 7.71932e-04 5.16928e-02 7.38459e-04 
50.0 52.5 55.0 5.45899e-02 7.44561e-04 5.45605e-02 7.28963e-04 5.52035e-02 8.23419e-04 5.46889e-02 7.40273e-04 5.45036e-02 7.61917e-04 5.46651e-02 8.13911e-04 5.52585e-02 7.79206e-04 
55.0 57.5 60.0 5.74367e-02 7.28475e-04 5.73423e-02 7.31959e-04 5.81336e-02 7.74120e-04 5.74659e-02 6.98499e-04 5.73394e-02 7.67030e-04 5.73868e-02 7.66360e-04 5.81286e-02 7.35134e-04 
60.0 62.5 65.0 6.04932e-02 7.96010e-04 6.01070e-02 7.43049e-04 6.12528e-02 8.52021e-04 6.05018e-02 7.58003e-04 6.01040e-02 7.79271e-04 6.04669e-02 8.43740e-04 6.12231e-02 8.03191e-04 
65.0 67.5 70.0 6.41870e-02 7.90508e-04 6.36630e-02 7.44275e-04 6.55435e-02 8.58620e-04 6.40978e-02 7.54060e-04 6.37599e-02 7.79744e-04 6.42781e-02 8.36298e-04 6.53571e-02 8.10033e-04 
70.0 72.5 75.0 6.44624e-02 7.92926e-04 6.37440e-02 7.57138e-04 6.56265e-02 8.44476e-04 6.44350e-02 7.55029e-04 6.37560e-02 7.95614e-04 6.44784e-02 8.40452e-04 6.55280e-02 7.96452e-04 
75.0 77.5 80.0 6.49209e-02 8.57454e-04 6.43786e-02 8.00533e-04 6.60123e-02 9.25945e-04 6.48491e-02 8.11300e-04 6.44591e-02 8.45617e-04 6.49900e-02 9.14987e-04 6.58748e-02 8.67116e-04 
80.0 82.5 85.0 6.56520e-02 8.06213e-04 6.48092e-02 7.48055e-04 6.67045e-02 8.67532e-04 6.56323e-02 7.65851e-04 6.48106e-02 7.86437e-04 6.56579e-02 8.56687e-04 6.66334e-02 8.15810e-04 
85.0 87.5 90.0 6.80218e-02 8.13251e-04 6.72685e-02 7.59047e-04 6.88475e-02 8.39452e-04 6.78612e-02 7.86965e-04 6.74543e-02 7.99610e-04 6.82206e-02 8.65402e-04 6.86207e-02 7.90562e-04 
90.0 92.5 95.0 6.81087e-02 7.73981e-04 6.73682e-02 7.24285e-04 6.94253e-02 8.34732e-04 6.79403e-02 7.37121e-04 6.75462e-02 7.59877e-04 6.82942e-02 8.20122e-04 6.91728e-02 7.86913e-04 
95.0 97.5 100.0 6.70561e-02 8.33535e-04 6.64129e-02 7.05708e-04 6.83704e-02 9.02850e-04 6.68911e-02 7.87656e-04 6.66008e-02 7.41325e-04 6.72371e-02 8.90546e-04 6.81263e-02 8.44590e-04 
100.0 105.0 110.0 6.75918e-02 5.85846e-04 6.66775e-02 5.43177e-04 6.89353e-02 6.20673e-04 6.73296e-02 5.52958e-04 6.69487e-02 5.75164e-04 6.78900e-02 6.26609e-04 6.85854e-02 5.80725e-04 
110.0 115.0 120.0 6.64163e-02 5.37418e-04 6.54083e-02 4.97820e-04 6.80397e-02 5.86158e-04 6.60942e-02 5.08373e-04 6.57389e-02 5.25870e-04 6.67870e-02 5.73477e-04 6.76045e-02 5.48778e-04 
120.0 125.0 130.0 6.29754e-02 5.34718e-04 6.20101e-02 4.90027e-04 6.46327e-02 5.87928e-04 6.26689e-02 5.04053e-04 6.23341e-02 5.15176e-04 6.33282e-02 5.72620e-04 6.42169e-02 5.48495e-04 
130.0 135.0 140.0 6.05267e-02 5.19998e-04 5.94170e-02 4.77873e-04 6.22317e-02 5.71572e-04 6.01453e-02 4.89185e-04 5.98077e-02 5.07680e-04 6.09702e-02 5.57971e-04 6.17327e-02 5.32294e-04 
140.0 145.0 150.0 5.75867e-02 4.93562e-04 5.63205e-02 4.33705e-04 5.93238e-02 5.29000e-04 5.71439e-02 4.63982e-04 5.67651e-02 4.59997e-04 5.81045e-02 5.29975e-04 5.87573e-02 4.92986e-04 
150.0 155.0 160.0 5.56060e-02 4.40420e-04 5.42532e-02 4.03007e-04 5.75520e-02 4.86970e-04 5.50671e-02 4.15058e-04 5.47941e-02 4.27283e-04 5.62402e-02 4.71664e-04 5.68623e-02 4.54258e-04 
160.0 165.0 170.0 5.11638e-02 4.11343e-04 4.99655e-02 3.73335e-04 5.28934e-02 4.56310e-04 5.07143e-02 3.87550e-04 5.04221e-02 3.95766e-04 5.16916e-02 4.40629e-04 5.23210e-02 4.25527e-04 
170.0 175.0 180.0 4.77935e-02 3.79078e-04 4.65215e-02 3.44571e-04 4.94434e-02 4.19758e-04 4.72656e-02 3.56799e-04 4.70542e-02 3.65750e-04 4.84160e-02 4.06425e-04 4.87914e-02 3.91176e-04 
180.0 185.0 190.0 4.39545e-02 3.38673e-04 4.27682e-02 3.07907e-04 4.57111e-02 3.79927e-04 4.34826e-02 3.19520e-04 4.32459e-02 3.26021e-04 4.45105e-02 3.62209e-04 4.51099e-02 3.54663e-04 
190.0 195.0 200.0 4.15726e-02 3.32443e-04 4.03029e-02 3.00560e-04 4.33344e-02 3.77011e-04 4.10356e-02 3.12727e-04 4.08916e-02 3.17577e-04 4.22072e-02 3.56584e-04 4.26608e-02 3.50923e-04 
200.0 212.5 225.0 3.54632e-02 1.93507e-04 3.43148e-02 1.73936e-04 3.69682e-02 2.15280e-04 3.49777e-02 1.81447e-04 3.48029e-02 1.85340e-04 3.60371e-02 2.08208e-04 3.63691e-02 1.99979e-04 
225.0 237.5 250.0 2.86102e-02 1.63030e-04 2.75215e-02 1.43299e-04 2.99528e-02 1.88106e-04 2.81563e-02 1.52638e-04 2.79726e-02 1.52829e-04 2.91472e-02 1.75648e-04 2.93963e-02 1.74338e-04 
250.0 262.5 275.0 2.28957e-02 1.38320e-04 2.19507e-02 1.21897e-04 2.41047e-02 1.60238e-04 2.24983e-02 1.29272e-04 2.23455e-02 1.30297e-04 2.33658e-02 1.49270e-04 2.36149e-02 1.48302e-04 
275.0 287.5 300.0 1.81771e-02 1.13100e-04 1.74223e-02 1.00123e-04 1.92365e-02 1.34252e-04 1.78420e-02 1.05638e-04 1.77589e-02 1.07121e-04 1.85733e-02 1.22113e-04 1.88213e-02 1.24139e-04 
300.0 312.5 325.0 1.49185e-02 1.04681e-04 1.42401e-02 9.16511e-05 1.57989e-02 1.21450e-04 1.46193e-02 9.75133e-05 1.45391e-02 9.83236e-05 1.52723e-02 1.13298e-04 1.54330e-02 1.12134e-04 
325.0 337.5 350.0 1.18429e-02 8.05628e-05 1.12697e-02 6.85338e-05 1.25571e-02 9.31147e-05 1.15960e-02 7.51273e-05 1.15158e-02 7.33898e-05 1.21347e-02 8.70919e-05 1.22570e-02 8.60803e-05 
350.0 362.5 375.0 9.49516e-03 6.81083e-05 9.01193e-03 5.92818e-05 1.00958e-02 7.89531e-05 9.27967e-03 6.34569e-05 9.22676e-03 6.35880e-05 9.74976e-03 7.36787e-05 9.83486e-03 7.29430e-05 
375.0 387.5 400.0 7.64884e-03 5.77952e-05 7.21487e-03 4.96684e-05 8.20473e-03 6.84526e-05 7.45416e-03 5.38056e-05 7.40717e-03 5.33139e-05 7.87884e-03 6.25607e-05 7.96608e-03 6.31932e-05 
400.0 412.5 425.0 5.96423e-03 5.07323e-05 5.60650e-03 4.36699e-05 6.42869e-03 6.05152e-05 5.80340e-03 4.71559e-05 5.76491e-03 4.69606e-05 6.15416e-03 5.49939e-05 6.23078e-03 5.57932e-05 
425.0 437.5 450.0 4.70920e-03 3.96426e-05 4.40813e-03 3.39397e-05 5.09101e-03 4.70467e-05 4.57406e-03 3.68696e-05 4.54065e-03 3.64737e-05 4.86869e-03 4.29427e-05 4.92504e-03 4.34090e-05 
450.0 462.5 475.0 3.76742e-03 3.44450e-05 3.50736e-03 2.93413e-05 4.09676e-03 4.10726e-05 3.65020e-03 3.20108e-05 3.62159e-03 3.15587e-05 3.90568e-03 3.73362e-05 3.95225e-03 3.78755e-05 
475.0 487.5 500.0 2.96904e-03 3.12498e-05 2.75555e-03 2.57855e-05 3.24105e-03 3.71715e-05 2.87315e-03 2.90223e-05 2.84879e-03 2.77466e-05 3.08204e-03 3.38898e-05 3.12261e-03 3.42659e-05 
500.0 512.5 525.0 2.39761e-03 2.73133e-05 2.19764e-03 2.23324e-05 2.63922e-03 3.30135e-05 2.31420e-03 2.53532e-05 2.29047e-03 2.42983e-05 2.49586e-03 2.96323e-05 2.53529e-03 3.04201e-05 
525.0 537.5 550.0 1.89226e-03 2.24836e-05 1.73763e-03 1.88310e-05 2.08403e-03 2.68322e-05 1.82448e-03 2.08737e-05 1.80270e-03 2.02772e-05 1.97203e-03 2.43863e-05 1.99994e-03 2.47327e-05 
550.0 562.5 575.0 1.46196e-03 1.90371e-05 1.34506e-03 1.62285e-05 1.61241e-03 2.27986e-05 1.40913e-03 1.76785e-05 1.39337e-03 1.73748e-05 1.52410e-03 2.06416e-05 1.54692e-03 2.10219e-05 
575.0 587.5 600.0 1.21637e-03 1.67758e-05 1.11242e-03 1.42693e-05 1.35187e-03 2.02886e-05 1.16981e-03 1.55730e-05 1.15710e-03 1.53695e-05 1.27109e-03 1.81938e-05 1.29371e-03 1.87037e-05 
