0.0 50.0 100.0 0.00000e+00 0.00000e+00 0.00000e+00 0.00000e+00 0.00000e+00 0.00000e+00 0.00000e+00 0.00000e+00 0.00000e+00 0.00000e+00 0.00000e+00 0.00000e+00 0.00000e+00 0.00000e+00 
100.0 150.0 200.0 0.00000e+00 0.00000e+00 0.00000e+00 0.00000e+00 0.00000e+00 0.00000e+00 0.00000e+00 0.00000e+00 0.00000e+00 0.00000e+00 0.00000e+00 0.00000e+00 0.00000e+00 0.00000e+00 
200.0 250.0 300.0 0.00000e+00 0.00000e+00 0.00000e+00 0.00000e+00 0.00000e+00 0.00000e+00 0.00000e+00 0.00000e+00 0.00000e+00 0.00000e+00 0.00000e+00 0.00000e+00 0.00000e+00 0.00000e+00 
300.0 350.0 400.0 0.00000e+00 0.00000e+00 0.00000e+00 0.00000e+00 0.00000e+00 0.00000e+00 0.00000e+00 0.00000e+00 0.00000e+00 0.00000e+00 0.00000e+00 0.00000e+00 0.00000e+00 0.00000e+00 
400.0 450.0 500.0 -3.37664e-01 3.34029e-03 -2.64569e-01 2.99440e-03 -4.05361e-01 3.74728e-03 -3.06797e-01 3.04410e-03 -2.91308e-01 3.28582e-03 -3.75639e-01 3.70225e-03 -3.64472e-01 3.38101e-03 
500.0 550.0 600.0 -2.61081e-01 3.20181e-03 -1.83587e-01 2.84650e-03 -3.38809e-01 3.62655e-03 -2.37330e-01 2.91813e-03 -2.02125e-01 3.12326e-03 -2.90270e-01 3.54842e-03 -3.04892e-01 3.27239e-03 
600.0 650.0 700.0 -1.85786e-01 2.92271e-03 -1.11801e-01 2.57865e-03 -2.64042e-01 3.33978e-03 -1.68875e-01 2.66401e-03 -1.23201e-01 2.82911e-03 -2.06570e-01 3.23873e-03 -2.37686e-01 3.01396e-03 
700.0 750.0 800.0 -1.31255e-01 2.87553e-03 -6.32331e-02 2.52008e-03 -2.06223e-01 3.31141e-03 -1.19304e-01 2.62157e-03 -6.97905e-02 2.76423e-03 -1.45946e-01 3.18560e-03 -1.85709e-01 2.98914e-03 
800.0 850.0 900.0 -9.01367e-02 3.31469e-03 -2.93288e-02 2.88421e-03 -1.59401e-01 3.84897e-03 -8.18853e-02 3.02195e-03 -3.25372e-02 3.16364e-03 -1.00290e-01 3.67212e-03 -1.43551e-01 3.47438e-03 
900.0 950.0 1000.0 -6.39569e-02 3.06171e-03 -9.66804e-03 2.65039e-03 -1.27548e-01 3.57663e-03 -5.80774e-02 2.79179e-03 -1.09125e-02 2.90668e-03 -7.11977e-02 3.39118e-03 -1.14888e-01 3.22919e-03 
1000.0 1050.0 1100.0 -3.55363e-02 2.80866e-03 1.13797e-02 2.41711e-03 -9.18464e-02 3.30330e-03 -3.21867e-02 2.56077e-03 1.21956e-02 2.65111e-03 -3.96829e-02 3.11129e-03 -8.26899e-02 2.98204e-03 
1100.0 1150.0 1200.0 -1.56941e-02 2.73974e-03 2.45132e-02 2.34350e-03 -6.49527e-02 3.24463e-03 -1.41499e-02 2.49820e-03 2.66576e-02 2.57010e-03 -1.76217e-02 3.03456e-03 -5.84894e-02 2.92943e-03 
1200.0 1250.0 1300.0 -8.86202e-03 3.02288e-03 2.83715e-02 2.13515e-03 -5.35726e-02 3.59574e-03 -7.91631e-03 2.75593e-03 3.08886e-02 2.34150e-03 -1.00602e-02 3.34883e-03 -4.82069e-02 3.24578e-03 
1300.0 1350.0 1400.0 -3.65657e-03 2.46315e-03 2.77468e-02 2.08798e-03 -4.14352e-02 3.68773e-03 -3.19505e-03 2.24656e-03 3.13275e-02 2.73647e-03 -3.00853e-03 3.25810e-03 -3.92671e-02 2.66202e-03 
1400.0 1450.0 1500.0 1.14873e-02 3.05284e-03 3.74321e-02 2.58216e-03 -2.22046e-02 3.69145e-03 1.05136e-02 2.80525e-03 4.08883e-02 2.83109e-03 1.25615e-02 3.38028e-03 -1.99591e-02 3.33372e-03 
1500.0 1550.0 1600.0 5.40251e-03 2.36440e-03 2.93289e-02 1.98912e-03 -2.60866e-02 2.85444e-03 5.03721e-03 2.15660e-03 3.20028e-02 2.18077e-03 5.81896e-03 2.61784e-03 -2.34569e-02 2.57807e-03 
1600.0 1650.0 1700.0 1.13876e-02 2.62459e-03 3.16413e-02 2.19912e-03 -1.56593e-02 3.18303e-03 1.04840e-02 2.39384e-03 3.45541e-02 2.41108e-03 1.24642e-02 2.90605e-03 -1.40530e-02 2.87472e-03 
1700.0 1750.0 1800.0 1.54179e-02 2.79320e-03 3.14065e-02 1.94920e-03 -7.87856e-03 3.39440e-03 1.41431e-02 2.54852e-03 3.43236e-02 2.13668e-03 1.69513e-02 3.09141e-03 -7.04673e-03 3.06695e-03 
1800.0 1850.0 1900.0 9.01836e-03 2.50131e-03 2.50468e-02 2.08014e-03 -1.37023e-02 3.00685e-03 8.30289e-03 2.28152e-03 2.73494e-02 2.28049e-03 9.23641e-03 2.72193e-03 -1.23081e-02 2.71589e-03 
1900.0 1950.0 2000.0 1.82766e-02 2.33226e-03 3.08084e-02 1.93285e-03 7.46381e-04 2.86418e-03 1.67418e-02 2.12678e-03 3.36748e-02 2.11958e-03 2.01294e-02 2.58302e-03 7.36921e-04 2.58609e-03 
