0.0 0.1 0.2 6.52557e+00 1.18660e+00 3.27559e+01 8.30394e-01 -2.54577e+01 1.41575e+00 6.16904e+00 1.08154e+00 3.56612e+01 9.11087e-01 6.90114e+00 1.31496e+00 -2.27284e+01 1.27762e+00 
0.2 0.3 0.4 3.91497e+00 9.19914e-01 2.81241e+01 8.98237e-01 -2.61254e+01 1.09123e+00 3.77252e+00 8.38407e-01 3.05955e+01 9.85598e-01 4.03353e+00 1.01950e+00 -2.33505e+01 9.84684e-01 
0.4 0.5 0.6 3.86791e+00 8.30711e-01 2.51119e+01 7.14270e-01 -2.24425e+01 1.11615e+00 3.71125e+00 7.57132e-01 2.73198e+01 7.83724e-01 4.00869e+00 9.20610e-01 -2.00383e+01 1.00698e+00 
0.6 0.7 0.8 2.45911e-01 8.80554e-01 1.84823e+01 7.58255e-01 -2.14956e+01 1.03797e+00 3.94074e-01 8.02547e-01 2.00710e+01 8.32000e-01 1.84596e-02 9.75866e-01 -1.91987e+01 9.36659e-01 
0.8 0.9 1.0 2.21883e+00 7.32379e-01 1.67367e+01 6.12874e-01 -1.46433e+01 8.57710e-01 2.16253e+00 6.67377e-01 1.81941e+01 6.72623e-01 2.24919e+00 8.11835e-01 -1.30461e+01 7.73837e-01 
1.0 1.1 1.2 3.87126e-03 6.00570e-01 1.16361e+01 5.61030e-01 -1.30342e+01 7.01863e-01 1.17082e-01 5.47202e-01 1.26346e+01 6.15857e-01 -1.65730e-01 6.65821e-01 -1.16217e+01 6.33139e-01 
1.2 1.3 1.4 1.28163e+00 5.16406e-01 9.41563e+00 4.48304e-01 -7.91140e+00 6.01759e-01 1.25639e+00 4.70442e-01 1.02304e+01 4.92135e-01 1.28798e+00 5.72623e-01 -7.02621e+00 5.42732e-01 
1.4 1.5 1.6 1.24698e+00 3.50315e-01 6.78840e+00 3.04716e-01 -4.94404e+00 4.07169e-01 1.19799e+00 3.19097e-01 7.38026e+00 3.34544e-01 1.28968e+00 3.88505e-01 -4.38040e+00 3.67173e-01 
1.6 1.7 1.8 1.43255e+00 3.10084e-01 4.84130e+00 2.69567e-01 -2.34943e+00 3.60455e-01 1.34333e+00 2.82427e-01 5.27142e+00 2.95982e-01 1.53098e+00 3.43925e-01 -2.06900e+00 3.25015e-01 
1.8 1.9 2.0 1.41349e+00 1.95717e-01 3.23261e+00 1.70491e-01 -6.64369e-01 2.60886e-01 1.30796e+00 1.78177e-01 3.52645e+00 1.87284e-01 1.53685e+00 2.17201e-01 -5.70881e-01 2.35146e-01 
2.0 2.1 2.2 6.71087e-01 1.32715e-01 1.43854e+00 1.26672e-01 -2.93034e-01 1.54438e-01 6.20292e-01 1.20810e-01 1.56939e+00 1.39178e-01 7.30688e-01 1.47299e-01 -2.51914e-01 1.39158e-01 
2.2 2.3 2.4 2.82479e-01 5.54051e-02 5.90742e-01 4.79091e-02 -7.58445e-02 6.48518e-02 2.60348e-01 5.04373e-02 6.45348e-01 5.26298e-02 3.08691e-01 6.14903e-02 -6.41399e-02 5.84371e-02 
2.4 2.5 2.6 4.15456e-02 2.82928e-02 1.21904e-01 2.57539e-02 -5.89463e-02 3.33712e-02 3.84878e-02 2.57596e-02 1.33132e-01 2.82925e-02 4.51053e-02 3.13948e-02 -5.22558e-02 3.00760e-02 
2.6 2.7 2.8 9.67858e-03 6.53049e-03 2.16076e-02 5.59067e-03 -5.01669e-03 7.94974e-03 8.89250e-03 5.94676e-03 2.63951e-02 6.47304e-03 1.06189e-02 7.24499e-03 -4.41204e-03 7.16666e-03 
2.8 2.9 3.0 -6.25748e-05 3.90759e-04 4.65841e-04 1.82850e-04 -6.39752e-04 2.13393e-04 -5.53221e-05 3.56312e-04 5.10365e-04 2.00510e-04 -7.18973e-05 4.32789e-04 -5.77401e-04 1.92736e-04 
3.0 3.1 3.2 -1.35294e-10 4.84186e-11 -8.48801e-11 4.10075e-11 -2.03026e-10 6.73181e-11 -1.23589e-10 4.42822e-11 -9.30003e-11 4.48199e-11 -1.49514e-10 5.34304e-11 -1.83688e-10 6.10097e-11 
3.2 3.3 3.4 0.00000e+00 0.00000e+00 0.00000e+00 0.00000e+00 0.00000e+00 0.00000e+00 0.00000e+00 0.00000e+00 0.00000e+00 0.00000e+00 0.00000e+00 0.00000e+00 0.00000e+00 0.00000e+00 
3.4 3.5 3.6 0.00000e+00 0.00000e+00 0.00000e+00 0.00000e+00 0.00000e+00 0.00000e+00 0.00000e+00 0.00000e+00 0.00000e+00 0.00000e+00 0.00000e+00 0.00000e+00 0.00000e+00 0.00000e+00 
3.6 3.7 3.8 0.00000e+00 0.00000e+00 0.00000e+00 0.00000e+00 0.00000e+00 0.00000e+00 0.00000e+00 0.00000e+00 0.00000e+00 0.00000e+00 0.00000e+00 0.00000e+00 0.00000e+00 0.00000e+00 
3.8 3.9 4.0 0.00000e+00 0.00000e+00 0.00000e+00 0.00000e+00 0.00000e+00 0.00000e+00 0.00000e+00 0.00000e+00 0.00000e+00 0.00000e+00 0.00000e+00 0.00000e+00 0.00000e+00 0.00000e+00 
4.0 4.25 4.5 0.00000e+00 0.00000e+00 0.00000e+00 0.00000e+00 0.00000e+00 0.00000e+00 0.00000e+00 0.00000e+00 0.00000e+00 0.00000e+00 0.00000e+00 0.00000e+00 0.00000e+00 0.00000e+00 
4.5 4.75 5.0 0.00000e+00 0.00000e+00 0.00000e+00 0.00000e+00 0.00000e+00 0.00000e+00 0.00000e+00 0.00000e+00 0.00000e+00 0.00000e+00 0.00000e+00 0.00000e+00 0.00000e+00 0.00000e+00 
5.0 5.25 5.5 0.00000e+00 0.00000e+00 0.00000e+00 0.00000e+00 0.00000e+00 0.00000e+00 0.00000e+00 0.00000e+00 0.00000e+00 0.00000e+00 0.00000e+00 0.00000e+00 0.00000e+00 0.00000e+00 
5.5 5.75 6.0 0.00000e+00 0.00000e+00 0.00000e+00 0.00000e+00 0.00000e+00 0.00000e+00 0.00000e+00 0.00000e+00 0.00000e+00 0.00000e+00 0.00000e+00 0.00000e+00 0.00000e+00 0.00000e+00 
6.0 6.25 6.5 0.00000e+00 0.00000e+00 0.00000e+00 0.00000e+00 0.00000e+00 0.00000e+00 0.00000e+00 0.00000e+00 0.00000e+00 0.00000e+00 0.00000e+00 0.00000e+00 0.00000e+00 0.00000e+00 
6.5 6.75 7.0 0.00000e+00 0.00000e+00 0.00000e+00 0.00000e+00 0.00000e+00 0.00000e+00 0.00000e+00 0.00000e+00 0.00000e+00 0.00000e+00 0.00000e+00 0.00000e+00 0.00000e+00 0.00000e+00 
7.0 7.5 8.0 0.00000e+00 0.00000e+00 0.00000e+00 0.00000e+00 0.00000e+00 0.00000e+00 0.00000e+00 0.00000e+00 0.00000e+00 0.00000e+00 0.00000e+00 0.00000e+00 0.00000e+00 0.00000e+00 
8.0 8.5 9.0 0.00000e+00 0.00000e+00 0.00000e+00 0.00000e+00 0.00000e+00 0.00000e+00 0.00000e+00 0.00000e+00 0.00000e+00 0.00000e+00 0.00000e+00 0.00000e+00 0.00000e+00 0.00000e+00 
9.0 9.5 10.0 0.00000e+00 0.00000e+00 0.00000e+00 0.00000e+00 0.00000e+00 0.00000e+00 0.00000e+00 0.00000e+00 0.00000e+00 0.00000e+00 0.00000e+00 0.00000e+00 0.00000e+00 0.00000e+00 
