0.0 2.5 5.0 3.68144e-01 9.97248e-04 3.78800e-01 1.02468e-03 3.53391e-01 9.59218e-04 3.68144e-01 9.97248e-04 3.78800e-01 1.02468e-03 3.68144e-01 9.97248e-04 3.53391e-01 9.59218e-04 
5.0 7.5 10.0 1.03975e+00 1.55205e-03 1.06893e+00 1.59452e-03 9.99101e-01 1.49310e-03 1.03975e+00 1.55205e-03 1.06893e+00 1.59452e-03 1.03975e+00 1.55205e-03 9.99101e-01 1.49310e-03 
10.0 12.5 15.0 1.61860e+00 1.99609e-03 1.66263e+00 2.05050e-03 1.55687e+00 1.92050e-03 1.61860e+00 1.99609e-03 1.66263e+00 2.05050e-03 1.61860e+00 1.99609e-03 1.55687e+00 1.92050e-03 
15.0 17.5 20.0 2.09458e+00 2.21713e-03 2.14977e+00 2.27560e-03 2.01673e+00 2.13534e-03 2.09458e+00 2.21713e-03 2.14977e+00 2.27560e-03 2.09458e+00 2.21713e-03 2.01673e+00 2.13534e-03 
20.0 22.5 25.0 2.48077e+00 2.46512e-03 2.54396e+00 2.52776e-03 2.39101e+00 2.37681e-03 2.48077e+00 2.46512e-03 2.54396e+00 2.52776e-03 2.48077e+00 2.46512e-03 2.39101e+00 2.37681e-03 
25.0 27.5 30.0 2.78635e+00 2.62035e-03 2.85514e+00 2.68531e-03 2.68804e+00 2.52831e-03 2.78635e+00 2.62035e-03 2.85514e+00 2.68531e-03 2.78635e+00 2.62035e-03 2.68804e+00 2.52831e-03 
30.0 32.5 35.0 3.02285e+00 2.76849e-03 3.09517e+00 2.83526e-03 2.91882e+00 2.67336e-03 3.02285e+00 2.76849e-03 3.09517e+00 2.83526e-03 3.02285e+00 2.76849e-03 2.91882e+00 2.67336e-03 
35.0 37.5 40.0 3.20558e+00 2.88904e-03 3.27995e+00 2.95680e-03 3.09793e+00 2.79193e-03 3.20558e+00 2.88904e-03 3.27995e+00 2.95680e-03 3.20558e+00 2.88904e-03 3.09793e+00 2.79193e-03 
40.0 42.5 45.0 3.34112e+00 3.01492e-03 3.41635e+00 3.08418e-03 3.23153e+00 2.91521e-03 3.34112e+00 3.01492e-03 3.41635e+00 3.08418e-03 3.34112e+00 3.01492e-03 3.23153e+00 2.91521e-03 
45.0 47.5 50.0 3.44699e+00 3.07093e-03 3.52250e+00 3.13951e-03 3.33635e+00 2.97162e-03 3.44699e+00 3.07093e-03 3.52250e+00 3.13951e-03 3.44699e+00 3.07093e-03 3.33635e+00 2.97162e-03 
50.0 52.5 55.0 3.53925e+00 3.14167e-03 3.61463e+00 3.20976e-03 3.42814e+00 3.04243e-03 3.53925e+00 3.14167e-03 3.61463e+00 3.20976e-03 3.53925e+00 3.14167e-03 3.42814e+00 3.04243e-03 
55.0 57.5 60.0 3.63434e+00 3.21005e-03 3.71027e+00 3.27806e-03 3.52195e+00 3.11044e-03 3.63434e+00 3.21005e-03 3.71027e+00 3.27806e-03 3.63434e+00 3.21005e-03 3.52195e+00 3.11044e-03 
60.0 62.5 65.0 3.78092e+00 3.29930e-03 3.85893e+00 3.36760e-03 3.66516e+00 3.19874e-03 3.78092e+00 3.29930e-03 3.85893e+00 3.36760e-03 3.78092e+00 3.29930e-03 3.66516e+00 3.19874e-03 
65.0 67.5 70.0 3.90248e+00 3.33906e-03 3.98118e+00 3.40627e-03 3.78508e+00 3.23945e-03 3.90248e+00 3.33906e-03 3.98118e+00 3.40627e-03 3.90248e+00 3.33906e-03 3.78508e+00 3.23945e-03 
70.0 72.5 75.0 3.95324e+00 3.37884e-03 4.02952e+00 3.44352e-03 3.83824e+00 3.28173e-03 3.95324e+00 3.37884e-03 4.02952e+00 3.44352e-03 3.95324e+00 3.37884e-03 3.83824e+00 3.28173e-03 
75.0 77.5 80.0 3.93330e+00 3.36378e-03 4.00489e+00 3.42499e-03 3.82379e+00 3.27076e-03 3.93330e+00 3.36378e-03 4.00489e+00 3.42499e-03 3.93330e+00 3.36378e-03 3.82379e+00 3.27076e-03 
80.0 82.5 85.0 3.84421e+00 3.32434e-03 3.90934e+00 3.38042e-03 3.74270e+00 3.23735e-03 3.84421e+00 3.32434e-03 3.90934e+00 3.38042e-03 3.84421e+00 3.32434e-03 3.74270e+00 3.23735e-03 
85.0 87.5 90.0 3.70261e+00 3.26286e-03 3.76035e+00 3.31325e-03 3.61055e+00 3.18281e-03 3.70261e+00 3.26286e-03 3.76035e+00 3.31325e-03 3.70261e+00 3.26286e-03 3.61055e+00 3.18281e-03 
90.0 92.5 95.0 3.50665e+00 3.16397e-03 3.55647e+00 3.20915e-03 3.42504e+00 3.09056e-03 3.50665e+00 3.16397e-03 3.55647e+00 3.20915e-03 3.50665e+00 3.16397e-03 3.42504e+00 3.09056e-03 
95.0 97.5 100.0 3.26407e+00 3.03598e-03 3.30596e+00 3.07467e-03 3.19329e+00 2.97086e-03 3.26407e+00 3.03598e-03 3.30596e+00 3.07467e-03 3.26407e+00 3.03598e-03 3.19329e+00 2.97086e-03 
100.0 105.0 110.0 2.83623e+00 1.98717e-03 2.86731e+00 2.00889e-03 2.78089e+00 1.94871e-03 2.83623e+00 1.98717e-03 2.86731e+00 2.00889e-03 2.83623e+00 1.98717e-03 2.78089e+00 1.94871e-03 
110.0 115.0 120.0 2.27746e+00 1.75365e-03 2.29680e+00 1.76843e-03 2.23959e+00 1.72480e-03 2.27746e+00 1.75365e-03 2.29680e+00 1.76843e-03 2.27746e+00 1.75365e-03 2.23959e+00 1.72480e-03 
120.0 125.0 130.0 1.77597e+00 1.50570e-03 1.78681e+00 1.51503e-03 1.75142e+00 1.48486e-03 1.77597e+00 1.50570e-03 1.78681e+00 1.51503e-03 1.77597e+00 1.50570e-03 1.75142e+00 1.48486e-03 
130.0 135.0 140.0 1.36007e+00 1.27761e-03 1.36525e+00 1.28240e-03 1.34492e+00 1.26356e-03 1.36007e+00 1.27761e-03 1.36525e+00 1.28240e-03 1.36007e+00 1.27761e-03 1.34492e+00 1.26356e-03 
140.0 145.0 150.0 1.02463e+00 1.05863e-03 1.02628e+00 1.06049e-03 1.01588e+00 1.04950e-03 1.02463e+00 1.05863e-03 1.02628e+00 1.06049e-03 1.02463e+00 1.05863e-03 1.01588e+00 1.04950e-03 
150.0 155.0 160.0 7.62981e-01 8.71525e-04 7.62586e-01 8.71219e-04 7.58386e-01 8.66174e-04 7.62981e-01 8.71525e-04 7.62586e-01 8.71219e-04 7.62981e-01 8.71525e-04 7.58386e-01 8.66174e-04 
160.0 165.0 170.0 5.62343e-01 7.15519e-04 5.60901e-01 7.13829e-04 5.60320e-01 7.12831e-04 5.62343e-01 7.15519e-04 5.60901e-01 7.13829e-04 5.62343e-01 7.15519e-04 5.60320e-01 7.12831e-04 
170.0 175.0 180.0 4.12382e-01 5.86196e-04 4.10527e-01 5.83698e-04 4.11846e-01 5.85314e-04 4.12382e-01 5.86196e-04 4.10527e-01 5.83698e-04 4.12382e-01 5.86196e-04 4.11846e-01 5.85314e-04 
180.0 185.0 190.0 2.99546e-01 4.67083e-04 2.97620e-01 4.64272e-04 2.99846e-01 4.67356e-04 2.99546e-01 4.67083e-04 2.97620e-01 4.64272e-04 2.99546e-01 4.67083e-04 2.99846e-01 4.67356e-04 
190.0 195.0 200.0 2.17356e-01 3.84654e-04 2.15569e-01 3.81767e-04 2.18037e-01 3.85569e-04 2.17356e-01 3.84654e-04 2.15569e-01 3.81767e-04 2.17356e-01 3.84654e-04 2.18037e-01 3.85569e-04 
200.0 212.5 225.0 1.25281e-01 1.69060e-04 1.23894e-01 1.67341e-04 1.26102e-01 1.70001e-04 1.25281e-01 1.69060e-04 1.23894e-01 1.67341e-04 1.25281e-01 1.69060e-04 1.26102e-01 1.70001e-04 
225.0 237.5 250.0 5.45040e-02 9.82000e-05 5.36812e-02 9.68155e-05 5.51246e-02 9.92088e-05 5.45040e-02 9.82000e-05 5.36812e-02 9.68155e-05 5.45040e-02 9.82000e-05 5.51246e-02 9.92088e-05 
250.0 262.5 275.0 2.31625e-02 5.67064e-05 2.27254e-02 5.56974e-05 2.35318e-02 5.75420e-05 2.31625e-02 5.67064e-05 2.27254e-02 5.56974e-05 2.31625e-02 5.67064e-05 2.35318e-02 5.75420e-05 
275.0 287.5 300.0 9.70491e-03 3.30812e-05 9.48886e-03 3.23928e-05 9.89956e-03 3.36905e-05 9.70491e-03 3.30812e-05 9.48886e-03 3.23928e-05 9.70491e-03 3.30812e-05 9.89956e-03 3.36905e-05 
300.0 312.5 325.0 4.17864e-03 1.98743e-05 4.07250e-03 1.93987e-05 4.27843e-03 2.03154e-05 4.17864e-03 1.98743e-05 4.07250e-03 1.93987e-05 4.17864e-03 1.98743e-05 4.27843e-03 2.03154e-05 
325.0 337.5 350.0 1.91030e-03 1.18156e-05 1.85605e-03 1.14999e-05 1.96291e-03 1.21188e-05 1.91030e-03 1.18156e-05 1.85605e-03 1.14999e-05 1.91030e-03 1.18156e-05 1.96291e-03 1.21188e-05 
350.0 362.5 375.0 9.03573e-04 7.29389e-06 8.75338e-04 7.08028e-06 9.31610e-04 7.50374e-06 9.03573e-04 7.29389e-06 8.75338e-04 7.08028e-06 9.03573e-04 7.29389e-06 9.31610e-04 7.50374e-06 
375.0 387.5 400.0 4.26856e-04 4.58202e-06 4.12321e-04 4.43408e-06 4.41564e-04 4.73064e-06 4.26856e-04 4.58202e-06 4.12321e-04 4.43408e-06 4.26856e-04 4.58202e-06 4.41564e-04 4.73064e-06 
400.0 412.5 425.0 2.08373e-04 2.82024e-06 2.00776e-04 2.72361e-06 2.16170e-04 2.91850e-06 2.08373e-04 2.82024e-06 2.00776e-04 2.72361e-06 2.08373e-04 2.82024e-06 2.16170e-04 2.91850e-06 
425.0 437.5 450.0 1.05586e-04 1.89316e-06 1.01430e-04 1.82093e-06 1.09912e-04 1.96812e-06 1.05586e-04 1.89316e-06 1.01430e-04 1.82093e-06 1.05586e-04 1.89316e-06 1.09912e-04 1.96812e-06 
450.0 462.5 475.0 5.30422e-05 1.15136e-06 5.08758e-05 1.10760e-06 5.53149e-05 1.19684e-06 5.30422e-05 1.15136e-06 5.08758e-05 1.10760e-06 5.30422e-05 1.15136e-06 5.53149e-05 1.19684e-06 
475.0 487.5 500.0 2.77574e-05 7.96162e-07 2.65553e-05 7.63091e-07 2.90308e-05 8.31057e-07 2.77574e-05 7.96162e-07 2.65553e-05 7.63091e-07 2.77574e-05 7.96162e-07 2.90308e-05 8.31057e-07 
500.0 512.5 525.0 1.31234e-05 4.32801e-07 1.25308e-05 4.14956e-07 1.37562e-05 4.51651e-07 1.31234e-05 4.32801e-07 1.25308e-05 4.14956e-07 1.31234e-05 4.32801e-07 1.37562e-05 4.51651e-07 
525.0 537.5 550.0 5.94951e-06 2.13387e-07 5.66834e-06 2.04218e-07 6.25197e-06 2.23149e-07 5.94951e-06 2.13387e-07 5.66834e-06 2.04218e-07 5.94951e-06 2.13387e-07 6.25197e-06 2.23149e-07 
550.0 562.5 575.0 2.63353e-06 9.50852e-08 2.50267e-06 9.07913e-08 2.77530e-06 9.96873e-08 2.63353e-06 9.50852e-08 2.50267e-06 9.07913e-08 2.63353e-06 9.50852e-08 2.77530e-06 9.96873e-08 
575.0 587.5 600.0 1.17241e-06 4.90436e-08 1.11113e-06 4.66432e-08 1.23926e-06 5.16454e-08 1.17241e-06 4.90436e-08 1.11113e-06 4.66432e-08 1.17241e-06 4.90436e-08 1.23926e-06 5.16454e-08 
