0.0 2.5 5.0 6.45186e-01 1.56501e-03 6.23888e-01 1.48603e-03 6.65871e-01 1.61120e-03 6.45186e-01 1.56501e-03 6.23888e-01 1.48603e-03 6.45186e-01 1.56501e-03 6.65871e-01 1.61120e-03 
5.0 7.5 10.0 1.86091e+00 2.29026e-03 1.79875e+00 2.18372e-03 1.92313e+00 2.41752e-03 1.86091e+00 2.29026e-03 1.79875e+00 2.18372e-03 1.86091e+00 2.29026e-03 1.92313e+00 2.41752e-03 
10.0 12.5 15.0 2.95442e+00 2.83383e-03 2.85472e+00 2.70106e-03 3.05388e+00 2.98308e-03 2.95442e+00 2.83383e-03 2.85472e+00 2.70106e-03 2.95442e+00 2.83383e-03 3.05388e+00 2.98308e-03 
15.0 17.5 20.0 3.94035e+00 3.34053e-03 3.80588e+00 3.17909e-03 4.07493e+00 3.52333e-03 3.94035e+00 3.34053e-03 3.80588e+00 3.17909e-03 3.94035e+00 3.34053e-03 4.07493e+00 3.52333e-03 
20.0 22.5 25.0 4.79756e+00 3.66359e-03 4.63182e+00 3.48998e-03 4.96401e+00 3.85994e-03 4.79756e+00 3.66359e-03 4.63182e+00 3.48998e-03 4.79756e+00 3.66359e-03 4.96401e+00 3.85994e-03 
25.0 27.5 30.0 5.55395e+00 3.96479e-03 5.35966e+00 3.77213e-03 5.74946e+00 4.18047e-03 5.55395e+00 3.96479e-03 5.35966e+00 3.77213e-03 5.55395e+00 3.96479e-03 5.74946e+00 4.18047e-03 
30.0 32.5 35.0 6.20856e+00 4.28590e-03 5.98888e+00 4.07875e-03 6.43066e+00 4.52088e-03 6.20856e+00 4.28590e-03 5.98888e+00 4.07875e-03 6.20856e+00 4.28590e-03 6.43066e+00 4.52088e-03 
35.0 37.5 40.0 6.76700e+00 4.52391e-03 6.52498e+00 4.29930e-03 7.01242e+00 4.78109e-03 6.76700e+00 4.52391e-03 6.52498e+00 4.29930e-03 6.76700e+00 4.52391e-03 7.01242e+00 4.78109e-03 
40.0 42.5 45.0 7.23880e+00 4.68428e-03 6.97755e+00 4.45397e-03 7.50428e+00 4.94192e-03 7.23880e+00 4.68428e-03 6.97755e+00 4.45397e-03 7.23880e+00 4.68428e-03 7.50428e+00 4.94192e-03 
45.0 47.5 50.0 7.67350e+00 4.91385e-03 7.39379e+00 4.67550e-03 7.95905e+00 5.19374e-03 7.67350e+00 4.91385e-03 7.39379e+00 4.67550e-03 7.67350e+00 4.91385e-03 7.95905e+00 5.19374e-03 
50.0 52.5 55.0 8.05061e+00 5.08133e-03 7.75337e+00 4.82107e-03 8.35336e+00 5.36250e-03 8.05061e+00 5.08133e-03 7.75337e+00 4.82107e-03 8.05061e+00 5.08133e-03 8.35336e+00 5.36250e-03 
55.0 57.5 60.0 8.41655e+00 5.16536e-03 8.10431e+00 4.91429e-03 8.73603e+00 5.44783e-03 8.41655e+00 5.16536e-03 8.10431e+00 4.91429e-03 8.41655e+00 5.16536e-03 8.73603e+00 5.44783e-03 
60.0 62.5 65.0 8.84482e+00 5.34187e-03 8.51502e+00 5.08263e-03 9.18278e+00 5.63559e-03 8.84482e+00 5.34187e-03 8.51502e+00 5.08263e-03 8.84482e+00 5.34187e-03 9.18278e+00 5.63559e-03 
65.0 67.5 70.0 9.23781e+00 5.49488e-03 8.89028e+00 5.22480e-03 9.59431e+00 5.79903e-03 9.23781e+00 5.49488e-03 8.89028e+00 5.22480e-03 9.23781e+00 5.49488e-03 9.59431e+00 5.79903e-03 
70.0 72.5 75.0 9.53338e+00 5.64913e-03 9.17099e+00 5.37134e-03 9.90695e+00 5.96709e-03 9.53338e+00 5.64913e-03 9.17099e+00 5.37134e-03 9.53338e+00 5.64913e-03 9.90695e+00 5.96709e-03 
75.0 77.5 80.0 9.71258e+00 5.70848e-03 9.33873e+00 5.43122e-03 1.00986e+01 6.02158e-03 9.71258e+00 5.70848e-03 9.33873e+00 5.43122e-03 9.71258e+00 5.70848e-03 1.00986e+01 6.02158e-03 
80.0 82.5 85.0 9.78206e+00 5.75800e-03 9.39960e+00 5.47448e-03 1.01783e+01 6.07929e-03 9.78206e+00 5.75800e-03 9.39960e+00 5.47448e-03 9.78206e+00 5.75800e-03 1.01783e+01 6.07929e-03 
85.0 87.5 90.0 9.75404e+00 5.77491e-03 9.36573e+00 5.48471e-03 1.01578e+01 6.10394e-03 9.75404e+00 5.77491e-03 9.36573e+00 5.48471e-03 9.75404e+00 5.77491e-03 1.01578e+01 6.10394e-03 
90.0 92.5 95.0 9.61977e+00 5.74819e-03 9.23070e+00 5.45781e-03 1.00261e+01 6.08105e-03 9.61977e+00 5.74819e-03 9.23070e+00 5.45781e-03 9.61977e+00 5.74819e-03 1.00261e+01 6.08105e-03 
95.0 97.5 100.0 9.42845e+00 5.69186e-03 9.04031e+00 5.40182e-03 9.83536e+00 6.02224e-03 9.42845e+00 5.69186e-03 9.04031e+00 5.40182e-03 9.42845e+00 5.69186e-03 9.83536e+00 6.02224e-03 
100.0 105.0 110.0 8.97492e+00 3.91561e-03 8.59533e+00 3.71353e-03 9.37525e+00 4.14604e-03 8.97492e+00 3.91561e-03 8.59533e+00 3.71353e-03 8.97492e+00 3.91561e-03 9.37525e+00 4.14604e-03 
110.0 115.0 120.0 8.23359e+00 3.70387e-03 7.87273e+00 3.50810e-03 8.61705e+00 3.92801e-03 8.23359e+00 3.70387e-03 7.87273e+00 3.50810e-03 8.23359e+00 3.70387e-03 8.61705e+00 3.92801e-03 
120.0 125.0 130.0 7.39201e+00 3.47762e-03 7.05658e+00 3.28758e-03 7.75099e+00 3.69640e-03 7.39201e+00 3.47762e-03 7.05658e+00 3.28758e-03 7.39201e+00 3.47762e-03 7.75099e+00 3.69640e-03 
130.0 135.0 140.0 6.52134e+00 3.20269e-03 6.21550e+00 3.02476e-03 6.85078e+00 3.40766e-03 6.52134e+00 3.20269e-03 6.21550e+00 3.02476e-03 6.52134e+00 3.20269e-03 6.85078e+00 3.40766e-03 
140.0 145.0 150.0 5.66983e+00 2.88958e-03 5.39543e+00 2.72513e-03 5.96717e+00 3.07960e-03 5.66983e+00 2.88958e-03 5.39543e+00 2.72513e-03 5.66983e+00 2.88958e-03 5.96717e+00 3.07960e-03 
150.0 155.0 160.0 4.88379e+00 2.60010e-03 4.63987e+00 2.44801e-03 5.14952e+00 2.77563e-03 4.88379e+00 2.60010e-03 4.63987e+00 2.44801e-03 4.88379e+00 2.60010e-03 5.14952e+00 2.77563e-03 
160.0 165.0 170.0 4.16520e+00 2.31500e-03 3.95106e+00 2.17773e-03 4.39976e+00 2.47434e-03 4.16520e+00 2.31500e-03 3.95106e+00 2.17773e-03 4.16520e+00 2.31500e-03 4.39976e+00 2.47434e-03 
170.0 175.0 180.0 3.52874e+00 2.07655e-03 3.34210e+00 1.95112e-03 3.73414e+00 2.22230e-03 3.52874e+00 2.07655e-03 3.34210e+00 1.95112e-03 3.52874e+00 2.07655e-03 3.73414e+00 2.22230e-03 
180.0 185.0 190.0 2.97690e+00 1.81555e-03 2.81501e+00 1.70402e-03 3.15599e+00 1.94615e-03 2.97690e+00 1.81555e-03 2.81501e+00 1.70402e-03 2.97690e+00 1.81555e-03 3.15599e+00 1.94615e-03 
190.0 195.0 200.0 2.49809e+00 1.60373e-03 2.35837e+00 1.50323e-03 2.65323e+00 1.72084e-03 2.49809e+00 1.60373e-03 2.35837e+00 1.50323e-03 2.49809e+00 1.60373e-03 2.65323e+00 1.72084e-03 
200.0 212.5 225.0 1.84403e+00 8.23994e-04 1.73617e+00 7.70990e-04 1.96459e+00 8.85762e-04 1.84403e+00 8.23994e-04 1.73617e+00 7.70990e-04 1.84403e+00 8.23994e-04 1.96459e+00 8.85762e-04 
225.0 237.5 250.0 1.18205e+00 5.96186e-04 1.10861e+00 5.56182e-04 1.26484e+00 6.42934e-04 1.18205e+00 5.96186e-04 1.10861e+00 5.56182e-04 1.18205e+00 5.96186e-04 1.26484e+00 6.42934e-04 
250.0 262.5 275.0 7.63981e-01 4.37780e-04 7.13988e-01 4.07171e-04 8.20750e-01 4.73653e-04 7.63981e-01 4.37780e-04 7.13988e-01 4.07171e-04 7.63981e-01 4.37780e-04 8.20750e-01 4.73653e-04 
275.0 287.5 300.0 5.00912e-01 3.22713e-04 4.66625e-01 2.99473e-04 5.40082e-01 3.50016e-04 5.00912e-01 3.22713e-04 4.66625e-01 2.99473e-04 5.00912e-01 3.22713e-04 5.40082e-01 3.50016e-04 
300.0 312.5 325.0 3.33654e-01 2.43706e-04 3.09914e-01 2.25722e-04 3.60913e-01 2.64857e-04 3.33654e-01 2.43706e-04 3.09914e-01 2.25722e-04 3.33654e-01 2.43706e-04 3.60913e-01 2.64857e-04 
325.0 337.5 350.0 2.25520e-01 1.86478e-04 2.08908e-01 1.72206e-04 2.44676e-01 2.03304e-04 2.25520e-01 1.86478e-04 2.08908e-01 1.72206e-04 2.25520e-01 1.86478e-04 2.44676e-01 2.03304e-04 
350.0 362.5 375.0 1.54851e-01 1.44409e-04 1.43087e-01 1.33237e-04 1.68469e-01 1.57584e-04 1.54851e-01 1.44409e-04 1.43087e-01 1.33237e-04 1.54851e-01 1.44409e-04 1.68469e-01 1.57584e-04 
375.0 387.5 400.0 1.07922e-01 1.12740e-04 9.94880e-02 1.03827e-04 1.17720e-01 1.23263e-04 1.07922e-01 1.12740e-04 9.94880e-02 1.03827e-04 1.07922e-01 1.12740e-04 1.17720e-01 1.23263e-04 
400.0 412.5 425.0 7.61800e-02 8.83170e-05 7.00826e-02 8.11946e-05 8.32843e-02 9.67415e-05 7.61800e-02 8.83170e-05 7.00826e-02 8.11946e-05 7.61800e-02 8.83170e-05 8.32843e-02 9.67415e-05 
425.0 437.5 450.0 5.46350e-02 7.28860e-05 5.01590e-02 6.69368e-05 5.98651e-02 7.99206e-05 5.46350e-02 7.28860e-05 5.01590e-02 6.69368e-05 5.46350e-02 7.28860e-05 5.98651e-02 7.99206e-05 
450.0 462.5 475.0 3.95214e-02 5.76721e-05 3.62138e-02 5.28550e-05 4.33963e-02 6.33830e-05 3.95214e-02 5.76721e-05 3.62138e-02 5.28550e-05 3.95214e-02 5.76721e-05 4.33963e-02 6.33830e-05 
475.0 487.5 500.0 2.89671e-02 4.76769e-05 2.64951e-02 4.36339e-05 3.18701e-02 5.24722e-05 2.89671e-02 4.76769e-05 2.64951e-02 4.36339e-05 2.89671e-02 4.76769e-05 3.18701e-02 5.24722e-05 
500.0 512.5 525.0 2.14617e-02 3.99265e-05 1.95951e-02 3.64060e-05 2.36586e-02 4.41213e-05 2.14617e-02 3.99265e-05 1.95951e-02 3.64060e-05 2.14617e-02 3.99265e-05 2.36586e-02 4.41213e-05 
525.0 537.5 550.0 1.60203e-02 3.32959e-05 1.46048e-02 3.04493e-05 1.76893e-02 3.66744e-05 1.60203e-02 3.32959e-05 1.46048e-02 3.04493e-05 1.60203e-02 3.32959e-05 1.76893e-02 3.66744e-05 
550.0 562.5 575.0 1.21197e-02 2.67458e-05 1.10312e-02 2.43757e-05 1.34056e-02 2.95681e-05 1.21197e-02 2.67458e-05 1.10312e-02 2.43757e-05 1.21197e-02 2.67458e-05 1.34056e-02 2.95681e-05 
575.0 587.5 600.0 9.19682e-03 2.24621e-05 8.35739e-03 2.04305e-05 1.01903e-02 2.48853e-05 9.19682e-03 2.24621e-05 8.35739e-03 2.04305e-05 9.19682e-03 2.24621e-05 1.01903e-02 2.48853e-05 
