0.0 50.0 100.0 0.00000e+00 0.00000e+00 0.00000e+00 0.00000e+00 0.00000e+00 0.00000e+00 0.00000e+00 0.00000e+00 0.00000e+00 0.00000e+00 0.00000e+00 0.00000e+00 0.00000e+00 0.00000e+00 
100.0 150.0 200.0 0.00000e+00 0.00000e+00 0.00000e+00 0.00000e+00 0.00000e+00 0.00000e+00 0.00000e+00 0.00000e+00 0.00000e+00 0.00000e+00 0.00000e+00 0.00000e+00 0.00000e+00 0.00000e+00 
200.0 250.0 300.0 0.00000e+00 0.00000e+00 0.00000e+00 0.00000e+00 0.00000e+00 0.00000e+00 0.00000e+00 0.00000e+00 0.00000e+00 0.00000e+00 0.00000e+00 0.00000e+00 0.00000e+00 0.00000e+00 
300.0 350.0 400.0 0.00000e+00 0.00000e+00 0.00000e+00 0.00000e+00 0.00000e+00 0.00000e+00 0.00000e+00 0.00000e+00 0.00000e+00 0.00000e+00 0.00000e+00 0.00000e+00 0.00000e+00 0.00000e+00 
400.0 450.0 500.0 0.00000e+00 0.00000e+00 0.00000e+00 0.00000e+00 0.00000e+00 0.00000e+00 0.00000e+00 0.00000e+00 0.00000e+00 0.00000e+00 0.00000e+00 0.00000e+00 0.00000e+00 0.00000e+00 
500.0 550.0 600.0 0.00000e+00 0.00000e+00 0.00000e+00 0.00000e+00 0.00000e+00 0.00000e+00 0.00000e+00 0.00000e+00 0.00000e+00 0.00000e+00 0.00000e+00 0.00000e+00 0.00000e+00 0.00000e+00 
600.0 650.0 700.0 0.00000e+00 0.00000e+00 0.00000e+00 0.00000e+00 0.00000e+00 0.00000e+00 0.00000e+00 0.00000e+00 0.00000e+00 0.00000e+00 0.00000e+00 0.00000e+00 0.00000e+00 0.00000e+00 
700.0 750.0 800.0 0.00000e+00 0.00000e+00 0.00000e+00 0.00000e+00 0.00000e+00 0.00000e+00 0.00000e+00 0.00000e+00 0.00000e+00 0.00000e+00 0.00000e+00 0.00000e+00 0.00000e+00 0.00000e+00 
800.0 850.0 900.0 0.00000e+00 0.00000e+00 0.00000e+00 0.00000e+00 0.00000e+00 0.00000e+00 0.00000e+00 0.00000e+00 0.00000e+00 0.00000e+00 0.00000e+00 0.00000e+00 0.00000e+00 0.00000e+00 
900.0 950.0 1000.0 9.01406e-05 1.66287e-06 7.61661e-05 1.40656e-06 1.08154e-04 1.99440e-06 8.32972e-05 1.53659e-06 8.24237e-05 1.52215e-06 9.82391e-05 1.81232e-06 9.92379e-05 1.82994e-06 
1000.0 1050.0 1100.0 7.34273e-03 1.30855e-05 7.25620e-03 1.17964e-05 7.35260e-03 1.48239e-05 7.32191e-03 1.27456e-05 7.31758e-03 1.21237e-05 7.36718e-03 1.35089e-05 7.38310e-03 1.43652e-05 
1100.0 1150.0 1200.0 8.79990e-03 1.37706e-05 8.59436e-03 1.30531e-05 8.93503e-03 1.70530e-05 8.72763e-03 1.33732e-05 8.70774e-03 1.35256e-05 8.88502e-03 1.42633e-05 8.90671e-03 1.63468e-05 
1200.0 1250.0 1300.0 6.37923e-03 1.08468e-05 6.18500e-03 9.62126e-06 6.54238e-03 1.24687e-05 6.30722e-03 1.04688e-05 6.28402e-03 9.97601e-06 6.46393e-03 1.13111e-05 6.49468e-03 1.19597e-05 
1300.0 1350.0 1400.0 4.21146e-03 7.97018e-06 4.06450e-03 7.06822e-06 4.34670e-03 9.27768e-06 4.15639e-03 7.67690e-06 4.13638e-03 7.34605e-06 4.27616e-03 8.32886e-06 4.30486e-03 8.87512e-06 
1400.0 1450.0 1500.0 2.72122e-03 5.45882e-06 2.61633e-03 4.85215e-06 2.81912e-03 6.76934e-06 2.68245e-03 5.30332e-06 2.66546e-03 5.00021e-06 2.76674e-03 5.65037e-06 2.78790e-03 6.49974e-06 
1500.0 1550.0 1600.0 1.77309e-03 4.26053e-06 1.69901e-03 3.75255e-06 1.83934e-03 4.63416e-06 1.74601e-03 4.11711e-06 1.73257e-03 3.88645e-06 1.80485e-03 4.43592e-06 1.81688e-03 4.47207e-06 
1600.0 1650.0 1700.0 1.16270e-03 3.01584e-06 1.11134e-03 2.66256e-06 1.21046e-03 3.39998e-06 1.14416e-03 2.92102e-06 1.13401e-03 2.75160e-06 1.18443e-03 3.13188e-06 1.19466e-03 3.28221e-06 
1700.0 1750.0 1800.0 7.72312e-04 2.17967e-06 7.36260e-04 1.98777e-06 8.06736e-04 2.58676e-06 7.59386e-04 2.11687e-06 7.51838e-04 2.05473e-06 7.87438e-04 2.25663e-06 7.95420e-04 2.49381e-06 
1800.0 1850.0 1900.0 5.20561e-04 1.70660e-06 4.95120e-04 1.50265e-06 5.44634e-04 1.97564e-06 5.11459e-04 1.65268e-06 5.05959e-04 1.55342e-06 5.31199e-04 1.77236e-06 5.36544e-04 1.90358e-06 
1900.0 1950.0 2000.0 3.56264e-04 1.31994e-06 3.38211e-04 1.17040e-06 3.74468e-04 1.54717e-06 3.49747e-04 1.27797e-06 3.45891e-04 1.21108e-06 3.63873e-04 1.37104e-06 3.68500e-04 1.48921e-06 
2000.0 2050.0 2100.0 2.41315e-04 1.01899e-06 2.28826e-04 8.93498e-07 2.53560e-04 1.18134e-06 2.36942e-04 9.88541e-07 2.33990e-04 9.21981e-07 2.46415e-04 1.05608e-06 2.49611e-04 1.14075e-06 
2100.0 2150.0 2200.0 1.68412e-04 7.71035e-07 1.59278e-04 6.78407e-07 1.77462e-04 8.93665e-07 1.65274e-04 7.48612e-07 1.62946e-04 6.99751e-07 1.72071e-04 7.98339e-07 1.74579e-04 8.63902e-07 
2200.0 2250.0 2300.0 1.18614e-04 5.98678e-07 1.11902e-04 5.24425e-07 1.25287e-04 6.92089e-07 1.16278e-04 5.81870e-07 1.14595e-04 5.40198e-07 1.21336e-04 6.19149e-07 1.23096e-04 6.70030e-07 
2300.0 2350.0 2400.0 8.29771e-05 4.71904e-07 7.82304e-05 4.16137e-07 8.77413e-05 5.41057e-07 8.13694e-05 4.60641e-07 8.00903e-05 4.26959e-07 8.48491e-05 4.85672e-07 8.62421e-05 5.26606e-07 
2400.0 2450.0 2500.0 5.91921e-05 3.72563e-07 5.57404e-05 3.28239e-07 6.26349e-05 4.31206e-07 5.80226e-05 3.63448e-07 5.70891e-05 3.37113e-07 6.05531e-05 3.83687e-07 6.15422e-05 4.19254e-07 
2500.0 2550.0 2600.0 4.25220e-05 2.93675e-07 3.99359e-05 2.59039e-07 4.50285e-05 3.37547e-07 4.16530e-05 2.86577e-07 4.09268e-05 2.66001e-07 4.35326e-05 3.02332e-07 4.42097e-05 3.28536e-07 
2600.0 2650.0 2700.0 3.09556e-05 2.39406e-07 2.89851e-05 2.10683e-07 3.29757e-05 2.77410e-07 3.03014e-05 2.34076e-07 2.97232e-05 2.15961e-07 3.17158e-05 2.45913e-07 3.23431e-05 2.70512e-07 
2700.0 2750.0 2800.0 2.19201e-05 1.87940e-07 2.05579e-05 1.65678e-07 2.32684e-05 2.16975e-07 2.14626e-05 1.83893e-07 2.10785e-05 1.69725e-07 2.24514e-05 1.92881e-07 2.28352e-05 2.11827e-07 
2800.0 2850.0 2900.0 1.60275e-05 1.51866e-07 1.49920e-05 1.34197e-07 1.70710e-05 1.75125e-07 1.56825e-05 1.48608e-07 1.53809e-05 1.37501e-07 1.64278e-05 1.55842e-07 1.67390e-05 1.71012e-07 
2900.0 2950.0 3000.0 1.19105e-05 1.25847e-07 1.11001e-05 1.09593e-07 1.27343e-05 1.46762e-07 1.16550e-05 1.22976e-07 1.13860e-05 1.12326e-07 1.22069e-05 1.29339e-07 1.24863e-05 1.42995e-07 
