0.0 0.052359382567 0.10471876513 9.46345e+01 2.26580e-01 9.39097e+01 1.93270e-01 9.50489e+01 2.56875e-01 9.43055e+01 2.11420e-01 9.46429e+01 2.06888e-01 9.50223e+01 2.45114e-01 9.50560e+01 2.25893e-01 
0.10471876513 0.1570781477 0.20943753027 9.37990e+01 3.33695e-01 9.30686e+01 2.89709e-01 9.41345e+01 3.84082e-01 9.35211e+01 3.08207e-01 9.37442e+01 3.13658e-01 9.41256e+01 3.64559e-01 9.42955e+01 3.51630e-01 
0.20943753027 0.26179691283 0.3141562954 9.46130e+01 3.43175e-01 9.36493e+01 2.97741e-01 9.52676e+01 4.03962e-01 9.42092e+01 3.16875e-01 9.44378e+01 3.22442e-01 9.50907e+01 3.75007e-01 9.52587e+01 3.69642e-01 
0.3141562954 0.36651567797 0.41887506053 9.33909e+01 3.41689e-01 9.25334e+01 3.02239e-01 9.38898e+01 3.98906e-01 9.30157e+01 3.15648e-01 9.32967e+01 3.27261e-01 9.38338e+01 3.73204e-01 9.39223e+01 3.65217e-01 
0.41887506053 0.4712344431 0.52359382567 9.21355e+01 3.48440e-01 9.12201e+01 3.02266e-01 9.26677e+01 4.07686e-01 9.17476e+01 3.21931e-01 9.19850e+01 3.27138e-01 9.25940e+01 3.80538e-01 9.26755e+01 3.73282e-01 
0.52359382567 0.57595320823 0.6283125908 9.24454e+01 3.28537e-01 9.12658e+01 2.84892e-01 9.33230e+01 3.84784e-01 9.19028e+01 3.03943e-01 9.21691e+01 3.07919e-01 9.30894e+01 3.58345e-01 9.31238e+01 3.52749e-01 
0.6283125908 0.68067197337 0.73303135593 9.34240e+01 2.87347e-01 9.17319e+01 2.42069e-01 9.45598e+01 3.64498e-01 9.26593e+01 2.66692e-01 9.28220e+01 2.60577e-01 9.43340e+01 3.12455e-01 9.40858e+01 3.34644e-01 
0.73303135593 0.7853907385 0.83775012107 9.14491e+01 2.53567e-01 8.98692e+01 2.21741e-01 9.28738e+01 2.93788e-01 9.06631e+01 2.36124e-01 9.09834e+01 2.38090e-01 9.23844e+01 2.74829e-01 9.23396e+01 2.71042e-01 
0.83775012107 0.89010950363 0.9424688862 8.65987e+01 3.17382e-01 8.54821e+01 2.27909e-01 8.76968e+01 3.70037e-01 8.59751e+01 2.93972e-01 8.64471e+01 2.44940e-01 8.73396e+01 3.45773e-01 8.73531e+01 3.39635e-01 
0.9424688862 0.99482826877 1.0471876513 8.28250e+01 2.71909e-01 8.15920e+01 2.66777e-01 8.37749e+01 3.15901e-01 8.22819e+01 2.52667e-01 8.24461e+01 2.87833e-01 8.34696e+01 2.95303e-01 8.35179e+01 2.90856e-01 
1.0471876513 1.0995470339 1.1519064165 7.80390e+01 2.37353e-01 7.70388e+01 2.07925e-01 7.87351e+01 3.63825e-01 7.76069e+01 2.21290e-01 7.77755e+01 2.22991e-01 7.85510e+01 2.56934e-01 7.86044e+01 3.33931e-01 
1.1519064165 1.204265799 1.2566251816 7.39044e+01 2.77131e-01 7.30096e+01 2.41893e-01 7.46985e+01 3.35278e-01 7.36705e+01 2.60979e-01 7.36811e+01 2.60612e-01 7.43525e+01 3.01301e-01 7.45872e+01 2.95610e-01 
1.2566251816 1.3089845642 1.3613439467 6.94569e+01 2.73218e-01 6.84891e+01 2.38746e-01 6.99736e+01 3.18260e-01 6.91286e+01 2.53453e-01 6.90814e+01 2.57375e-01 6.98453e+01 2.97186e-01 6.99323e+01 2.92571e-01 
1.3613439467 1.4137033293 1.4660627119 6.50295e+01 2.20448e-01 6.43652e+01 2.37173e-01 6.54592e+01 2.56569e-01 6.47506e+01 2.05421e-01 6.49129e+01 2.55805e-01 6.53590e+01 2.38734e-01 6.54593e+01 2.36867e-01 
1.4660627119 1.5184220944 1.570781477 6.03331e+01 2.41565e-01 5.95801e+01 1.81237e-01 6.08373e+01 2.79192e-01 6.00855e+01 2.24294e-01 6.00654e+01 1.94404e-01 6.06252e+01 2.62504e-01 6.08414e+01 2.56931e-01 
1.570781477 1.6231408596 1.6755002421 5.57417e+01 2.37864e-01 5.52714e+01 2.03936e-01 5.62413e+01 2.65756e-01 5.55383e+01 2.20724e-01 5.57144e+01 2.19696e-01 5.60979e+01 2.54490e-01 5.62729e+01 2.44618e-01 
1.6755002421 1.7278596247 1.7802190073 5.08367e+01 2.30529e-01 5.03656e+01 1.99872e-01 5.10710e+01 2.70229e-01 5.06786e+01 2.13872e-01 5.07380e+01 2.15414e-01 5.10224e+01 2.50682e-01 5.11518e+01 2.48470e-01 
1.7802190073 1.8325783898 1.8849377724 4.66851e+01 2.25804e-01 4.61371e+01 1.78261e-01 4.68817e+01 2.62996e-01 4.65177e+01 2.09383e-01 4.64918e+01 1.91841e-01 4.68822e+01 2.45658e-01 4.69325e+01 2.41731e-01 
1.8849377724 1.937297155 1.9896565375 4.26830e+01 1.86157e-01 4.22418e+01 1.63132e-01 4.27857e+01 1.97370e-01 4.25291e+01 1.73203e-01 4.25732e+01 1.75338e-01 4.28642e+01 2.01862e-01 4.28389e+01 1.82435e-01 
1.9896565375 2.0420159201 2.0943753027 3.80933e+01 1.75993e-01 3.77805e+01 1.41081e-01 3.82487e+01 2.04060e-01 3.80026e+01 1.63825e-01 3.80362e+01 1.51184e-01 3.81990e+01 1.90740e-01 3.83454e+01 1.88280e-01 
2.0943753027 2.1467346852 2.1990940678 3.49093e+01 1.53347e-01 3.45505e+01 1.34072e-01 3.51665e+01 1.88080e-01 3.48047e+01 1.43120e-01 3.48005e+01 1.43633e-01 3.50318e+01 1.65768e-01 3.52202e+01 1.73725e-01 
2.1990940678 2.2514534504 2.3038128329 3.16764e+01 1.69448e-01 3.13765e+01 1.47994e-01 3.18199e+01 1.96851e-01 3.15882e+01 1.57512e-01 3.15988e+01 1.59201e-01 3.17795e+01 1.83890e-01 3.18845e+01 1.81381e-01 
2.3038128329 2.3561722155 2.4085315981 2.86773e+01 1.68395e-01 2.84046e+01 1.46998e-01 2.87657e+01 1.53949e-01 2.85998e+01 1.56501e-01 2.86035e+01 1.58171e-01 2.87679e+01 1.82777e-01 2.88311e+01 1.42711e-01 
2.4085315981 2.4608909806 2.5132503632 2.63854e+01 1.18695e-01 2.60780e+01 1.21687e-01 2.63184e+01 1.63221e-01 2.63258e+01 1.11400e-01 2.62443e+01 1.30358e-01 2.64546e+01 1.27597e-01 2.64053e+01 1.50964e-01 
2.5132503632 2.5656097458 2.6179691283 2.40824e+01 1.21078e-01 2.38843e+01 1.02189e-01 2.41185e+01 1.39616e-01 2.40505e+01 1.13343e-01 2.40199e+01 1.08988e-01 2.41185e+01 1.30496e-01 2.41662e+01 1.18302e-01 
2.6179691283 2.6703285109 2.7226878935 2.26718e+01 1.12328e-01 2.25209e+01 9.89942e-02 2.24785e+01 1.23938e-01 2.26481e+01 1.05403e-01 2.26450e+01 1.05495e-01 2.26982e+01 1.20776e-01 2.25964e+01 1.15462e-01 
2.7226878935 2.775047276 2.8274066586 2.15951e+01 1.29168e-01 2.14958e+01 1.16137e-01 2.16707e+01 1.51213e-01 2.15817e+01 1.20652e-01 2.16085e+01 1.24442e-01 2.16067e+01 1.14219e-01 2.17705e+01 1.39954e-01 
2.8274066586 2.8797660412 2.9321254237 2.06933e+01 1.30673e-01 2.05888e+01 1.14051e-01 2.06471e+01 1.50484e-01 2.06883e+01 1.21977e-01 2.06877e+01 1.22163e-01 2.06975e+01 1.41220e-01 2.07624e+01 1.39252e-01 
2.9321254237 2.9844848063 3.0368441889 2.00966e+01 9.50980e-02 2.00133e+01 8.40893e-02 2.00691e+01 1.08635e-01 2.01024e+01 8.94187e-02 2.01001e+01 8.94307e-02 2.00881e+01 1.02036e-01 2.01918e+01 1.01267e-01 
3.0368441889 3.0892035714 3.141562954 1.96775e+01 7.78916e-02 1.96128e+01 6.94126e-02 1.96451e+01 8.86237e-02 1.96864e+01 7.49935e-02 1.96931e+01 7.35172e-02 1.96652e+01 8.15207e-02 1.97696e+01 8.45472e-02 
