1.0 1.1294627059 1.2589254118 8.70361e-04 4.64948e-05 7.62697e-04 4.09359e-05 1.02589e-03 5.49652e-05 8.00883e-04 4.27814e-05 8.28900e-04 4.44938e-05 9.53371e-04 5.09321e-05 9.36575e-04 5.01764e-05 
1.2589254118 1.4219093021 1.5848931925 1.54110e-03 8.29031e-05 1.30043e-03 6.90670e-05 1.73912e-03 9.12545e-05 1.41269e-03 7.58349e-05 1.40368e-03 7.41175e-05 1.69526e-03 9.21057e-05 1.58754e-03 8.32874e-05 
1.5848931925 1.7900777537 1.995262315 2.31009e-03 1.11137e-04 2.00770e-03 9.70720e-05 2.68257e-03 1.27585e-04 2.12515e-03 1.02217e-04 2.18246e-03 1.05545e-04 2.53116e-03 1.21807e-04 2.44833e-03 1.16413e-04 
1.995262315 2.2535743732 2.5118864315 3.15181e-03 1.22269e-04 2.73518e-03 1.06407e-04 3.64617e-03 1.40871e-04 2.89930e-03 1.12443e-04 2.97349e-03 1.15710e-04 3.45372e-03 1.34025e-04 3.32749e-03 1.28515e-04 
2.5118864315 2.8370820458 3.1622776602 5.42586e-03 2.08818e-04 4.68420e-03 1.80074e-04 6.48180e-03 2.51470e-04 4.99142e-03 1.92084e-04 5.09200e-03 1.95767e-04 5.94523e-03 2.28827e-04 5.91566e-03 2.29481e-04 
3.1622776602 3.5716746829 3.9810717055 7.28548e-03 2.35477e-04 6.28040e-03 2.02806e-04 8.50038e-03 2.73258e-04 6.70173e-03 2.16553e-04 6.82759e-03 2.20537e-04 7.98344e-03 2.58119e-04 7.75761e-03 2.49310e-04 
3.9810717055 4.4964720209 5.0118723363 1.05251e-02 3.34087e-04 9.12107e-03 2.93586e-04 1.18838e-02 3.66285e-04 9.68107e-03 3.07216e-04 9.91665e-03 3.19298e-04 1.15345e-02 3.66239e-04 1.08076e-02 3.32351e-04 
5.0118723363 5.6607228905 6.3095734448 1.58947e-02 4.42338e-04 1.37190e-02 3.81557e-04 1.86269e-02 5.19171e-04 1.46205e-02 4.06823e-04 1.49149e-02 4.14880e-04 1.74183e-02 4.84820e-04 1.69980e-02 4.73700e-04 
6.3095734448 7.126427896 7.9432823472 2.39181e-02 6.33466e-04 2.04851e-02 5.32438e-04 2.73440e-02 7.05463e-04 2.18537e-02 5.69658e-04 2.22735e-02 5.79018e-04 2.62141e-02 6.94378e-04 2.49485e-02 6.43409e-04 
7.9432823472 8.9716411736 10.0 3.26444e-02 7.20279e-04 2.83912e-02 6.36390e-04 3.77846e-02 8.23499e-04 2.99244e-02 6.58398e-04 3.08706e-02 6.92073e-04 3.57795e-02 7.89557e-04 3.44738e-02 7.51234e-04 
10.0 11.294627059 12.589254118 4.66438e-02 9.00264e-04 4.04773e-02 7.87524e-04 5.47714e-02 1.06123e-03 4.28966e-02 8.27679e-04 4.40142e-02 8.56609e-04 5.11264e-02 9.87161e-04 4.99704e-02 9.67898e-04 
12.589254118 14.219093021 15.848931925 6.98515e-02 1.16158e-03 6.02111e-02 9.98726e-04 8.19842e-02 1.36849e-03 6.42370e-02 1.06804e-03 6.54750e-02 1.08625e-03 7.65687e-02 1.27355e-03 7.47940e-02 1.24825e-03 
15.848931925 17.900777537 19.95262315 1.14217e-01 1.68333e-03 9.84851e-02 1.44410e-03 1.33529e-01 1.95059e-03 1.05024e-01 1.54760e-03 1.07108e-01 1.57082e-03 1.25218e-01 1.84583e-03 1.21800e-01 1.77898e-03 
19.95262315 22.535743732 25.118864315 2.03939e-01 2.38270e-03 1.76029e-01 2.05315e-03 2.36581e-01 2.71140e-03 1.87478e-01 2.18999e-03 1.91486e-01 2.23361e-03 2.23577e-01 2.61879e-03 2.15733e-01 2.47186e-03 
25.118864315 28.370820458 31.622776602 1.51705e-01 9.12665e-03 1.53323e-01 7.75552e-03 1.57332e-01 1.05818e-02 1.41323e-01 8.27989e-03 1.66631e-01 8.44323e-03 1.66137e-01 1.00181e-02 1.43706e-01 9.63990e-03 
31.622776602 35.716746829 39.810717055 -4.53990e-01 1.21203e-02 -3.04104e-01 1.05000e-02 -6.35090e-01 1.37538e-02 -4.14622e-01 1.07971e-02 -3.31554e-01 1.14332e-02 -4.98988e-01 1.33073e-02 -5.78015e-01 1.25265e-02 
39.810717055 44.964720209 50.118723363 -1.60792e-01 1.08080e-02 -4.09320e-02 9.32150e-03 -3.08799e-01 1.26410e-02 -1.47216e-01 9.92631e-03 -4.50889e-02 1.01496e-02 -1.77198e-01 1.18660e-02 -2.81720e-01 1.10168e-02 
50.118723363 56.607228905 63.095734448 -2.14049e-02 8.87903e-03 7.97757e-02 7.66265e-03 -1.50967e-01 9.81903e-03 -1.91920e-02 8.15432e-03 8.63367e-02 8.34395e-03 -2.74037e-02 8.68877e-03 -1.36882e-01 8.94529e-03 
63.095734448 71.26427896 79.432823472 5.19953e-02 5.73018e-03 1.38202e-01 4.99817e-03 -4.92903e-02 6.91751e-03 4.82292e-02 5.26430e-03 1.49946e-01 5.44054e-03 5.64095e-02 6.28898e-03 -4.42873e-02 6.30361e-03 
79.432823472 89.716411736 100.0 8.11297e-02 4.05076e-03 1.49967e-01 3.48333e-03 -5.10813e-03 4.79288e-03 7.49459e-02 3.72119e-03 1.59732e-01 3.66501e-03 8.84436e-02 4.44607e-03 -4.08318e-03 4.36666e-03 
100.0 112.94627059 125.89254118 1.18241e-01 2.50990e-03 1.58812e-01 2.02542e-03 6.69819e-02 2.96662e-03 1.08217e-01 2.24857e-03 1.72827e-01 2.32516e-03 1.29407e-01 2.75396e-03 6.13543e-02 2.70379e-03 
125.89254118 142.19093021 158.48931925 1.01682e-01 1.13648e-03 1.12419e-01 9.76096e-04 8.77909e-02 1.34584e-03 9.35663e-02 1.04504e-03 1.22170e-01 1.06154e-03 1.11379e-01 1.24591e-03 8.01460e-02 1.22768e-03 
158.48931925 179.00777537 199.5262315 4.86658e-02 4.54757e-04 5.01341e-02 3.87013e-04 4.65817e-02 5.43515e-04 4.48314e-02 4.18792e-04 5.44185e-02 4.20257e-04 5.32353e-02 4.97650e-04 4.25783e-02 4.96682e-04 
199.5262315 225.35743732 251.18864315 1.74492e-02 1.69958e-04 1.73079e-02 1.44024e-04 1.75167e-02 2.07199e-04 1.60983e-02 1.56741e-04 1.87592e-02 1.56172e-04 1.90536e-02 1.85669e-04 1.60403e-02 1.89669e-04 
