0.1 0.11294627059 0.12589254118 1.25379e+02 2.24385e+00 1.09010e+02 2.03389e+00 1.45240e+02 2.49683e+00 1.14625e+02 2.04580e+00 1.19238e+02 2.23113e+00 1.38426e+02 2.48565e+00 1.31556e+02 2.25438e+00 
0.12589254118 0.14219093021 0.15848931925 1.26644e+02 2.10823e+00 1.10474e+02 1.86351e+00 1.47451e+02 2.33069e+00 1.15806e+02 1.92228e+00 1.20813e+02 2.04387e+00 1.39785e+02 2.33525e+00 1.33579e+02 2.10472e+00 
0.15848931925 0.17900777537 0.1995262315 1.27254e+02 1.84991e+00 1.10945e+02 1.71129e+00 1.47960e+02 2.07904e+00 1.16180e+02 1.70749e+00 1.21917e+02 1.84193e+00 1.40482e+02 2.04852e+00 1.34034e+02 1.87780e+00 
0.1995262315 0.22535743732 0.25118864315 1.27798e+02 1.69746e+00 1.10941e+02 1.54793e+00 1.47566e+02 1.79981e+00 1.16857e+02 1.54832e+00 1.21258e+02 1.70983e+00 1.41065e+02 1.87937e+00 1.33696e+02 1.62630e+00 
0.25118864315 0.28370820458 0.31622776602 1.35039e+02 1.47065e+00 1.17624e+02 1.33104e+00 1.57057e+02 1.67169e+00 1.23459e+02 1.34159e+00 1.28661e+02 1.45937e+00 1.49088e+02 1.62803e+00 1.42255e+02 1.51038e+00 
0.31622776602 0.35716746829 0.39810717055 1.44381e+02 1.29808e+00 1.25493e+02 1.16208e+00 1.68671e+02 1.47947e+00 1.32004e+02 1.18404e+00 1.37260e+02 1.27421e+00 1.59395e+02 1.43716e+00 1.52784e+02 1.33676e+00 
0.39810717055 0.44964720209 0.50118723363 1.55717e+02 1.25652e+00 1.35193e+02 1.10769e+00 1.80410e+02 1.40046e+00 1.42366e+02 1.14616e+00 1.47871e+02 1.21456e+00 1.71912e+02 1.39111e+00 1.63418e+02 1.26536e+00 
0.50118723363 0.56607228905 0.63095734448 1.22824e+02 9.85000e-01 1.06389e+02 8.94540e-01 1.43415e+02 1.10241e+00 1.12307e+02 8.98428e-01 1.16351e+02 9.80816e-01 1.35578e+02 1.09060e+00 1.29922e+02 9.95827e-01 
0.63095734448 0.7126427896 0.79432823472 9.28721e+01 7.92994e-01 7.91648e+01 6.95934e-01 1.10075e+02 8.97017e-01 8.49457e+01 7.23297e-01 8.65425e+01 7.63018e-01 1.02477e+02 8.78010e-01 9.97497e+01 8.10372e-01 
0.79432823472 0.89716411736 1.0 6.47087e+01 6.69278e-01 5.39836e+01 5.97669e-01 7.84258e+01 7.33370e-01 5.92223e+01 6.10348e-01 5.93101e+01 6.56121e-01 7.13468e+01 7.41190e-01 7.11105e+01 6.62383e-01 
1.0 1.1294627059 1.2589254118 3.71998e+01 5.48248e-01 2.91061e+01 4.71798e-01 4.75639e+01 5.96730e-01 3.41037e+01 4.99822e-01 3.17220e+01 5.17494e-01 4.09296e+01 6.07383e-01 4.31938e+01 5.38848e-01 
1.2589254118 1.4219093021 1.5848931925 6.14347e+00 4.08882e-01 1.64916e+00 4.20872e-01 1.33796e+01 5.13990e-01 5.75852e+00 3.72800e-01 1.63227e+00 4.61799e-01 6.57114e+00 4.52930e-01 1.22915e+01 4.63976e-01 
1.5848931925 1.7900777537 1.995262315 -2.38368e+01 4.40502e-01 -2.50420e+01 4.10820e-01 -1.99262e+01 4.76953e-01 -2.15849e+01 4.01484e-01 -2.76406e+01 4.50829e-01 -2.66261e+01 4.88180e-01 -1.77999e+01 4.30451e-01 
1.995262315 2.2535743732 2.5118864315 -5.54527e+01 4.15148e-01 -5.22292e+01 3.82651e-01 -5.57608e+01 4.51794e-01 -5.03999e+01 3.78348e-01 -5.74784e+01 4.19912e-01 -6.16646e+01 4.60122e-01 -5.01470e+01 4.07694e-01 
2.5118864315 2.8370820458 3.1622776602 -7.97987e+01 4.19531e-01 -7.04946e+01 3.81949e-01 -8.59779e+01 4.28624e-01 -7.25591e+01 3.82326e-01 -7.75651e+01 4.19189e-01 -8.86910e+01 4.65004e-01 -7.73919e+01 3.86717e-01 
3.1622776602 3.5716746829 3.9810717055 -8.24633e+01 3.93127e-01 -6.57866e+01 3.54639e-01 -9.74984e+01 4.38477e-01 -7.49441e+01 3.58250e-01 -7.24603e+01 3.89202e-01 -9.17092e+01 4.35758e-01 -8.77443e+01 3.95635e-01 
3.9810717055 4.4964720209 5.0118723363 -5.62871e+01 3.20969e-01 -3.37692e+01 2.84315e-01 -8.01079e+01 3.65881e-01 -5.10656e+01 2.92481e-01 -3.73537e+01 3.12041e-01 -6.27314e+01 3.55794e-01 -7.20279e+01 3.30122e-01 
5.0118723363 5.6607228905 6.3095734448 -1.33659e+01 1.96346e-01 5.80447e+00 1.69774e-01 -3.65770e+01 2.31806e-01 -1.20084e+01 1.78902e-01 6.16022e+00 1.98930e-01 -1.50725e+01 2.17675e-01 -3.28030e+01 2.09122e-01 
6.3095734448 7.126427896 7.9432823472 4.83408e+00 1.33228e-01 1.17464e+01 1.14271e-01 -4.74768e+00 1.52206e-01 4.45448e+00 1.21314e-01 1.28381e+01 1.25495e-01 5.28416e+00 1.47817e-01 -4.17324e+00 1.45265e-01 
7.9432823472 8.9716411736 10.0 5.07326e-01 2.50791e-02 7.81846e-01 2.02037e-02 1.47481e-01 2.24312e-02 4.62979e-01 2.28080e-02 8.58161e-01 2.22023e-02 5.61321e-01 2.78678e-02 1.34538e-01 2.01888e-02 
