0.0 0.025 0.05 0.00000e+00 0.00000e+00 0.00000e+00 0.00000e+00 0.00000e+00 0.00000e+00 0.00000e+00 0.00000e+00 0.00000e+00 0.00000e+00 0.00000e+00 0.00000e+00 0.00000e+00 0.00000e+00 
0.05 0.075 0.1 0.00000e+00 0.00000e+00 0.00000e+00 0.00000e+00 0.00000e+00 0.00000e+00 0.00000e+00 0.00000e+00 0.00000e+00 0.00000e+00 0.00000e+00 0.00000e+00 0.00000e+00 0.00000e+00 
0.1 0.125 0.15 0.00000e+00 0.00000e+00 0.00000e+00 0.00000e+00 0.00000e+00 0.00000e+00 0.00000e+00 0.00000e+00 0.00000e+00 0.00000e+00 0.00000e+00 0.00000e+00 0.00000e+00 0.00000e+00 
0.15 0.175 0.2 0.00000e+00 0.00000e+00 0.00000e+00 0.00000e+00 0.00000e+00 0.00000e+00 0.00000e+00 0.00000e+00 0.00000e+00 0.00000e+00 0.00000e+00 0.00000e+00 0.00000e+00 0.00000e+00 
0.2 0.225 0.25 0.00000e+00 0.00000e+00 0.00000e+00 0.00000e+00 0.00000e+00 0.00000e+00 0.00000e+00 0.00000e+00 0.00000e+00 0.00000e+00 0.00000e+00 0.00000e+00 0.00000e+00 0.00000e+00 
0.25 0.275 0.3 0.00000e+00 0.00000e+00 0.00000e+00 0.00000e+00 0.00000e+00 0.00000e+00 0.00000e+00 0.00000e+00 0.00000e+00 0.00000e+00 0.00000e+00 0.00000e+00 0.00000e+00 0.00000e+00 
0.3 0.325 0.35 0.00000e+00 0.00000e+00 0.00000e+00 0.00000e+00 0.00000e+00 0.00000e+00 0.00000e+00 0.00000e+00 0.00000e+00 0.00000e+00 0.00000e+00 0.00000e+00 0.00000e+00 0.00000e+00 
0.35 0.375 0.4 0.00000e+00 0.00000e+00 0.00000e+00 0.00000e+00 0.00000e+00 0.00000e+00 0.00000e+00 0.00000e+00 0.00000e+00 0.00000e+00 0.00000e+00 0.00000e+00 0.00000e+00 0.00000e+00 
0.4 0.425 0.45 0.00000e+00 0.00000e+00 0.00000e+00 0.00000e+00 0.00000e+00 0.00000e+00 0.00000e+00 0.00000e+00 0.00000e+00 0.00000e+00 0.00000e+00 0.00000e+00 0.00000e+00 0.00000e+00 
0.45 0.475 0.5 0.00000e+00 0.00000e+00 0.00000e+00 0.00000e+00 0.00000e+00 0.00000e+00 0.00000e+00 0.00000e+00 0.00000e+00 0.00000e+00 0.00000e+00 0.00000e+00 0.00000e+00 0.00000e+00 
0.5 0.525 0.55 0.00000e+00 0.00000e+00 0.00000e+00 0.00000e+00 0.00000e+00 0.00000e+00 0.00000e+00 0.00000e+00 0.00000e+00 0.00000e+00 0.00000e+00 0.00000e+00 0.00000e+00 0.00000e+00 
0.55 0.575 0.6 0.00000e+00 0.00000e+00 0.00000e+00 0.00000e+00 0.00000e+00 0.00000e+00 0.00000e+00 0.00000e+00 0.00000e+00 0.00000e+00 0.00000e+00 0.00000e+00 0.00000e+00 0.00000e+00 
0.6 0.625 0.65 0.00000e+00 0.00000e+00 0.00000e+00 0.00000e+00 0.00000e+00 0.00000e+00 0.00000e+00 0.00000e+00 0.00000e+00 0.00000e+00 0.00000e+00 0.00000e+00 0.00000e+00 0.00000e+00 
0.65 0.675 0.7 0.00000e+00 0.00000e+00 0.00000e+00 0.00000e+00 0.00000e+00 0.00000e+00 0.00000e+00 0.00000e+00 0.00000e+00 0.00000e+00 0.00000e+00 0.00000e+00 0.00000e+00 0.00000e+00 
0.7 0.725 0.75 3.97383e-01 1.74896e-02 3.40296e-01 1.49889e-02 4.72793e-01 2.08488e-02 3.67948e-01 1.61898e-02 3.67520e-01 1.61918e-02 4.32055e-01 1.90217e-02 4.34844e-01 1.91679e-02 
0.75 0.775 0.8 3.74368e-01 1.65468e-02 3.17873e-01 1.40059e-02 4.43806e-01 1.98320e-02 3.46659e-01 1.53177e-02 3.43285e-01 1.51299e-02 4.07002e-01 1.79953e-02 4.08209e-01 1.82348e-02 
0.8 0.825 0.85 3.58574e-01 1.55524e-02 3.01741e-01 1.28932e-02 4.22994e-01 1.82800e-02 3.32042e-01 1.43989e-02 3.25845e-01 1.39257e-02 3.89819e-01 1.69115e-02 3.89097e-01 1.68113e-02 
0.85 0.875 0.9 3.55454e-01 1.60635e-02 2.98479e-01 1.33324e-02 4.20728e-01 1.89508e-02 3.29149e-01 1.48731e-02 3.22336e-01 1.43996e-02 3.81692e-01 1.70945e-02 3.84649e-01 1.73220e-02 
0.9 0.925 0.95 2.83021e-01 1.17237e-02 2.42215e-01 1.00863e-02 3.37341e-01 1.40228e-02 2.62117e-01 1.08571e-02 2.61535e-01 1.08916e-02 3.07631e-01 1.27442e-02 3.10360e-01 1.29004e-02 
0.95 0.975 1.0 2.78669e-01 1.22549e-02 2.37038e-01 1.04232e-02 3.32736e-01 1.47179e-02 2.58066e-01 1.13460e-02 2.55967e-01 1.12577e-02 3.02929e-01 1.33259e-02 3.06095e-01 1.35354e-02 
1.0 1.025 1.05 2.71061e-01 1.15882e-02 2.33511e-01 9.88560e-03 3.22829e-01 1.38980e-02 2.51017e-01 1.07286e-02 2.52165e-01 1.06778e-02 2.94664e-01 1.26010e-02 2.96974e-01 1.27812e-02 
1.05 1.075 1.1 2.46743e-01 1.04534e-02 2.06405e-01 8.69834e-03 2.95183e-01 1.26022e-02 2.28510e-01 9.67803e-03 2.22881e-01 9.39579e-03 2.68209e-01 1.13669e-02 2.71561e-01 1.15897e-02 
1.1 1.125 1.15 2.67068e-01 1.12637e-02 2.27341e-01 9.55797e-03 3.19695e-01 1.34995e-02 2.47330e-01 1.04284e-02 2.45487e-01 1.03237e-02 2.90307e-01 1.22478e-02 2.94110e-01 1.24152e-02 
1.15 1.175 1.2 2.34204e-01 9.97173e-03 1.96085e-01 8.25802e-03 2.79352e-01 1.19903e-02 2.16922e-01 9.23400e-03 2.11709e-01 8.91787e-03 2.54544e-01 1.08405e-02 2.57033e-01 1.10297e-02 
1.2 1.225 1.25 1.92317e-01 8.00890e-03 1.67047e-01 7.02574e-03 2.28619e-01 9.60067e-03 1.78138e-01 7.41699e-03 1.80349e-01 7.58711e-03 2.09005e-01 8.70584e-03 2.10373e-01 8.83296e-03 
1.25 1.275 1.3 1.90634e-01 7.90710e-03 1.62562e-01 6.68257e-03 2.26949e-01 9.49475e-03 1.76560e-01 7.31981e-03 1.75523e-01 7.21889e-03 2.07201e-01 8.59921e-03 2.08807e-01 8.73079e-03 
1.3 1.325 1.35 2.21233e-01 9.66736e-03 1.88714e-01 8.16166e-03 2.63258e-01 1.16187e-02 2.04908e-01 8.95166e-03 2.03752e-01 8.81444e-03 2.40448e-01 1.05103e-02 2.42225e-01 1.06873e-02 
1.35 1.375 1.4 1.81227e-01 8.07544e-03 1.54765e-01 6.83983e-03 2.16727e-01 9.75632e-03 1.67857e-01 7.47662e-03 1.67097e-01 7.38787e-03 1.96965e-01 8.78091e-03 1.99410e-01 8.97238e-03 
1.4 1.425 1.45 1.73721e-01 7.93953e-03 1.49693e-01 6.79175e-03 2.05415e-01 9.51002e-03 1.60949e-01 7.35295e-03 1.61576e-01 7.33369e-03 1.88743e-01 8.63014e-03 1.89053e-01 8.74839e-03 
1.45 1.475 1.5 1.72348e-01 7.99302e-03 1.48806e-01 6.83741e-03 2.06991e-01 9.68796e-03 1.59647e-01 7.40090e-03 1.60650e-01 7.38491e-03 1.87294e-01 8.69047e-03 1.90477e-01 8.91072e-03 
1.5 1.525 1.55 1.66071e-01 7.71971e-03 1.43990e-01 6.63663e-03 1.95762e-01 9.20284e-03 1.53856e-01 7.14882e-03 1.55422e-01 7.16619e-03 1.81305e-01 8.48543e-03 1.80177e-01 8.46596e-03 
1.55 1.575 1.6 1.60532e-01 8.21200e-03 1.38846e-01 6.98152e-03 1.88915e-01 9.79133e-03 1.48718e-01 7.60387e-03 1.49880e-01 7.54011e-03 1.74430e-01 8.92829e-03 1.73868e-01 9.00616e-03 
1.6 1.625 1.65 1.50914e-01 7.81748e-03 1.32652e-01 6.74164e-03 1.75485e-01 9.20698e-03 1.39823e-01 7.23862e-03 1.43178e-01 7.28094e-03 1.64969e-01 8.53118e-03 1.61531e-01 8.46846e-03 
1.65 1.675 1.7 1.18537e-01 6.48819e-03 1.05817e-01 5.63257e-03 1.37527e-01 7.72136e-03 1.09838e-01 6.00752e-03 1.14203e-01 6.08338e-03 1.28764e-01 7.05440e-03 1.26609e-01 7.10193e-03 
1.7 1.725 1.75 1.38987e-01 7.45598e-03 1.19523e-01 6.37075e-03 1.62123e-01 9.01366e-03 1.28800e-01 6.90494e-03 1.28987e-01 6.87944e-03 1.50963e-01 8.10481e-03 1.49268e-01 8.29259e-03 
1.75 1.775 1.8 1.18891e-01 6.91298e-03 1.04239e-01 5.98337e-03 1.34079e-01 8.25372e-03 1.08182e-01 6.35347e-03 1.12469e-01 6.46066e-03 1.29114e-01 7.51383e-03 1.23479e-01 7.59325e-03 
1.8 1.825 1.85 1.14665e-01 7.13441e-03 1.02206e-01 6.04714e-03 1.31984e-01 8.68072e-03 1.06266e-01 6.60736e-03 1.10292e-01 6.52976e-03 1.23435e-01 7.68449e-03 1.21526e-01 7.98567e-03 
1.85 1.875 1.9 9.78961e-02 7.19624e-03 9.19614e-02 6.35398e-03 1.09320e-01 8.52900e-03 9.07345e-02 6.66319e-03 9.92327e-02 6.86264e-03 1.06312e-01 7.82414e-03 1.00677e-01 7.84494e-03 
1.9 1.925 1.95 1.01745e-01 7.37006e-03 9.30624e-02 6.29984e-03 1.12461e-01 8.64670e-03 9.43284e-02 6.82540e-03 1.00391e-01 6.80286e-03 1.10455e-01 8.01138e-03 1.03607e-01 7.95493e-03 
1.95 1.975 2.0 8.96580e-02 7.41284e-03 8.23176e-02 6.33169e-03 9.55828e-02 8.44539e-03 8.31218e-02 6.86370e-03 8.88029e-02 6.83801e-03 9.73337e-02 8.05967e-03 8.80622e-02 7.76831e-03 
2.0 2.025 2.05 7.74636e-02 7.36009e-03 7.45184e-02 6.10692e-03 8.29618e-02 8.72496e-03 7.18475e-02 6.81536e-03 8.03607e-02 6.59521e-03 8.40520e-02 8.00168e-03 7.64787e-02 8.02592e-03 
2.05 2.075 2.1 8.81919e-02 7.92442e-03 8.59941e-02 6.90136e-03 9.35026e-02 9.29113e-03 8.17468e-02 7.33528e-03 9.40190e-02 7.54722e-03 9.57641e-02 8.61882e-03 8.61285e-02 8.54321e-03 
2.1 2.125 2.15 5.03047e-02 7.84833e-03 5.46410e-02 6.58608e-03 4.72957e-02 9.25278e-03 4.66823e-02 7.26506e-03 5.89153e-02 7.11483e-03 5.45483e-02 8.53576e-03 4.36483e-02 8.50783e-03 
2.15 2.175 2.2 6.84917e-02 8.21279e-03 7.07659e-02 7.08937e-03 6.81857e-02 9.75139e-03 6.35158e-02 7.60376e-03 7.63312e-02 7.65731e-03 7.43317e-02 8.93031e-03 6.28520e-02 8.96797e-03 
2.2 2.225 2.25 5.93351e-02 8.69009e-03 6.24579e-02 7.45514e-03 5.87546e-02 1.03791e-02 5.50672e-02 8.04585e-03 6.73291e-02 8.05234e-03 6.43340e-02 9.44908e-03 5.42326e-02 9.54648e-03 
2.25 2.275 2.3 6.27625e-02 8.58330e-03 6.72495e-02 7.36392e-03 5.74985e-02 1.00599e-02 5.82355e-02 7.94547e-03 7.25100e-02 7.95538e-03 6.80681e-02 9.33505e-03 5.30489e-02 9.24917e-03 
2.3 2.325 2.35 4.05451e-02 8.62868e-03 5.24554e-02 7.78078e-03 3.00833e-02 1.01760e-02 3.76559e-02 7.98692e-03 5.65353e-02 8.40636e-03 4.39231e-02 9.38515e-03 2.78298e-02 9.35608e-03 
2.35 2.375 2.4 5.22260e-02 9.46158e-03 6.13867e-02 8.14819e-03 4.13300e-02 1.11257e-02 4.84704e-02 8.75744e-03 6.61867e-02 8.80351e-03 5.66248e-02 1.02917e-02 3.81719e-02 1.02286e-02 
2.4 2.425 2.45 3.53672e-02 1.00082e-02 4.83049e-02 8.58218e-03 1.32844e-02 1.10441e-02 3.28599e-02 9.26553e-03 5.20589e-02 9.27038e-03 3.82963e-02 1.08833e-02 1.23773e-02 1.01552e-02 
2.45 2.475 2.5 2.88348e-02 1.01981e-02 4.43585e-02 8.76028e-03 8.02640e-03 1.21445e-02 2.68401e-02 9.44056e-03 4.77693e-02 9.46353e-03 3.11532e-02 1.10909e-02 7.58459e-03 1.11674e-02 
2.5 2.525 2.55 2.87717e-02 9.56150e-03 4.65549e-02 8.23060e-03 7.58178e-03 1.10205e-02 2.67607e-02 8.84993e-03 5.01615e-02 8.89255e-03 3.11141e-02 1.04004e-02 7.13029e-03 1.01322e-02 
2.55 2.575 2.6 9.95415e-03 1.10635e-02 2.25882e-02 6.80144e-03 -1.67268e-02 1.29913e-02 9.35918e-03 1.02411e-02 2.42876e-02 7.34793e-03 1.06241e-02 1.20328e-02 -1.51853e-02 1.19451e-02 
2.6 2.625 2.65 6.45700e-03 9.28680e-03 4.14688e-02 1.01477e-02 -7.70459e-03 1.34354e-02 2.07630e-02 1.05422e-02 4.46606e-02 1.09624e-02 6.88324e-03 1.01002e-02 -6.94653e-03 1.23536e-02 
2.65 2.675 2.7 1.90076e-02 1.13829e-02 4.87759e-02 9.39913e-03 -1.06807e-02 1.33649e-02 1.77648e-02 1.05360e-02 5.25234e-02 1.01547e-02 2.04353e-02 1.23814e-02 -9.59195e-03 1.22875e-02 
2.7 2.725 2.75 9.66733e-03 1.26749e-02 3.64502e-02 1.08980e-02 -3.26317e-02 1.41156e-02 9.10189e-03 1.17345e-02 3.92164e-02 1.17715e-02 1.03004e-02 1.37828e-02 -2.98070e-02 1.29801e-02 
2.75 2.775 2.8 2.25940e-02 1.28085e-02 5.24401e-02 1.11905e-02 -1.18205e-02 1.50909e-02 2.10621e-02 1.18544e-02 5.64962e-02 1.20912e-02 2.43672e-02 1.39335e-02 -1.06725e-02 1.38728e-02 
2.8 2.825 2.85 -6.00936e-03 9.40740e-03 2.81046e-02 8.09582e-03 -4.96126e-02 1.10995e-02 -5.44822e-03 8.70764e-03 3.02377e-02 8.74654e-03 -6.69596e-03 1.02323e-02 -4.54694e-02 1.02049e-02 
2.85 2.875 2.9 1.50361e-02 1.50129e-02 4.78585e-02 1.28822e-02 -3.38767e-02 1.83994e-02 1.40612e-02 1.38958e-02 5.15503e-02 1.39181e-02 1.61541e-02 1.63298e-02 -3.33887e-02 1.67183e-02 
2.9 2.925 2.95 -4.47890e-03 1.52299e-02 3.35384e-02 1.31126e-02 -5.28054e-02 1.79271e-02 -3.97911e-03 1.40941e-02 3.60550e-02 1.41697e-02 -5.10489e-03 1.65695e-02 -4.83329e-02 1.64783e-02 
2.95 2.975 3.0 1.74209e-04 1.36892e-02 3.96663e-02 1.17561e-02 -4.86613e-02 1.75078e-02 3.08702e-04 1.26713e-02 4.26917e-02 1.27006e-02 -1.70315e-05 1.48890e-02 -4.45401e-02 1.60970e-02 
3.0 3.025 3.05 -6.54252e-03 1.10882e-02 3.64113e-02 9.54935e-03 -6.21272e-02 1.31145e-02 -5.93295e-03 1.02632e-02 3.91991e-02 1.03171e-02 -7.28792e-03 1.20607e-02 -5.69684e-02 1.20572e-02 
3.05 3.075 3.1 1.95751e-02 1.54180e-02 5.85538e-02 1.33566e-02 -3.81146e-02 1.85492e-02 1.82734e-02 1.42722e-02 6.30859e-02 1.44300e-02 2.10759e-02 1.67685e-02 -3.43582e-02 1.70627e-02 
3.1 3.125 3.15 -2.22196e-02 1.52658e-02 2.69181e-02 1.31340e-02 -7.34943e-02 1.31975e-02 -2.04141e-02 1.41286e-02 2.89133e-02 1.41914e-02 -2.43816e-02 1.66068e-02 -6.73867e-02 1.21338e-02 
3.15 3.175 3.2 -4.83605e-03 1.69830e-02 4.39872e-02 1.45469e-02 -6.76260e-02 2.01383e-02 -4.32027e-03 1.57198e-02 4.73496e-02 1.57161e-02 -5.47869e-03 1.84721e-02 -6.19804e-02 1.85152e-02 
3.2 3.225 3.25 -3.99948e-02 1.55639e-02 1.29213e-02 1.36083e-02 -1.13105e-01 1.83651e-02 -3.68832e-02 1.44049e-02 1.38092e-02 1.47032e-02 -4.36927e-02 1.69306e-02 -1.03824e-01 1.68829e-02 
3.25 3.275 3.3 -1.70770e-02 1.59321e-02 3.99239e-02 1.36791e-02 -1.01122e-01 1.96003e-02 -2.42447e-02 1.53383e-02 4.29653e-02 1.47803e-02 -1.87801e-02 1.73315e-02 -9.27653e-02 1.80168e-02 
3.3 3.325 3.35 -2.10347e-02 1.62516e-02 3.20636e-02 1.45783e-02 -9.63236e-02 1.92585e-02 -1.93779e-02 1.50426e-02 3.45323e-02 1.57501e-02 -2.30084e-02 1.76767e-02 -8.84602e-02 1.77062e-02 
3.35 3.375 3.4 -7.62752e-02 1.76796e-02 -4.94159e-03 1.49917e-02 -1.62023e-01 2.03772e-02 -7.04654e-02 1.63652e-02 -5.50004e-03 1.61956e-02 -8.31538e-02 1.92289e-02 -1.48798e-01 1.87350e-02 
3.4 3.425 3.45 -1.87595e-02 1.68072e-02 4.51221e-02 1.44215e-02 -1.02605e-01 1.99247e-02 -1.72521e-02 1.55564e-02 4.86098e-02 1.55812e-02 -2.05616e-02 1.82817e-02 -9.42158e-02 1.83179e-02 
3.45 3.475 3.5 -2.15499e-02 1.79878e-02 4.81243e-02 1.55015e-02 -1.12035e-01 1.93570e-02 -1.98057e-02 1.66514e-02 4.84705e-02 1.66353e-02 -2.36371e-02 1.95629e-02 -1.02863e-01 1.77979e-02 
3.5 3.525 3.55 -4.65754e-02 1.89183e-02 2.64309e-02 1.62134e-02 -1.41740e-01 2.24561e-02 -4.30102e-02 1.75125e-02 2.84292e-02 1.75154e-02 -5.08003e-02 2.05753e-02 -1.30211e-01 2.06482e-02 
3.55 3.575 3.6 -3.79222e-02 1.64636e-02 5.68142e-02 1.59976e-02 -1.09563e-01 2.25138e-02 -3.49554e-02 1.52391e-02 6.12076e-02 1.72822e-02 -4.14506e-02 1.79070e-02 -1.00581e-01 2.07004e-02 
3.6 3.625 3.65 -4.58695e-02 1.84630e-02 2.68043e-02 1.54638e-02 -1.46300e-01 2.19316e-02 -4.23540e-02 1.70892e-02 2.88227e-02 1.67081e-02 -5.00364e-02 2.00827e-02 -1.34401e-01 2.01632e-02 
3.65 3.675 3.7 -1.39492e-02 1.77307e-02 6.16904e-02 1.51849e-02 -1.06772e-01 1.90407e-02 -1.27962e-02 1.64131e-02 6.65057e-02 1.64042e-02 -1.53337e-02 1.92838e-02 -9.80478e-02 1.75060e-02 
3.7 3.725 3.75 -2.63183e-02 1.96416e-02 5.13977e-02 1.68217e-02 -1.31104e-01 2.33923e-02 -2.41844e-02 1.81827e-02 5.53285e-02 1.81717e-02 -2.88716e-02 2.13609e-02 -1.20326e-01 2.15099e-02 
3.75 3.775 3.8 1.62737e-02 1.43663e-02 9.26710e-02 1.23469e-02 -8.28425e-02 1.71318e-02 1.51838e-02 1.32985e-02 9.99730e-02 1.33384e-02 1.75318e-02 1.56249e-02 -7.60343e-02 1.57519e-02 
3.8 3.825 3.85 -1.56347e-02 2.25073e-02 6.63603e-02 1.92633e-02 -1.18932e-01 2.68388e-02 -1.43109e-02 2.08340e-02 7.15053e-02 2.08108e-02 -2.98088e-02 2.46795e-02 -1.09191e-01 2.46764e-02 
3.85 3.875 3.9 -3.86135e-02 2.36348e-02 4.96791e-02 2.01873e-02 -1.50157e-01 2.81738e-02 -3.56425e-02 2.18771e-02 5.35447e-02 2.18095e-02 -4.21374e-02 2.57066e-02 -1.37957e-01 2.59035e-02 
3.9 3.925 3.95 -2.26234e-02 2.22666e-02 6.81499e-02 1.84246e-02 -1.33972e-01 2.65290e-02 -2.08102e-02 2.06107e-02 7.34826e-02 1.99057e-02 -2.47905e-02 2.42185e-02 -1.23029e-01 2.43913e-02 
3.95 3.975 4.0 -6.99080e-03 2.11106e-02 7.61416e-02 1.77591e-02 -1.16561e-01 2.51470e-02 -6.32714e-03 1.95403e-02 8.20771e-02 1.91867e-02 -7.80498e-03 2.29617e-02 -1.07012e-01 2.31203e-02 
4.0 4.025 4.05 1.44890e-02 1.72026e-02 9.54357e-02 1.47513e-02 -1.12119e-01 2.23132e-02 1.35445e-02 1.59243e-02 1.02942e-01 1.59356e-02 1.55730e-02 1.87092e-02 -1.02966e-01 2.05165e-02 
4.05 4.075 4.1 -2.61030e-02 2.23669e-02 6.61494e-02 1.83984e-02 -1.46088e-01 2.67110e-02 -2.40073e-02 2.07092e-02 7.12725e-02 1.98748e-02 -2.86072e-02 2.43199e-02 -1.34142e-01 2.45670e-02 
4.1 4.125 4.15 3.61249e-02 1.53001e-02 1.16153e-01 1.31060e-02 -7.28250e-02 1.84341e-02 3.35511e-02 1.41627e-02 1.25351e-01 1.41588e-02 3.91331e-02 1.66407e-02 -6.68361e-02 1.69490e-02 
4.15 4.175 4.2 -2.40510e-03 2.43310e-02 8.70593e-02 2.07727e-02 -1.22173e-01 2.90689e-02 -2.11156e-03 2.25240e-02 9.39087e-02 2.24395e-02 -2.77662e-03 2.64605e-02 -1.12211e-01 2.67298e-02 
4.2 4.225 4.25 -5.07139e-03 2.38820e-02 8.30413e-02 1.98245e-02 -1.14709e-01 2.78295e-02 -4.60129e-03 2.21067e-02 8.95910e-02 2.14171e-02 -5.64628e-03 2.59746e-02 -1.05388e-01 2.55888e-02 
4.25 4.275 4.3 5.23550e-02 2.36550e-02 1.30841e-01 1.96951e-02 -5.75665e-02 2.79429e-02 4.85313e-02 2.18971e-02 1.41248e-01 2.12784e-02 5.68465e-02 2.57269e-02 -5.28541e-02 2.56936e-02 
4.3 4.325 4.35 -9.07913e-03 2.26472e-02 7.87209e-02 1.92991e-02 -1.27030e-01 2.72268e-02 -8.28810e-03 2.09628e-02 8.48902e-02 2.08471e-02 -1.00374e-02 2.46329e-02 -1.16670e-01 2.50323e-02 
4.35 4.375 4.4 -4.65205e-03 2.32041e-02 9.09100e-02 2.05599e-02 -1.24073e-01 2.84203e-02 -4.20694e-03 2.14793e-02 9.80902e-02 2.22116e-02 -5.19829e-03 2.52370e-02 -1.13974e-01 2.61327e-02 
4.4 4.425 4.45 3.01851e-03 2.36399e-02 9.16667e-02 2.01976e-02 -1.17299e-01 2.87427e-02 2.90767e-03 2.18823e-02 9.88883e-02 2.18202e-02 3.12348e-03 2.57116e-02 -1.07704e-01 2.64280e-02 
4.45 4.475 4.5 5.17640e-02 2.50703e-02 1.28005e-01 2.24238e-02 -4.80521e-02 3.10424e-02 4.80040e-02 2.32091e-02 1.45018e-01 2.23020e-02 5.61769e-02 2.72635e-02 -4.41159e-02 2.85448e-02 
4.5 4.525 4.55 1.96803e-02 2.51654e-02 1.06133e-01 2.13345e-02 -1.11308e-01 3.11238e-02 1.82924e-02 2.32958e-02 1.14559e-01 2.30471e-02 2.12991e-02 2.73688e-02 -1.02225e-01 2.86189e-02 
4.55 4.575 4.6 1.94742e-02 2.27431e-02 1.04601e-01 1.93592e-02 -8.81203e-02 2.85050e-02 1.81348e-02 2.10545e-02 1.12873e-01 2.09123e-02 2.10291e-02 2.47330e-02 -8.09116e-02 2.62118e-02 
4.6 4.625 4.65 7.72924e-02 2.06273e-02 1.33797e-01 1.96080e-02 -1.98996e-02 2.48356e-02 7.16865e-02 1.90942e-02 1.44363e-01 2.11819e-02 8.38692e-02 2.24342e-02 -1.81431e-02 2.28357e-02 
4.65 4.675 4.7 7.39250e-02 2.06940e-02 1.33530e-01 1.86468e-02 -2.91408e-02 2.49196e-02 6.85657e-02 1.91549e-02 1.44126e-01 2.01453e-02 8.02113e-02 2.25082e-02 -2.66397e-02 2.29113e-02 
4.7 4.725 4.75 4.41978e-02 2.13623e-02 1.31648e-01 1.70047e-02 -5.87587e-02 2.54212e-02 4.10275e-02 1.97757e-02 1.42063e-01 1.83699e-02 4.79093e-02 2.32321e-02 -5.39011e-02 2.33744e-02 
4.75 4.775 4.8 7.23693e-02 1.92884e-02 1.38315e-01 1.75181e-02 -3.26187e-02 2.46083e-02 6.70847e-02 1.78562e-02 1.49287e-01 1.89245e-02 7.85775e-02 2.09762e-02 -2.98757e-02 2.26277e-02 
4.8 4.825 4.85 7.39607e-02 1.98292e-02 1.38746e-01 1.61807e-02 -3.84470e-02 2.36136e-02 6.85662e-02 1.83562e-02 1.49765e-01 1.74801e-02 8.02966e-02 2.15650e-02 -3.52178e-02 2.17090e-02 
4.85 4.875 4.9 6.93327e-02 2.04862e-02 1.43698e-01 1.73595e-02 -2.58403e-02 2.57702e-02 6.42508e-02 1.89626e-02 1.55144e-01 1.87547e-02 7.53054e-02 2.22822e-02 -2.36875e-02 2.36930e-02 
4.9 4.925 4.95 9.64298e-02 1.28040e-02 1.53440e-01 1.11102e-02 -5.50870e-03 2.38553e-02 8.93325e-02 1.18521e-02 1.65678e-01 1.20029e-02 1.04780e-01 1.39262e-02 -4.99551e-03 2.19373e-02 
4.95 4.975 5.0 6.50931e-02 2.00664e-02 1.28492e-01 1.70915e-02 -1.34630e-02 2.28417e-02 6.03571e-02 1.85801e-02 1.38698e-01 1.84593e-02 7.06520e-02 2.18171e-02 -1.22707e-02 2.10042e-02 
5.0 5.025 5.05 8.19169e-02 1.75834e-02 1.57840e-01 1.20881e-02 -4.44165e-03 2.12498e-02 7.59286e-02 1.62750e-02 1.70406e-01 1.30600e-02 8.89533e-02 1.91259e-02 -3.96260e-03 1.95362e-02 
5.05 5.075 5.1 6.68689e-02 1.97912e-02 1.26111e-01 1.68558e-02 -1.91794e-02 2.35853e-02 6.20016e-02 1.83203e-02 1.36123e-01 1.82096e-02 7.25829e-02 2.15250e-02 -1.75304e-02 2.16855e-02 
5.1 5.125 5.15 1.00857e-01 1.85709e-02 1.52747e-01 1.57977e-02 2.66171e-02 2.28082e-02 9.34018e-02 1.71918e-02 1.64957e-01 1.70653e-02 1.06868e-01 2.05492e-02 2.45352e-02 2.09732e-02 
5.15 5.175 5.2 7.00647e-02 1.67205e-02 1.26992e-01 1.47194e-02 -9.72038e-03 2.03083e-02 6.49101e-02 1.54775e-02 1.37131e-01 1.59025e-02 7.61287e-02 1.81856e-02 -8.87662e-03 1.86724e-02 
5.2 5.225 5.25 7.28033e-02 1.67288e-02 1.15651e-01 1.46888e-02 -3.73289e-03 2.02457e-02 6.74802e-02 1.54848e-02 1.33044e-01 1.54906e-02 7.90586e-02 1.81951e-02 -3.32183e-03 1.86146e-02 
5.25 5.275 5.3 9.23272e-02 1.56202e-02 1.40583e-01 1.28826e-02 2.09865e-02 2.06032e-02 8.55366e-02 1.44562e-02 1.51789e-01 1.39192e-02 1.00315e-01 1.69927e-02 1.93874e-02 1.89411e-02 
5.3 5.325 5.35 7.38352e-02 1.46497e-02 1.18440e-01 1.25800e-02 1.66948e-02 1.83877e-02 6.84150e-02 1.35598e-02 1.27880e-01 1.35914e-02 8.02090e-02 1.59345e-02 1.53960e-02 1.69058e-02 
5.35 5.375 5.4 9.83004e-02 8.69883e-03 1.38705e-01 8.24663e-03 2.91937e-02 1.62520e-02 9.18323e-02 8.04158e-03 1.49767e-01 8.90915e-03 1.06815e-01 9.46041e-03 2.69147e-02 1.49438e-02 
5.4 5.425 5.45 7.55880e-02 1.10776e-02 1.04403e-01 1.06939e-02 5.73158e-03 1.43536e-02 7.00209e-02 1.02546e-02 1.12712e-01 1.15518e-02 8.21384e-02 1.20475e-02 5.33541e-03 1.31980e-02 
5.45 5.475 5.5 8.20861e-02 1.21951e-02 1.04480e-01 1.10245e-02 3.67372e-02 1.46688e-02 7.60564e-02 1.12889e-02 1.12793e-01 1.19103e-02 8.91773e-02 1.32629e-02 3.38641e-02 1.34875e-02 
5.5 5.525 5.55 7.87716e-02 9.86042e-03 1.08530e-01 1.09084e-02 2.67175e-02 1.16748e-02 7.29433e-02 9.12808e-03 1.17195e-01 1.17861e-02 8.56344e-02 1.07235e-02 2.45931e-02 1.07356e-02 
5.55 5.575 5.6 6.93008e-02 1.21650e-02 1.04011e-01 9.69418e-03 1.38003e-02 1.41576e-02 6.77515e-02 1.01794e-02 1.12329e-01 1.04719e-02 7.53346e-02 1.32314e-02 1.27204e-02 1.30167e-02 
5.6 5.625 5.65 8.37695e-02 1.10775e-02 1.13136e-01 9.39048e-03 4.19654e-02 1.21858e-02 7.75814e-02 1.02531e-02 1.19934e-01 6.97394e-03 9.10545e-02 1.20494e-02 3.86345e-02 1.12022e-02 
5.65 5.675 5.7 7.97808e-02 6.14579e-03 1.08005e-01 8.44641e-03 4.22143e-02 6.69332e-03 7.38782e-02 5.68962e-03 1.16619e-01 9.12453e-03 8.67316e-02 6.68330e-03 3.88446e-02 6.15504e-03 
5.7 5.725 5.75 5.13976e-02 9.54958e-03 8.38237e-02 8.83896e-03 4.67181e-03 1.14658e-02 4.75976e-02 8.83874e-03 9.05336e-02 9.55020e-03 5.58718e-02 1.03876e-02 4.32896e-03 1.05409e-02 
5.75 5.775 5.8 6.42244e-02 8.47971e-03 8.88020e-02 7.93842e-03 2.72788e-02 9.33229e-03 5.94909e-02 7.84883e-03 9.58984e-02 8.57708e-03 6.97948e-02 9.22343e-03 2.51254e-02 8.57967e-03 
5.8 5.825 5.85 5.40210e-02 7.50331e-03 8.06882e-02 6.37315e-03 1.80077e-02 8.84648e-03 5.00205e-02 6.94488e-03 8.71576e-02 6.88508e-03 5.87329e-02 8.16165e-03 1.65692e-02 8.13265e-03 
5.85 5.875 5.9 6.39114e-02 5.77625e-03 8.05063e-02 6.47250e-03 3.58955e-02 6.33480e-03 5.91874e-02 5.34666e-03 8.69453e-02 6.99230e-03 6.94733e-02 6.28263e-03 3.36716e-02 5.85245e-03 
5.9 5.925 5.95 5.88642e-02 7.83243e-03 7.56813e-02 7.35726e-03 3.12447e-02 8.89284e-03 5.45042e-02 7.24953e-03 8.17429e-02 7.94923e-03 6.39999e-02 8.51963e-03 2.87501e-02 8.17606e-03 
5.95 5.975 6.0 4.48006e-02 6.72123e-03 5.79320e-02 6.19979e-03 1.43338e-02 7.78233e-03 4.14937e-02 6.22132e-03 6.25531e-02 6.69781e-03 4.86929e-02 7.31051e-03 1.32165e-02 7.15461e-03 
6.0 6.025 6.05 5.37803e-02 6.45795e-03 6.67774e-02 5.83426e-03 3.35623e-02 7.50790e-03 4.97865e-02 5.97696e-03 7.00518e-02 6.43526e-03 5.84866e-02 7.02507e-03 3.08632e-02 6.90181e-03 
6.05 6.075 6.1 3.38625e-02 5.20662e-03 4.30260e-02 4.75861e-03 2.19176e-02 4.41821e-03 3.13582e-02 4.81906e-03 4.64679e-02 5.14132e-03 3.68113e-02 5.66352e-03 2.01752e-02 4.06215e-03 
6.1 6.125 6.15 4.69838e-02 4.89164e-03 5.58391e-02 4.62223e-03 2.47055e-02 4.72174e-03 4.35099e-02 4.52815e-03 6.03060e-02 4.99314e-03 5.10740e-02 5.32003e-03 2.27398e-02 4.34136e-03 
6.15 6.175 6.2 2.90523e-02 4.50027e-03 3.72345e-02 4.31311e-03 1.23453e-02 5.12034e-03 2.69038e-02 4.16547e-03 4.02122e-02 4.66028e-03 3.15821e-02 4.89492e-03 1.13666e-02 4.70763e-03 
6.2 6.225 6.25 2.17120e-02 3.78615e-03 2.73614e-02 3.43785e-03 1.24065e-02 4.58109e-03 2.01015e-02 3.50370e-03 2.95495e-02 3.71452e-03 2.42238e-02 4.15005e-03 1.11796e-02 4.15912e-03 
6.25 6.275 6.3 2.03221e-02 2.98354e-03 2.44332e-02 3.08927e-03 1.18162e-02 3.46132e-03 1.88112e-02 2.76132e-03 2.63932e-02 3.33721e-03 2.21029e-02 3.24557e-03 1.08677e-02 3.18199e-03 
6.3 6.325 6.35 2.21069e-02 3.52911e-03 2.99043e-02 3.58048e-03 1.73402e-02 4.28907e-03 2.04751e-02 3.26724e-03 2.98120e-02 3.64208e-03 2.40277e-02 3.83765e-03 1.59544e-02 3.94387e-03 
6.35 6.375 6.4 1.90471e-02 2.74604e-03 2.28727e-02 2.61951e-03 1.05573e-02 3.00132e-03 1.76394e-02 2.54176e-03 2.46993e-02 2.82964e-03 2.07044e-02 2.98686e-03 9.71592e-03 2.75902e-03 
6.4 6.425 6.45 1.12714e-02 1.95832e-03 1.32122e-02 1.90089e-03 8.06753e-03 1.70298e-03 1.04380e-02 1.81283e-03 1.42654e-02 2.05348e-03 1.22528e-02 2.12977e-03 7.42388e-03 1.56588e-03 
6.45 6.475 6.5 1.58118e-02 2.05757e-03 1.86918e-02 2.05757e-03 1.29604e-02 2.31228e-03 1.46401e-02 1.90477e-03 2.01890e-02 2.22279e-03 1.71920e-02 2.23764e-03 1.19229e-02 2.12578e-03 
6.5 6.525 6.55 7.01096e-03 1.92132e-03 9.38862e-03 1.78145e-03 1.69451e-03 2.23999e-03 6.49131e-03 1.77808e-03 1.01400e-02 1.92477e-03 7.62299e-03 2.09022e-03 1.56066e-03 2.05880e-03 
6.55 6.575 6.6 9.36888e-03 1.42633e-03 9.51761e-03 1.23301e-03 6.90863e-03 1.65433e-03 8.67474e-03 1.32018e-03 1.02778e-02 1.33189e-03 1.01865e-02 1.55147e-03 6.35428e-03 1.52064e-03 
6.6 6.625 6.65 5.14840e-03 9.57076e-04 5.73029e-03 1.02925e-03 3.91741e-03 8.48854e-04 4.76745e-03 8.86030e-04 6.18750e-03 1.11175e-03 5.59705e-03 1.04079e-03 3.60233e-03 7.80616e-04 
6.65 6.675 6.7 6.33663e-03 1.03600e-03 7.10905e-03 9.53118e-04 4.59658e-03 1.02959e-03 5.86743e-03 9.58917e-04 7.67869e-03 1.02970e-03 6.94695e-03 1.06771e-03 4.22945e-03 9.46660e-04 
6.7 6.725 6.75 4.48255e-03 8.00556e-04 5.12021e-03 7.51364e-04 2.85399e-03 9.02993e-04 4.15040e-03 7.40990e-04 5.53044e-03 8.11652e-04 4.87376e-03 8.70774e-04 2.62560e-03 8.30079e-04 
6.75 6.775 6.8 2.21327e-03 5.67488e-04 2.30192e-03 4.84703e-04 1.63758e-03 6.89708e-04 2.04908e-03 5.25218e-04 2.48623e-03 5.23679e-04 2.40673e-03 6.17326e-04 1.50598e-03 6.33975e-04 
6.8 6.825 6.85 1.99485e-03 4.64822e-04 2.39757e-03 4.59095e-04 1.69521e-03 4.65615e-04 1.92037e-03 3.93868e-04 2.58867e-03 4.95797e-04 2.16853e-03 5.05574e-04 1.55871e-03 4.28074e-04 
6.85 6.875 6.9 1.55069e-03 3.18795e-04 1.52334e-03 2.62644e-04 1.69298e-03 4.44715e-04 1.43507e-03 2.95013e-04 1.64537e-03 2.83781e-04 1.68704e-03 3.46844e-04 1.55588e-03 4.08750e-04 
6.9 6.925 6.95 1.05671e-03 2.65647e-04 1.09010e-03 2.35711e-04 1.06760e-03 3.32337e-04 9.78275e-04 2.45814e-04 1.17766e-03 2.54714e-04 1.14913e-03 2.89041e-04 1.07800e-03 3.31802e-04 
6.95 6.975 7.0 1.04778e-03 1.88685e-04 9.29875e-04 1.60018e-04 1.22077e-03 2.44049e-04 9.70179e-04 1.74632e-04 1.00434e-03 1.72880e-04 1.13917e-03 2.05255e-04 1.12288e-03 2.24340e-04 
7.0 7.025 7.05 5.17394e-04 1.49172e-04 4.45258e-04 1.13014e-04 6.07008e-04 1.88401e-04 5.27914e-04 1.28423e-04 4.81045e-04 1.22116e-04 5.62777e-04 1.62289e-04 5.58074e-04 1.73162e-04 
7.05 7.075 7.1 2.32722e-04 1.03316e-04 1.89326e-04 7.97675e-05 2.22528e-04 1.43104e-04 2.15473e-04 9.56259e-05 2.04482e-04 8.61821e-05 2.53038e-04 1.12382e-04 2.04787e-04 1.31530e-04 
7.1 7.125 7.15 1.61577e-04 6.03402e-05 1.34042e-04 4.39469e-05 2.15664e-04 8.09091e-05 1.49495e-04 5.58314e-05 1.44887e-04 4.74957e-05 1.75830e-04 6.56594e-05 1.98177e-04 7.43534e-05 
7.15 7.175 7.2 1.12425e-04 3.37665e-05 8.21197e-05 2.47482e-05 1.40743e-04 4.47534e-05 1.04008e-04 3.12513e-05 8.46591e-05 2.80004e-05 1.22358e-04 3.67319e-05 1.29483e-04 4.11407e-05 
7.2 7.225 7.25 9.04366e-05 2.59061e-05 7.26286e-05 2.00888e-05 1.54106e-04 3.44857e-05 8.36942e-05 2.39741e-05 7.84803e-05 2.17048e-05 9.81854e-05 2.81837e-05 1.41703e-04 3.17009e-05 
7.25 7.275 7.3 3.43257e-05 1.58112e-05 2.53725e-05 1.19260e-05 4.76941e-05 2.14890e-05 3.17404e-05 1.46334e-05 2.74398e-05 1.28859e-05 3.73805e-05 1.71999e-05 4.37978e-05 1.97539e-05 
7.3 7.325 7.35 2.15777e-05 1.25795e-05 1.69367e-05 9.53030e-06 3.14069e-05 1.67063e-05 1.99788e-05 1.16419e-05 1.82928e-05 1.02979e-05 2.34612e-05 1.36851e-05 2.88906e-05 1.53556e-05 
7.35 7.375 7.4 2.13303e-05 6.26923e-06 1.47102e-05 4.20050e-06 2.72170e-05 9.01915e-06 1.97395e-05 5.80210e-06 1.58913e-05 4.53759e-06 2.32062e-05 6.82004e-06 2.50212e-05 8.29036e-06 
7.4 7.425 7.45 1.32585e-05 4.13317e-06 1.03051e-05 3.04433e-06 1.80357e-05 5.73065e-06 1.22682e-05 3.82470e-06 1.11374e-05 3.28999e-06 1.44267e-05 4.49700e-06 1.65751e-05 5.26698e-06 
7.45 7.475 7.5 5.14198e-06 1.36551e-06 3.58938e-06 9.60320e-07 7.03638e-06 1.89727e-06 4.75964e-06 1.26357e-06 3.87766e-06 1.03773e-06 5.59261e-06 1.48574e-06 6.46949e-06 1.74374e-06 
7.5 7.525 7.55 2.45636e-06 4.66687e-07 1.81185e-06 3.40535e-07 3.41979e-06 6.58551e-07 2.27313e-06 4.31978e-07 1.95789e-06 3.67895e-07 2.67243e-06 5.07596e-07 3.14326e-06 6.05470e-07 
7.55 7.575 7.6 5.31360e-07 1.66138e-07 3.81264e-07 1.21193e-07 8.90647e-07 2.32867e-07 4.91717e-07 1.53749e-07 4.12001e-07 1.30960e-07 5.78112e-07 1.80748e-07 8.18597e-07 2.14031e-07 
7.6 7.625 7.65 1.76798e-07 4.75658e-08 1.06257e-07 3.25040e-08 2.35733e-07 7.07961e-08 1.63688e-07 4.40242e-08 1.14744e-07 3.51180e-08 1.92241e-07 5.17408e-08 2.16836e-07 6.50863e-08 
7.65 7.675 7.7 2.68524e-08 6.79345e-09 1.81947e-08 4.70572e-09 4.30276e-08 1.03062e-08 2.48562e-08 6.28853e-09 1.96558e-08 5.08363e-09 2.92048e-08 7.38847e-09 3.95599e-08 9.47601e-09 
7.7 7.725 7.75 2.29227e-09 4.23042e-10 1.63806e-09 2.96533e-10 3.45496e-09 6.40836e-10 2.12153e-09 3.91526e-10 1.76995e-09 3.20418e-10 2.49355e-09 4.60198e-10 3.17607e-09 5.89102e-10 
7.75 7.775 7.8 8.58401e-11 1.77821e-11 5.32356e-11 1.11915e-11 1.34209e-10 2.75684e-11 7.94534e-11 1.64568e-11 5.75138e-11 1.20929e-11 9.33681e-11 1.93446e-11 1.23387e-10 2.53412e-11 
7.8 7.825 7.85 2.49153e-13 5.25910e-14 1.21501e-13 2.64168e-14 4.72073e-13 9.76427e-14 2.30651e-13 4.86724e-14 1.31268e-13 2.85479e-14 2.70952e-13 5.72111e-14 4.34098e-13 8.97602e-14 
7.85 7.875 7.9 -2.31602e-25 5.05650e-26 -1.28655e-25 2.81842e-26 -4.32546e-25 9.37911e-26 -2.14434e-25 4.68165e-26 -1.38944e-25 3.04356e-26 -2.51821e-25 5.49797e-26 -3.97791e-25 8.62504e-26 
7.9 7.925 7.95 0.00000e+00 0.00000e+00 0.00000e+00 0.00000e+00 0.00000e+00 0.00000e+00 0.00000e+00 0.00000e+00 0.00000e+00 0.00000e+00 0.00000e+00 0.00000e+00 0.00000e+00 0.00000e+00 
7.95 7.975 8.0 0.00000e+00 0.00000e+00 0.00000e+00 0.00000e+00 0.00000e+00 0.00000e+00 0.00000e+00 0.00000e+00 0.00000e+00 0.00000e+00 0.00000e+00 0.00000e+00 0.00000e+00 0.00000e+00 
8.0 8.025 8.05 0.00000e+00 0.00000e+00 0.00000e+00 0.00000e+00 0.00000e+00 0.00000e+00 0.00000e+00 0.00000e+00 0.00000e+00 0.00000e+00 0.00000e+00 0.00000e+00 0.00000e+00 0.00000e+00 
8.05 8.075 8.1 0.00000e+00 0.00000e+00 0.00000e+00 0.00000e+00 0.00000e+00 0.00000e+00 0.00000e+00 0.00000e+00 0.00000e+00 0.00000e+00 0.00000e+00 0.00000e+00 0.00000e+00 0.00000e+00 
8.1 8.125 8.15 0.00000e+00 0.00000e+00 0.00000e+00 0.00000e+00 0.00000e+00 0.00000e+00 0.00000e+00 0.00000e+00 0.00000e+00 0.00000e+00 0.00000e+00 0.00000e+00 0.00000e+00 0.00000e+00 
8.15 8.175 8.2 0.00000e+00 0.00000e+00 0.00000e+00 0.00000e+00 0.00000e+00 0.00000e+00 0.00000e+00 0.00000e+00 0.00000e+00 0.00000e+00 0.00000e+00 0.00000e+00 0.00000e+00 0.00000e+00 
8.2 8.225 8.25 0.00000e+00 0.00000e+00 0.00000e+00 0.00000e+00 0.00000e+00 0.00000e+00 0.00000e+00 0.00000e+00 0.00000e+00 0.00000e+00 0.00000e+00 0.00000e+00 0.00000e+00 0.00000e+00 
8.25 8.275 8.3 0.00000e+00 0.00000e+00 0.00000e+00 0.00000e+00 0.00000e+00 0.00000e+00 0.00000e+00 0.00000e+00 0.00000e+00 0.00000e+00 0.00000e+00 0.00000e+00 0.00000e+00 0.00000e+00 
8.3 8.325 8.35 0.00000e+00 0.00000e+00 0.00000e+00 0.00000e+00 0.00000e+00 0.00000e+00 0.00000e+00 0.00000e+00 0.00000e+00 0.00000e+00 0.00000e+00 0.00000e+00 0.00000e+00 0.00000e+00 
8.35 8.375 8.4 0.00000e+00 0.00000e+00 0.00000e+00 0.00000e+00 0.00000e+00 0.00000e+00 0.00000e+00 0.00000e+00 0.00000e+00 0.00000e+00 0.00000e+00 0.00000e+00 0.00000e+00 0.00000e+00 
8.4 8.425 8.45 0.00000e+00 0.00000e+00 0.00000e+00 0.00000e+00 0.00000e+00 0.00000e+00 0.00000e+00 0.00000e+00 0.00000e+00 0.00000e+00 0.00000e+00 0.00000e+00 0.00000e+00 0.00000e+00 
8.45 8.475 8.5 0.00000e+00 0.00000e+00 0.00000e+00 0.00000e+00 0.00000e+00 0.00000e+00 0.00000e+00 0.00000e+00 0.00000e+00 0.00000e+00 0.00000e+00 0.00000e+00 0.00000e+00 0.00000e+00 
8.5 8.525 8.55 0.00000e+00 0.00000e+00 0.00000e+00 0.00000e+00 0.00000e+00 0.00000e+00 0.00000e+00 0.00000e+00 0.00000e+00 0.00000e+00 0.00000e+00 0.00000e+00 0.00000e+00 0.00000e+00 
8.55 8.575 8.6 0.00000e+00 0.00000e+00 0.00000e+00 0.00000e+00 0.00000e+00 0.00000e+00 0.00000e+00 0.00000e+00 0.00000e+00 0.00000e+00 0.00000e+00 0.00000e+00 0.00000e+00 0.00000e+00 
8.6 8.625 8.65 0.00000e+00 0.00000e+00 0.00000e+00 0.00000e+00 0.00000e+00 0.00000e+00 0.00000e+00 0.00000e+00 0.00000e+00 0.00000e+00 0.00000e+00 0.00000e+00 0.00000e+00 0.00000e+00 
8.65 8.675 8.7 0.00000e+00 0.00000e+00 0.00000e+00 0.00000e+00 0.00000e+00 0.00000e+00 0.00000e+00 0.00000e+00 0.00000e+00 0.00000e+00 0.00000e+00 0.00000e+00 0.00000e+00 0.00000e+00 
8.7 8.725 8.75 0.00000e+00 0.00000e+00 0.00000e+00 0.00000e+00 0.00000e+00 0.00000e+00 0.00000e+00 0.00000e+00 0.00000e+00 0.00000e+00 0.00000e+00 0.00000e+00 0.00000e+00 0.00000e+00 
8.75 8.775 8.8 0.00000e+00 0.00000e+00 0.00000e+00 0.00000e+00 0.00000e+00 0.00000e+00 0.00000e+00 0.00000e+00 0.00000e+00 0.00000e+00 0.00000e+00 0.00000e+00 0.00000e+00 0.00000e+00 
8.8 8.825 8.85 0.00000e+00 0.00000e+00 0.00000e+00 0.00000e+00 0.00000e+00 0.00000e+00 0.00000e+00 0.00000e+00 0.00000e+00 0.00000e+00 0.00000e+00 0.00000e+00 0.00000e+00 0.00000e+00 
8.85 8.875 8.9 0.00000e+00 0.00000e+00 0.00000e+00 0.00000e+00 0.00000e+00 0.00000e+00 0.00000e+00 0.00000e+00 0.00000e+00 0.00000e+00 0.00000e+00 0.00000e+00 0.00000e+00 0.00000e+00 
8.9 8.925 8.95 0.00000e+00 0.00000e+00 0.00000e+00 0.00000e+00 0.00000e+00 0.00000e+00 0.00000e+00 0.00000e+00 0.00000e+00 0.00000e+00 0.00000e+00 0.00000e+00 0.00000e+00 0.00000e+00 
8.95 8.975 9.0 0.00000e+00 0.00000e+00 0.00000e+00 0.00000e+00 0.00000e+00 0.00000e+00 0.00000e+00 0.00000e+00 0.00000e+00 0.00000e+00 0.00000e+00 0.00000e+00 0.00000e+00 0.00000e+00 
9.0 9.025 9.05 0.00000e+00 0.00000e+00 0.00000e+00 0.00000e+00 0.00000e+00 0.00000e+00 0.00000e+00 0.00000e+00 0.00000e+00 0.00000e+00 0.00000e+00 0.00000e+00 0.00000e+00 0.00000e+00 
9.05 9.075 9.1 0.00000e+00 0.00000e+00 0.00000e+00 0.00000e+00 0.00000e+00 0.00000e+00 0.00000e+00 0.00000e+00 0.00000e+00 0.00000e+00 0.00000e+00 0.00000e+00 0.00000e+00 0.00000e+00 
9.1 9.125 9.15 0.00000e+00 0.00000e+00 0.00000e+00 0.00000e+00 0.00000e+00 0.00000e+00 0.00000e+00 0.00000e+00 0.00000e+00 0.00000e+00 0.00000e+00 0.00000e+00 0.00000e+00 0.00000e+00 
9.15 9.175 9.2 0.00000e+00 0.00000e+00 0.00000e+00 0.00000e+00 0.00000e+00 0.00000e+00 0.00000e+00 0.00000e+00 0.00000e+00 0.00000e+00 0.00000e+00 0.00000e+00 0.00000e+00 0.00000e+00 
9.2 9.225 9.25 0.00000e+00 0.00000e+00 0.00000e+00 0.00000e+00 0.00000e+00 0.00000e+00 0.00000e+00 0.00000e+00 0.00000e+00 0.00000e+00 0.00000e+00 0.00000e+00 0.00000e+00 0.00000e+00 
9.25 9.275 9.3 0.00000e+00 0.00000e+00 0.00000e+00 0.00000e+00 0.00000e+00 0.00000e+00 0.00000e+00 0.00000e+00 0.00000e+00 0.00000e+00 0.00000e+00 0.00000e+00 0.00000e+00 0.00000e+00 
9.3 9.325 9.35 0.00000e+00 0.00000e+00 0.00000e+00 0.00000e+00 0.00000e+00 0.00000e+00 0.00000e+00 0.00000e+00 0.00000e+00 0.00000e+00 0.00000e+00 0.00000e+00 0.00000e+00 0.00000e+00 
9.35 9.375 9.4 0.00000e+00 0.00000e+00 0.00000e+00 0.00000e+00 0.00000e+00 0.00000e+00 0.00000e+00 0.00000e+00 0.00000e+00 0.00000e+00 0.00000e+00 0.00000e+00 0.00000e+00 0.00000e+00 
9.4 9.425 9.45 0.00000e+00 0.00000e+00 0.00000e+00 0.00000e+00 0.00000e+00 0.00000e+00 0.00000e+00 0.00000e+00 0.00000e+00 0.00000e+00 0.00000e+00 0.00000e+00 0.00000e+00 0.00000e+00 
9.45 9.475 9.5 0.00000e+00 0.00000e+00 0.00000e+00 0.00000e+00 0.00000e+00 0.00000e+00 0.00000e+00 0.00000e+00 0.00000e+00 0.00000e+00 0.00000e+00 0.00000e+00 0.00000e+00 0.00000e+00 
9.5 9.525 9.55 0.00000e+00 0.00000e+00 0.00000e+00 0.00000e+00 0.00000e+00 0.00000e+00 0.00000e+00 0.00000e+00 0.00000e+00 0.00000e+00 0.00000e+00 0.00000e+00 0.00000e+00 0.00000e+00 
9.55 9.575 9.6 0.00000e+00 0.00000e+00 0.00000e+00 0.00000e+00 0.00000e+00 0.00000e+00 0.00000e+00 0.00000e+00 0.00000e+00 0.00000e+00 0.00000e+00 0.00000e+00 0.00000e+00 0.00000e+00 
9.6 9.625 9.65 0.00000e+00 0.00000e+00 0.00000e+00 0.00000e+00 0.00000e+00 0.00000e+00 0.00000e+00 0.00000e+00 0.00000e+00 0.00000e+00 0.00000e+00 0.00000e+00 0.00000e+00 0.00000e+00 
9.65 9.675 9.7 0.00000e+00 0.00000e+00 0.00000e+00 0.00000e+00 0.00000e+00 0.00000e+00 0.00000e+00 0.00000e+00 0.00000e+00 0.00000e+00 0.00000e+00 0.00000e+00 0.00000e+00 0.00000e+00 
9.7 9.725 9.75 0.00000e+00 0.00000e+00 0.00000e+00 0.00000e+00 0.00000e+00 0.00000e+00 0.00000e+00 0.00000e+00 0.00000e+00 0.00000e+00 0.00000e+00 0.00000e+00 0.00000e+00 0.00000e+00 
9.75 9.775 9.8 0.00000e+00 0.00000e+00 0.00000e+00 0.00000e+00 0.00000e+00 0.00000e+00 0.00000e+00 0.00000e+00 0.00000e+00 0.00000e+00 0.00000e+00 0.00000e+00 0.00000e+00 0.00000e+00 
9.8 9.825 9.85 0.00000e+00 0.00000e+00 0.00000e+00 0.00000e+00 0.00000e+00 0.00000e+00 0.00000e+00 0.00000e+00 0.00000e+00 0.00000e+00 0.00000e+00 0.00000e+00 0.00000e+00 0.00000e+00 
9.85 9.875 9.9 0.00000e+00 0.00000e+00 0.00000e+00 0.00000e+00 0.00000e+00 0.00000e+00 0.00000e+00 0.00000e+00 0.00000e+00 0.00000e+00 0.00000e+00 0.00000e+00 0.00000e+00 0.00000e+00 
9.9 9.925 9.95 0.00000e+00 0.00000e+00 0.00000e+00 0.00000e+00 0.00000e+00 0.00000e+00 0.00000e+00 0.00000e+00 0.00000e+00 0.00000e+00 0.00000e+00 0.00000e+00 0.00000e+00 0.00000e+00 
9.95 9.975 10.0 0.00000e+00 0.00000e+00 0.00000e+00 0.00000e+00 0.00000e+00 0.00000e+00 0.00000e+00 0.00000e+00 0.00000e+00 0.00000e+00 0.00000e+00 0.00000e+00 0.00000e+00 0.00000e+00 
