0.1 0.11294627059 0.12589254118 5.90387e+00 3.03287e-01 5.07241e+00 2.61266e-01 6.96251e+00 3.56748e-01 5.43523e+00 2.79030e-01 5.50986e+00 2.83994e-01 6.46319e+00 3.32282e-01 6.36011e+00 3.25642e-01 
0.12589254118 0.14219093021 0.15848931925 5.46682e+00 2.74549e-01 4.70207e+00 2.37084e-01 6.44244e+00 3.22475e-01 5.03226e+00 2.52541e-01 5.10825e+00 2.57762e-01 5.98562e+00 3.00867e-01 5.88425e+00 2.94295e-01 
0.15848931925 0.17900777537 0.1995262315 6.40980e+00 3.11617e-01 5.50595e+00 2.67378e-01 7.48148e+00 3.67045e-01 5.89982e+00 2.86536e-01 5.92414e+00 2.87619e-01 7.01873e+00 3.41636e-01 6.83263e+00 3.34780e-01 
0.1995262315 0.22535743732 0.25118864315 6.10485e+00 2.62578e-01 5.24528e+00 2.26897e-01 7.20517e+00 3.06640e-01 5.61876e+00 2.41423e-01 5.69917e+00 2.46792e-01 6.68536e+00 2.87899e-01 6.57966e+00 2.79697e-01 
0.25118864315 0.28370820458 0.31622776602 6.53813e+00 2.49687e-01 5.62471e+00 2.14291e-01 7.70222e+00 2.94837e-01 6.01706e+00 2.29499e-01 6.11192e+00 2.33147e-01 7.16053e+00 2.73870e-01 7.03293e+00 2.68813e-01 
0.31622776602 0.35716746829 0.39810717055 6.76102e+00 2.43124e-01 5.80555e+00 2.07247e-01 7.98282e+00 2.89422e-01 6.22211e+00 2.23548e-01 6.30850e+00 2.25403e-01 7.40474e+00 2.66553e-01 7.28903e+00 2.63996e-01 
0.39810717055 0.44964720209 0.50118723363 6.46632e+00 2.04052e-01 5.57194e+00 1.75685e-01 7.60768e+00 2.40200e-01 5.95119e+00 1.87603e-01 6.05440e+00 1.91101e-01 7.08156e+00 2.23745e-01 6.94698e+00 2.19077e-01 
0.50118723363 0.56607228905 0.63095734448 6.63887e+00 2.04560e-01 5.70796e+00 1.74636e-01 7.82331e+00 2.36602e-01 6.10927e+00 1.88007e-01 6.20290e+00 1.90018e-01 7.27158e+00 2.24391e-01 7.14262e+00 2.15684e-01 
0.63095734448 0.7126427896 0.79432823472 6.86767e+00 1.97862e-01 5.91004e+00 1.69761e-01 8.10122e+00 2.33808e-01 6.31929e+00 1.81837e-01 6.42301e+00 1.84730e-01 7.52293e+00 2.17065e-01 7.39575e+00 2.13135e-01 
0.79432823472 0.89716411736 1.0 7.08107e+00 1.92323e-01 6.17292e+00 1.70549e-01 8.28961e+00 2.12979e-01 6.51519e+00 1.76762e-01 6.70921e+00 1.85585e-01 7.75736e+00 2.10965e-01 7.56695e+00 1.94127e-01 
1.0 1.1294627059 1.2589254118 6.67664e+00 1.67093e-01 5.78799e+00 1.45062e-01 7.87442e+00 1.93992e-01 6.14349e+00 1.53523e-01 6.29040e+00 1.57885e-01 7.31372e+00 1.83363e-01 7.18846e+00 1.76796e-01 
1.2589254118 1.4219093021 1.5848931925 3.73162e+00 1.26682e-01 3.36585e+00 1.17364e-01 4.37659e+00 1.47566e-01 3.43610e+00 1.16447e-01 3.65527e+00 1.27668e-01 4.08413e+00 1.38941e-01 3.99858e+00 1.34565e-01 
1.5848931925 1.7900777537 1.995262315 6.87313e-01 1.01342e-01 7.98740e-01 8.94840e-02 6.90867e-01 1.15999e-01 6.38546e-01 9.31109e-02 8.61604e-01 9.74030e-02 7.44097e-01 1.11212e-01 6.38746e-01 1.05717e-01 
1.995262315 2.2535743732 2.5118864315 -2.27182e+00 9.99174e-02 -1.39098e+00 7.18553e-02 -3.05117e+00 9.54803e-02 -2.03757e+00 7.71654e-02 -1.52277e+00 7.82311e-02 -2.45385e+00 9.22265e-02 -2.77108e+00 8.69819e-02 
2.5118864315 2.8370820458 3.1622776602 -3.64719e+00 1.07075e-01 -1.95493e+00 9.47817e-02 -5.50192e+00 1.22098e-01 -3.34118e+00 9.83184e-02 -2.13940e+00 1.03227e-01 -4.01646e+00 1.17589e-01 -5.00227e+00 1.11186e-01 
3.1622776602 3.5716746829 3.9810717055 -3.08190e+00 1.03629e-01 -4.65480e-01 9.05597e-02 -6.15737e+00 1.22768e-01 -2.83179e+00 9.73051e-02 -5.21939e-01 9.85916e-02 -3.40080e+00 1.13752e-01 -5.59563e+00 1.11854e-01 
3.9810717055 4.4964720209 5.0118723363 5.05841e-01 8.68555e-02 3.28964e+00 7.48123e-02 -3.01246e+00 1.03314e-01 4.76705e-01 7.97691e-02 3.56690e+00 8.14608e-02 5.37860e-01 9.53601e-02 -2.73052e+00 9.41043e-02 
5.0118723363 5.6607228905 6.3095734448 2.83358e+00 5.33409e-02 4.43216e+00 4.69320e-02 5.86133e-01 6.51001e-02 2.60840e+00 4.89902e-02 4.76401e+00 5.82090e-02 3.10232e+00 5.85618e-02 5.41336e-01 5.92952e-02 
6.3095734448 7.126427896 7.9432823472 9.45155e-01 2.19820e-02 1.16270e+00 2.09571e-02 5.78844e-01 2.56088e-02 8.68210e-01 2.01776e-02 1.26603e+00 2.28332e-02 1.03744e+00 2.41500e-02 5.27808e-01 2.33151e-02 
7.9432823472 8.9716411736 10.0 1.62980e-03 2.95564e-04 1.60820e-03 3.08153e-04 1.24471e-03 2.05200e-04 1.49499e-03 2.71015e-04 1.75332e-03 3.36074e-04 1.79204e-03 3.25130e-04 1.13240e-03 1.86612e-04 
