0.0 0.025 0.05 2.95466e-01 2.57806e-03 2.49606e-01 2.17109e-03 3.54586e-01 3.10632e-03 2.73714e-01 2.38728e-03 2.69446e-01 2.34465e-03 3.21058e-01 2.80275e-03 3.26326e-01 2.85738e-03 
0.05 0.075 0.1 2.97476e-01 2.70709e-03 2.51240e-01 2.27714e-03 3.57502e-01 3.27256e-03 2.75571e-01 2.50649e-03 2.71214e-01 2.45943e-03 3.23249e-01 2.94338e-03 3.29003e-01 3.00987e-03 
0.1 0.125 0.15 2.96510e-01 2.71547e-03 2.50731e-01 2.30723e-03 3.55938e-01 3.27026e-03 2.74669e-01 2.51405e-03 2.70674e-01 2.49218e-03 3.22211e-01 2.95278e-03 3.27553e-01 3.00750e-03 
0.15 0.175 0.2 3.03180e-01 2.78176e-03 2.55946e-01 2.33727e-03 3.64135e-01 3.36112e-03 2.80851e-01 2.57546e-03 2.76298e-01 2.52453e-03 3.29454e-01 3.02481e-03 3.35100e-01 3.09109e-03 
0.2 0.225 0.25 3.02793e-01 2.78592e-03 2.55821e-01 2.34729e-03 3.63363e-01 3.35566e-03 2.80492e-01 2.57949e-03 2.76163e-01 2.53518e-03 3.29033e-01 3.02910e-03 3.34391e-01 3.08634e-03 
0.25 0.275 0.3 3.04133e-01 2.75873e-03 2.56994e-01 2.32529e-03 3.64912e-01 3.32101e-03 2.81724e-01 2.55407e-03 2.77439e-01 2.51166e-03 3.30503e-01 2.99986e-03 3.35802e-01 3.05412e-03 
0.3 0.325 0.35 3.12962e-01 2.96918e-03 2.64508e-01 2.49868e-03 3.75437e-01 3.58147e-03 2.89900e-01 2.74892e-03 2.86033e-01 2.72564e-03 3.40100e-01 3.22870e-03 3.45485e-01 3.29369e-03 
0.35 0.375 0.4 3.15539e-01 2.88670e-03 2.66468e-01 2.39999e-03 3.78623e-01 3.47816e-03 2.92289e-01 2.67270e-03 2.87667e-01 2.59216e-03 3.42899e-01 3.13880e-03 3.48419e-01 3.19890e-03 
0.4 0.425 0.45 3.26270e-01 3.03496e-03 2.75900e-01 2.57459e-03 3.91429e-01 3.66419e-03 3.02221e-01 2.80986e-03 2.97859e-01 2.78096e-03 3.54570e-01 3.30017e-03 3.60192e-01 3.36978e-03 
0.45 0.475 0.5 3.25902e-01 2.97838e-03 2.76207e-01 2.54586e-03 3.91026e-01 3.59106e-03 3.01872e-01 2.75726e-03 2.98198e-01 2.75013e-03 3.54183e-01 3.23894e-03 3.59809e-01 3.30224e-03 
0.5 0.525 0.55 3.34561e-01 3.06979e-03 2.83072e-01 2.58508e-03 4.00428e-01 3.64750e-03 3.09890e-01 2.84224e-03 3.05611e-01 2.79211e-03 3.63596e-01 3.33787e-03 3.68457e-01 3.35454e-03 
0.55 0.575 0.6 3.52097e-01 3.23479e-03 2.97898e-01 2.72505e-03 4.21995e-01 3.89722e-03 3.26125e-01 2.99465e-03 3.21626e-01 2.94363e-03 3.82666e-01 3.51776e-03 3.88291e-01 3.58382e-03 
0.6 0.625 0.65 3.66978e-01 3.41067e-03 3.10435e-01 2.87217e-03 4.40580e-01 4.11103e-03 3.39905e-01 3.15762e-03 3.35165e-01 3.10240e-03 3.98843e-01 3.70882e-03 4.05385e-01 3.78046e-03 
0.65 0.675 0.7 4.15255e-01 3.69605e-03 3.51487e-01 3.11533e-03 4.97511e-01 4.45104e-03 3.84593e-01 3.42140e-03 3.79513e-01 3.36547e-03 4.51349e-01 4.01976e-03 4.57732e-01 4.09269e-03 
0.7 0.725 0.75 4.67342e-01 3.86140e-03 3.95846e-01 3.25665e-03 5.59507e-01 4.64589e-03 4.32807e-01 3.57438e-03 4.27436e-01 3.51823e-03 5.08003e-01 4.19970e-03 5.14731e-01 4.27177e-03 
0.75 0.775 0.8 4.36413e-01 3.96443e-03 3.69683e-01 3.34117e-03 5.22536e-01 4.77629e-03 4.04163e-01 3.66952e-03 3.99186e-01 3.60976e-03 4.74384e-01 4.31208e-03 4.80718e-01 4.39132e-03 
0.8 0.825 0.85 3.97855e-01 3.66572e-03 3.36977e-01 3.08175e-03 4.76562e-01 4.42853e-03 3.68466e-01 3.39338e-03 3.63858e-01 3.32911e-03 4.32454e-01 3.98669e-03 4.38440e-01 4.07202e-03 
0.85 0.875 0.9 3.64656e-01 3.56859e-03 3.09212e-01 2.99618e-03 4.36370e-01 4.31785e-03 3.37729e-01 3.30364e-03 3.33869e-01 3.23654e-03 3.96355e-01 3.88081e-03 4.01476e-01 3.97059e-03 
0.9 0.925 0.95 3.35760e-01 3.43320e-03 2.84832e-01 2.89723e-03 4.00593e-01 4.07399e-03 3.10967e-01 3.17822e-03 3.07543e-01 3.12966e-03 3.64946e-01 3.73368e-03 3.68562e-01 3.74627e-03 
0.95 0.975 1.0 3.02873e-01 3.17898e-03 2.58072e-01 2.72905e-03 3.61684e-01 3.81461e-03 2.80512e-01 2.94277e-03 2.78646e-01 2.94812e-03 3.29195e-01 3.45736e-03 3.32768e-01 3.50756e-03 
1.0 1.025 1.05 2.85060e-01 3.29019e-03 2.43112e-01 2.81921e-03 3.40875e-01 3.98722e-03 2.64016e-01 3.04562e-03 2.62494e-01 3.04578e-03 3.09834e-01 3.57845e-03 3.13624e-01 3.66614e-03 
1.05 1.075 1.1 2.65086e-01 3.33732e-03 2.25833e-01 2.81929e-03 3.16138e-01 4.01023e-03 2.45526e-01 3.08968e-03 2.43826e-01 3.04532e-03 2.88110e-01 3.62910e-03 2.90878e-01 3.68791e-03 
1.1 1.125 1.15 2.46603e-01 3.12943e-03 2.10619e-01 2.64883e-03 2.94088e-01 3.79139e-03 2.28412e-01 2.89725e-03 2.27396e-01 2.86115e-03 2.68014e-01 3.40299e-03 2.70598e-01 3.48663e-03 
1.15 1.175 1.2 2.25820e-01 3.05675e-03 1.93285e-01 2.58091e-03 2.67881e-01 3.65690e-03 2.09163e-01 2.82971e-03 2.08680e-01 2.78800e-03 2.45059e-01 3.31076e-03 2.46484e-01 3.36265e-03 
1.2 1.225 1.25 2.03069e-01 2.92410e-03 1.75596e-01 2.52479e-03 2.40232e-01 3.48125e-03 1.88096e-01 2.70709e-03 1.89578e-01 2.72735e-03 2.20691e-01 3.17981e-03 2.21052e-01 3.20140e-03 
1.25 1.275 1.3 1.93748e-01 3.17410e-03 1.67333e-01 2.73248e-03 2.26930e-01 3.74801e-03 1.79463e-01 2.93842e-03 1.80654e-01 2.95161e-03 2.10561e-01 3.45184e-03 2.08813e-01 3.44629e-03 
1.3 1.325 1.35 1.72905e-01 3.03087e-03 1.50498e-01 2.60728e-03 2.01545e-01 3.59058e-03 1.60165e-01 2.80566e-03 1.62473e-01 2.81671e-03 1.87897e-01 3.29631e-03 1.85467e-01 3.30155e-03 
1.35 1.375 1.4 1.62018e-01 3.16909e-03 1.40996e-01 2.66401e-03 1.89584e-01 3.78201e-03 1.50085e-01 2.93356e-03 1.52208e-01 2.87783e-03 1.76059e-01 3.44671e-03 1.74466e-01 3.47747e-03 
1.4 1.425 1.45 1.41883e-01 3.23234e-03 1.25567e-01 2.78144e-03 1.64590e-01 3.83148e-03 1.31443e-01 2.99248e-03 1.35544e-01 3.00449e-03 1.54164e-01 3.51496e-03 1.51480e-01 3.52354e-03 
1.45 1.475 1.5 1.38004e-01 3.14820e-03 1.21613e-01 2.64094e-03 1.59612e-01 3.73633e-03 1.27839e-01 2.91441e-03 1.31282e-01 2.85280e-03 1.49964e-01 3.42370e-03 1.46884e-01 3.43584e-03 
1.5 1.525 1.55 1.20472e-01 3.29180e-03 1.09556e-01 2.81514e-03 1.37406e-01 3.90645e-03 1.11610e-01 3.04725e-03 1.18255e-01 3.04096e-03 1.30897e-01 3.58000e-03 1.26464e-01 3.59203e-03 
1.55 1.575 1.6 1.10083e-01 3.40232e-03 9.98038e-02 2.78260e-03 1.25087e-01 4.10360e-03 1.01992e-01 3.14976e-03 1.07723e-01 3.00583e-03 1.19599e-01 3.69993e-03 1.15231e-01 3.75654e-03 
1.6 1.625 1.65 1.00914e-01 3.34073e-03 9.30190e-02 2.86040e-03 1.11943e-01 3.95509e-03 9.35049e-02 3.09292e-03 1.00394e-01 3.08966e-03 1.09628e-01 3.63268e-03 1.03049e-01 3.63737e-03 
1.65 1.675 1.7 8.92523e-02 3.62806e-03 8.40604e-02 3.10263e-03 9.56584e-02 4.26022e-03 8.27087e-02 3.35881e-03 9.05997e-02 3.36100e-03 9.69453e-02 3.94531e-03 8.80691e-02 3.91766e-03 
1.7 1.725 1.75 8.26091e-02 3.72433e-03 7.92500e-02 3.21610e-03 8.78388e-02 4.40249e-03 7.65569e-02 3.44775e-03 8.55216e-02 3.47420e-03 8.97232e-02 4.05025e-03 8.08805e-02 4.04837e-03 
1.75 1.775 1.8 7.30033e-02 3.88230e-03 7.24099e-02 3.29600e-03 7.38773e-02 4.64170e-03 6.76642e-02 3.59388e-03 7.81320e-02 3.56052e-03 7.97999e-02 4.17648e-03 6.80411e-02 4.26825e-03 
1.8 1.825 1.85 5.74757e-02 3.87073e-03 5.97527e-02 3.33104e-03 5.34502e-02 4.49199e-03 5.32879e-02 3.58351e-03 6.44609e-02 3.59809e-03 6.23933e-02 4.20916e-03 5.08784e-02 4.12767e-03 
1.85 1.875 1.9 4.22956e-02 3.90239e-03 4.81817e-02 3.36453e-03 3.80265e-02 4.52731e-03 3.92370e-02 3.61267e-03 5.19588e-02 3.63443e-03 4.58819e-02 4.24379e-03 3.50770e-02 4.16292e-03 
1.9 1.925 1.95 4.42842e-02 4.37831e-03 5.12329e-02 3.77963e-03 3.43597e-02 4.98170e-03 4.10661e-02 4.05262e-03 5.52664e-02 4.08349e-03 4.80610e-02 4.76223e-03 3.16818e-02 4.58055e-03 
1.95 1.975 2.0 3.97772e-02 4.59349e-03 4.74813e-02 3.82590e-03 2.82554e-02 5.32048e-03 3.69141e-02 4.25178e-03 5.11948e-02 4.13320e-03 4.31314e-02 4.99631e-03 2.72360e-02 4.92239e-03 
2.0 2.025 2.05 2.66731e-02 4.52213e-03 3.78748e-02 3.86006e-03 1.26017e-02 5.30094e-03 2.43772e-02 4.20989e-03 4.08330e-02 4.17018e-03 2.89036e-02 4.91870e-03 1.16814e-02 4.87373e-03 
2.05 2.075 2.1 1.24897e-02 5.02123e-03 2.78721e-02 4.34281e-03 -7.42938e-03 5.66408e-03 1.16583e-02 4.64708e-03 3.00044e-02 4.69257e-03 1.34484e-02 5.46243e-03 -6.71398e-03 5.20718e-03 
2.1 2.125 2.15 8.77085e-03 4.96293e-03 2.62030e-02 4.29404e-03 -1.25633e-02 5.79961e-03 8.19296e-03 4.59345e-03 2.82231e-02 4.63950e-03 9.43568e-03 5.39854e-03 -1.14619e-02 5.33174e-03 
2.15 2.175 2.2 9.99041e-03 4.88422e-03 2.89516e-02 4.22366e-03 -1.33449e-02 5.71204e-03 9.32526e-03 4.52088e-03 3.11889e-02 4.56319e-03 1.07575e-02 5.31252e-03 -1.21763e-02 5.25167e-03 
2.2 2.225 2.25 -4.79769e-03 4.22591e-03 1.81789e-02 3.64515e-03 -3.24282e-02 5.34017e-03 -4.36160e-03 3.91148e-03 1.95480e-02 3.93824e-03 -5.32904e-03 4.59658e-03 -2.97062e-02 4.90955e-03 
2.25 2.275 2.3 -8.78200e-03 5.52058e-03 1.75277e-02 4.74450e-03 -4.34217e-02 6.42989e-03 -8.05379e-03 5.10948e-03 1.88493e-02 5.12615e-03 -9.65679e-03 6.00527e-03 -3.98326e-02 5.91102e-03 
2.3 2.325 2.35 -9.98082e-03 5.29818e-03 1.70045e-02 4.57741e-03 -4.36967e-02 6.20207e-03 -9.15159e-03 4.90374e-03 2.16495e-02 4.96261e-03 -1.09774e-02 5.76323e-03 -4.00735e-02 5.70172e-03 
2.35 2.375 2.4 -1.82544e-02 5.50101e-03 1.13708e-02 4.75429e-03 -5.01137e-02 6.82332e-03 -1.68081e-02 5.09147e-03 1.21809e-02 5.13677e-03 -1.99786e-02 5.98383e-03 -4.59697e-02 6.27237e-03 
2.4 2.425 2.45 -2.50347e-02 6.12441e-03 7.37396e-03 5.28085e-03 -6.59993e-02 7.16941e-03 -2.30897e-02 5.66941e-03 7.86758e-03 5.70480e-03 -2.73457e-02 6.66065e-03 -6.05847e-02 6.59274e-03 
2.45 2.475 2.5 -3.32814e-02 5.84032e-03 2.06590e-03 4.79598e-03 -8.10444e-02 7.12708e-03 -3.07075e-02 5.40607e-03 2.11759e-03 5.18114e-03 -3.63372e-02 6.35217e-03 -7.43986e-02 6.55240e-03 
2.5 2.525 2.55 -3.07951e-02 6.22369e-03 6.43552e-03 5.37146e-03 -7.78025e-02 7.29566e-03 -2.84163e-02 5.76050e-03 6.84687e-03 5.80349e-03 -3.36187e-02 6.76976e-03 -7.14326e-02 6.70736e-03 
2.55 2.575 2.6 -3.63391e-02 6.02162e-03 3.90276e-03 5.19172e-03 -8.73755e-02 7.06734e-03 -3.35482e-02 5.57352e-03 4.10984e-03 5.60921e-03 -3.96485e-02 6.54988e-03 -8.02351e-02 6.49750e-03 
2.6 2.625 2.65 -3.87454e-02 6.92037e-03 3.77571e-03 5.96683e-03 -9.29767e-02 8.12276e-03 -3.57744e-02 6.40528e-03 3.97077e-03 6.44679e-03 -4.22673e-02 7.52764e-03 -8.31703e-02 7.64865e-03 
2.65 2.675 2.7 -4.86877e-02 7.26887e-03 -1.22911e-03 5.55384e-03 -1.07249e-01 8.53465e-03 -4.49511e-02 6.72759e-03 -1.44777e-03 6.00054e-03 -5.31180e-02 7.90707e-03 -9.84719e-02 7.84602e-03 
2.7 2.725 2.75 -3.78210e-02 7.21231e-03 9.41152e-03 6.22545e-03 -9.80780e-02 8.45409e-03 -3.49077e-02 6.67510e-03 1.00469e-02 6.72661e-03 -4.12772e-02 7.84576e-03 -9.00623e-02 7.77173e-03 
2.75 2.775 2.8 -4.72485e-02 6.65537e-03 3.24923e-03 5.73798e-03 -1.11436e-01 8.72895e-03 -4.36357e-02 6.16000e-03 3.38966e-03 6.19950e-03 -5.15290e-02 7.23939e-03 -1.02354e-01 8.02472e-03 
2.8 2.825 2.85 -4.81677e-02 7.68049e-03 4.30388e-03 6.61993e-03 -1.15429e-01 9.01835e-03 -4.44776e-02 7.10791e-03 4.51964e-03 7.15332e-03 -5.25417e-02 8.35573e-03 -1.06007e-01 8.28975e-03 
2.85 2.875 2.9 -5.63962e-02 6.55508e-03 -3.13496e-04 5.63631e-03 -1.19626e-01 9.06896e-03 -5.20934e-02 6.06748e-03 -4.69888e-04 6.08933e-03 -6.14923e-02 7.12985e-03 -1.09869e-01 8.33798e-03 
2.9 2.925 2.95 -5.82083e-02 8.42726e-03 8.46984e-04 7.24466e-03 -1.34381e-01 9.92166e-03 -5.37546e-02 7.80114e-03 -7.49106e-05 7.83244e-03 -6.34855e-02 9.16516e-03 -1.23411e-01 9.12302e-03 
2.95 2.975 3.0 -4.67227e-02 8.41317e-03 1.27533e-02 7.23518e-03 -1.23529e-01 9.90303e-03 -4.31295e-02 7.78688e-03 1.36356e-02 7.81724e-03 -5.09848e-02 9.15154e-03 -1.13442e-01 9.10426e-03 
3.0 3.025 3.05 -6.55664e-02 7.79138e-03 3.50854e-03 6.87610e-03 -1.49017e-01 9.18424e-03 -6.05746e-02 7.21150e-03 3.66446e-03 7.42928e-03 -7.14758e-02 8.47501e-03 -1.36880e-01 8.44356e-03 
3.05 3.075 3.1 -4.93065e-02 6.57392e-03 1.50888e-02 5.64412e-03 -1.28697e-01 1.05493e-02 -4.55336e-02 6.08439e-03 1.61706e-02 6.09829e-03 -5.37770e-02 7.15108e-03 -1.18202e-01 9.69822e-03 
3.1 3.125 3.15 -8.42494e-02 8.79536e-03 -1.31345e-02 7.54760e-03 -1.76530e-01 1.03804e-02 -7.78602e-02 8.14035e-03 -1.43391e-02 8.15501e-03 -9.18083e-02 9.56764e-03 -1.62166e-01 9.54269e-03 
3.15 3.175 3.2 -5.82704e-02 8.56315e-03 1.46268e-02 7.70084e-03 -1.49553e-01 1.01252e-02 -5.38183e-02 7.92579e-03 1.56555e-02 8.32086e-03 -6.35448e-02 9.31456e-03 -1.32295e-01 9.09535e-03 
3.2 3.225 3.25 -4.39792e-02 7.63593e-03 2.59003e-02 7.65990e-03 -1.36084e-01 9.02901e-03 -4.05910e-02 7.06752e-03 2.78248e-02 8.27646e-03 -4.79990e-02 8.30605e-03 -1.24992e-01 8.30069e-03 
3.25 3.275 3.3 -5.51126e-02 7.20392e-03 1.22787e-02 7.97261e-03 -1.51682e-01 8.52323e-03 -5.08891e-02 6.66760e-03 1.31049e-02 8.61435e-03 -6.01186e-02 7.83622e-03 -1.39323e-01 7.83562e-03 
3.3 3.325 3.35 -4.82511e-02 9.76728e-03 2.63545e-02 8.36996e-03 -1.44846e-01 1.09716e-02 -4.45336e-02 9.03958e-03 2.83155e-02 9.04386e-03 -5.26624e-02 1.06253e-02 -1.33024e-01 1.00859e-02 
3.35 3.375 3.4 -5.34756e-02 9.84472e-03 2.38683e-02 8.43650e-03 -1.55384e-01 1.16382e-02 -4.93854e-02 9.11202e-03 2.56434e-02 9.11498e-03 -5.83221e-02 1.07085e-02 -1.42745e-01 1.06996e-02 
3.4 3.425 3.45 -5.43301e-02 7.77078e-03 2.57292e-02 6.64667e-03 -1.60016e-01 9.21428e-03 -5.01505e-02 7.19269e-03 2.76284e-02 7.18095e-03 -5.92878e-02 8.45223e-03 -1.46968e-01 8.47151e-03 
3.45 3.475 3.5 -3.83653e-02 9.79073e-03 4.11608e-02 8.36732e-03 -1.38170e-01 1.14910e-02 -3.53628e-02 9.06255e-03 4.42903e-02 9.03979e-03 -4.19378e-02 1.06491e-02 -1.26873e-01 1.05646e-02 
3.5 3.525 3.55 -4.46242e-02 8.40744e-03 3.74866e-02 7.17738e-03 -1.53706e-01 9.98977e-03 -4.11831e-02 7.78189e-03 4.03484e-02 7.75444e-03 -4.87073e-02 9.14488e-03 -1.41189e-01 9.18434e-03 
3.55 3.575 3.6 -4.94331e-02 9.43788e-03 3.43557e-02 8.04883e-03 -1.61251e-01 1.18992e-02 -4.56223e-02 8.73500e-03 3.69526e-02 8.69659e-03 -5.39548e-02 1.02666e-02 -1.48128e-01 1.09381e-02 
3.6 3.625 3.65 -1.83084e-02 1.03709e-02 6.24577e-02 8.84537e-03 -1.26340e-01 1.23297e-02 -1.67991e-02 9.59834e-03 6.73008e-02 9.55747e-03 -2.01200e-02 1.12819e-02 -1.15992e-01 1.13343e-02 
3.65 3.675 3.7 -4.61443e-02 1.04146e-02 4.13119e-02 8.87768e-03 -1.62992e-01 1.23921e-02 -4.25729e-02 9.63836e-03 4.44635e-02 9.59279e-03 -5.03855e-02 1.13300e-02 -1.49702e-01 1.13910e-02 
3.7 3.725 3.75 -3.05148e-02 1.03276e-02 5.71364e-02 8.73286e-03 -1.44920e-01 1.22942e-02 -2.80997e-02 9.55768e-03 6.15645e-02 9.43665e-03 -3.33942e-02 1.12357e-02 -1.33078e-01 1.13008e-02 
3.75 3.775 3.8 -2.46419e-02 1.03733e-02 6.05992e-02 8.82320e-03 -1.39507e-01 1.23747e-02 -2.26882e-02 9.60078e-03 6.53204e-02 9.53326e-03 -2.69716e-02 1.12841e-02 -1.28134e-01 1.13760e-02 
3.8 3.825 3.85 -2.39279e-02 1.08011e-02 6.20793e-02 7.59636e-03 -1.42037e-01 1.28862e-02 -2.20149e-02 9.99679e-03 6.68923e-02 8.20725e-03 -2.62130e-02 1.17494e-02 -1.30445e-01 1.18464e-02 
3.85 3.875 3.9 -3.11881e-03 1.06127e-02 8.13388e-02 9.01638e-03 -1.17654e-01 1.26804e-02 -2.72232e-03 9.82212e-03 8.76836e-02 9.74223e-03 -3.62251e-03 1.15448e-02 -1.07982e-01 1.16568e-02 
3.9 3.925 3.95 -2.07207e-02 9.73606e-03 6.75458e-02 8.26207e-03 -1.40587e-01 1.16535e-02 -1.90614e-02 9.01080e-03 7.28294e-02 8.92719e-03 -2.27029e-02 1.05912e-02 -1.29130e-01 1.07128e-02 
3.95 3.975 4.0 2.32618e-03 1.15843e-02 8.75889e-02 9.81174e-03 -1.15918e-01 1.27921e-02 1.29998e-03 1.01351e-02 9.44710e-02 1.06012e-02 2.34809e-03 1.26011e-02 -1.06427e-01 1.17588e-02 
4.0 4.025 4.05 -5.06730e-03 1.11471e-02 8.98342e-02 8.44190e-03 -1.23961e-01 1.33669e-02 -4.56069e-03 1.03161e-02 9.68963e-02 9.12150e-03 -5.69367e-03 1.21270e-02 -1.13829e-01 1.22869e-02 
4.05 4.075 4.1 -8.83284e-03 1.00421e-02 7.60057e-02 8.01948e-03 -1.28078e-01 1.20539e-02 -8.05634e-03 9.29458e-03 8.19557e-02 8.66439e-03 -9.77451e-03 1.09234e-02 -1.17627e-01 1.10816e-02 
4.1 4.125 4.15 2.21926e-02 1.13348e-02 1.03002e-01 9.24506e-03 -9.20087e-02 1.36175e-02 2.06903e-02 1.04905e-02 1.11106e-01 9.98933e-03 2.39300e-02 1.23302e-02 -8.44227e-02 1.25184e-02 
4.15 4.175 4.2 8.29331e-03 9.34313e-03 9.24578e-02 7.89456e-03 -9.85931e-02 1.22955e-02 7.80867e-03 8.64730e-03 9.97324e-02 8.52992e-03 8.83489e-03 1.01635e-02 -9.04972e-02 1.13032e-02 
4.2 4.225 4.25 2.26428e-02 1.12793e-02 1.04446e-01 9.51084e-03 -8.22160e-02 1.29069e-02 2.10754e-02 1.04391e-02 1.12700e-01 1.02764e-02 2.44642e-02 1.22700e-02 -7.54628e-02 1.18650e-02 
4.25 4.275 4.3 2.18903e-02 1.05225e-02 1.05773e-01 9.23425e-03 -9.19867e-02 1.09020e-02 2.31451e-02 1.01679e-02 1.14111e-01 9.97754e-03 2.36236e-02 1.14457e-02 -8.44361e-02 1.00227e-02 
4.3 4.325 4.35 2.25923e-02 9.93118e-03 1.03314e-01 8.37017e-03 -9.00249e-02 1.19884e-02 2.10248e-02 9.19147e-03 1.11482e-01 9.04390e-03 2.44144e-02 1.08034e-02 -8.26442e-02 1.10207e-02 
4.35 4.375 4.4 3.21998e-02 1.03780e-02 1.10702e-01 8.74419e-03 -8.21880e-02 1.29938e-02 2.99398e-02 9.60512e-03 1.19444e-01 9.44789e-03 3.28067e-02 1.13042e-02 -7.54067e-02 1.19453e-02 
4.4 4.425 4.45 2.76304e-02 1.04574e-02 1.06031e-01 8.80041e-03 -8.24599e-02 1.26467e-02 2.56708e-02 9.67948e-03 1.14435e-01 9.50782e-03 2.99188e-02 1.13744e-02 -7.57115e-02 1.16273e-02 
4.45 4.475 4.5 5.07637e-02 1.07311e-02 1.24317e-01 9.03026e-03 -5.33598e-02 1.29762e-02 4.71209e-02 9.93125e-03 1.34157e-01 9.75763e-03 5.50282e-02 1.16742e-02 -4.88993e-02 1.19280e-02 
4.5 4.525 4.55 3.42921e-02 1.25491e-02 1.09180e-01 1.04825e-02 -5.93624e-02 1.36261e-02 3.18286e-02 1.16122e-02 1.17850e-01 1.13283e-02 3.71766e-02 1.36543e-02 -5.44886e-02 1.25248e-02 
4.55 4.575 4.6 4.12717e-02 1.09766e-02 1.14184e-01 9.20889e-03 -5.76384e-02 1.27123e-02 3.83169e-02 1.01580e-02 1.23230e-01 9.95113e-03 4.47290e-02 1.19421e-02 -5.28676e-02 1.16849e-02 
4.6 4.625 4.65 5.70938e-02 9.53397e-03 1.25669e-01 7.98688e-03 -4.10021e-02 1.16000e-02 5.29403e-02 8.82348e-03 1.35661e-01 8.63009e-03 6.19688e-02 1.03718e-02 -3.75890e-02 1.06631e-02 
4.65 4.675 4.7 5.06339e-02 1.00221e-02 1.17816e-01 8.38654e-03 -4.80031e-02 1.36602e-02 4.69675e-02 9.27597e-03 1.27171e-01 9.06124e-03 5.49335e-02 1.09018e-02 -4.40234e-02 1.25578e-02 
4.7 4.725 4.75 6.47504e-02 7.60078e-03 1.28835e-01 8.44951e-03 -2.99670e-02 1.20119e-02 6.00172e-02 7.03500e-03 1.39073e-01 9.12917e-03 7.03111e-02 8.26783e-03 -2.74198e-02 1.10430e-02 
4.75 4.775 4.8 3.70831e-02 9.95447e-03 1.04033e-01 8.30621e-03 -5.90264e-02 1.21613e-02 3.43984e-02 9.21340e-03 1.12310e-01 8.97444e-03 4.02312e-02 1.08282e-02 -5.41834e-02 1.11802e-02 
4.8 4.825 4.85 6.43245e-02 9.83809e-03 1.24400e-01 8.21104e-03 -2.33597e-02 1.20211e-02 5.96484e-02 9.10589e-03 1.34280e-01 8.87145e-03 6.98124e-02 1.07013e-02 -2.13406e-02 1.10517e-02 
4.85 4.875 4.9 4.84494e-02 9.40897e-03 1.08873e-01 7.83038e-03 -3.73691e-02 1.20193e-02 4.49074e-02 8.70875e-03 1.17549e-01 8.46008e-03 5.26105e-02 1.02345e-02 -3.64908e-02 1.06064e-02 
4.9 4.925 4.95 6.91456e-02 8.65527e-03 1.19769e-01 7.30337e-03 -9.33877e-03 1.05923e-02 6.40929e-02 8.01019e-03 1.29308e-01 7.89181e-03 7.50816e-02 9.41596e-03 -8.47205e-03 9.73670e-03 
4.95 4.975 5.0 6.38565e-02 9.23345e-03 1.16585e-01 7.68917e-03 -1.64429e-02 1.14575e-02 5.91947e-02 8.54469e-03 1.25861e-01 8.30907e-03 6.93323e-02 1.00458e-02 -1.49993e-02 1.05311e-02 
5.0 5.025 5.05 6.97782e-02 6.64812e-03 1.18603e-01 5.55976e-03 -9.05575e-03 1.09754e-02 6.46658e-02 6.15301e-03 1.28052e-01 6.00718e-03 7.57871e-02 7.23189e-03 -8.21881e-03 1.00894e-02 
5.05 5.075 5.1 6.90835e-02 8.39861e-03 1.16693e-01 6.96635e-03 -1.38588e-03 1.03580e-02 6.40071e-02 7.77323e-03 1.26005e-01 7.52689e-03 7.50534e-02 9.13593e-03 -2.91518e-03 8.61292e-03 
5.1 5.125 5.15 7.29324e-02 7.10111e-03 1.17059e-01 5.91755e-03 5.26149e-03 1.04534e-02 6.75573e-02 6.57200e-03 1.26413e-01 6.39403e-03 7.92575e-02 7.72502e-03 4.91045e-03 9.60979e-03 
5.15 5.175 5.2 6.45519e-02 7.49856e-03 1.06772e-01 6.23861e-03 7.32863e-04 9.02425e-03 5.98032e-02 6.93955e-03 1.15298e-01 6.74123e-03 7.01374e-02 8.15780e-03 7.49686e-04 8.29518e-03 
5.2 5.225 5.25 6.28711e-02 7.96599e-03 1.02879e-01 6.60918e-03 2.30348e-03 9.82468e-03 5.82449e-02 7.37156e-03 1.11095e-01 7.14218e-03 6.83131e-02 8.66711e-03 7.05106e-04 9.12385e-03 
5.25 5.275 5.3 5.76371e-02 6.97804e-03 9.50369e-02 6.22698e-03 -6.24095e-03 9.38975e-03 5.34050e-02 6.45743e-03 1.02620e-01 6.72871e-03 6.26138e-02 7.59206e-03 -5.66475e-03 8.63068e-03 
5.3 5.325 5.35 6.40399e-02 7.14150e-03 9.89240e-02 5.95571e-03 1.09334e-02 8.81523e-03 5.93213e-02 6.60884e-03 1.06829e-01 6.43566e-03 6.95920e-02 7.76970e-03 1.01165e-02 8.10262e-03 
5.35 5.375 5.4 5.41809e-02 6.98779e-03 8.79920e-02 5.78335e-03 4.28873e-03 8.68110e-03 5.01922e-02 6.46634e-03 9.50230e-02 6.24977e-03 5.88734e-02 7.60283e-03 4.00040e-03 7.97892e-03 
5.4 5.425 5.45 6.77840e-02 6.54166e-03 9.59383e-02 5.42070e-03 2.05338e-02 8.78595e-03 6.27825e-02 6.05442e-03 1.03617e-01 5.85741e-03 7.36706e-02 7.11615e-03 1.89314e-02 8.07560e-03 
5.45 5.475 5.5 6.00235e-02 6.90523e-03 8.86742e-02 5.64306e-03 1.36109e-02 8.43412e-03 5.55969e-02 6.39038e-03 9.57642e-02 6.09773e-03 6.52329e-02 7.51241e-03 1.25674e-02 7.75221e-03 
5.5 5.525 5.55 5.56412e-02 5.94567e-03 8.15596e-02 5.20919e-03 1.00158e-02 7.87996e-03 5.15249e-02 5.50184e-03 8.80903e-02 5.62920e-03 6.04882e-02 6.46920e-03 9.24836e-03 7.24264e-03 
5.55 5.575 5.6 5.83728e-02 4.64061e-03 7.93467e-02 4.76836e-03 1.35969e-02 7.23795e-03 5.40539e-02 4.29445e-03 8.57036e-02 5.15266e-03 6.34587e-02 5.04887e-03 1.25377e-02 6.65289e-03 
5.6 5.625 5.65 6.47080e-02 5.22835e-03 8.48775e-02 4.33733e-03 3.23610e-02 6.49595e-03 5.99106e-02 4.83800e-03 9.16866e-02 4.68730e-03 7.03596e-02 5.68881e-03 2.97797e-02 5.97019e-03 
5.65 5.675 5.7 4.79801e-02 5.19012e-03 6.95782e-02 4.37718e-03 1.36314e-02 6.49377e-03 4.44223e-02 4.80251e-03 7.51594e-02 4.73039e-03 5.21714e-02 5.64737e-03 1.25588e-02 5.96818e-03 
5.7 5.725 5.75 4.61830e-02 4.92033e-03 6.42090e-02 4.07869e-03 1.56556e-02 6.09863e-03 4.27648e-02 4.55319e-03 6.93562e-02 4.40763e-03 4.94764e-02 5.33991e-03 1.44226e-02 5.60529e-03 
5.75 5.775 5.8 4.24472e-02 4.97700e-03 5.81503e-02 4.10696e-03 1.78171e-02 6.24574e-03 3.93017e-02 4.60503e-03 6.28150e-02 4.43871e-03 4.61522e-02 5.41588e-03 1.64045e-02 5.73983e-03 
5.8 5.825 5.85 4.79472e-02 3.21198e-03 6.06067e-02 2.71604e-03 2.36582e-02 3.97681e-03 4.43889e-02 2.97227e-03 6.54731e-02 2.93510e-03 5.21398e-02 3.49473e-03 2.17613e-02 3.65504e-03 
5.85 5.875 5.9 3.59180e-02 3.79722e-03 4.88485e-02 3.18245e-03 1.72792e-02 4.33488e-03 3.32539e-02 3.51340e-03 5.27707e-02 3.43955e-03 3.90567e-02 4.13209e-03 1.59011e-02 3.98397e-03 
5.9 5.925 5.95 3.44987e-02 3.28443e-03 4.67545e-02 2.47490e-03 1.49786e-02 4.48974e-03 3.19394e-02 3.03908e-03 5.05086e-02 2.67476e-03 3.75139e-02 3.57389e-03 1.37921e-02 4.12564e-03 
5.95 5.975 6.0 3.92355e-02 3.47288e-03 4.84022e-02 2.88691e-03 2.07480e-02 3.10777e-03 3.63175e-02 3.21288e-03 5.22950e-02 3.12052e-03 4.26751e-02 3.77975e-03 1.90782e-02 2.85613e-03 
6.0 6.025 6.05 2.84767e-02 3.05231e-03 3.77337e-02 2.56266e-03 1.16297e-02 3.86502e-03 2.63639e-02 2.82425e-03 4.07644e-02 2.76959e-03 3.09660e-02 3.32138e-03 1.07072e-02 3.55177e-03 
6.05 6.075 6.1 3.02157e-02 2.62503e-03 3.80212e-02 1.76785e-03 1.75085e-02 3.19852e-03 2.79753e-02 2.42886e-03 4.10817e-02 1.91052e-03 3.28549e-02 2.85647e-03 1.61111e-02 2.93959e-03 
6.1 6.125 6.15 2.93010e-02 1.98375e-03 3.51832e-02 1.73495e-03 1.88351e-02 2.39946e-03 2.71166e-02 1.83545e-03 3.80188e-02 1.87515e-03 3.18769e-02 2.15873e-03 1.73152e-02 2.20499e-03 
6.15 6.175 6.2 2.30394e-02 2.11824e-03 2.88176e-02 1.80869e-03 1.38010e-02 2.50179e-03 2.13255e-02 1.95994e-03 3.11376e-02 1.95479e-03 2.50595e-02 2.30500e-03 1.26927e-02 2.29908e-03 
6.2 6.225 6.25 2.22099e-02 1.98973e-03 2.65718e-02 1.59942e-03 1.54155e-02 2.39104e-03 2.05576e-02 1.84102e-03 2.87118e-02 1.72862e-03 2.41575e-02 2.16519e-03 1.41794e-02 2.19739e-03 
6.25 6.275 6.3 1.73531e-02 1.54104e-03 2.09821e-02 1.41101e-03 1.24231e-02 1.75368e-03 1.60624e-02 1.42560e-03 2.26707e-02 1.52522e-03 1.88744e-02 1.67731e-03 1.14250e-02 1.61132e-03 
6.3 6.325 6.35 1.53909e-02 1.47007e-03 1.92534e-02 1.26109e-03 1.01959e-02 1.38119e-03 1.42408e-02 1.35993e-03 2.08091e-02 1.36318e-03 1.67477e-02 1.60006e-03 9.37091e-03 1.26904e-03 
6.35 6.375 6.4 1.35565e-02 9.48580e-04 1.64824e-02 9.05832e-04 8.89423e-03 1.09243e-03 1.25450e-02 8.77647e-04 1.78125e-02 9.79084e-04 1.47494e-02 1.03228e-03 8.17660e-03 1.00387e-03 
6.4 6.425 6.45 1.28761e-02 1.02261e-03 1.50288e-02 9.23769e-04 8.09233e-03 1.19787e-03 1.19151e-02 9.46054e-04 1.62428e-02 9.98564e-04 1.40095e-02 1.11296e-03 7.44086e-03 1.10069e-03 
6.45 6.475 6.5 9.82085e-03 8.14225e-04 1.14489e-02 7.62808e-04 6.16615e-03 8.44449e-04 9.08709e-03 7.53217e-04 1.23741e-02 8.24612e-04 1.06865e-02 8.86237e-04 5.66877e-03 7.75913e-04 
6.5 6.525 6.55 8.80246e-03 7.09118e-04 1.02020e-02 6.89195e-04 5.82974e-03 7.74872e-04 8.14506e-03 6.56091e-04 1.10258e-02 7.44909e-04 9.57793e-03 7.71685e-04 5.35819e-03 7.12035e-04 
6.55 6.575 6.6 6.90017e-03 6.53936e-04 7.67957e-03 6.05253e-04 4.84598e-03 7.40128e-04 6.38327e-03 6.04900e-04 8.30157e-03 6.54361e-04 7.51031e-03 7.11827e-04 4.45287e-03 6.79992e-04 
6.6 6.625 6.65 4.48834e-03 4.70734e-04 5.31995e-03 4.65845e-04 2.54848e-03 4.80848e-04 4.04227e-03 4.36099e-04 5.75005e-03 5.03601e-04 4.88420e-03 5.12342e-04 2.34272e-03 4.41809e-04 
6.65 6.675 6.7 4.24637e-03 3.78723e-04 4.62155e-03 3.78777e-04 2.97660e-03 3.77962e-04 3.92931e-03 3.50324e-04 4.99488e-03 4.09503e-04 4.40162e-03 3.91500e-04 2.73663e-03 3.47232e-04 
6.7 6.725 6.75 3.29878e-03 2.89563e-04 3.59636e-03 2.88263e-04 2.22353e-03 2.93667e-04 3.05177e-03 2.67853e-04 3.88748e-03 3.11621e-04 3.59029e-03 3.15191e-04 2.04297e-03 2.69774e-04 
6.75 6.775 6.8 2.40879e-03 2.09686e-04 2.61178e-03 2.27235e-04 1.76558e-03 2.02591e-04 2.22855e-03 1.93972e-04 2.82302e-03 2.45636e-04 2.62148e-03 2.28235e-04 1.68366e-03 1.94241e-04 
6.8 6.825 6.85 1.54165e-03 1.51852e-04 1.58857e-03 1.55567e-04 1.14354e-03 1.39521e-04 1.42636e-03 1.40480e-04 1.71691e-03 1.68141e-04 1.67770e-03 1.65275e-04 1.05092e-03 1.28183e-04 
6.85 6.875 6.9 9.45027e-04 9.60394e-05 1.02554e-03 1.02723e-04 7.97743e-04 9.76045e-05 8.74332e-04 8.88377e-05 1.10852e-03 1.11052e-04 1.02845e-03 1.04541e-04 7.33150e-04 8.96692e-05 
6.9 6.925 6.95 5.58088e-04 8.17909e-05 6.36395e-04 8.64929e-05 3.53185e-04 6.74979e-05 5.16229e-04 7.56417e-05 6.88042e-04 9.35298e-05 6.07506e-04 8.90542e-05 3.24527e-04 6.20023e-05 
6.95 6.975 7.0 4.40437e-04 5.07853e-05 4.53520e-04 5.58394e-05 3.22071e-04 4.45942e-05 4.07436e-04 4.69762e-05 4.90289e-04 6.03720e-05 4.79391e-04 5.52823e-05 2.95880e-04 4.09647e-05 
7.0 7.025 7.05 1.35262e-04 2.33437e-05 1.24816e-04 1.96330e-05 1.13309e-04 2.19299e-05 1.25108e-04 2.15888e-05 1.34946e-04 2.12287e-05 1.47250e-04 2.54165e-05 1.04104e-04 2.01429e-05 
7.05 7.075 7.1 9.34213e-05 1.07919e-05 8.91646e-05 1.08880e-05 9.45705e-05 1.17427e-05 8.64195e-05 9.98136e-06 9.63901e-05 1.17712e-05 1.01687e-04 1.17491e-05 8.68896e-05 1.07864e-05 
7.1 7.125 7.15 4.13947e-05 6.30808e-06 4.25026e-05 6.02542e-06 4.19872e-05 7.11229e-06 3.82819e-05 5.83396e-06 4.59440e-05 6.51301e-06 4.50716e-05 6.86806e-06 3.85711e-05 6.53300e-06 
7.15 7.175 7.2 1.70268e-05 2.37554e-06 1.42270e-05 1.96240e-06 1.90031e-05 2.84090e-06 1.57486e-05 2.19716e-06 1.53818e-05 2.12163e-06 1.85362e-05 2.58619e-06 1.74564e-05 2.60925e-06 
7.2 7.225 7.25 1.08392e-05 1.49967e-06 9.10966e-06 1.26454e-06 1.04515e-05 1.51053e-06 1.00259e-05 1.38702e-06 9.84936e-06 1.36735e-06 1.17994e-05 1.63271e-06 9.60195e-06 1.38750e-06 
7.25 7.275 7.3 2.33413e-06 3.83044e-07 1.76433e-06 2.72784e-07 3.25632e-06 5.67991e-07 2.15878e-06 3.54233e-07 1.90757e-06 2.94963e-07 2.54121e-06 4.17077e-07 2.99092e-06 5.21635e-07 
7.3 7.325 7.35 5.80990e-07 8.88417e-08 4.27074e-07 6.43108e-08 7.51396e-07 1.29098e-07 5.37369e-07 8.21599e-08 4.61738e-07 6.95380e-08 6.32502e-07 9.67349e-08 6.90244e-07 1.18573e-07 
7.35 7.375 7.4 1.66001e-07 3.50129e-08 1.19362e-07 2.43471e-08 2.84522e-07 6.62813e-08 1.53551e-07 3.23810e-08 1.29041e-07 2.63259e-08 1.80700e-07 3.81214e-08 2.61329e-07 6.08569e-08 
7.4 7.425 7.45 5.23176e-08 7.63127e-09 3.41978e-08 5.00436e-09 7.78769e-08 1.15481e-08 4.83823e-08 7.05639e-09 3.69790e-08 5.41203e-09 5.69665e-08 8.31057e-09 7.15220e-08 1.06042e-08 
7.45 7.475 7.5 3.90495e-09 6.54541e-10 2.75721e-09 4.25366e-10 6.02971e-09 9.78417e-10 3.61121e-09 6.05221e-10 2.98119e-09 4.60000e-10 4.25195e-09 7.12822e-10 5.53796e-09 8.98437e-10 
7.5 7.525 7.55 8.57033e-10 1.26115e-10 5.70691e-10 8.30647e-11 1.43577e-09 2.00711e-10 7.92572e-10 1.16623e-10 6.17108e-10 8.98255e-11 9.33177e-10 1.37329e-10 1.31861e-09 1.84315e-10 
7.55 7.575 7.6 2.38824e-11 3.30670e-12 1.52434e-11 2.09985e-12 4.23686e-11 5.78380e-12 2.20920e-11 3.05848e-12 1.64788e-11 2.27027e-12 2.59959e-11 3.59980e-12 3.89238e-11 5.31290e-12 
7.6 7.625 7.65 4.26160e-14 9.27243e-15 2.15113e-14 4.93508e-15 7.52356e-14 1.64893e-14 3.94197e-14 8.57712e-15 2.32543e-14 5.33481e-15 4.63895e-14 1.00933e-14 6.91153e-14 1.51482e-14 
7.65 7.675 7.7 -6.68007e-25 9.28741e-26 -3.49129e-25 4.88752e-26 -1.39055e-24 1.89511e-25 -6.17572e-25 8.58590e-26 -3.77643e-25 5.28682e-26 -7.27629e-25 1.01168e-25 -1.27656e-24 1.73971e-25 
7.7 7.725 7.75 -2.75941e-29 5.61412e-30 -1.08244e-29 2.31429e-30 -6.26514e-29 1.23501e-29 -2.55112e-29 5.19020e-30 -1.17075e-29 2.50307e-30 -3.00565e-29 6.11528e-30 -5.75222e-29 1.13391e-29 
7.75 7.775 7.8 0.00000e+00 0.00000e+00 0.00000e+00 0.00000e+00 0.00000e+00 0.00000e+00 0.00000e+00 0.00000e+00 0.00000e+00 0.00000e+00 0.00000e+00 0.00000e+00 0.00000e+00 0.00000e+00 
7.8 7.825 7.85 0.00000e+00 0.00000e+00 0.00000e+00 0.00000e+00 0.00000e+00 0.00000e+00 0.00000e+00 0.00000e+00 0.00000e+00 0.00000e+00 0.00000e+00 0.00000e+00 0.00000e+00 0.00000e+00 
7.85 7.875 7.9 0.00000e+00 0.00000e+00 0.00000e+00 0.00000e+00 0.00000e+00 0.00000e+00 0.00000e+00 0.00000e+00 0.00000e+00 0.00000e+00 0.00000e+00 0.00000e+00 0.00000e+00 0.00000e+00 
7.9 7.925 7.95 0.00000e+00 0.00000e+00 0.00000e+00 0.00000e+00 0.00000e+00 0.00000e+00 0.00000e+00 0.00000e+00 0.00000e+00 0.00000e+00 0.00000e+00 0.00000e+00 0.00000e+00 0.00000e+00 
7.95 7.975 8.0 0.00000e+00 0.00000e+00 0.00000e+00 0.00000e+00 0.00000e+00 0.00000e+00 0.00000e+00 0.00000e+00 0.00000e+00 0.00000e+00 0.00000e+00 0.00000e+00 0.00000e+00 0.00000e+00 
8.0 8.025 8.05 0.00000e+00 0.00000e+00 0.00000e+00 0.00000e+00 0.00000e+00 0.00000e+00 0.00000e+00 0.00000e+00 0.00000e+00 0.00000e+00 0.00000e+00 0.00000e+00 0.00000e+00 0.00000e+00 
8.05 8.075 8.1 0.00000e+00 0.00000e+00 0.00000e+00 0.00000e+00 0.00000e+00 0.00000e+00 0.00000e+00 0.00000e+00 0.00000e+00 0.00000e+00 0.00000e+00 0.00000e+00 0.00000e+00 0.00000e+00 
8.1 8.125 8.15 0.00000e+00 0.00000e+00 0.00000e+00 0.00000e+00 0.00000e+00 0.00000e+00 0.00000e+00 0.00000e+00 0.00000e+00 0.00000e+00 0.00000e+00 0.00000e+00 0.00000e+00 0.00000e+00 
8.15 8.175 8.2 0.00000e+00 0.00000e+00 0.00000e+00 0.00000e+00 0.00000e+00 0.00000e+00 0.00000e+00 0.00000e+00 0.00000e+00 0.00000e+00 0.00000e+00 0.00000e+00 0.00000e+00 0.00000e+00 
8.2 8.225 8.25 0.00000e+00 0.00000e+00 0.00000e+00 0.00000e+00 0.00000e+00 0.00000e+00 0.00000e+00 0.00000e+00 0.00000e+00 0.00000e+00 0.00000e+00 0.00000e+00 0.00000e+00 0.00000e+00 
8.25 8.275 8.3 0.00000e+00 0.00000e+00 0.00000e+00 0.00000e+00 0.00000e+00 0.00000e+00 0.00000e+00 0.00000e+00 0.00000e+00 0.00000e+00 0.00000e+00 0.00000e+00 0.00000e+00 0.00000e+00 
8.3 8.325 8.35 0.00000e+00 0.00000e+00 0.00000e+00 0.00000e+00 0.00000e+00 0.00000e+00 0.00000e+00 0.00000e+00 0.00000e+00 0.00000e+00 0.00000e+00 0.00000e+00 0.00000e+00 0.00000e+00 
8.35 8.375 8.4 0.00000e+00 0.00000e+00 0.00000e+00 0.00000e+00 0.00000e+00 0.00000e+00 0.00000e+00 0.00000e+00 0.00000e+00 0.00000e+00 0.00000e+00 0.00000e+00 0.00000e+00 0.00000e+00 
8.4 8.425 8.45 0.00000e+00 0.00000e+00 0.00000e+00 0.00000e+00 0.00000e+00 0.00000e+00 0.00000e+00 0.00000e+00 0.00000e+00 0.00000e+00 0.00000e+00 0.00000e+00 0.00000e+00 0.00000e+00 
8.45 8.475 8.5 0.00000e+00 0.00000e+00 0.00000e+00 0.00000e+00 0.00000e+00 0.00000e+00 0.00000e+00 0.00000e+00 0.00000e+00 0.00000e+00 0.00000e+00 0.00000e+00 0.00000e+00 0.00000e+00 
8.5 8.525 8.55 0.00000e+00 0.00000e+00 0.00000e+00 0.00000e+00 0.00000e+00 0.00000e+00 0.00000e+00 0.00000e+00 0.00000e+00 0.00000e+00 0.00000e+00 0.00000e+00 0.00000e+00 0.00000e+00 
8.55 8.575 8.6 0.00000e+00 0.00000e+00 0.00000e+00 0.00000e+00 0.00000e+00 0.00000e+00 0.00000e+00 0.00000e+00 0.00000e+00 0.00000e+00 0.00000e+00 0.00000e+00 0.00000e+00 0.00000e+00 
8.6 8.625 8.65 0.00000e+00 0.00000e+00 0.00000e+00 0.00000e+00 0.00000e+00 0.00000e+00 0.00000e+00 0.00000e+00 0.00000e+00 0.00000e+00 0.00000e+00 0.00000e+00 0.00000e+00 0.00000e+00 
8.65 8.675 8.7 0.00000e+00 0.00000e+00 0.00000e+00 0.00000e+00 0.00000e+00 0.00000e+00 0.00000e+00 0.00000e+00 0.00000e+00 0.00000e+00 0.00000e+00 0.00000e+00 0.00000e+00 0.00000e+00 
8.7 8.725 8.75 0.00000e+00 0.00000e+00 0.00000e+00 0.00000e+00 0.00000e+00 0.00000e+00 0.00000e+00 0.00000e+00 0.00000e+00 0.00000e+00 0.00000e+00 0.00000e+00 0.00000e+00 0.00000e+00 
8.75 8.775 8.8 0.00000e+00 0.00000e+00 0.00000e+00 0.00000e+00 0.00000e+00 0.00000e+00 0.00000e+00 0.00000e+00 0.00000e+00 0.00000e+00 0.00000e+00 0.00000e+00 0.00000e+00 0.00000e+00 
8.8 8.825 8.85 0.00000e+00 0.00000e+00 0.00000e+00 0.00000e+00 0.00000e+00 0.00000e+00 0.00000e+00 0.00000e+00 0.00000e+00 0.00000e+00 0.00000e+00 0.00000e+00 0.00000e+00 0.00000e+00 
8.85 8.875 8.9 0.00000e+00 0.00000e+00 0.00000e+00 0.00000e+00 0.00000e+00 0.00000e+00 0.00000e+00 0.00000e+00 0.00000e+00 0.00000e+00 0.00000e+00 0.00000e+00 0.00000e+00 0.00000e+00 
8.9 8.925 8.95 0.00000e+00 0.00000e+00 0.00000e+00 0.00000e+00 0.00000e+00 0.00000e+00 0.00000e+00 0.00000e+00 0.00000e+00 0.00000e+00 0.00000e+00 0.00000e+00 0.00000e+00 0.00000e+00 
8.95 8.975 9.0 0.00000e+00 0.00000e+00 0.00000e+00 0.00000e+00 0.00000e+00 0.00000e+00 0.00000e+00 0.00000e+00 0.00000e+00 0.00000e+00 0.00000e+00 0.00000e+00 0.00000e+00 0.00000e+00 
9.0 9.025 9.05 0.00000e+00 0.00000e+00 0.00000e+00 0.00000e+00 0.00000e+00 0.00000e+00 0.00000e+00 0.00000e+00 0.00000e+00 0.00000e+00 0.00000e+00 0.00000e+00 0.00000e+00 0.00000e+00 
9.05 9.075 9.1 0.00000e+00 0.00000e+00 0.00000e+00 0.00000e+00 0.00000e+00 0.00000e+00 0.00000e+00 0.00000e+00 0.00000e+00 0.00000e+00 0.00000e+00 0.00000e+00 0.00000e+00 0.00000e+00 
9.1 9.125 9.15 0.00000e+00 0.00000e+00 0.00000e+00 0.00000e+00 0.00000e+00 0.00000e+00 0.00000e+00 0.00000e+00 0.00000e+00 0.00000e+00 0.00000e+00 0.00000e+00 0.00000e+00 0.00000e+00 
9.15 9.175 9.2 0.00000e+00 0.00000e+00 0.00000e+00 0.00000e+00 0.00000e+00 0.00000e+00 0.00000e+00 0.00000e+00 0.00000e+00 0.00000e+00 0.00000e+00 0.00000e+00 0.00000e+00 0.00000e+00 
9.2 9.225 9.25 0.00000e+00 0.00000e+00 0.00000e+00 0.00000e+00 0.00000e+00 0.00000e+00 0.00000e+00 0.00000e+00 0.00000e+00 0.00000e+00 0.00000e+00 0.00000e+00 0.00000e+00 0.00000e+00 
9.25 9.275 9.3 0.00000e+00 0.00000e+00 0.00000e+00 0.00000e+00 0.00000e+00 0.00000e+00 0.00000e+00 0.00000e+00 0.00000e+00 0.00000e+00 0.00000e+00 0.00000e+00 0.00000e+00 0.00000e+00 
9.3 9.325 9.35 0.00000e+00 0.00000e+00 0.00000e+00 0.00000e+00 0.00000e+00 0.00000e+00 0.00000e+00 0.00000e+00 0.00000e+00 0.00000e+00 0.00000e+00 0.00000e+00 0.00000e+00 0.00000e+00 
9.35 9.375 9.4 0.00000e+00 0.00000e+00 0.00000e+00 0.00000e+00 0.00000e+00 0.00000e+00 0.00000e+00 0.00000e+00 0.00000e+00 0.00000e+00 0.00000e+00 0.00000e+00 0.00000e+00 0.00000e+00 
9.4 9.425 9.45 0.00000e+00 0.00000e+00 0.00000e+00 0.00000e+00 0.00000e+00 0.00000e+00 0.00000e+00 0.00000e+00 0.00000e+00 0.00000e+00 0.00000e+00 0.00000e+00 0.00000e+00 0.00000e+00 
9.45 9.475 9.5 0.00000e+00 0.00000e+00 0.00000e+00 0.00000e+00 0.00000e+00 0.00000e+00 0.00000e+00 0.00000e+00 0.00000e+00 0.00000e+00 0.00000e+00 0.00000e+00 0.00000e+00 0.00000e+00 
9.5 9.525 9.55 0.00000e+00 0.00000e+00 0.00000e+00 0.00000e+00 0.00000e+00 0.00000e+00 0.00000e+00 0.00000e+00 0.00000e+00 0.00000e+00 0.00000e+00 0.00000e+00 0.00000e+00 0.00000e+00 
9.55 9.575 9.6 0.00000e+00 0.00000e+00 0.00000e+00 0.00000e+00 0.00000e+00 0.00000e+00 0.00000e+00 0.00000e+00 0.00000e+00 0.00000e+00 0.00000e+00 0.00000e+00 0.00000e+00 0.00000e+00 
9.6 9.625 9.65 0.00000e+00 0.00000e+00 0.00000e+00 0.00000e+00 0.00000e+00 0.00000e+00 0.00000e+00 0.00000e+00 0.00000e+00 0.00000e+00 0.00000e+00 0.00000e+00 0.00000e+00 0.00000e+00 
9.65 9.675 9.7 0.00000e+00 0.00000e+00 0.00000e+00 0.00000e+00 0.00000e+00 0.00000e+00 0.00000e+00 0.00000e+00 0.00000e+00 0.00000e+00 0.00000e+00 0.00000e+00 0.00000e+00 0.00000e+00 
9.7 9.725 9.75 0.00000e+00 0.00000e+00 0.00000e+00 0.00000e+00 0.00000e+00 0.00000e+00 0.00000e+00 0.00000e+00 0.00000e+00 0.00000e+00 0.00000e+00 0.00000e+00 0.00000e+00 0.00000e+00 
9.75 9.775 9.8 0.00000e+00 0.00000e+00 0.00000e+00 0.00000e+00 0.00000e+00 0.00000e+00 0.00000e+00 0.00000e+00 0.00000e+00 0.00000e+00 0.00000e+00 0.00000e+00 0.00000e+00 0.00000e+00 
9.8 9.825 9.85 0.00000e+00 0.00000e+00 0.00000e+00 0.00000e+00 0.00000e+00 0.00000e+00 0.00000e+00 0.00000e+00 0.00000e+00 0.00000e+00 0.00000e+00 0.00000e+00 0.00000e+00 0.00000e+00 
9.85 9.875 9.9 0.00000e+00 0.00000e+00 0.00000e+00 0.00000e+00 0.00000e+00 0.00000e+00 0.00000e+00 0.00000e+00 0.00000e+00 0.00000e+00 0.00000e+00 0.00000e+00 0.00000e+00 0.00000e+00 
9.9 9.925 9.95 0.00000e+00 0.00000e+00 0.00000e+00 0.00000e+00 0.00000e+00 0.00000e+00 0.00000e+00 0.00000e+00 0.00000e+00 0.00000e+00 0.00000e+00 0.00000e+00 0.00000e+00 0.00000e+00 
9.95 9.975 10.0 0.00000e+00 0.00000e+00 0.00000e+00 0.00000e+00 0.00000e+00 0.00000e+00 0.00000e+00 0.00000e+00 0.00000e+00 0.00000e+00 0.00000e+00 0.00000e+00 0.00000e+00 0.00000e+00 
