1.0 1.1294627059 1.2589254118 6.92354e-02 1.08420e-02 7.83158e-02 1.00087e-02 5.21093e-02 1.17566e-02 7.69047e-02 1.05240e-02 7.15752e-02 1.03136e-02 5.97955e-02 1.12610e-02 6.36995e-02 1.12194e-02 
1.2589254118 1.4219093021 1.5848931925 9.25601e-02 1.31103e-02 1.03509e-01 1.15076e-02 6.33790e-02 1.39005e-02 1.04489e-01 1.27422e-02 9.31400e-02 1.18742e-02 7.78853e-02 1.35952e-02 7.98939e-02 1.33716e-02 
1.5848931925 1.7900777537 1.995262315 1.11464e-01 1.33829e-02 1.32081e-01 1.23595e-02 7.80846e-02 1.47790e-02 1.27263e-01 1.29823e-02 1.18099e-01 1.27463e-02 9.08194e-02 1.39808e-02 1.00336e-01 1.42101e-02 
1.995262315 2.2535743732 2.5118864315 7.68177e-02 1.40592e-02 1.16556e-01 1.28106e-02 2.67660e-02 1.56680e-02 1.00557e-01 1.34647e-02 9.58975e-02 1.33671e-02 4.76300e-02 1.48283e-02 5.96067e-02 1.48390e-02 
2.5118864315 2.8370820458 3.1622776602 1.48777e-01 1.42436e-02 1.91394e-01 1.30095e-02 8.96791e-02 1.59700e-02 1.75919e-01 1.37295e-02 1.67828e-01 1.34954e-02 1.15404e-01 1.49132e-02 1.27799e-01 1.52298e-02 
3.1622776602 3.5716746829 3.9810717055 1.47215e-01 1.43643e-02 2.06353e-01 1.29933e-02 7.03943e-02 1.62200e-02 1.81954e-01 1.37528e-02 1.76377e-01 1.35604e-02 1.04520e-01 1.51545e-02 1.18982e-01 1.53493e-02 
3.9810717055 4.4964720209 5.0118723363 2.49133e-01 1.33626e-02 3.13825e-01 1.21541e-02 1.65361e-01 1.49698e-02 2.88651e-01 1.28278e-02 2.77363e-01 1.27302e-02 2.04194e-01 1.39089e-02 2.19006e-01 1.42777e-02 
5.0118723363 5.6607228905 6.3095734448 3.74997e-01 1.42515e-02 4.45116e-01 1.30846e-02 2.84462e-01 1.57135e-02 4.18142e-01 1.38037e-02 4.08587e-01 1.35132e-02 3.21985e-01 1.48373e-02 3.49643e-01 1.50821e-02 
6.3095734448 7.126427896 7.9432823472 5.86516e-01 1.37236e-02 6.60969e-01 1.26713e-02 4.89699e-01 1.50584e-02 6.31984e-01 1.33729e-02 6.23315e-01 1.30015e-02 5.30626e-01 1.41865e-02 5.54906e-01 1.45580e-02 
7.9432823472 8.9716411736 10.0 7.82860e-01 1.43648e-02 8.66390e-01 1.32077e-02 6.71360e-01 1.58526e-02 8.33982e-01 1.39775e-02 8.24637e-01 1.35755e-02 7.20027e-01 1.48754e-02 7.45602e-01 1.53040e-02 
10.0 11.294627059 12.589254118 1.04021e+00 1.37570e-02 1.12715e+00 1.27317e-02 9.20075e-01 1.51476e-02 1.09319e+00 1.34585e-02 1.08502e+00 1.30174e-02 9.75078e-01 1.41528e-02 9.98680e-01 1.47086e-02 
12.589254118 14.219093021 15.848931925 1.41040e+00 1.36388e-02 1.50050e+00 1.26459e-02 1.28595e+00 1.49009e-02 1.46429e+00 1.33428e-02 1.45940e+00 1.29312e-02 1.34413e+00 1.40312e-02 1.36782e+00 1.44816e-02 
15.848931925 17.900777537 19.95262315 1.82426e+00 1.37538e-02 1.91881e+00 1.27968e-02 1.69280e+00 1.52100e-02 1.88114e+00 1.34809e-02 1.87699e+00 1.30704e-02 1.75333e+00 1.41353e-02 1.78099e+00 1.47941e-02 
19.95262315 22.535743732 25.118864315 2.33167e+00 1.35358e-02 2.42622e+00 1.25338e-02 2.19702e+00 1.48707e-02 2.38700e+00 1.32601e-02 2.38845e+00 1.28016e-02 2.26357e+00 1.39018e-02 2.28638e+00 1.44723e-02 
25.118864315 28.370820458 31.622776602 2.91806e+00 1.31576e-02 3.00800e+00 1.22433e-02 2.78403e+00 1.44288e-02 2.97143e+00 1.29028e-02 2.97465e+00 1.24998e-02 2.85236e+00 1.34963e-02 2.87413e+00 1.40610e-02 
31.622776602 35.716746829 39.810717055 3.56668e+00 1.31177e-02 3.64759e+00 1.21577e-02 3.44187e+00 1.43622e-02 3.61510e+00 1.28657e-02 3.62174e+00 1.24046e-02 3.50699e+00 1.34524e-02 3.52884e+00 1.40049e-02 
39.810717055 44.964720209 50.118723363 4.20588e+00 1.26859e-02 4.27593e+00 1.16383e-02 4.08803e+00 1.39783e-02 4.24768e+00 1.24481e-02 4.25922e+00 1.18567e-02 4.15428e+00 1.30017e-02 4.17009e+00 1.36263e-02 
50.118723363 56.607228905 63.095734448 4.89931e+00 1.20283e-02 4.95986e+00 1.11826e-02 4.79376e+00 1.31850e-02 4.93467e+00 1.18207e-02 4.95231e+00 1.13910e-02 4.85555e+00 1.23042e-02 4.87100e+00 1.28846e-02 
63.095734448 71.26427896 79.432823472 5.68541e+00 1.18132e-02 5.73596e+00 1.09741e-02 5.58706e+00 1.29419e-02 5.71553e+00 1.15943e-02 5.73687e+00 1.11933e-02 5.64801e+00 1.21034e-02 5.66190e+00 1.26303e-02 
79.432823472 89.716411736 100.0 6.11569e+00 1.08147e-02 6.15106e+00 1.00573e-02 6.03619e+00 1.17877e-02 6.13525e+00 1.06349e-02 6.16440e+00 1.02408e-02 6.09125e+00 1.10526e-02 6.10020e+00 1.15421e-02 
100.0 112.94627059 125.89254118 5.60739e+00 8.87726e-03 5.61984e+00 8.26801e-03 5.55371e+00 9.72708e-03 5.61668e+00 8.75564e-03 5.64012e+00 8.39441e-03 5.59613e+00 9.04626e-03 5.60174e+00 9.55049e-03 
125.89254118 142.19093021 158.48931925 4.21362e+00 6.35607e-03 4.21227e+00 5.93126e-03 4.18339e+00 6.95782e-03 4.21708e+00 6.28408e-03 4.23110e+00 6.01061e-03 4.20913e+00 6.45095e-03 4.21565e+00 6.85504e-03 
158.48931925 179.00777537 199.5262315 2.53733e+00 3.85283e-03 2.53153e+00 3.58294e-03 2.52278e+00 4.22892e-03 2.53818e+00 3.80916e-03 2.54430e+00 3.62993e-03 2.53614e+00 3.91000e-03 2.54125e+00 4.16744e-03 
199.5262315 225.35743732 251.18864315 1.21782e+00 2.01556e-03 1.21241e+00 1.86754e-03 1.21239e+00 2.21636e-03 1.21754e+00 1.99346e-03 1.21942e+00 1.89100e-03 1.21809e+00 2.04429e-03 1.22083e+00 2.18524e-03 
251.18864315 283.70820458 316.22776602 4.64840e-01 8.98280e-04 4.61641e-01 8.27730e-04 4.63309e-01 9.94630e-04 4.64333e-01 8.86681e-04 4.64822e-01 8.39786e-04 4.65427e-01 9.13220e-04 4.66268e-01 9.78332e-04 
316.22776602 357.16746829 398.10717055 1.49536e-01 3.66017e-04 1.48075e-01 3.36309e-04 1.49306e-01 4.06538e-04 1.49264e-01 3.61375e-04 1.49236e-01 3.41227e-04 1.49854e-01 3.71955e-04 1.50194e-01 4.00165e-04 
398.10717055 449.64720209 501.18723363 4.23674e-02 1.42422e-04 4.18533e-02 1.30168e-04 4.23702e-02 1.58779e-04 4.22520e-02 1.40398e-04 4.22291e-02 1.32281e-04 4.25031e-02 1.44990e-04 4.25922e-02 1.56068e-04 
