10.0 11.294627059 12.589254118 0.00000e+00 0.00000e+00 0.00000e+00 0.00000e+00 0.00000e+00 0.00000e+00 0.00000e+00 0.00000e+00 0.00000e+00 0.00000e+00 0.00000e+00 0.00000e+00 0.00000e+00 0.00000e+00 
12.589254118 14.219093021 15.848931925 0.00000e+00 0.00000e+00 0.00000e+00 0.00000e+00 0.00000e+00 0.00000e+00 0.00000e+00 0.00000e+00 0.00000e+00 0.00000e+00 0.00000e+00 0.00000e+00 0.00000e+00 0.00000e+00 
15.848931925 17.900777537 19.95262315 0.00000e+00 0.00000e+00 0.00000e+00 0.00000e+00 0.00000e+00 0.00000e+00 0.00000e+00 0.00000e+00 0.00000e+00 0.00000e+00 0.00000e+00 0.00000e+00 0.00000e+00 0.00000e+00 
19.95262315 22.535743732 25.118864315 0.00000e+00 0.00000e+00 0.00000e+00 0.00000e+00 0.00000e+00 0.00000e+00 0.00000e+00 0.00000e+00 0.00000e+00 0.00000e+00 0.00000e+00 0.00000e+00 0.00000e+00 0.00000e+00 
25.118864315 28.370820458 31.622776602 0.00000e+00 0.00000e+00 0.00000e+00 0.00000e+00 0.00000e+00 0.00000e+00 0.00000e+00 0.00000e+00 0.00000e+00 0.00000e+00 0.00000e+00 0.00000e+00 0.00000e+00 0.00000e+00 
31.622776602 35.716746829 39.810717055 0.00000e+00 0.00000e+00 0.00000e+00 0.00000e+00 0.00000e+00 0.00000e+00 0.00000e+00 0.00000e+00 0.00000e+00 0.00000e+00 0.00000e+00 0.00000e+00 0.00000e+00 0.00000e+00 
39.810717055 44.964720209 50.118723363 0.00000e+00 0.00000e+00 0.00000e+00 0.00000e+00 0.00000e+00 0.00000e+00 0.00000e+00 0.00000e+00 0.00000e+00 0.00000e+00 0.00000e+00 0.00000e+00 0.00000e+00 0.00000e+00 
50.118723363 56.607228905 63.095734448 0.00000e+00 0.00000e+00 0.00000e+00 0.00000e+00 0.00000e+00 0.00000e+00 0.00000e+00 0.00000e+00 0.00000e+00 0.00000e+00 0.00000e+00 0.00000e+00 0.00000e+00 0.00000e+00 
63.095734448 71.26427896 79.432823472 0.00000e+00 0.00000e+00 0.00000e+00 0.00000e+00 0.00000e+00 0.00000e+00 0.00000e+00 0.00000e+00 0.00000e+00 0.00000e+00 0.00000e+00 0.00000e+00 0.00000e+00 0.00000e+00 
79.432823472 89.716411736 100.0 0.00000e+00 0.00000e+00 0.00000e+00 0.00000e+00 0.00000e+00 0.00000e+00 0.00000e+00 0.00000e+00 0.00000e+00 0.00000e+00 0.00000e+00 0.00000e+00 0.00000e+00 0.00000e+00 
100.0 112.94627059 125.89254118 0.00000e+00 0.00000e+00 0.00000e+00 0.00000e+00 0.00000e+00 0.00000e+00 0.00000e+00 0.00000e+00 0.00000e+00 0.00000e+00 0.00000e+00 0.00000e+00 0.00000e+00 0.00000e+00 
125.89254118 142.19093021 158.48931925 0.00000e+00 0.00000e+00 0.00000e+00 0.00000e+00 0.00000e+00 0.00000e+00 0.00000e+00 0.00000e+00 0.00000e+00 0.00000e+00 0.00000e+00 0.00000e+00 0.00000e+00 0.00000e+00 
158.48931925 179.00777537 199.5262315 0.00000e+00 0.00000e+00 0.00000e+00 0.00000e+00 0.00000e+00 0.00000e+00 0.00000e+00 0.00000e+00 0.00000e+00 0.00000e+00 0.00000e+00 0.00000e+00 0.00000e+00 0.00000e+00 
199.5262315 225.35743732 251.18864315 0.00000e+00 0.00000e+00 0.00000e+00 0.00000e+00 0.00000e+00 0.00000e+00 0.00000e+00 0.00000e+00 0.00000e+00 0.00000e+00 0.00000e+00 0.00000e+00 0.00000e+00 0.00000e+00 
251.18864315 283.70820458 316.22776602 0.00000e+00 0.00000e+00 0.00000e+00 0.00000e+00 0.00000e+00 0.00000e+00 0.00000e+00 0.00000e+00 0.00000e+00 0.00000e+00 0.00000e+00 0.00000e+00 0.00000e+00 0.00000e+00 
316.22776602 357.16746829 398.10717055 0.00000e+00 0.00000e+00 0.00000e+00 0.00000e+00 0.00000e+00 0.00000e+00 0.00000e+00 0.00000e+00 0.00000e+00 0.00000e+00 0.00000e+00 0.00000e+00 0.00000e+00 0.00000e+00 
398.10717055 449.64720209 501.18723363 0.00000e+00 0.00000e+00 0.00000e+00 0.00000e+00 0.00000e+00 0.00000e+00 0.00000e+00 0.00000e+00 0.00000e+00 0.00000e+00 0.00000e+00 0.00000e+00 0.00000e+00 0.00000e+00 
501.18723363 566.07228905 630.95734448 0.00000e+00 0.00000e+00 0.00000e+00 0.00000e+00 0.00000e+00 0.00000e+00 0.00000e+00 0.00000e+00 0.00000e+00 0.00000e+00 0.00000e+00 0.00000e+00 0.00000e+00 0.00000e+00 
630.95734448 712.6427896 794.32823472 0.00000e+00 0.00000e+00 0.00000e+00 0.00000e+00 0.00000e+00 0.00000e+00 0.00000e+00 0.00000e+00 0.00000e+00 0.00000e+00 0.00000e+00 0.00000e+00 0.00000e+00 0.00000e+00 
794.32823472 897.16411736 1000.0 1.12523e-05 8.93949e-07 1.30692e-05 8.64452e-07 8.60263e-06 1.08927e-06 1.12069e-05 8.13814e-07 1.32814e-05 9.49534e-07 1.07481e-05 1.02149e-06 9.63435e-06 9.61009e-07 
1000.0 1129.4627059 1258.9254118 8.67031e-05 1.11680e-05 2.08758e-04 1.08343e-05 4.50061e-06 1.09109e-05 1.19443e-04 1.02959e-05 1.46629e-04 1.15027e-05 3.61064e-05 1.16252e-05 1.35166e-05 1.04282e-05 
1258.9254118 1421.9093021 1584.8931925 1.42442e-04 6.09812e-06 2.16665e-04 6.24236e-06 6.45462e-05 6.12207e-06 1.62769e-04 5.92981e-06 1.90662e-04 6.60457e-06 1.14059e-04 6.49675e-06 8.69384e-05 5.78816e-06 
1584.8931925 1790.0777537 1995.262315 4.67985e-05 1.63535e-06 6.49215e-05 1.66460e-06 2.78751e-05 1.57158e-06 5.09788e-05 1.57666e-06 6.01483e-05 1.76278e-06 4.12129e-05 1.73989e-06 3.25540e-05 1.52598e-06 
1995.262315 2253.5743732 2511.8864315 9.70562e-06 3.69530e-07 1.28926e-05 3.81059e-07 6.13736e-06 3.59248e-07 1.04386e-05 3.55736e-07 1.23867e-05 4.14411e-07 8.72216e-06 3.95246e-07 6.82969e-06 3.38164e-07 
2511.8864315 2837.0820458 3162.2776602 1.53212e-06 7.53362e-08 2.06650e-06 7.74564e-08 1.00152e-06 6.89715e-08 1.64201e-06 6.96478e-08 1.97579e-06 8.15468e-08 1.40984e-06 8.10887e-08 1.08813e-06 6.61119e-08 
