0.0 0.025 0.05 2.53586e+01 1.87783e-01 2.62789e+01 1.98188e-01 2.41755e+01 1.75155e-01 2.53586e+01 1.87783e-01 2.62789e+01 1.98188e-01 2.53586e+01 1.87783e-01 2.41755e+01 1.75155e-01 
0.05 0.075 0.1 2.58780e+01 1.95673e-01 2.68227e+01 2.06560e-01 2.46645e+01 1.82452e-01 2.58780e+01 1.95673e-01 2.68227e+01 2.06560e-01 2.58780e+01 1.95673e-01 2.46645e+01 1.82452e-01 
0.1 0.125 0.15 2.56942e+01 1.87697e-01 2.66222e+01 1.98094e-01 2.45003e+01 1.75070e-01 2.56942e+01 1.87697e-01 2.66222e+01 1.98094e-01 2.56942e+01 1.87697e-01 2.45003e+01 1.75070e-01 
0.15 0.175 0.2 2.64733e+01 1.93768e-01 2.74273e+01 2.04406e-01 2.52452e+01 1.80830e-01 2.64733e+01 1.93768e-01 2.74273e+01 2.04406e-01 2.64733e+01 1.93768e-01 2.52452e+01 1.80830e-01 
0.2 0.225 0.25 2.70269e+01 1.90903e-01 2.79922e+01 2.01330e-01 2.57829e+01 1.78223e-01 2.70269e+01 1.90903e-01 2.79922e+01 2.01330e-01 2.70269e+01 1.90903e-01 2.57829e+01 1.78223e-01 
0.25 0.275 0.3 2.81451e+01 1.97489e-01 2.91522e+01 2.08207e-01 2.68474e+01 1.84439e-01 2.81451e+01 1.97489e-01 2.91522e+01 2.08207e-01 2.81451e+01 1.97489e-01 2.68474e+01 1.84439e-01 
0.3 0.325 0.35 2.90918e+01 1.95240e-01 3.01227e+01 2.05829e-01 2.77697e+01 1.82487e-01 2.90918e+01 1.95240e-01 3.01227e+01 2.05829e-01 2.90918e+01 1.95240e-01 2.77697e+01 1.82487e-01 
0.35 0.375 0.4 3.04301e+01 1.99334e-01 3.14937e+01 2.10083e-01 2.90546e+01 1.86239e-01 3.04301e+01 1.99334e-01 3.14937e+01 2.10083e-01 3.04301e+01 1.99334e-01 2.90546e+01 1.86239e-01 
0.4 0.425 0.45 3.15385e+01 1.97560e-01 3.26226e+01 2.07991e-01 3.01327e+01 1.84822e-01 3.15385e+01 1.97560e-01 3.26226e+01 2.07991e-01 3.15385e+01 1.97560e-01 3.01327e+01 1.84822e-01 
0.45 0.475 0.5 3.36770e+01 2.11653e-01 3.48331e+01 2.22845e-01 3.21774e+01 1.97986e-01 3.36770e+01 2.11653e-01 3.48331e+01 2.22845e-01 3.36770e+01 2.11653e-01 3.21774e+01 1.97986e-01 
0.5 0.525 0.55 3.60142e+01 2.17822e-01 3.72462e+01 2.29344e-01 3.44154e+01 2.03746e-01 3.60142e+01 2.17822e-01 3.72462e+01 2.29344e-01 3.60142e+01 2.17822e-01 3.44154e+01 2.03746e-01 
0.55 0.575 0.6 3.79424e+01 2.15045e-01 3.92143e+01 2.26236e-01 3.62863e+01 2.01360e-01 3.79424e+01 2.15045e-01 3.92143e+01 2.26236e-01 3.79424e+01 2.15045e-01 3.62863e+01 2.01360e-01 
0.6 0.625 0.65 4.08941e+01 2.25535e-01 4.22488e+01 2.37005e-01 3.91263e+01 2.11460e-01 4.08941e+01 2.25535e-01 4.22488e+01 2.37005e-01 4.08941e+01 2.25535e-01 3.91263e+01 2.11460e-01 
0.65 0.675 0.7 4.37765e+01 2.29070e-01 4.52056e+01 2.40519e-01 4.19069e+01 2.14986e-01 4.37765e+01 2.29070e-01 4.52056e+01 2.40519e-01 4.37765e+01 2.29070e-01 4.19069e+01 2.14986e-01 
0.7 0.725 0.75 4.75891e+01 2.40316e-01 4.91294e+01 2.52327e-01 4.55712e+01 2.25543e-01 4.75891e+01 2.40316e-01 4.91294e+01 2.52327e-01 4.75891e+01 2.40316e-01 4.55712e+01 2.25543e-01 
0.75 0.775 0.8 5.06209e+01 2.42598e-01 5.22417e+01 2.54567e-01 4.84937e+01 2.27857e-01 5.06209e+01 2.42598e-01 5.22417e+01 2.54567e-01 5.06209e+01 2.42598e-01 4.84937e+01 2.27857e-01 
0.8 0.825 0.85 5.37753e+01 2.50242e-01 5.54682e+01 2.62520e-01 5.15472e+01 2.35110e-01 5.37753e+01 2.50242e-01 5.54682e+01 2.62520e-01 5.37753e+01 2.50242e-01 5.15472e+01 2.35110e-01 
0.85 0.875 0.9 5.76583e+01 2.57348e-01 5.94495e+01 2.69721e-01 5.52950e+01 2.42055e-01 5.76583e+01 2.57348e-01 5.94495e+01 2.69721e-01 5.76583e+01 2.57348e-01 5.52950e+01 2.42055e-01 
0.9 0.925 0.95 6.16766e+01 2.62111e-01 6.35508e+01 2.74313e-01 5.91659e+01 2.46751e-01 6.16766e+01 2.62111e-01 6.35508e+01 2.74313e-01 6.16766e+01 2.62111e-01 5.91659e+01 2.46751e-01 
0.95 0.975 1.0 6.58837e+01 2.71926e-01 6.78703e+01 2.84650e-01 6.32331e+01 2.55962e-01 6.58837e+01 2.71926e-01 6.78703e+01 2.84650e-01 6.58837e+01 2.71926e-01 6.32331e+01 2.55962e-01 
1.0 1.025 1.05 7.01179e+01 2.75592e-01 7.21778e+01 2.87918e-01 6.73725e+01 2.60206e-01 7.01179e+01 2.75592e-01 7.21778e+01 2.87918e-01 7.01179e+01 2.75592e-01 6.73725e+01 2.60206e-01 
1.05 1.075 1.1 7.52346e+01 2.85542e-01 7.74295e+01 2.98381e-01 7.23057e+01 2.69532e-01 7.52346e+01 2.85542e-01 7.74295e+01 2.98381e-01 7.52346e+01 2.85542e-01 7.23057e+01 2.69532e-01 
1.1 1.125 1.15 8.00393e+01 2.89082e-01 8.23172e+01 3.01649e-01 7.69854e+01 2.73337e-01 8.00393e+01 2.89082e-01 8.23172e+01 3.01649e-01 8.00393e+01 2.89082e-01 7.69854e+01 2.73337e-01 
1.15 1.175 1.2 8.54983e+01 2.99451e-01 8.78906e+01 3.12309e-01 8.22805e+01 2.83316e-01 8.54983e+01 2.99451e-01 8.78906e+01 3.12309e-01 8.54983e+01 2.99451e-01 8.22805e+01 2.83316e-01 
1.2 1.225 1.25 9.09506e+01 3.04226e-01 9.34468e+01 3.16896e-01 8.75808e+01 2.88257e-01 9.09506e+01 3.04226e-01 9.34468e+01 3.16896e-01 9.09506e+01 3.04226e-01 8.75808e+01 2.88257e-01 
1.25 1.275 1.3 9.65903e+01 3.07280e-01 9.91718e+01 3.19711e-01 9.30874e+01 2.91545e-01 9.65903e+01 3.07280e-01 9.91718e+01 3.19711e-01 9.65903e+01 3.07280e-01 9.30874e+01 2.91545e-01 
1.3 1.325 1.35 1.02630e+02 3.18955e-01 1.05326e+02 3.31629e-01 9.89582e+01 3.02869e-01 1.02630e+02 3.18955e-01 1.05326e+02 3.31629e-01 1.02630e+02 3.18955e-01 9.89582e+01 3.02869e-01 
1.35 1.375 1.4 1.09460e+02 3.23633e-01 1.12275e+02 3.36235e-01 1.05612e+02 3.07589e-01 1.09460e+02 3.23633e-01 1.12275e+02 3.36235e-01 1.09460e+02 3.23633e-01 1.05612e+02 3.07589e-01 
1.4 1.425 1.45 1.15917e+02 3.31336e-01 1.18825e+02 3.43870e-01 1.11920e+02 3.15304e-01 1.15917e+02 3.31336e-01 1.18825e+02 3.43870e-01 1.15917e+02 3.31336e-01 1.11920e+02 3.15304e-01 
1.45 1.475 1.5 1.23368e+02 3.39135e-01 1.26391e+02 3.51573e-01 1.19192e+02 3.23142e-01 1.23368e+02 3.39135e-01 1.26391e+02 3.51573e-01 1.23368e+02 3.39135e-01 1.19192e+02 3.23142e-01 
1.5 1.525 1.55 1.30746e+02 3.43949e-01 1.33870e+02 3.56305e-01 1.26408e+02 3.28019e-01 1.30746e+02 3.43949e-01 1.33870e+02 3.56305e-01 1.30746e+02 3.43949e-01 1.26408e+02 3.28019e-01 
1.55 1.575 1.6 1.38644e+02 3.55754e-01 1.41888e+02 3.68203e-01 1.34119e+02 3.39626e-01 1.38644e+02 3.55754e-01 1.41888e+02 3.68203e-01 1.38644e+02 3.55754e-01 1.34119e+02 3.39626e-01 
1.6 1.625 1.65 1.46064e+02 3.58767e-01 1.49377e+02 3.70858e-01 1.41411e+02 3.43015e-01 1.46064e+02 3.58767e-01 1.49377e+02 3.70858e-01 1.46064e+02 3.58767e-01 1.41411e+02 3.43015e-01 
1.65 1.675 1.7 1.54169e+02 3.68994e-01 1.57576e+02 3.81084e-01 1.49357e+02 3.53159e-01 1.54169e+02 3.68994e-01 1.57576e+02 3.81084e-01 1.54169e+02 3.68994e-01 1.49357e+02 3.53159e-01 
1.7 1.725 1.75 1.62908e+02 3.75403e-01 1.66397e+02 3.87359e-01 1.57944e+02 3.59669e-01 1.62908e+02 3.75403e-01 1.66397e+02 3.87359e-01 1.62908e+02 3.75403e-01 1.57944e+02 3.59669e-01 
1.75 1.775 1.8 1.70809e+02 3.80697e-01 1.74333e+02 3.92125e-01 1.65729e+02 3.65179e-01 1.70809e+02 3.80697e-01 1.74333e+02 3.92125e-01 1.70809e+02 3.80697e-01 1.65729e+02 3.65179e-01 
1.8 1.825 1.85 1.80367e+02 3.89075e-01 1.84000e+02 4.00730e-01 1.75125e+02 3.73566e-01 1.80367e+02 3.89075e-01 1.84000e+02 4.00730e-01 1.80367e+02 3.89075e-01 1.75125e+02 3.73566e-01 
1.85 1.875 1.9 1.89118e+02 3.95005e-01 1.92796e+02 4.06404e-01 1.83766e+02 3.79732e-01 1.89118e+02 3.95005e-01 1.92796e+02 4.06404e-01 1.89118e+02 3.95005e-01 1.83766e+02 3.79732e-01 
1.9 1.925 1.95 1.99096e+02 4.02322e-01 2.02842e+02 4.13582e-01 1.93601e+02 3.87152e-01 1.99096e+02 4.02322e-01 2.02842e+02 4.13582e-01 1.99096e+02 4.02322e-01 1.93601e+02 3.87152e-01 
1.95 1.975 2.0 2.08102e+02 4.10199e-01 2.11875e+02 4.21374e-01 2.02515e+02 3.95067e-01 2.08102e+02 4.10199e-01 2.11875e+02 4.21374e-01 2.08102e+02 4.10199e-01 2.02515e+02 3.95067e-01 
2.0 2.025 2.05 2.18352e+02 4.18979e-01 2.22170e+02 4.29862e-01 2.12643e+02 4.04100e-01 2.18352e+02 4.18979e-01 2.22170e+02 4.29862e-01 2.18352e+02 4.18979e-01 2.12643e+02 4.04100e-01 
2.05 2.075 2.1 2.28153e+02 4.20655e-01 2.31988e+02 4.31230e-01 2.22360e+02 4.06108e-01 2.28153e+02 4.20655e-01 2.31988e+02 4.31230e-01 2.28153e+02 4.20655e-01 2.22360e+02 4.06108e-01 
2.1 2.125 2.15 2.38816e+02 4.30847e-01 2.42659e+02 4.41257e-01 2.32942e+02 4.16395e-01 2.38816e+02 4.30847e-01 2.42659e+02 4.41257e-01 2.38816e+02 4.30847e-01 2.32942e+02 4.16395e-01 
2.15 2.175 2.2 2.48588e+02 4.35637e-01 2.52407e+02 4.45766e-01 2.42674e+02 4.21467e-01 2.48588e+02 4.35637e-01 2.52407e+02 4.45766e-01 2.48588e+02 4.35637e-01 2.42674e+02 4.21467e-01 
2.2 2.225 2.25 2.58607e+02 4.43041e-01 2.62396e+02 4.52996e-01 2.52659e+02 4.29008e-01 2.58607e+02 4.43041e-01 2.62396e+02 4.52996e-01 2.58607e+02 4.43041e-01 2.52659e+02 4.29008e-01 
2.25 2.275 2.3 2.69169e+02 4.47982e-01 2.72920e+02 4.57634e-01 2.63193e+02 4.34250e-01 2.69169e+02 4.47982e-01 2.72920e+02 4.57634e-01 2.69169e+02 4.47982e-01 2.63193e+02 4.34250e-01 
2.3 2.325 2.35 2.79310e+02 4.55344e-01 2.82987e+02 4.64737e-01 2.73349e+02 4.41843e-01 2.79310e+02 4.55344e-01 2.82987e+02 4.64737e-01 2.79310e+02 4.55344e-01 2.73349e+02 4.41843e-01 
2.35 2.375 2.4 2.89155e+02 4.59133e-01 2.92736e+02 4.68283e-01 2.83234e+02 4.45880e-01 2.89155e+02 4.59133e-01 2.92736e+02 4.68283e-01 2.89155e+02 4.59133e-01 2.83234e+02 4.45880e-01 
2.4 2.425 2.45 3.00094e+02 4.64574e-01 3.03589e+02 4.73335e-01 2.94196e+02 4.51712e-01 3.00094e+02 4.64574e-01 3.03589e+02 4.73335e-01 3.00094e+02 4.64574e-01 2.94196e+02 4.51712e-01 
2.45 2.475 2.5 3.11242e+02 4.72119e-01 3.14636e+02 4.80520e-01 3.05382e+02 4.59603e-01 3.11242e+02 4.72119e-01 3.14636e+02 4.80520e-01 3.11242e+02 4.72119e-01 3.05382e+02 4.59603e-01 
2.5 2.525 2.55 3.21360e+02 4.80597e-01 3.24586e+02 4.88708e-01 3.15622e+02 4.68347e-01 3.21360e+02 4.80597e-01 3.24586e+02 4.88708e-01 3.21360e+02 4.80597e-01 3.15622e+02 4.68347e-01 
2.55 2.575 2.6 3.30817e+02 4.84642e-01 3.33869e+02 4.92259e-01 3.25212e+02 4.72913e-01 3.30817e+02 4.84642e-01 3.33869e+02 4.92259e-01 3.30817e+02 4.84642e-01 3.25212e+02 4.72913e-01 
2.6 2.625 2.65 3.42402e+02 4.90074e-01 3.45309e+02 4.97388e-01 3.36882e+02 4.78642e-01 3.42402e+02 4.90074e-01 3.45309e+02 4.97388e-01 3.42402e+02 4.90074e-01 3.36882e+02 4.78642e-01 
2.65 2.675 2.7 3.52882e+02 4.93158e-01 3.55598e+02 5.00084e-01 3.47507e+02 4.82137e-01 3.52882e+02 4.93158e-01 3.55598e+02 5.00084e-01 3.52882e+02 4.93158e-01 3.47507e+02 4.82137e-01 
2.7 2.725 2.75 3.62593e+02 4.99479e-01 3.65084e+02 5.06004e-01 3.57409e+02 4.88862e-01 3.62593e+02 4.99479e-01 3.65084e+02 5.06004e-01 3.62593e+02 4.99479e-01 3.57409e+02 4.88862e-01 
2.75 2.775 2.8 3.72867e+02 5.01331e-01 3.75136e+02 5.07461e-01 3.67866e+02 4.91149e-01 3.72867e+02 5.01331e-01 3.75136e+02 5.07461e-01 3.72867e+02 5.01331e-01 3.67866e+02 4.91149e-01 
2.8 2.825 2.85 3.81512e+02 5.05778e-01 3.83502e+02 5.11428e-01 3.76770e+02 4.96108e-01 3.81512e+02 5.05778e-01 3.83502e+02 5.11428e-01 3.81512e+02 5.05778e-01 3.76770e+02 4.96108e-01 
2.85 2.875 2.9 3.92807e+02 5.14673e-01 3.94544e+02 5.19994e-01 3.88276e+02 5.05301e-01 3.92807e+02 5.14673e-01 3.94544e+02 5.19994e-01 3.92807e+02 5.14673e-01 3.88276e+02 5.05301e-01 
2.9 2.925 2.95 4.00870e+02 5.14989e-01 4.02302e+02 5.19832e-01 3.96634e+02 5.06160e-01 4.00870e+02 5.14989e-01 4.02302e+02 5.19832e-01 4.00870e+02 5.14989e-01 3.96634e+02 5.06160e-01 
2.95 2.975 3.0 4.10564e+02 5.21283e-01 4.11683e+02 5.25607e-01 4.06619e+02 5.12997e-01 4.10564e+02 5.21283e-01 4.11683e+02 5.25607e-01 4.10564e+02 5.21283e-01 4.06619e+02 5.12997e-01 
3.0 3.025 3.05 4.19199e+02 5.22764e-01 4.19967e+02 5.26583e-01 4.15596e+02 5.15043e-01 4.19199e+02 5.22764e-01 4.19967e+02 5.26583e-01 4.19199e+02 5.22764e-01 4.15596e+02 5.15043e-01 
3.05 3.075 3.1 4.27934e+02 5.27523e-01 4.28366e+02 5.30909e-01 4.24659e+02 5.20260e-01 4.27934e+02 5.27523e-01 4.28366e+02 5.30909e-01 4.27934e+02 5.27523e-01 4.24659e+02 5.20260e-01 
3.1 3.125 3.15 4.35715e+02 5.30412e-01 4.35760e+02 5.33360e-01 4.32831e+02 5.23626e-01 4.35715e+02 5.30412e-01 4.35760e+02 5.33360e-01 4.35715e+02 5.30412e-01 4.32831e+02 5.23626e-01 
3.15 3.175 3.2 4.44953e+02 5.35903e-01 4.44595e+02 5.38288e-01 4.42468e+02 5.29715e-01 4.44953e+02 5.35903e-01 4.44595e+02 5.38288e-01 4.44953e+02 5.35903e-01 4.42468e+02 5.29715e-01 
3.2 3.225 3.25 4.52826e+02 5.38514e-01 4.52071e+02 5.40452e-01 4.50745e+02 5.32824e-01 4.52826e+02 5.38514e-01 4.52071e+02 5.40452e-01 4.52826e+02 5.38514e-01 4.50745e+02 5.32824e-01 
3.25 3.275 3.3 4.58707e+02 5.41407e-01 4.57526e+02 5.42814e-01 4.57078e+02 5.36297e-01 4.58707e+02 5.41407e-01 4.57526e+02 5.42814e-01 4.58707e+02 5.41407e-01 4.57078e+02 5.36297e-01 
3.3 3.325 3.35 4.66399e+02 5.45827e-01 4.64794e+02 5.46759e-01 4.65207e+02 5.41232e-01 4.66399e+02 5.45827e-01 4.64794e+02 5.46759e-01 4.66399e+02 5.45827e-01 4.65207e+02 5.41232e-01 
3.35 3.375 3.4 4.73943e+02 5.48075e-01 4.71874e+02 5.48456e-01 4.73236e+02 5.44100e-01 4.73943e+02 5.48075e-01 4.71874e+02 5.48456e-01 4.73943e+02 5.48075e-01 4.73236e+02 5.44100e-01 
3.4 3.425 3.45 4.79159e+02 5.49349e-01 4.76598e+02 5.49135e-01 4.78986e+02 5.46049e-01 4.79159e+02 5.49349e-01 4.76598e+02 5.49135e-01 4.79159e+02 5.49349e-01 4.78986e+02 5.46049e-01 
3.45 3.475 3.5 4.85754e+02 5.53463e-01 4.82709e+02 5.52640e-01 4.86096e+02 5.50835e-01 4.85754e+02 5.53463e-01 4.82709e+02 5.52640e-01 4.85754e+02 5.53463e-01 4.86096e+02 5.50835e-01 
3.5 3.525 3.55 4.91180e+02 5.61835e-01 4.87657e+02 5.60512e-01 4.92041e+02 5.59718e-01 4.91180e+02 5.61835e-01 4.87657e+02 5.60512e-01 4.91180e+02 5.61835e-01 4.92041e+02 5.59718e-01 
3.55 3.575 3.6 4.96015e+02 5.59288e-01 4.91978e+02 5.57338e-01 4.97441e+02 5.57927e-01 4.96015e+02 5.59288e-01 4.91978e+02 5.57338e-01 4.96015e+02 5.59288e-01 4.97441e+02 5.57927e-01 
3.6 3.625 3.65 4.99237e+02 5.60850e-01 4.94691e+02 5.58416e-01 5.01236e+02 5.60032e-01 4.99237e+02 5.60850e-01 4.94691e+02 5.58416e-01 4.99237e+02 5.60850e-01 5.01236e+02 5.60032e-01 
3.65 3.675 3.7 5.03176e+02 5.64244e-01 4.98132e+02 5.61228e-01 5.05675e+02 5.63536e-01 5.03176e+02 5.64244e-01 4.98132e+02 5.61228e-01 5.03176e+02 5.64244e-01 5.05675e+02 5.63536e-01 
3.7 3.725 3.75 5.06450e+02 5.62498e-01 5.00885e+02 5.58968e-01 5.09592e+02 5.62946e-01 5.06450e+02 5.62498e-01 5.00885e+02 5.58968e-01 5.06450e+02 5.62498e-01 5.09592e+02 5.62946e-01 
3.75 3.775 3.8 5.09848e+02 5.69321e-01 5.03727e+02 5.65234e-01 5.13617e+02 5.70373e-01 5.09848e+02 5.69321e-01 5.03727e+02 5.65234e-01 5.09848e+02 5.69321e-01 5.13617e+02 5.70373e-01 
3.8 3.825 3.85 5.11580e+02 5.67087e-01 5.04955e+02 5.62409e-01 5.15927e+02 5.68846e-01 5.11580e+02 5.67087e-01 5.04955e+02 5.62409e-01 5.11580e+02 5.67087e-01 5.15927e+02 5.68846e-01 
3.85 3.875 3.9 5.14540e+02 5.66832e-01 5.07334e+02 5.61433e-01 5.19551e+02 5.69432e-01 5.14540e+02 5.66832e-01 5.07334e+02 5.61433e-01 5.14540e+02 5.66832e-01 5.19551e+02 5.69432e-01 
3.9 3.925 3.95 5.16080e+02 5.67710e-01 5.08339e+02 5.61746e-01 5.21712e+02 5.70968e-01 5.16080e+02 5.67710e-01 5.08339e+02 5.61746e-01 5.16080e+02 5.67710e-01 5.21712e+02 5.70968e-01 
3.95 3.975 4.0 5.17166e+02 5.79057e-01 5.08905e+02 5.72502e-01 5.23403e+02 5.82918e-01 5.17166e+02 5.79057e-01 5.08905e+02 5.72502e-01 5.17166e+02 5.79057e-01 5.23403e+02 5.82918e-01 
4.0 4.025 4.05 5.17100e+02 5.70179e-01 5.08296e+02 5.62993e-01 5.23980e+02 5.74860e-01 5.17100e+02 5.70179e-01 5.08296e+02 5.62993e-01 5.17100e+02 5.70179e-01 5.23980e+02 5.74860e-01 
4.05 4.075 4.1 5.16498e+02 5.69750e-01 5.07192e+02 5.62022e-01 5.23979e+02 5.75073e-01 5.16498e+02 5.69750e-01 5.07192e+02 5.62022e-01 5.16498e+02 5.69750e-01 5.23979e+02 5.75073e-01 
4.1 4.125 4.15 5.17156e+02 5.74397e-01 5.07295e+02 5.65981e-01 5.25290e+02 5.80497e-01 5.17156e+02 5.74397e-01 5.07295e+02 5.65981e-01 5.17156e+02 5.74397e-01 5.25290e+02 5.80497e-01 
4.15 4.175 4.2 5.16827e+02 5.75430e-01 5.06463e+02 5.66339e-01 5.25564e+02 5.82326e-01 5.16827e+02 5.75430e-01 5.06463e+02 5.66339e-01 5.16827e+02 5.75430e-01 5.25564e+02 5.82326e-01 
4.2 4.225 4.25 5.14673e+02 5.73238e-01 5.03758e+02 5.63487e-01 5.24054e+02 5.80820e-01 5.14673e+02 5.73238e-01 5.03758e+02 5.63487e-01 5.14673e+02 5.73238e-01 5.24054e+02 5.80820e-01 
4.25 4.275 4.3 5.13998e+02 5.78168e-01 5.02583e+02 5.67730e-01 5.24011e+02 5.86654e-01 5.13998e+02 5.78168e-01 5.02583e+02 5.67730e-01 5.13998e+02 5.78168e-01 5.24011e+02 5.86654e-01 
4.3 4.325 4.35 5.12418e+02 5.80400e-01 5.00522e+02 5.69487e-01 5.23018e+02 5.89429e-01 5.12418e+02 5.80400e-01 5.00522e+02 5.69487e-01 5.12418e+02 5.80400e-01 5.23018e+02 5.89429e-01 
4.35 4.375 4.4 5.08567e+02 5.78292e-01 4.96230e+02 5.66711e-01 5.19727e+02 5.88136e-01 5.08567e+02 5.78292e-01 4.96230e+02 5.66711e-01 5.08567e+02 5.78292e-01 5.19727e+02 5.88136e-01 
4.4 4.425 4.45 5.06592e+02 5.75740e-01 4.93746e+02 5.63566e-01 5.18379e+02 5.86319e-01 5.06592e+02 5.75740e-01 4.93746e+02 5.63566e-01 5.06592e+02 5.75740e-01 5.18379e+02 5.86319e-01 
4.45 4.475 4.5 5.02624e+02 5.73862e-01 4.89339e+02 5.61109e-01 5.14969e+02 5.85146e-01 5.02624e+02 5.73862e-01 4.89339e+02 5.61109e-01 5.02624e+02 5.73862e-01 5.14969e+02 5.85146e-01 
4.5 4.525 4.55 4.98789e+02 5.78848e-01 4.85074e+02 5.65302e-01 5.11683e+02 5.91048e-01 4.98789e+02 5.78848e-01 4.85074e+02 5.65302e-01 4.98789e+02 5.78848e-01 5.11683e+02 5.91048e-01 
4.55 4.575 4.6 4.94977e+02 5.75322e-01 4.80820e+02 5.61217e-01 5.08436e+02 5.88233e-01 4.94977e+02 5.75322e-01 4.80820e+02 5.61217e-01 4.94977e+02 5.75322e-01 5.08436e+02 5.88233e-01 
4.6 4.625 4.65 4.89719e+02 5.79048e-01 4.75175e+02 5.64223e-01 5.03689e+02 5.92804e-01 4.89719e+02 5.79048e-01 4.75175e+02 5.64223e-01 4.89719e+02 5.79048e-01 5.03689e+02 5.92804e-01 
4.65 4.675 4.7 4.84989e+02 5.75530e-01 4.70061e+02 5.60246e-01 4.99463e+02 5.89864e-01 4.84989e+02 5.75530e-01 4.70061e+02 5.60246e-01 4.84989e+02 5.75530e-01 4.99463e+02 5.89864e-01 
4.7 4.725 4.75 4.79936e+02 5.73104e-01 4.64628e+02 5.57168e-01 4.94913e+02 5.88251e-01 4.79936e+02 5.73104e-01 4.64628e+02 5.57168e-01 4.79936e+02 5.73104e-01 4.94913e+02 5.88251e-01 
4.75 4.775 4.8 4.74022e+02 5.75063e-01 4.58357e+02 5.58128e-01 4.89480e+02 5.91432e-01 4.74022e+02 5.75063e-01 4.58357e+02 5.58128e-01 4.74022e+02 5.75063e-01 4.89480e+02 5.91432e-01 
4.8 4.825 4.85 4.68023e+02 5.74127e-01 4.52062e+02 5.56842e-01 4.83893e+02 5.90913e-01 4.68023e+02 5.74127e-01 4.52062e+02 5.56842e-01 4.68023e+02 5.74127e-01 4.83893e+02 5.90913e-01 
4.85 4.875 4.9 4.61265e+02 5.73560e-01 4.45006e+02 5.55563e-01 4.77557e+02 5.91225e-01 4.61265e+02 5.73560e-01 4.45006e+02 5.55563e-01 4.61265e+02 5.73560e-01 4.77557e+02 5.91225e-01 
4.9 4.925 4.95 4.53733e+02 5.69489e-01 4.37232e+02 5.51021e-01 4.70386e+02 5.87764e-01 4.53733e+02 5.69489e-01 4.37232e+02 5.51021e-01 4.53733e+02 5.69489e-01 4.70386e+02 5.87764e-01 
4.95 4.975 5.0 4.48390e+02 5.68450e-01 4.31585e+02 5.49436e-01 4.65463e+02 5.87414e-01 4.48390e+02 5.68450e-01 4.31585e+02 5.49436e-01 4.48390e+02 5.68450e-01 4.65463e+02 5.87414e-01 
5.0 5.025 5.05 4.39296e+02 5.66472e-01 4.22328e+02 5.46810e-01 4.56647e+02 5.86244e-01 4.39296e+02 5.66472e-01 4.22328e+02 5.46810e-01 4.39296e+02 5.66472e-01 4.56647e+02 5.86244e-01 
5.05 5.075 5.1 4.32714e+02 5.66097e-01 4.15481e+02 5.45750e-01 4.50450e+02 5.86720e-01 4.32714e+02 5.66097e-01 4.15481e+02 5.45750e-01 4.32714e+02 5.66097e-01 4.50450e+02 5.86720e-01 
5.1 5.125 5.15 4.25130e+02 5.66741e-01 4.07725e+02 5.45676e-01 4.43145e+02 5.88244e-01 4.25130e+02 5.66741e-01 4.07725e+02 5.45676e-01 4.25130e+02 5.66741e-01 4.43145e+02 5.88244e-01 
5.15 5.175 5.2 4.16188e+02 5.64274e-01 3.98636e+02 5.42483e-01 4.34464e+02 5.86706e-01 4.16188e+02 5.64274e-01 3.98636e+02 5.42483e-01 4.16188e+02 5.64274e-01 4.34464e+02 5.86706e-01 
5.2 5.225 5.25 4.08419e+02 5.60304e-01 3.90734e+02 5.38209e-01 4.26932e+02 5.83154e-01 4.08419e+02 5.60304e-01 3.90734e+02 5.38209e-01 4.08419e+02 5.60304e-01 4.26932e+02 5.83154e-01 
5.25 5.275 5.3 4.00582e+02 5.63620e-01 3.82768e+02 5.40791e-01 4.19326e+02 5.87354e-01 4.00582e+02 5.63620e-01 3.82768e+02 5.40791e-01 4.00582e+02 5.63620e-01 4.19326e+02 5.87354e-01 
5.3 5.325 5.35 3.92087e+02 5.58360e-01 3.74195e+02 5.35029e-01 4.11005e+02 5.82769e-01 3.92087e+02 5.58360e-01 3.74195e+02 5.35029e-01 3.92087e+02 5.58360e-01 4.11005e+02 5.82769e-01 
5.35 5.375 5.4 3.83932e+02 5.57954e-01 3.65958e+02 5.33953e-01 4.03030e+02 5.83212e-01 3.83932e+02 5.57954e-01 3.65958e+02 5.33953e-01 3.83932e+02 5.57954e-01 4.03030e+02 5.83212e-01 
5.4 5.425 5.45 3.74756e+02 5.55001e-01 3.56786e+02 5.30421e-01 3.93936e+02 5.81015e-01 3.74756e+02 5.55001e-01 3.56786e+02 5.30421e-01 3.74756e+02 5.55001e-01 3.93936e+02 5.81015e-01 
5.45 5.475 5.5 3.65098e+02 5.48907e-01 3.47137e+02 5.23873e-01 3.84360e+02 5.75551e-01 3.65098e+02 5.48907e-01 3.47137e+02 5.23873e-01 3.65098e+02 5.48907e-01 3.84360e+02 5.75551e-01 
5.5 5.525 5.55 3.55749e+02 5.48153e-01 3.37819e+02 5.22579e-01 3.75062e+02 5.75488e-01 3.55749e+02 5.48153e-01 3.37819e+02 5.22579e-01 3.55749e+02 5.48153e-01 3.75062e+02 5.75488e-01 
5.55 5.575 5.6 3.46911e+02 5.48088e-01 3.29031e+02 5.21903e-01 3.66207e+02 5.75573e-01 3.46911e+02 5.48088e-01 3.29031e+02 5.21903e-01 3.46911e+02 5.48088e-01 3.66207e+02 5.75573e-01 
5.6 5.625 5.65 3.38138e+02 5.48081e-01 3.20266e+02 5.20902e-01 3.57553e+02 5.77454e-01 3.38138e+02 5.48081e-01 3.20266e+02 5.20902e-01 3.38138e+02 5.48081e-01 3.57553e+02 5.77454e-01 
5.65 5.675 5.7 3.29178e+02 5.40539e-01 3.11383e+02 5.13206e-01 3.48583e+02 5.70180e-01 3.29178e+02 5.40539e-01 3.11383e+02 5.13206e-01 3.29178e+02 5.40539e-01 3.48583e+02 5.70180e-01 
5.7 5.725 5.75 3.19324e+02 5.40684e-01 3.01680e+02 5.12848e-01 3.38641e+02 5.70979e-01 3.19324e+02 5.40684e-01 3.01680e+02 5.12848e-01 3.19324e+02 5.40684e-01 3.38641e+02 5.70979e-01 
5.75 5.775 5.8 3.09007e+02 5.34056e-01 2.91546e+02 5.05649e-01 3.28197e+02 5.65152e-01 3.09007e+02 5.34056e-01 2.91546e+02 5.05649e-01 3.09007e+02 5.34056e-01 3.28197e+02 5.65152e-01 
5.8 5.825 5.85 3.00888e+02 5.33449e-01 2.83508e+02 5.04370e-01 3.20062e+02 5.65408e-01 3.00888e+02 5.33449e-01 2.83508e+02 5.04370e-01 3.00888e+02 5.33449e-01 3.20062e+02 5.65408e-01 
5.85 5.875 5.9 2.91000e+02 5.30774e-01 2.73835e+02 5.01227e-01 3.10005e+02 5.63365e-01 2.91000e+02 5.30774e-01 2.73835e+02 5.01227e-01 2.91000e+02 5.30774e-01 3.10005e+02 5.63365e-01 
5.9 5.925 5.95 2.82088e+02 5.24814e-01 2.65130e+02 4.95010e-01 3.00925e+02 5.57805e-01 2.82088e+02 5.24814e-01 2.65130e+02 4.95010e-01 2.82088e+02 5.24814e-01 3.00925e+02 5.57805e-01 
5.95 5.975 6.0 2.72852e+02 5.24534e-01 2.56081e+02 4.94030e-01 2.91548e+02 5.58419e-01 2.72852e+02 5.24534e-01 2.56081e+02 4.94030e-01 2.72852e+02 5.24534e-01 2.91548e+02 5.58419e-01 
6.0 6.025 6.05 2.63600e+02 5.21278e-01 2.47080e+02 4.90226e-01 2.82076e+02 5.55926e-01 2.63600e+02 5.21278e-01 2.47080e+02 4.90226e-01 2.63600e+02 5.21278e-01 2.82076e+02 5.55926e-01 
6.05 6.075 6.1 2.54558e+02 5.22915e-01 2.38286e+02 4.91122e-01 2.72819e+02 5.58496e-01 2.54558e+02 5.22915e-01 2.38286e+02 4.91122e-01 2.54558e+02 5.22915e-01 2.72819e+02 5.58496e-01 
6.1 6.125 6.15 2.44826e+02 5.12501e-01 2.28862e+02 4.80674e-01 2.62810e+02 5.48333e-01 2.44826e+02 5.12501e-01 2.28862e+02 4.80674e-01 2.44826e+02 5.12501e-01 2.62810e+02 5.48333e-01 
6.15 6.175 6.2 2.35319e+02 5.07004e-01 2.19647e+02 4.74818e-01 2.53025e+02 5.43293e-01 2.35319e+02 5.07004e-01 2.19647e+02 4.74818e-01 2.35319e+02 5.07004e-01 2.53025e+02 5.43293e-01 
6.2 6.225 6.25 2.26733e+02 5.06033e-01 2.11374e+02 4.73230e-01 2.44135e+02 5.43153e-01 2.26733e+02 5.06033e-01 2.11374e+02 4.73230e-01 2.26733e+02 5.06033e-01 2.44135e+02 5.43153e-01 
6.25 6.275 6.3 2.17889e+02 4.99537e-01 2.02851e+02 4.66527e-01 2.34978e+02 5.37009e-01 2.17889e+02 4.99537e-01 2.02851e+02 4.66527e-01 2.17889e+02 4.99537e-01 2.34978e+02 5.37009e-01 
6.3 6.325 6.35 2.08668e+02 4.97848e-01 1.94004e+02 4.64349e-01 2.25403e+02 5.36105e-01 2.08668e+02 4.97848e-01 1.94004e+02 4.64349e-01 2.08668e+02 4.97848e-01 2.25403e+02 5.36105e-01 
6.35 6.375 6.4 2.00466e+02 4.91995e-01 1.86109e+02 4.58129e-01 2.16880e+02 5.30694e-01 2.00466e+02 4.91995e-01 1.86109e+02 4.58129e-01 2.00466e+02 4.91995e-01 2.16880e+02 5.30694e-01 
6.4 6.425 6.45 1.91847e+02 4.89299e-01 1.77834e+02 4.54813e-01 2.07921e+02 5.28868e-01 1.91847e+02 4.89299e-01 1.77834e+02 4.54813e-01 1.91847e+02 4.89299e-01 2.07921e+02 5.28868e-01 
6.45 6.475 6.5 1.82823e+02 4.85039e-01 1.69237e+02 4.50340e-01 1.98449e+02 5.24936e-01 1.82823e+02 4.85039e-01 1.69237e+02 4.50340e-01 1.82823e+02 4.85039e-01 1.98449e+02 5.24936e-01 
6.5 6.525 6.55 1.74769e+02 4.77823e-01 1.61564e+02 4.43032e-01 1.90000e+02 5.17952e-01 1.74769e+02 4.77823e-01 1.61564e+02 4.43032e-01 1.74769e+02 4.77823e-01 1.90000e+02 5.17952e-01 
6.55 6.575 6.6 1.66157e+02 4.72306e-01 1.53378e+02 4.37149e-01 1.80939e+02 5.12997e-01 1.66157e+02 4.72306e-01 1.53378e+02 4.37149e-01 1.66157e+02 4.72306e-01 1.80939e+02 5.12997e-01 
6.6 6.625 6.65 1.57793e+02 4.67302e-01 1.45418e+02 4.31822e-01 1.72154e+02 5.08506e-01 1.57793e+02 4.67302e-01 1.45418e+02 4.31822e-01 1.57793e+02 4.67302e-01 1.72154e+02 5.08506e-01 
6.65 6.675 6.7 1.51370e+02 4.66270e-01 1.39325e+02 4.30188e-01 1.65381e+02 5.08289e-01 1.51370e+02 4.66270e-01 1.39325e+02 4.30188e-01 1.51370e+02 4.66270e-01 1.65381e+02 5.08289e-01 
6.7 6.725 6.75 1.43181e+02 4.59773e-01 1.31585e+02 4.23573e-01 1.56707e+02 5.02062e-01 1.43181e+02 4.59773e-01 1.31585e+02 4.23573e-01 1.43181e+02 4.59773e-01 1.56707e+02 5.02062e-01 
6.75 6.775 6.8 1.36393e+02 4.55290e-01 1.25182e+02 4.18719e-01 1.49502e+02 4.98146e-01 1.36393e+02 4.55290e-01 1.25182e+02 4.18719e-01 1.36393e+02 4.55290e-01 1.49502e+02 4.98146e-01 
6.8 6.825 6.85 1.28330e+02 4.47387e-01 1.17607e+02 4.10844e-01 1.40902e+02 4.90325e-01 1.28330e+02 4.47387e-01 1.17607e+02 4.10844e-01 1.28330e+02 4.47387e-01 1.40902e+02 4.90325e-01 
6.85 6.875 6.9 1.22345e+02 4.48211e-01 1.11950e+02 4.10924e-01 1.34565e+02 4.92149e-01 1.22345e+02 4.48211e-01 1.11950e+02 4.10924e-01 1.22345e+02 4.48211e-01 1.34565e+02 4.92149e-01 
6.9 6.925 6.95 1.15096e+02 4.42362e-01 1.05162e+02 4.04822e-01 1.26924e+02 4.90769e-01 1.15096e+02 4.42362e-01 1.05162e+02 4.04822e-01 1.15096e+02 4.42362e-01 1.26924e+02 4.90769e-01 
6.95 6.975 7.0 1.08275e+02 4.32837e-01 9.87742e+01 3.95363e-01 1.19504e+02 4.77290e-01 1.08275e+02 4.32837e-01 9.87742e+01 3.95363e-01 1.08275e+02 4.32837e-01 1.19504e+02 4.77290e-01 
7.0 7.025 7.05 1.02117e+02 4.31580e-01 9.30171e+01 3.93544e-01 1.12899e+02 4.76825e-01 1.02117e+02 4.31580e-01 9.30171e+01 3.93544e-01 1.02117e+02 4.31580e-01 1.12899e+02 4.76825e-01 
7.05 7.075 7.1 9.62089e+01 4.24405e-01 8.75053e+01 3.86358e-01 1.06547e+02 4.69817e-01 9.62089e+01 4.24405e-01 8.75053e+01 3.86358e-01 9.62089e+01 4.24405e-01 1.06547e+02 4.69817e-01 
7.1 7.125 7.15 9.00297e+01 4.23304e-01 8.17545e+01 3.85047e-01 9.98848e+01 4.69028e-01 9.00297e+01 4.23304e-01 8.17545e+01 3.85047e-01 9.00297e+01 4.23304e-01 9.98848e+01 4.69028e-01 
7.15 7.175 7.2 8.35350e+01 4.11697e-01 7.57573e+01 3.73594e-01 9.28176e+01 4.57409e-01 8.35350e+01 4.11697e-01 7.57573e+01 3.73594e-01 8.35350e+01 4.11697e-01 9.28176e+01 4.57409e-01 
7.2 7.225 7.25 7.76109e+01 4.05275e-01 7.02716e+01 3.67178e-01 8.63927e+01 4.51088e-01 7.76109e+01 4.05275e-01 7.02716e+01 3.67178e-01 7.76109e+01 4.05275e-01 8.63927e+01 4.51088e-01 
7.25 7.275 7.3 7.28634e+01 3.99195e-01 6.58736e+01 3.61075e-01 8.12468e+01 4.45146e-01 7.28634e+01 3.99195e-01 6.58736e+01 3.61075e-01 7.28634e+01 3.99195e-01 8.12468e+01 4.45146e-01 
7.3 7.325 7.35 6.85152e+01 4.01462e-01 6.18185e+01 3.62075e-01 7.65735e+01 4.49190e-01 6.85152e+01 4.01462e-01 6.18185e+01 3.62075e-01 6.85152e+01 4.01462e-01 7.65735e+01 4.49190e-01 
7.35 7.375 7.4 6.31343e+01 3.95040e-01 5.68955e+01 3.55913e-01 7.06552e+01 4.42498e-01 6.31343e+01 3.95040e-01 5.68955e+01 3.55913e-01 6.31343e+01 3.95040e-01 7.06552e+01 4.42498e-01 
7.4 7.425 7.45 5.86566e+01 3.85459e-01 5.27574e+01 3.46581e-01 6.57888e+01 4.32768e-01 5.86566e+01 3.85459e-01 5.27574e+01 3.46581e-01 5.86566e+01 3.85459e-01 6.57888e+01 4.32768e-01 
7.45 7.475 7.5 5.33981e+01 3.74683e-01 4.79610e+01 3.36272e-01 5.99854e+01 4.21569e-01 5.33981e+01 3.74683e-01 4.79610e+01 3.36272e-01 5.33981e+01 3.74683e-01 5.99854e+01 4.21569e-01 
7.5 7.525 7.55 4.95989e+01 3.74063e-01 4.44876e+01 3.35092e-01 5.58043e+01 4.21758e-01 4.95989e+01 3.74063e-01 4.44876e+01 3.35092e-01 4.95989e+01 3.74063e-01 5.58043e+01 4.21758e-01 
7.55 7.575 7.6 4.52495e+01 3.65481e-01 4.05195e+01 3.26977e-01 5.10062e+01 4.12675e-01 4.52495e+01 3.65481e-01 4.05195e+01 3.26977e-01 4.52495e+01 3.65481e-01 5.10062e+01 4.12675e-01 
7.6 7.625 7.65 4.13054e+01 3.58487e-01 3.68687e+01 3.18336e-01 4.66509e+01 4.05843e-01 4.13054e+01 3.58487e-01 3.68687e+01 3.18336e-01 4.13054e+01 3.58487e-01 4.66509e+01 4.05843e-01 
7.65 7.675 7.7 3.79612e+01 3.54254e-01 3.38666e+01 3.15597e-01 4.29723e+01 4.01950e-01 3.79612e+01 3.54254e-01 3.38666e+01 3.15597e-01 3.79612e+01 3.54254e-01 4.29723e+01 4.01950e-01 
7.7 7.725 7.75 3.40273e+01 3.48317e-01 3.03154e+01 3.09768e-01 3.85783e+01 3.95970e-01 3.40273e+01 3.48317e-01 3.03154e+01 3.09768e-01 3.40273e+01 3.48317e-01 3.85783e+01 3.95970e-01 
7.75 7.775 7.8 3.12937e+01 3.44025e-01 2.78199e+01 3.05156e-01 3.55664e+01 3.92275e-01 3.12937e+01 3.44025e-01 2.78199e+01 3.05156e-01 3.12937e+01 3.44025e-01 3.55664e+01 3.92275e-01 
7.8 7.825 7.85 2.77115e+01 3.25802e-01 2.46123e+01 2.88947e-01 3.15283e+01 3.71546e-01 2.77115e+01 3.25802e-01 2.46123e+01 2.88947e-01 2.77115e+01 3.25802e-01 3.15283e+01 3.71546e-01 
7.85 7.875 7.9 2.54074e+01 3.34068e-01 2.25205e+01 2.95498e-01 2.89730e+01 3.82126e-01 2.54074e+01 3.34068e-01 2.25205e+01 2.95498e-01 2.54074e+01 3.34068e-01 2.89730e+01 3.82126e-01 
7.9 7.925 7.95 2.24364e+01 3.25632e-01 1.98452e+01 2.87333e-01 2.56456e+01 3.73500e-01 2.24364e+01 3.25632e-01 1.98452e+01 2.87333e-01 2.24364e+01 3.25632e-01 2.56456e+01 3.73500e-01 
7.95 7.975 8.0 1.94572e+01 2.99732e-01 1.71925e+01 2.64328e-01 2.22662e+01 3.44001e-01 1.94572e+01 2.99732e-01 1.71925e+01 2.64328e-01 1.94572e+01 2.99732e-01 2.22662e+01 3.44001e-01 
8.0 8.025 8.05 1.80075e+01 3.02699e-01 1.59099e+01 2.68031e-01 2.06628e+01 3.48781e-01 1.80075e+01 3.02699e-01 1.59099e+01 2.68031e-01 1.80075e+01 3.02699e-01 2.06628e+01 3.48781e-01 
8.05 8.075 8.1 1.53734e+01 2.93183e-01 1.35316e+01 2.57496e-01 1.76702e+01 3.38103e-01 1.53734e+01 2.93183e-01 1.35316e+01 2.57496e-01 1.53734e+01 2.93183e-01 1.76702e+01 3.38103e-01 
8.1 8.125 8.15 1.33772e+01 2.72444e-01 1.17527e+01 2.38839e-01 1.54065e+01 3.14740e-01 1.33772e+01 2.72444e-01 1.17527e+01 2.38839e-01 1.33772e+01 2.72444e-01 1.54065e+01 3.14740e-01 
8.15 8.175 8.2 1.15084e+01 2.56213e-01 1.00923e+01 2.25135e-01 1.32785e+01 2.96444e-01 1.15084e+01 2.56213e-01 1.00923e+01 2.25135e-01 1.15084e+01 2.56213e-01 1.32785e+01 2.96444e-01 
8.2 8.225 8.25 9.99545e+00 2.54626e-01 8.75156e+00 2.22193e-01 1.15574e+01 2.95737e-01 9.99545e+00 2.54626e-01 8.75156e+00 2.22193e-01 9.99545e+00 2.54626e-01 1.15574e+01 2.95737e-01 
8.25 8.275 8.3 8.04403e+00 2.24976e-01 7.02908e+00 1.96037e-01 9.32164e+00 2.61696e-01 8.04403e+00 2.24976e-01 7.02908e+00 1.96037e-01 8.04403e+00 2.24976e-01 9.32164e+00 2.61696e-01 
8.3 8.325 8.35 6.65464e+00 2.05946e-01 5.81264e+00 1.79506e-01 7.82237e+00 2.44235e-01 6.65464e+00 2.05946e-01 5.81264e+00 1.79506e-01 6.65464e+00 2.05946e-01 7.82237e+00 2.44235e-01 
8.35 8.375 8.4 5.24538e+00 1.80957e-01 4.60313e+00 1.58598e-01 6.09307e+00 2.10449e-01 5.24538e+00 1.80957e-01 4.60313e+00 1.58598e-01 5.24538e+00 1.80957e-01 6.09307e+00 2.10449e-01 
8.4 8.425 8.45 4.07615e+00 1.55140e-01 3.58114e+00 1.35258e-01 4.69420e+00 1.78649e-01 4.07615e+00 1.55140e-01 3.58114e+00 1.35258e-01 4.07615e+00 1.55140e-01 4.69420e+00 1.78649e-01 
8.45 8.475 8.5 3.18557e+00 1.36109e-01 2.76219e+00 1.17617e-01 3.72397e+00 1.59787e-01 3.18557e+00 1.36109e-01 2.76219e+00 1.17617e-01 3.18557e+00 1.36109e-01 3.72397e+00 1.59787e-01 
8.5 8.525 8.55 1.82657e+00 9.18858e-02 1.61339e+00 8.07830e-02 2.14333e+00 1.08301e-01 1.82657e+00 9.18858e-02 1.61339e+00 8.07830e-02 1.82657e+00 9.18858e-02 2.14333e+00 1.08301e-01 
8.55 8.575 8.6 1.11042e+00 6.80885e-02 9.42386e-01 5.83204e-02 1.31900e+00 8.08141e-02 1.11042e+00 6.80885e-02 9.42386e-01 5.83204e-02 1.11042e+00 6.80885e-02 1.31900e+00 8.08141e-02 
8.6 8.625 8.65 0.00000e+00 0.00000e+00 0.00000e+00 0.00000e+00 0.00000e+00 0.00000e+00 0.00000e+00 0.00000e+00 0.00000e+00 0.00000e+00 0.00000e+00 0.00000e+00 0.00000e+00 0.00000e+00 
8.65 8.675 8.7 0.00000e+00 0.00000e+00 0.00000e+00 0.00000e+00 0.00000e+00 0.00000e+00 0.00000e+00 0.00000e+00 0.00000e+00 0.00000e+00 0.00000e+00 0.00000e+00 0.00000e+00 0.00000e+00 
8.7 8.725 8.75 0.00000e+00 0.00000e+00 0.00000e+00 0.00000e+00 0.00000e+00 0.00000e+00 0.00000e+00 0.00000e+00 0.00000e+00 0.00000e+00 0.00000e+00 0.00000e+00 0.00000e+00 0.00000e+00 
8.75 8.775 8.8 0.00000e+00 0.00000e+00 0.00000e+00 0.00000e+00 0.00000e+00 0.00000e+00 0.00000e+00 0.00000e+00 0.00000e+00 0.00000e+00 0.00000e+00 0.00000e+00 0.00000e+00 0.00000e+00 
8.8 8.825 8.85 0.00000e+00 0.00000e+00 0.00000e+00 0.00000e+00 0.00000e+00 0.00000e+00 0.00000e+00 0.00000e+00 0.00000e+00 0.00000e+00 0.00000e+00 0.00000e+00 0.00000e+00 0.00000e+00 
8.85 8.875 8.9 0.00000e+00 0.00000e+00 0.00000e+00 0.00000e+00 0.00000e+00 0.00000e+00 0.00000e+00 0.00000e+00 0.00000e+00 0.00000e+00 0.00000e+00 0.00000e+00 0.00000e+00 0.00000e+00 
8.9 8.925 8.95 0.00000e+00 0.00000e+00 0.00000e+00 0.00000e+00 0.00000e+00 0.00000e+00 0.00000e+00 0.00000e+00 0.00000e+00 0.00000e+00 0.00000e+00 0.00000e+00 0.00000e+00 0.00000e+00 
8.95 8.975 9.0 0.00000e+00 0.00000e+00 0.00000e+00 0.00000e+00 0.00000e+00 0.00000e+00 0.00000e+00 0.00000e+00 0.00000e+00 0.00000e+00 0.00000e+00 0.00000e+00 0.00000e+00 0.00000e+00 
9.0 9.025 9.05 0.00000e+00 0.00000e+00 0.00000e+00 0.00000e+00 0.00000e+00 0.00000e+00 0.00000e+00 0.00000e+00 0.00000e+00 0.00000e+00 0.00000e+00 0.00000e+00 0.00000e+00 0.00000e+00 
9.05 9.075 9.1 0.00000e+00 0.00000e+00 0.00000e+00 0.00000e+00 0.00000e+00 0.00000e+00 0.00000e+00 0.00000e+00 0.00000e+00 0.00000e+00 0.00000e+00 0.00000e+00 0.00000e+00 0.00000e+00 
9.1 9.125 9.15 0.00000e+00 0.00000e+00 0.00000e+00 0.00000e+00 0.00000e+00 0.00000e+00 0.00000e+00 0.00000e+00 0.00000e+00 0.00000e+00 0.00000e+00 0.00000e+00 0.00000e+00 0.00000e+00 
9.15 9.175 9.2 0.00000e+00 0.00000e+00 0.00000e+00 0.00000e+00 0.00000e+00 0.00000e+00 0.00000e+00 0.00000e+00 0.00000e+00 0.00000e+00 0.00000e+00 0.00000e+00 0.00000e+00 0.00000e+00 
9.2 9.225 9.25 0.00000e+00 0.00000e+00 0.00000e+00 0.00000e+00 0.00000e+00 0.00000e+00 0.00000e+00 0.00000e+00 0.00000e+00 0.00000e+00 0.00000e+00 0.00000e+00 0.00000e+00 0.00000e+00 
9.25 9.275 9.3 0.00000e+00 0.00000e+00 0.00000e+00 0.00000e+00 0.00000e+00 0.00000e+00 0.00000e+00 0.00000e+00 0.00000e+00 0.00000e+00 0.00000e+00 0.00000e+00 0.00000e+00 0.00000e+00 
9.3 9.325 9.35 0.00000e+00 0.00000e+00 0.00000e+00 0.00000e+00 0.00000e+00 0.00000e+00 0.00000e+00 0.00000e+00 0.00000e+00 0.00000e+00 0.00000e+00 0.00000e+00 0.00000e+00 0.00000e+00 
9.35 9.375 9.4 0.00000e+00 0.00000e+00 0.00000e+00 0.00000e+00 0.00000e+00 0.00000e+00 0.00000e+00 0.00000e+00 0.00000e+00 0.00000e+00 0.00000e+00 0.00000e+00 0.00000e+00 0.00000e+00 
9.4 9.425 9.45 0.00000e+00 0.00000e+00 0.00000e+00 0.00000e+00 0.00000e+00 0.00000e+00 0.00000e+00 0.00000e+00 0.00000e+00 0.00000e+00 0.00000e+00 0.00000e+00 0.00000e+00 0.00000e+00 
9.45 9.475 9.5 0.00000e+00 0.00000e+00 0.00000e+00 0.00000e+00 0.00000e+00 0.00000e+00 0.00000e+00 0.00000e+00 0.00000e+00 0.00000e+00 0.00000e+00 0.00000e+00 0.00000e+00 0.00000e+00 
9.5 9.525 9.55 0.00000e+00 0.00000e+00 0.00000e+00 0.00000e+00 0.00000e+00 0.00000e+00 0.00000e+00 0.00000e+00 0.00000e+00 0.00000e+00 0.00000e+00 0.00000e+00 0.00000e+00 0.00000e+00 
9.55 9.575 9.6 0.00000e+00 0.00000e+00 0.00000e+00 0.00000e+00 0.00000e+00 0.00000e+00 0.00000e+00 0.00000e+00 0.00000e+00 0.00000e+00 0.00000e+00 0.00000e+00 0.00000e+00 0.00000e+00 
9.6 9.625 9.65 0.00000e+00 0.00000e+00 0.00000e+00 0.00000e+00 0.00000e+00 0.00000e+00 0.00000e+00 0.00000e+00 0.00000e+00 0.00000e+00 0.00000e+00 0.00000e+00 0.00000e+00 0.00000e+00 
9.65 9.675 9.7 0.00000e+00 0.00000e+00 0.00000e+00 0.00000e+00 0.00000e+00 0.00000e+00 0.00000e+00 0.00000e+00 0.00000e+00 0.00000e+00 0.00000e+00 0.00000e+00 0.00000e+00 0.00000e+00 
9.7 9.725 9.75 0.00000e+00 0.00000e+00 0.00000e+00 0.00000e+00 0.00000e+00 0.00000e+00 0.00000e+00 0.00000e+00 0.00000e+00 0.00000e+00 0.00000e+00 0.00000e+00 0.00000e+00 0.00000e+00 
9.75 9.775 9.8 0.00000e+00 0.00000e+00 0.00000e+00 0.00000e+00 0.00000e+00 0.00000e+00 0.00000e+00 0.00000e+00 0.00000e+00 0.00000e+00 0.00000e+00 0.00000e+00 0.00000e+00 0.00000e+00 
9.8 9.825 9.85 0.00000e+00 0.00000e+00 0.00000e+00 0.00000e+00 0.00000e+00 0.00000e+00 0.00000e+00 0.00000e+00 0.00000e+00 0.00000e+00 0.00000e+00 0.00000e+00 0.00000e+00 0.00000e+00 
9.85 9.875 9.9 0.00000e+00 0.00000e+00 0.00000e+00 0.00000e+00 0.00000e+00 0.00000e+00 0.00000e+00 0.00000e+00 0.00000e+00 0.00000e+00 0.00000e+00 0.00000e+00 0.00000e+00 0.00000e+00 
9.9 9.925 9.95 0.00000e+00 0.00000e+00 0.00000e+00 0.00000e+00 0.00000e+00 0.00000e+00 0.00000e+00 0.00000e+00 0.00000e+00 0.00000e+00 0.00000e+00 0.00000e+00 0.00000e+00 0.00000e+00 
9.95 9.975 10.0 0.00000e+00 0.00000e+00 0.00000e+00 0.00000e+00 0.00000e+00 0.00000e+00 0.00000e+00 0.00000e+00 0.00000e+00 0.00000e+00 0.00000e+00 0.00000e+00 0.00000e+00 0.00000e+00 
