0.0 0.025 0.05 8.13527e+01 1.87686e+00 7.40294e+01 1.72915e+00 9.06710e+01 2.06900e+00 7.64241e+01 1.73792e+00 7.86531e+01 1.86428e+00 8.73245e+01 2.04859e+00 8.42800e+01 1.89225e+00 
0.05 0.075 0.1 8.18442e+01 2.24529e+00 7.43458e+01 2.07032e+00 9.01556e+01 2.36175e+00 7.70105e+01 2.07244e+00 7.88418e+01 2.24018e+00 8.76954e+01 2.45849e+00 8.39608e+01 2.15595e+00 
0.1 0.125 0.15 8.37171e+01 2.41063e+00 7.60345e+01 2.19835e+00 9.35992e+01 2.80012e+00 7.86912e+01 2.21976e+00 8.07262e+01 2.38483e+00 8.98094e+01 2.64536e+00 8.70412e+01 2.54579e+00 
0.15 0.175 0.2 8.43023e+01 2.42666e+00 7.63504e+01 2.20640e+00 9.42826e+01 2.68738e+00 7.91768e+01 2.23060e+00 8.11268e+01 2.39779e+00 9.05145e+01 2.66784e+00 8.76056e+01 2.44209e+00 
0.2 0.225 0.25 8.81724e+01 2.58849e+00 8.02281e+01 2.39212e+00 9.83556e+01 2.83373e+00 8.29507e+01 2.38424e+00 8.51013e+01 2.59468e+00 9.44989e+01 2.84001e+00 9.15447e+01 2.58036e+00 
0.25 0.275 0.3 8.51367e+01 2.49751e+00 7.78008e+01 2.31899e+00 9.45135e+01 2.71464e+00 8.01812e+01 2.29738e+00 8.24418e+01 2.51945e+00 9.11409e+01 2.74351e+00 8.80727e+01 2.46969e+00 
0.3 0.325 0.35 8.82760e+01 2.70522e+00 8.06778e+01 2.48049e+00 9.82055e+01 3.02186e+00 8.32637e+01 2.48944e+00 8.53467e+01 2.69313e+00 9.43461e+01 2.97069e+00 9.16378e+01 2.74907e+00 
0.35 0.375 0.4 8.81002e+01 2.58988e+00 7.98328e+01 2.32427e+00 9.79294e+01 2.85098e+00 8.30856e+01 2.38109e+00 8.44427e+01 2.52524e+00 9.41750e+01 2.84727e+00 9.13724e+01 2.59126e+00 
0.4 0.425 0.45 8.23462e+01 2.47263e+00 7.64493e+01 2.36506e+00 9.09871e+01 2.68711e+00 7.79683e+01 2.27676e+00 8.05853e+01 2.56858e+00 8.76446e+01 2.71399e+00 8.52386e+01 2.44650e+00 
0.45 0.475 0.5 8.86045e+01 2.63060e+00 8.11700e+01 2.40655e+00 9.91345e+01 2.98934e+00 8.37453e+01 2.41941e+00 8.56852e+01 2.61438e+00 9.44886e+01 2.89029e+00 9.26749e+01 2.71776e+00 
0.5 0.525 0.55 9.00820e+01 2.54683e+00 8.32503e+01 2.36916e+00 9.88603e+01 2.76320e+00 8.53365e+01 2.34742e+00 8.76885e+01 2.56852e+00 9.58312e+01 2.79230e+00 9.26801e+01 2.51840e+00 
0.55 0.575 0.6 9.04928e+01 2.95758e+00 8.36346e+01 2.75058e+00 9.97755e+01 3.16456e+00 8.58936e+01 2.72162e+00 8.79047e+01 2.98726e+00 9.60576e+01 3.24745e+00 9.36994e+01 2.88090e+00 
0.6 0.625 0.65 8.88421e+01 2.70131e+00 8.23748e+01 2.53271e+00 9.84765e+01 3.05433e+00 8.46555e+01 2.49272e+00 8.62195e+01 2.74255e+00 9.39074e+01 2.95893e+00 9.28145e+01 2.78314e+00 
0.65 0.675 0.7 8.89557e+01 2.82350e+00 8.18978e+01 2.76947e+00 9.72922e+01 3.01962e+00 8.48689e+01 2.60027e+00 8.55768e+01 3.00775e+00 9.38983e+01 3.09875e+00 9.18613e+01 2.75010e+00 
0.7 0.725 0.75 9.54792e+01 3.15729e+00 8.81107e+01 2.79747e+00 1.04031e+02 3.39548e+00 9.10897e+01 2.90375e+00 9.20857e+01 3.03742e+00 1.00793e+02 3.46918e+00 9.82348e+01 3.08890e+00 
0.75 0.775 0.8 9.26993e+01 2.98242e+00 8.78949e+01 2.84367e+00 1.00713e+02 3.19691e+00 8.88738e+01 2.74627e+00 9.14841e+01 3.08722e+00 9.73246e+01 3.27365e+00 9.55657e+01 2.91100e+00 
0.8 0.825 0.85 1.05269e+02 3.35574e+00 9.84223e+01 3.13830e+00 1.14368e+02 3.62071e+00 1.00743e+02 3.08839e+00 1.02565e+02 3.40713e+00 1.10744e+02 3.68525e+00 1.08337e+02 3.29520e+00 
0.85 0.875 0.9 1.01801e+02 3.58331e+00 9.55446e+01 3.36053e+00 1.10179e+02 3.83814e+00 9.78147e+01 3.29293e+00 9.91529e+01 3.65578e+00 1.06624e+02 3.94072e+00 1.04800e+02 3.48903e+00 
0.9 0.925 0.95 9.87544e+01 3.80156e+00 9.32099e+01 3.56778e+00 1.06379e+02 4.06506e+00 9.54903e+01 3.49171e+00 9.60812e+01 3.88345e+00 1.02693e+02 4.18255e+00 1.01854e+02 3.69394e+00 
0.95 0.975 1.0 1.17925e+02 3.90249e+00 1.10851e+02 3.63921e+00 1.27360e+02 4.20414e+00 1.13236e+02 3.58537e+00 1.15135e+02 3.95988e+00 1.23595e+02 4.29121e+00 1.21938e+02 3.77394e+00 
1.0 1.025 1.05 1.19579e+02 4.07286e+00 1.09200e+02 3.42889e+00 1.29094e+02 4.40738e+00 1.15100e+02 3.73895e+00 1.12930e+02 3.72758e+00 1.24990e+02 4.48287e+00 1.23045e+02 4.00317e+00 
1.05 1.075 1.1 1.17425e+02 3.60322e+00 1.11498e+02 3.41966e+00 1.25189e+02 3.84526e+00 1.13839e+02 3.31960e+00 1.14645e+02 3.71105e+00 1.21760e+02 3.95305e+00 1.20241e+02 3.50342e+00 
1.1 1.125 1.15 1.21597e+02 3.81373e+00 1.16007e+02 3.57465e+00 1.29376e+02 4.08340e+00 1.17934e+02 3.50621e+00 1.19279e+02 3.88703e+00 1.26019e+02 4.19231e+00 1.24352e+02 3.71359e+00 
1.15 1.175 1.2 1.18983e+02 3.75510e+00 1.16363e+02 4.09976e+00 1.25605e+02 4.01412e+00 1.16166e+02 3.45885e+00 1.18965e+02 4.46072e+00 1.22376e+02 4.12036e+00 1.21594e+02 3.65692e+00 
1.2 1.225 1.25 1.18943e+02 4.47135e+00 1.15148e+02 4.20200e+00 1.25336e+02 3.80128e+00 1.16773e+02 4.10899e+00 1.16913e+02 4.57144e+00 1.21546e+02 4.91741e+00 1.22017e+02 3.47059e+00 
1.25 1.275 1.3 1.26234e+02 4.50940e+00 1.22319e+02 4.24388e+00 1.32038e+02 4.79871e+00 1.23738e+02 4.14057e+00 1.24433e+02 4.62137e+00 1.29235e+02 4.96323e+00 1.28430e+02 4.35950e+00 
1.3 1.325 1.35 1.18920e+02 4.51049e+00 1.16593e+02 4.22711e+00 1.22956e+02 4.82474e+00 1.17686e+02 4.14540e+00 1.17458e+02 4.59828e+00 1.20388e+02 4.95944e+00 1.20879e+02 4.38697e+00 
1.35 1.375 1.4 1.26059e+02 5.18733e+00 1.23761e+02 4.85349e+00 1.30094e+02 5.55347e+00 1.24750e+02 4.76089e+00 1.24698e+02 5.28730e+00 1.27618e+02 5.71058e+00 1.27916e+02 5.04379e+00 
1.4 1.425 1.45 1.19856e+02 5.24638e+00 1.16176e+02 4.79127e+00 1.22671e+02 5.61720e+00 1.19644e+02 4.81539e+00 1.15765e+02 5.21727e+00 1.20071e+02 5.77520e+00 1.21816e+02 5.10233e+00 
1.45 1.475 1.5 1.30634e+02 4.86942e+00 1.29389e+02 4.56200e+00 1.33502e+02 5.21016e+00 1.30096e+02 4.47713e+00 1.29566e+02 4.96057e+00 1.31256e+02 5.35191e+00 1.32257e+02 4.73939e+00 
1.5 1.525 1.55 1.37475e+02 4.94103e+00 1.36245e+02 4.62263e+00 1.40317e+02 5.29461e+00 1.36854e+02 4.53915e+00 1.36504e+02 5.03096e+00 1.38196e+02 5.43504e+00 1.38969e+02 4.81252e+00 
1.55 1.575 1.6 1.32273e+02 5.29770e+00 1.32488e+02 4.96214e+00 1.33466e+02 5.66445e+00 1.32942e+02 4.86514e+00 1.31461e+02 5.40271e+00 1.31411e+02 5.82916e+00 1.33689e+02 5.14756e+00 
1.6 1.625 1.65 1.30752e+02 5.66887e+00 1.31663e+02 5.29644e+00 1.34262e+02 7.10939e+00 1.32091e+02 5.20084e+00 1.28876e+02 5.73998e+00 1.29082e+02 6.24358e+00 1.35003e+02 6.44227e+00 
1.65 1.675 1.7 1.49598e+02 4.98490e+00 1.50480e+02 6.36026e+00 1.50557e+02 5.33617e+00 1.50086e+02 4.58399e+00 1.49700e+02 6.94389e+00 1.48966e+02 5.47808e+00 1.50560e+02 4.85494e+00 
1.7 1.725 1.75 1.48201e+02 6.91185e+00 1.49360e+02 6.44332e+00 1.48982e+02 7.22470e+00 1.49510e+02 6.33167e+00 1.47701e+02 7.03354e+00 1.46561e+02 7.62325e+00 1.49891e+02 6.54901e+00 
1.75 1.775 1.8 1.55721e+02 6.35483e+00 1.57975e+02 5.93463e+00 1.54664e+02 6.81628e+00 1.57311e+02 5.83221e+00 1.56093e+02 6.46589e+00 1.53748e+02 6.99705e+00 1.56038e+02 6.19032e+00 
1.8 1.825 1.85 1.64999e+02 6.49643e+00 1.67331e+02 6.04501e+00 1.63828e+02 6.99704e+00 1.66605e+02 5.96143e+00 1.65427e+02 6.58680e+00 1.63001e+02 7.15242e+00 1.65217e+02 6.35481e+00 
1.85 1.875 1.9 1.71194e+02 5.99460e+00 1.73346e+02 5.58318e+00 1.70245e+02 6.45104e+00 1.72784e+02 5.50347e+00 1.71453e+02 6.08073e+00 1.69213e+02 6.59785e+00 1.71605e+02 5.86067e+00 
1.9 1.925 1.95 1.70486e+02 5.53662e+00 1.73824e+02 5.16527e+00 1.68248e+02 5.94878e+00 1.73000e+02 5.09007e+00 1.71016e+02 5.61752e+00 1.67384e+02 6.08603e+00 1.70719e+02 5.41098e+00 
1.95 1.975 2.0 1.82048e+02 7.14283e+00 1.85571e+02 6.63140e+00 1.79550e+02 7.70922e+00 1.84321e+02 6.54686e+00 1.83045e+02 7.23439e+00 1.79233e+02 7.87402e+00 1.81782e+02 6.99288e+00 
2.0 2.025 2.05 1.88121e+02 6.42334e+00 1.92236e+02 5.97364e+00 1.84954e+02 6.92336e+00 1.90798e+02 5.89378e+00 1.89315e+02 6.50980e+00 1.84813e+02 7.07418e+00 1.87678e+02 6.28605e+00 
2.05 2.075 2.1 1.81090e+02 6.86933e+00 1.86569e+02 6.39724e+00 1.76429e+02 7.38888e+00 1.85110e+02 6.29819e+00 1.82312e+02 6.97710e+00 1.76147e+02 7.57111e+00 1.80775e+02 6.70395e+00 
2.1 2.125 2.15 2.12134e+02 8.10963e+00 2.16305e+02 7.51931e+00 2.08737e+02 8.76320e+00 2.14498e+02 7.42511e+00 2.13727e+02 8.21224e+00 2.09211e+02 8.94947e+00 2.04853e+02 6.65437e+00 
2.15 2.175 2.2 2.06329e+02 7.95799e+00 2.12168e+02 7.37093e+00 2.01245e+02 8.61039e+00 2.10156e+02 7.29233e+00 2.08153e+02 8.04341e+00 2.01624e+02 8.77410e+00 2.05395e+02 7.80940e+00 
2.2 2.225 2.25 2.31036e+02 8.37610e+00 2.36095e+02 7.76788e+00 2.21821e+02 9.08001e+00 2.33765e+02 7.69015e+00 2.33208e+02 8.46159e+00 2.27675e+02 9.21918e+00 2.24982e+02 8.23364e+00 
2.25 2.275 2.3 2.21157e+02 8.10455e+00 2.28148e+02 7.49592e+00 2.12526e+02 9.17086e+00 2.25799e+02 7.42841e+00 2.23355e+02 8.17815e+00 2.12976e+02 9.34238e+00 2.17920e+02 8.31698e+00 
2.3 2.325 2.35 2.35377e+02 6.60549e+00 2.41946e+02 6.12553e+00 2.29540e+02 7.14316e+00 2.39481e+02 6.06770e+00 2.37702e+02 6.66777e+00 2.30323e+02 7.26697e+00 2.34062e+02 6.49245e+00 
2.35 2.375 2.4 2.48104e+02 7.64075e+00 2.51414e+02 7.32985e+00 2.42764e+02 8.45682e+00 2.51608e+02 7.00712e+00 2.47535e+02 7.99724e+00 2.43790e+02 8.41834e+00 2.46575e+02 7.67592e+00 
2.4 2.425 2.45 2.34818e+02 1.00038e+01 2.43363e+02 9.26136e+00 2.26912e+02 1.08153e+01 2.40751e+02 9.14733e+00 2.37321e+02 1.01290e+01 2.27530e+02 1.10544e+01 2.33656e+02 9.78854e+00 
2.45 2.475 2.5 2.70267e+02 8.71972e+00 2.82899e+02 8.35086e+00 2.70163e+02 9.78601e+00 2.74203e+02 7.98602e+00 2.79454e+02 9.12262e+00 2.65424e+02 9.62001e+00 2.68164e+02 8.58546e+00 
2.5 2.525 2.55 2.65167e+02 7.58478e+00 2.73297e+02 6.99543e+00 2.57597e+02 8.25014e+00 2.70290e+02 6.95935e+00 2.68127e+02 7.62342e+00 2.58868e+02 8.35322e+00 2.63430e+02 7.49069e+00 
2.55 2.575 2.6 2.74820e+02 8.11042e+00 2.83263e+02 7.48317e+00 2.66828e+02 8.81856e+00 2.79846e+02 7.44038e+00 2.78247e+02 8.15680e+00 2.68640e+02 8.93296e+00 2.72608e+02 8.00655e+00 
2.6 2.625 2.65 2.86693e+02 8.73478e+00 2.95231e+02 8.06440e+00 2.78565e+02 9.48671e+00 2.91687e+02 8.00221e+00 2.90276e+02 8.80281e+00 2.80549e+02 9.63368e+00 2.84337e+02 8.60202e+00 
2.65 2.675 2.7 2.99712e+02 7.85619e+00 3.08460e+02 7.25031e+00 2.91338e+02 8.53870e+00 3.04553e+02 7.20703e+00 3.03714e+02 7.90312e+00 2.93762e+02 8.65387e+00 2.96976e+02 7.75161e+00 
2.7 2.725 2.75 2.87019e+02 9.53735e+00 2.97888e+02 8.78381e+00 2.76239e+02 1.03889e+01 2.93952e+02 8.73836e+00 2.91068e+02 9.58714e+00 2.78507e+02 1.05172e+01 2.84433e+02 9.42157e+00 
2.75 2.775 2.8 3.06630e+02 7.90108e+00 3.16301e+02 7.26642e+00 2.97142e+02 8.62350e+00 3.12216e+02 7.24906e+00 3.10868e+02 7.91958e+00 2.99766e+02 8.70190e+00 3.03751e+02 7.82969e+00 
2.8 2.825 2.85 3.44019e+02 9.65887e+00 3.51488e+02 8.85435e+00 3.37043e+02 1.05772e+01 3.47418e+02 8.84445e+00 3.48265e+02 9.66976e+00 3.39823e+02 1.06577e+01 3.41017e+02 9.58634e+00 
2.85 2.875 2.9 3.24182e+02 9.35892e+00 3.34783e+02 8.56799e+00 3.13627e+02 1.02653e+01 3.30466e+02 8.57901e+00 3.28716e+02 9.34656e+00 3.16459e+02 1.03147e+01 3.21142e+02 9.31407e+00 
2.9 2.925 2.95 3.28084e+02 1.00368e+01 3.39430e+02 9.19222e+00 3.16588e+02 1.10015e+01 3.34863e+02 9.19422e+00 3.32919e+02 1.00346e+01 3.19764e+02 1.10689e+01 3.24759e+02 9.97603e+00 
2.95 2.975 3.0 3.55011e+02 9.97962e+00 3.64465e+02 9.11582e+00 3.45739e+02 1.09724e+01 3.59939e+02 9.13795e+00 3.59834e+02 9.95548e+00 3.48944e+02 1.10116e+01 3.51695e+02 9.94460e+00 
3.0 3.025 3.05 3.49541e+02 9.77410e+00 3.60489e+02 8.90641e+00 3.45814e+02 1.13611e+01 3.55731e+02 8.95185e+00 3.54662e+02 9.72408e+00 3.41934e+02 1.07826e+01 3.52647e+02 1.02905e+01 
3.05 3.075 3.1 3.74315e+02 1.04739e+01 3.83239e+02 9.54855e+00 3.65672e+02 1.15408e+01 3.78996e+02 9.58805e+00 3.78905e+02 1.04305e+01 3.68545e+02 1.15600e+01 3.71375e+02 1.04565e+01 
3.1 3.125 3.15 3.50783e+02 1.03349e+01 3.63576e+02 9.46751e+00 3.37566e+02 1.13235e+01 3.58705e+02 9.46131e+00 3.56083e+02 1.03419e+01 3.41061e+02 1.14061e+01 3.47298e+02 1.02606e+01 
3.15 3.175 3.2 3.87222e+02 1.03227e+01 3.97369e+02 9.40466e+00 3.76958e+02 1.13812e+01 3.92298e+02 9.45425e+00 3.92778e+02 1.02684e+01 3.80966e+02 1.13868e+01 3.83313e+02 1.03178e+01 
3.2 3.225 3.25 4.01908e+02 1.06257e+01 4.11347e+02 9.68349e+00 3.92411e+02 1.17123e+01 4.06466e+02 9.72885e+00 4.07302e+02 1.05764e+01 3.96284e+02 1.17244e+01 3.98166e+02 1.06154e+01 
3.25 3.275 3.3 3.85336e+02 9.89654e+00 3.96957e+02 8.98901e+00 3.73529e+02 1.17231e+01 3.91868e+02 9.07054e+00 3.90996e+02 9.80724e+00 3.77712e+02 1.17211e+01 3.81701e+02 1.06275e+01 
3.3 3.325 3.35 4.19522e+02 1.05383e+01 4.28674e+02 9.55723e+00 4.10338e+02 1.16861e+01 4.24038e+02 9.65212e+00 4.25796e+02 9.77173e+00 4.13931e+02 1.16240e+01 4.16108e+02 1.05948e+01 
3.35 3.375 3.4 4.12047e+02 9.19253e+00 4.23217e+02 8.34553e+00 4.00409e+02 1.01833e+01 4.17864e+02 8.43101e+00 4.18084e+02 9.09885e+00 4.04891e+02 1.01270e+01 4.07886e+02 9.24332e+00 
3.4 3.425 3.45 4.17929e+02 8.51340e+00 4.28847e+02 7.74521e+00 4.06529e+02 9.40925e+00 4.23696e+02 7.81380e+00 4.23792e+02 8.43839e+00 4.10822e+02 9.37293e+00 4.13990e+02 8.54638e+00 
3.45 3.475 3.5 4.38648e+02 9.37708e+00 4.47940e+02 8.51730e+00 4.29071e+02 1.03795e+01 4.42902e+02 8.59747e+00 4.44430e+02 9.28955e+00 4.33390e+02 1.03338e+01 4.34732e+02 9.41872e+00 
3.5 3.525 3.55 4.25504e+02 9.53128e+00 4.37341e+02 8.69549e+00 4.13251e+02 1.05399e+01 4.31507e+02 8.73648e+00 4.32207e+02 9.48715e+00 4.18120e+02 1.05073e+01 4.21147e+02 9.56160e+00 
3.55 3.575 3.6 4.53183e+02 1.06286e+01 4.62353e+02 9.63067e+00 4.43803e+02 1.17977e+01 4.57340e+02 9.73201e+00 4.59031e+02 1.05184e+01 4.48043e+02 1.17284e+01 4.49462e+02 1.06925e+01 
3.6 3.625 3.65 4.39880e+02 1.12413e+01 4.50892e+02 1.01719e+01 4.28080e+02 1.24938e+01 4.45332e+02 1.02880e+01 4.46374e+02 1.11148e+01 4.33170e+02 1.24101e+01 4.35426e+02 1.13180e+01 
3.65 3.675 3.7 4.62120e+02 1.06562e+01 4.73143e+02 9.88341e+00 4.51575e+02 1.18448e+01 4.66282e+02 9.75929e+00 4.70100e+02 1.07947e+01 4.56991e+02 1.17560e+01 4.57431e+02 1.07376e+01 
3.7 3.725 3.75 4.59206e+02 8.89987e+00 4.68722e+02 8.03874e+00 4.48987e+02 9.91802e+00 4.63585e+02 8.16679e+00 4.65347e+02 8.75991e+00 4.53793e+02 9.80016e+00 4.55128e+02 9.00675e+00 
3.75 3.775 3.8 4.45460e+02 1.09032e+01 4.54928e+02 8.68797e+00 4.33537e+02 1.21777e+01 4.51119e+02 9.98261e+00 4.50216e+02 9.47728e+00 4.38473e+02 1.20319e+01 4.41315e+02 1.10358e+01 
3.8 3.825 3.85 4.68867e+02 9.40376e+00 4.78253e+02 8.47174e+00 4.58595e+02 1.05083e+01 4.72731e+02 8.62388e+00 4.75518e+02 9.23747e+00 4.64093e+02 1.03610e+01 4.64264e+02 9.53727e+00 
3.85 3.875 3.9 4.49049e+02 1.12966e+01 4.62222e+02 9.64589e+00 4.36723e+02 1.26422e+01 4.60315e+02 9.28003e+00 4.58037e+02 1.05330e+01 4.42217e+02 1.24690e+01 4.51366e+02 1.02839e+01 
3.9 3.925 3.95 4.80418e+02 9.28720e+00 4.88603e+02 8.35127e+00 4.71332e+02 1.04023e+01 4.83454e+02 8.51827e+00 4.86773e+02 9.10493e+00 4.76642e+02 1.02313e+01 4.76118e+02 9.44249e+00 
3.95 3.975 4.0 4.77540e+02 8.70979e+00 4.86013e+02 7.82776e+00 4.68215e+02 9.76363e+00 4.81170e+02 7.99709e+00 4.83618e+02 8.52492e+00 4.73044e+02 9.58539e+00 4.73740e+02 8.87156e+00 
4.0 4.025 4.05 4.67939e+02 1.11174e+01 4.77151e+02 9.96410e+00 4.57643e+02 1.24929e+01 4.72632e+02 1.01758e+01 4.73717e+02 1.08862e+01 4.62132e+02 1.22723e+01 4.64511e+02 1.13178e+01 
4.05 4.075 4.1 4.90232e+02 1.02696e+01 4.97686e+02 9.23770e+00 4.81678e+02 1.14934e+01 4.92829e+02 9.40515e+00 4.96421e+02 1.00872e+01 4.86999e+02 1.13313e+01 4.86102e+02 1.04173e+01 
4.1 4.125 4.15 4.90223e+02 9.68855e+00 4.97536e+02 8.69655e+00 4.81848e+02 1.08725e+01 4.92968e+02 8.88167e+00 4.96152e+02 9.48670e+00 4.86809e+02 1.06794e+01 4.86485e+02 9.86420e+00 
4.15 4.175 4.2 4.76052e+02 8.42529e+00 4.84805e+02 7.55106e+00 4.65871e+02 9.47746e+00 4.80102e+02 7.74010e+00 4.82172e+02 8.21912e+00 4.71042e+02 9.26776e+00 4.72175e+02 8.61580e+00 
4.2 4.225 4.25 4.74397e+02 1.18472e+01 4.82798e+02 9.83989e+00 4.64252e+02 1.33312e+01 4.78360e+02 1.08385e+01 4.80270e+02 1.07488e+01 4.69493e+02 1.30844e+01 4.70527e+02 1.20718e+01 
4.25 4.275 4.3 4.99527e+02 1.20112e+01 5.05399e+02 1.07303e+01 4.92478e+02 1.35484e+01 5.01107e+02 1.09882e+01 5.05306e+02 1.17299e+01 4.97532e+02 1.32657e+01 4.95889e+02 1.22682e+01 
4.3 4.325 4.35 4.81473e+02 8.61479e+00 4.88412e+02 7.69400e+00 4.73138e+02 9.72730e+00 4.84188e+02 7.91025e+00 4.87218e+02 8.37886e+00 4.78090e+02 9.48090e+00 4.77980e+02 8.83849e+00 
4.35 4.375 4.4 4.93102e+02 9.56085e+00 4.98590e+02 8.52196e+00 4.86328e+02 1.08161e+01 4.94702e+02 8.76744e+00 4.98524e+02 9.29296e+00 4.91088e+02 1.05349e+01 4.89837e+02 9.81615e+00 
4.4 4.425 4.45 4.81306e+02 9.73189e+00 4.87801e+02 8.66747e+00 4.73263e+02 1.10208e+01 4.84135e+02 8.92249e+00 4.86548e+02 9.45367e+00 4.77781e+02 1.07257e+01 4.78336e+02 9.99982e+00 
4.45 4.475 4.5 4.66650e+02 9.22218e+00 4.74503e+02 8.30081e+00 4.57797e+02 1.04404e+01 4.69872e+02 8.45937e+00 4.72976e+02 9.05137e+00 4.62654e+02 1.01593e+01 4.63410e+02 9.47789e+00 
4.5 4.525 4.55 4.88094e+02 8.02175e+00 4.92571e+02 7.13779e+00 4.82243e+02 9.10002e+00 4.89275e+02 7.37482e+00 4.92998e+02 7.76335e+00 4.86589e+02 8.81766e+00 4.85371e+02 8.27823e+00 
4.55 4.575 4.6 4.73681e+02 8.29308e+00 4.79391e+02 7.36684e+00 4.66241e+02 9.42429e+00 4.76090e+02 7.61950e+00 4.78645e+02 8.01745e+00 4.70675e+02 9.12185e+00 4.70944e+02 8.56758e+00 
4.6 4.625 4.65 4.61402e+02 9.90457e+00 4.67169e+02 7.34596e+00 4.54184e+02 1.12722e+01 4.63579e+02 9.07515e+00 4.66706e+02 7.99649e+00 4.58684e+02 1.09233e+01 4.58632e+02 1.02218e+01 
4.65 4.675 4.7 4.56742e+02 9.67292e+00 4.62624e+02 8.57713e+00 4.52336e+02 1.00495e+01 4.59370e+02 8.86758e+00 4.61715e+02 9.35628e+00 4.53460e+02 1.06618e+01 4.57051e+02 9.12819e+00 
4.7 4.725 4.75 4.79431e+02 1.07124e+01 4.79101e+02 7.69118e+00 4.74725e+02 1.22126e+01 4.79773e+02 9.80785e+00 4.80120e+02 8.37811e+00 4.78967e+02 1.18228e+01 4.77016e+02 1.10665e+01 
4.75 4.775 4.8 4.56743e+02 9.75797e+00 4.60421e+02 8.73621e+00 4.50043e+02 1.11399e+01 4.58601e+02 8.94625e+00 4.60241e+02 9.52930e+00 4.53031e+02 1.08997e+01 4.54262e+02 1.01083e+01 
4.8 4.825 4.85 4.59952e+02 1.06434e+01 4.63315e+02 9.39376e+00 4.51236e+02 1.00944e+01 4.60774e+02 9.74560e+00 4.64257e+02 1.02594e+01 4.58896e+02 1.17454e+01 4.54566e+02 9.17015e+00 
4.85 4.875 4.9 4.61733e+02 1.00970e+01 4.64176e+02 8.89241e+00 4.57625e+02 1.15837e+01 4.62089e+02 9.25189e+00 4.65565e+02 9.70496e+00 4.61231e+02 1.11346e+01 4.60015e+02 1.05050e+01 
4.9 4.925 4.95 4.51315e+02 9.10764e+00 4.53462e+02 8.02774e+00 4.47541e+02 1.04395e+01 4.51609e+02 8.35469e+00 4.54912e+02 8.75113e+00 4.50884e+02 1.00333e+01 4.49870e+02 9.47653e+00 
4.95 4.975 5.0 4.42144e+02 8.97021e+00 4.45241e+02 7.90420e+00 4.36973e+02 1.02872e+01 4.42995e+02 8.22948e+00 4.46211e+02 8.61568e+00 4.41051e+02 9.88103e+00 4.40084e+02 9.33929e+00 
5.0 5.025 5.05 4.28416e+02 8.36472e+00 4.31981e+02 7.35871e+00 4.22505e+02 9.62219e+00 4.29666e+02 7.68121e+00 4.32572e+02 8.01333e+00 4.26835e+02 9.20564e+00 4.26153e+02 8.74319e+00 
5.05 5.075 5.1 4.36842e+02 7.36389e+00 4.38280e+02 6.47860e+00 4.33557e+02 8.46849e+00 4.36964e+02 6.77642e+00 4.39944e+02 7.03964e+00 4.36632e+02 8.08822e+00 4.35769e+02 7.70961e+00 
5.1 5.125 5.15 4.13379e+02 7.73464e+00 4.16554e+02 6.78698e+00 4.07892e+02 8.91874e+00 4.14337e+02 7.11102e+00 4.17455e+02 7.38164e+00 4.12152e+02 8.50264e+00 4.11230e+02 8.11276e+00 
5.15 5.175 5.2 4.14950e+02 8.87119e+00 4.16123e+02 7.76689e+00 4.12122e+02 8.70733e+00 4.15186e+02 8.13900e+00 4.17652e+02 8.46552e+00 4.14595e+02 9.77094e+00 4.14387e+02 7.92217e+00 
5.2 5.225 5.25 4.14907e+02 9.82793e+00 4.15474e+02 8.56312e+00 4.12509e+02 1.14152e+01 4.14217e+02 9.01116e+00 4.17964e+02 9.33899e+00 4.15697e+02 1.08290e+01 4.13782e+02 1.03599e+01 
5.25 5.275 5.3 3.95736e+02 9.02626e+00 3.97857e+02 7.87271e+00 3.91290e+02 1.04773e+01 3.96554e+02 8.28768e+00 3.98879e+02 8.57400e+00 3.94680e+02 9.93248e+00 3.94475e+02 9.52125e+00 
5.3 5.325 5.35 4.11114e+02 8.51140e+00 4.10139e+02 7.45533e+00 4.10376e+02 9.83314e+00 4.09795e+02 7.81128e+00 4.13210e+02 8.12394e+00 4.12675e+02 9.37328e+00 4.10851e+02 8.92977e+00 
5.35 5.375 5.4 3.69037e+02 9.32467e+00 3.72159e+02 8.14655e+00 3.63171e+02 1.07999e+01 3.70480e+02 8.54654e+00 3.72606e+02 8.88877e+00 3.67223e+02 1.02816e+01 3.67214e+02 9.79578e+00 
5.4 5.425 5.45 4.00270e+02 8.00543e+00 3.97436e+02 6.96718e+00 4.01838e+02 9.31772e+00 3.98121e+02 7.35837e+00 4.01242e+02 7.57914e+00 4.02845e+02 8.80146e+00 4.01200e+02 8.47437e+00 
5.45 5.475 5.5 3.72411e+02 7.02121e+00 3.72077e+02 6.11864e+00 3.70759e+02 8.16502e+00 3.72029e+02 6.46370e+00 3.74187e+02 6.64571e+00 3.72834e+02 7.70881e+00 3.72381e+02 7.43606e+00 
5.5 5.525 5.55 3.56311e+02 8.71043e+00 3.56776e+02 7.58281e+00 3.53549e+02 1.01346e+01 3.56212e+02 7.98673e+00 3.58636e+02 8.27026e+00 3.56373e+02 9.60082e+00 3.55599e+02 9.19543e+00 
5.55 5.575 5.6 3.47933e+02 7.66691e+00 3.47960e+02 6.63624e+00 3.45745e+02 8.98292e+00 3.47747e+02 7.04652e+00 3.49862e+02 7.21973e+00 3.48120e+02 8.43007e+00 3.47618e+02 8.16900e+00 
5.6 5.625 5.65 3.56109e+02 6.48167e+00 3.54643e+02 5.62920e+00 3.55520e+02 7.57316e+00 3.54941e+02 5.97630e+00 3.57505e+02 6.10429e+00 3.57496e+02 7.10567e+00 3.56194e+02 6.90710e+00 
5.65 5.675 5.7 3.30556e+02 7.17667e+00 3.30266e+02 6.21507e+00 3.28668e+02 8.40525e+00 3.30413e+02 6.60130e+00 3.32093e+02 6.75614e+00 3.30687e+02 7.88556e+00 3.30585e+02 7.64905e+00 
5.7 5.725 5.75 3.46437e+02 7.49348e+00 3.42967e+02 6.48756e+00 3.48432e+02 8.78066e+00 3.43928e+02 6.88663e+00 3.47069e+02 7.05916e+00 3.49462e+02 8.24152e+00 3.47352e+02 7.98382e+00 
5.75 5.775 5.8 3.07206e+02 7.05444e+00 3.07214e+02 6.09465e+00 3.04886e+02 8.28656e+00 3.07323e+02 6.48955e+00 3.08756e+02 6.62461e+00 3.07020e+02 7.75059e+00 3.07113e+02 7.54173e+00 
5.8 5.825 5.85 3.31368e+02 7.10869e+00 3.27350e+02 6.14161e+00 3.34023e+02 8.35099e+00 3.29109e+02 6.53982e+00 3.31133e+02 6.67560e+00 3.34083e+02 7.80956e+00 3.33184e+02 7.60141e+00 
5.85 5.875 5.9 3.05654e+02 6.52241e+00 3.03549e+02 5.63379e+00 3.05973e+02 7.66772e+00 3.04403e+02 6.00609e+00 3.06370e+02 6.11775e+00 3.07147e+02 7.16007e+00 3.06425e+02 6.98457e+00 
5.9 5.925 5.95 2.90881e+02 6.11490e+00 2.89646e+02 5.28188e+00 2.89998e+02 7.19149e+00 2.90214e+02 5.63969e+00 2.91896e+02 5.72635e+00 2.91663e+02 6.70226e+00 2.91199e+02 6.56060e+00 
5.95 5.975 6.0 2.97647e+02 7.34091e+00 2.92327e+02 6.55414e+00 2.99576e+02 8.67848e+00 2.95691e+02 6.74727e+00 2.95591e+02 7.13550e+00 2.99998e+02 8.07184e+00 2.99071e+02 7.89254e+00 
6.0 6.025 6.05 2.80155e+02 6.07759e+00 2.77659e+02 5.23783e+00 2.80733e+02 7.16558e+00 2.78942e+02 5.60543e+00 2.80356e+02 5.67847e+00 2.81610e+02 6.66120e+00 2.81163e+02 6.53715e+00 
6.05 6.075 6.1 2.66283e+02 7.03171e+00 2.63871e+02 6.04130e+00 2.66874e+02 8.31242e+00 2.65286e+02 6.46623e+00 2.66294e+02 6.56935e+00 2.67467e+02 7.72821e+00 2.67502e+02 7.56304e+00 
6.1 6.125 6.15 2.63800e+02 6.63898e+00 2.60434e+02 5.68679e+00 2.65388e+02 7.87866e+00 2.62168e+02 6.11038e+00 2.63441e+02 6.17828e+00 2.65760e+02 7.29036e+00 2.65202e+02 7.17424e+00 
6.15 6.175 6.2 2.48777e+02 6.56692e+00 2.49173e+02 5.93415e+00 2.48875e+02 7.78967e+00 2.47840e+02 6.04272e+00 2.51761e+02 6.45472e+00 2.49883e+02 7.21392e+00 2.49594e+02 7.09115e+00 
6.2 6.225 6.25 2.47264e+02 6.20349e+00 2.43062e+02 5.31885e+00 2.50071e+02 7.35747e+00 2.45420e+02 5.71207e+00 2.46161e+02 5.77647e+00 2.49492e+02 6.81056e+00 2.49472e+02 6.70176e+00 
6.25 6.275 6.3 2.40463e+02 5.85039e+00 2.36417e+02 5.00721e+00 2.43059e+02 6.95606e+00 2.38562e+02 5.39467e+00 2.39561e+02 5.42985e+00 2.42758e+02 6.41381e+00 2.42821e+02 6.39167e+00 
6.3 6.325 6.35 2.31077e+02 5.88263e+00 2.29749e+02 4.91619e+00 2.32774e+02 7.04441e+00 2.29282e+02 5.42439e+00 2.33007e+02 5.32825e+00 2.33248e+02 6.44841e+00 2.32273e+02 6.42537e+00 
6.35 6.375 6.4 2.07806e+02 6.13236e+00 2.06050e+02 5.22348e+00 2.10402e+02 7.17859e+00 2.07285e+02 5.64743e+00 2.07845e+02 5.67154e+00 2.08419e+02 6.73108e+00 2.11182e+02 6.54262e+00 
6.4 6.425 6.45 2.09550e+02 5.15800e+00 2.06200e+02 4.40965e+00 2.09634e+02 7.68195e+00 2.07834e+02 4.76535e+00 2.09096e+02 4.77259e+00 2.11629e+02 5.64486e+00 2.09350e+02 6.99062e+00 
6.45 6.475 6.5 2.05529e+02 5.47292e+00 2.01167e+02 4.66311e+00 2.08796e+02 6.54528e+00 2.03519e+02 5.04996e+00 2.04263e+02 5.05333e+00 2.07961e+02 5.99649e+00 2.07797e+02 5.97328e+00 
6.5 6.525 6.55 1.90030e+02 6.04740e+00 1.85441e+02 5.18723e+00 1.93145e+02 6.84133e+00 1.89068e+02 5.56686e+00 1.87356e+02 5.63498e+00 1.91182e+02 6.64121e+00 1.93299e+02 6.23727e+00 
6.55 6.575 6.6 1.86110e+02 5.16303e+00 1.82985e+02 4.38969e+00 1.86861e+02 7.17653e+00 1.84524e+02 4.76907e+00 1.85109e+02 5.50815e+00 1.88034e+02 5.65141e+00 1.86513e+02 6.53371e+00 
6.6 6.625 6.65 1.76037e+02 4.95081e+00 1.72939e+02 4.20860e+00 1.74354e+02 6.64947e+00 1.74677e+02 4.57586e+00 1.75348e+02 4.55313e+00 1.77676e+02 5.41604e+00 1.74481e+02 6.06106e+00 
6.65 6.675 6.7 1.62027e+02 5.29158e+00 1.59676e+02 4.48439e+00 1.62666e+02 6.36995e+00 1.60929e+02 4.88227e+00 1.61800e+02 4.85998e+00 1.63356e+02 5.79836e+00 1.62749e+02 5.81254e+00 
6.7 6.725 6.75 1.63940e+02 5.21173e+00 1.59563e+02 4.41137e+00 1.67394e+02 6.28252e+00 1.62161e+02 4.80735e+00 1.62213e+02 4.78239e+00 1.66092e+02 5.71222e+00 1.66434e+02 5.73189e+00 
6.75 6.775 6.8 1.52688e+02 5.25689e+00 1.49243e+02 4.42998e+00 1.54884e+02 6.37096e+00 1.51282e+02 4.84839e+00 1.51548e+02 4.80303e+00 1.54394e+02 5.76201e+00 1.54417e+02 5.81207e+00 
6.8 6.825 6.85 1.44003e+02 4.61832e+00 1.43358e+02 4.00650e+00 1.46390e+02 5.57629e+00 1.42749e+02 4.27012e+00 1.45706e+02 4.33534e+00 1.45520e+02 5.05078e+00 1.46025e+02 5.09823e+00 
6.85 6.875 6.9 1.40831e+02 5.43482e+00 1.36557e+02 4.56584e+00 1.44328e+02 6.60520e+00 1.39116e+02 5.00603e+00 1.39019e+02 4.95664e+00 1.42916e+02 5.96471e+00 1.43280e+02 6.01799e+00 
6.9 6.925 6.95 1.37909e+02 4.97635e+00 1.33269e+02 4.16703e+00 1.42598e+02 6.57932e+00 1.36047e+02 4.59482e+00 1.33717e+02 4.80924e+00 1.40173e+02 5.44810e+00 1.41270e+02 5.99824e+00 
6.95 6.975 7.0 1.23904e+02 4.52678e+00 1.20814e+02 3.78496e+00 1.25855e+02 5.55272e+00 1.22596e+02 4.18530e+00 1.22881e+02 4.09298e+00 1.25494e+02 4.95047e+00 1.25335e+02 5.07595e+00 
7.0 7.025 7.05 1.16645e+02 5.26535e+00 1.13271e+02 4.38378e+00 1.17651e+02 6.15189e+00 1.15352e+02 4.84688e+00 1.15252e+02 4.76185e+00 1.18213e+02 5.78243e+00 1.17198e+02 5.60513e+00 
7.05 7.075 7.1 1.13317e+02 4.84095e+00 1.09738e+02 4.03598e+00 1.12121e+02 5.18456e+00 1.11768e+02 4.46367e+00 1.11942e+02 4.37693e+00 1.15205e+02 5.30813e+00 1.11575e+02 4.74602e+00 
7.1 7.125 7.15 1.04624e+02 4.64804e+00 1.00777e+02 3.89311e+00 1.08103e+02 5.67282e+00 1.03392e+02 4.29010e+00 1.02575e+02 4.21810e+00 1.06115e+02 5.09202e+00 1.07401e+02 5.17821e+00 
7.15 7.175 7.2 9.68551e+01 3.85621e+00 9.39696e+01 3.23704e+00 9.80355e+01 4.33698e+00 9.55456e+01 3.57367e+00 9.58676e+01 3.49279e+00 9.84505e+01 4.20807e+00 9.73752e+01 3.98397e+00 
7.2 7.225 7.25 8.82287e+01 4.01132e+00 8.58059e+01 3.35308e+00 8.98461e+01 4.91839e+00 8.72891e+01 3.71136e+00 8.73190e+01 3.62394e+00 8.93712e+01 4.38446e+00 8.95201e+01 4.49913e+00 
7.25 7.275 7.3 8.47391e+01 3.42997e+00 8.21604e+01 2.88437e+00 8.92730e+01 4.79370e+00 8.37967e+01 3.19275e+00 8.36369e+01 3.09870e+00 8.58868e+01 3.72675e+00 8.86502e+01 4.38927e+00 
7.3 7.325 7.35 7.99094e+01 3.84567e+00 7.69564e+01 3.20718e+00 8.24541e+01 4.72830e+00 7.89201e+01 3.56043e+00 7.84161e+01 3.46436e+00 8.11126e+01 4.20094e+00 8.19200e+01 4.32831e+00 
7.35 7.375 7.4 7.11914e+01 3.41086e+00 6.87754e+01 2.23740e+00 7.27320e+01 4.18935e+00 7.02825e+01 3.16383e+00 7.01407e+01 2.38289e+00 7.18544e+01 2.82544e+00 7.23042e+01 3.84185e+00 
7.4 7.425 7.45 7.23454e+01 3.44410e+00 7.04389e+01 2.86675e+00 7.50357e+01 4.21624e+00 7.12630e+01 3.20370e+00 7.20252e+01 3.08128e+00 7.36644e+01 3.74507e+00 7.42918e+01 3.87721e+00 
7.45 7.475 7.5 6.22153e+01 3.16360e+00 6.03310e+01 2.65513e+00 6.34778e+01 3.68844e+00 6.15665e+01 2.94733e+00 6.14078e+01 2.85068e+00 6.30031e+01 3.43465e+00 6.33055e+01 3.40487e+00 
7.5 7.525 7.55 5.67443e+01 3.18361e+00 5.46237e+01 2.65362e+00 5.85952e+01 3.92910e+00 5.61334e+01 2.96487e+00 5.55894e+01 2.84938e+00 5.74887e+01 3.45709e+00 5.83545e+01 3.61736e+00 
7.55 7.575 7.6 4.88822e+01 2.60432e+00 4.75510e+01 2.20060e+00 4.95168e+01 3.17613e+00 4.83269e+01 2.43786e+00 4.84628e+01 2.35197e+00 4.95018e+01 2.81354e+00 4.93732e+01 2.93938e+00 
7.6 7.625 7.65 5.48633e+01 3.15186e+00 5.21484e+01 2.62798e+00 5.47937e+01 3.69444e+00 5.35362e+01 2.92364e+00 5.37553e+01 2.83373e+00 5.64889e+01 3.43700e+00 5.38608e+01 3.39458e+00 
7.65 7.675 7.7 4.35714e+01 2.96140e+00 4.24171e+01 2.48583e+00 4.42390e+01 3.63687e+00 4.32021e+01 2.75936e+00 4.31230e+01 2.66910e+00 4.40174e+01 3.21508e+00 4.42785e+01 3.35025e+00 
7.7 7.725 7.75 4.06264e+01 2.81718e+00 4.03061e+01 2.33302e+00 4.18081e+01 3.47057e+00 4.00464e+01 2.63181e+00 4.12770e+01 2.49703e+00 4.13323e+01 3.05048e+00 4.15073e+01 3.20525e+00 
7.75 7.775 7.8 3.73629e+01 2.52850e+00 3.56810e+01 2.10738e+00 3.89453e+01 3.13644e+00 3.65902e+01 2.36343e+00 3.66796e+01 2.25570e+00 3.83080e+01 2.73604e+00 3.83263e+01 2.89856e+00 
7.8 7.825 7.85 3.31166e+01 2.47205e+00 3.16475e+01 2.06779e+00 3.43474e+01 3.05063e+00 3.26668e+01 2.31362e+00 3.23067e+01 2.21049e+00 3.36640e+01 2.67186e+00 3.41156e+01 2.82257e+00 
7.85 7.875 7.9 3.16256e+01 2.30244e+00 3.04445e+01 1.93650e+00 3.29149e+01 2.84275e+00 3.11381e+01 2.17116e+00 3.11573e+01 2.05476e+00 3.22193e+01 2.46880e+00 3.26162e+01 2.65006e+00 
7.9 7.925 7.95 2.57492e+01 2.04509e+00 2.55706e+01 1.68453e+00 2.63127e+01 2.50985e+00 2.54131e+01 1.94081e+00 2.61692e+01 1.77194e+00 2.61602e+01 2.17810e+00 2.61938e+01 2.35501e+00 
7.95 7.975 8.0 2.85740e+01 2.22323e+00 2.65220e+01 1.83437e+00 3.09703e+01 2.79460e+00 2.79710e+01 2.08843e+00 2.72300e+01 1.95229e+00 2.93102e+01 2.39355e+00 3.03776e+01 2.59330e+00 
8.0 8.025 8.05 2.04202e+01 1.54372e+00 2.04061e+01 1.52753e+00 2.08573e+01 1.82403e+00 2.02118e+01 1.50808e+00 2.08484e+01 1.59295e+00 2.06748e+01 1.59081e+00 2.08521e+01 1.77196e+00 
8.05 8.075 8.1 1.83295e+01 1.54502e+00 1.73244e+01 1.33126e+00 1.90702e+01 1.86192e+00 1.80643e+01 1.47972e+00 1.76936e+01 1.39307e+00 1.86532e+01 1.62957e+00 1.89272e+01 1.76643e+00 
8.1 8.125 8.15 1.65935e+01 1.43280e+00 1.60075e+01 1.24671e+00 1.82267e+01 1.72140e+00 1.62820e+01 1.38706e+00 1.64479e+01 1.29189e+00 1.69750e+01 1.49265e+00 1.79189e+01 1.65284e+00 
8.15 8.175 8.2 1.45715e+01 1.31868e+00 1.38717e+01 1.13098e+00 1.50362e+01 1.56149e+00 1.42692e+01 1.26250e+00 1.42657e+01 1.18344e+00 1.49419e+01 1.39132e+00 1.48194e+01 1.48351e+00 
8.2 8.225 8.25 1.07329e+01 1.38734e+00 1.00505e+01 1.17267e+00 9.98171e+00 1.56061e+00 1.06586e+01 1.32668e+00 1.01855e+01 1.22834e+00 1.08224e+01 1.46585e+00 1.00816e+01 1.47446e+00 
8.25 8.275 8.3 8.43865e+00 9.39045e-01 7.86481e+00 7.98478e-01 8.62608e+00 1.17687e+00 8.18248e+00 8.94107e-01 8.15953e+00 8.40354e-01 8.75297e+00 9.96907e-01 8.41201e+00 1.10697e+00 
8.3 8.325 8.35 8.35044e+00 1.01316e+00 7.58916e+00 8.70790e-01 9.27956e+00 1.20640e+00 8.21726e+00 9.89305e-01 7.74607e+00 8.92555e-01 8.51372e+00 1.04467e+00 9.14864e+00 1.17036e+00 
8.35 8.375 8.4 5.09502e+00 6.84809e-01 4.99810e+00 5.92083e-01 5.19706e+00 8.17800e-01 4.97133e+00 6.58996e-01 5.17176e+00 6.17333e-01 5.40432e+00 7.03730e-01 5.10994e+00 7.81292e-01 
8.4 8.425 8.45 4.95533e+00 6.02821e-01 4.57522e+00 5.28410e-01 5.36978e+00 7.06050e-01 4.84976e+00 5.93839e-01 4.70339e+00 5.38805e-01 5.08458e+00 6.14801e-01 5.27549e+00 6.94428e-01 
8.45 8.475 8.5 5.29333e+00 7.42023e-01 4.81538e+00 6.52418e-01 5.60075e+00 8.71966e-01 5.19867e+00 7.36411e-01 4.92821e+00 6.59549e-01 5.26321e+00 7.55367e-01 5.53656e+00 8.63248e-01 
8.5 8.525 8.55 2.77337e+00 5.10391e-01 2.42399e+00 4.45204e-01 3.25567e+00 6.36920e-01 2.76170e+00 5.10352e-01 2.42300e+00 4.50786e-01 2.76980e+00 5.16131e-01 3.26288e+00 6.30237e-01 
8.55 8.575 8.6 1.34735e+00 2.62114e-01 1.13435e+00 2.23431e-01 1.66663e+00 3.15198e-01 1.32040e+00 2.60078e-01 1.15746e+00 2.25166e-01 1.38040e+00 2.64852e-01 1.62393e+00 3.11573e-01 
8.6 8.625 8.65 9.19604e-01 2.00466e-01 7.75261e-01 1.69922e-01 1.11783e+00 2.41307e-01 9.03821e-01 1.99362e-01 7.88853e-01 1.70852e-01 9.38997e-01 2.01956e-01 1.09448e+00 2.39503e-01 
8.65 8.675 8.7 3.04036e-02 9.01907e-03 2.32610e-02 6.97793e-03 4.08509e-02 1.19871e-02 2.76943e-02 8.20220e-03 2.55374e-02 7.67388e-03 3.37176e-02 1.00222e-02 3.68373e-02 1.07892e-02 
8.7 8.725 8.75 3.31434e-03 8.55745e-04 2.51791e-03 6.55427e-04 4.97009e-03 1.21205e-03 3.01599e-03 7.78209e-04 2.76719e-03 7.20833e-04 3.68015e-03 9.50966e-04 4.47644e-03 1.09093e-03 
8.75 8.775 8.8 -7.78011e-15 1.73514e-15 -4.34815e-15 9.68702e-16 -1.37444e-14 2.93779e-15 -7.07251e-15 1.57686e-15 -4.78128e-15 1.06523e-15 -8.64976e-15 1.92982e-15 -1.23599e-14 2.64058e-15 
8.8 8.825 8.85 0.00000e+00 0.00000e+00 0.00000e+00 0.00000e+00 0.00000e+00 0.00000e+00 0.00000e+00 0.00000e+00 0.00000e+00 0.00000e+00 0.00000e+00 0.00000e+00 0.00000e+00 0.00000e+00 
8.85 8.875 8.9 0.00000e+00 0.00000e+00 0.00000e+00 0.00000e+00 0.00000e+00 0.00000e+00 0.00000e+00 0.00000e+00 0.00000e+00 0.00000e+00 0.00000e+00 0.00000e+00 0.00000e+00 0.00000e+00 
8.9 8.925 8.95 0.00000e+00 0.00000e+00 0.00000e+00 0.00000e+00 0.00000e+00 0.00000e+00 0.00000e+00 0.00000e+00 0.00000e+00 0.00000e+00 0.00000e+00 0.00000e+00 0.00000e+00 0.00000e+00 
8.95 8.975 9.0 0.00000e+00 0.00000e+00 0.00000e+00 0.00000e+00 0.00000e+00 0.00000e+00 0.00000e+00 0.00000e+00 0.00000e+00 0.00000e+00 0.00000e+00 0.00000e+00 0.00000e+00 0.00000e+00 
9.0 9.025 9.05 0.00000e+00 0.00000e+00 0.00000e+00 0.00000e+00 0.00000e+00 0.00000e+00 0.00000e+00 0.00000e+00 0.00000e+00 0.00000e+00 0.00000e+00 0.00000e+00 0.00000e+00 0.00000e+00 
9.05 9.075 9.1 0.00000e+00 0.00000e+00 0.00000e+00 0.00000e+00 0.00000e+00 0.00000e+00 0.00000e+00 0.00000e+00 0.00000e+00 0.00000e+00 0.00000e+00 0.00000e+00 0.00000e+00 0.00000e+00 
9.1 9.125 9.15 0.00000e+00 0.00000e+00 0.00000e+00 0.00000e+00 0.00000e+00 0.00000e+00 0.00000e+00 0.00000e+00 0.00000e+00 0.00000e+00 0.00000e+00 0.00000e+00 0.00000e+00 0.00000e+00 
9.15 9.175 9.2 0.00000e+00 0.00000e+00 0.00000e+00 0.00000e+00 0.00000e+00 0.00000e+00 0.00000e+00 0.00000e+00 0.00000e+00 0.00000e+00 0.00000e+00 0.00000e+00 0.00000e+00 0.00000e+00 
9.2 9.225 9.25 0.00000e+00 0.00000e+00 0.00000e+00 0.00000e+00 0.00000e+00 0.00000e+00 0.00000e+00 0.00000e+00 0.00000e+00 0.00000e+00 0.00000e+00 0.00000e+00 0.00000e+00 0.00000e+00 
9.25 9.275 9.3 0.00000e+00 0.00000e+00 0.00000e+00 0.00000e+00 0.00000e+00 0.00000e+00 0.00000e+00 0.00000e+00 0.00000e+00 0.00000e+00 0.00000e+00 0.00000e+00 0.00000e+00 0.00000e+00 
9.3 9.325 9.35 0.00000e+00 0.00000e+00 0.00000e+00 0.00000e+00 0.00000e+00 0.00000e+00 0.00000e+00 0.00000e+00 0.00000e+00 0.00000e+00 0.00000e+00 0.00000e+00 0.00000e+00 0.00000e+00 
9.35 9.375 9.4 0.00000e+00 0.00000e+00 0.00000e+00 0.00000e+00 0.00000e+00 0.00000e+00 0.00000e+00 0.00000e+00 0.00000e+00 0.00000e+00 0.00000e+00 0.00000e+00 0.00000e+00 0.00000e+00 
9.4 9.425 9.45 0.00000e+00 0.00000e+00 0.00000e+00 0.00000e+00 0.00000e+00 0.00000e+00 0.00000e+00 0.00000e+00 0.00000e+00 0.00000e+00 0.00000e+00 0.00000e+00 0.00000e+00 0.00000e+00 
9.45 9.475 9.5 0.00000e+00 0.00000e+00 0.00000e+00 0.00000e+00 0.00000e+00 0.00000e+00 0.00000e+00 0.00000e+00 0.00000e+00 0.00000e+00 0.00000e+00 0.00000e+00 0.00000e+00 0.00000e+00 
9.5 9.525 9.55 0.00000e+00 0.00000e+00 0.00000e+00 0.00000e+00 0.00000e+00 0.00000e+00 0.00000e+00 0.00000e+00 0.00000e+00 0.00000e+00 0.00000e+00 0.00000e+00 0.00000e+00 0.00000e+00 
9.55 9.575 9.6 0.00000e+00 0.00000e+00 0.00000e+00 0.00000e+00 0.00000e+00 0.00000e+00 0.00000e+00 0.00000e+00 0.00000e+00 0.00000e+00 0.00000e+00 0.00000e+00 0.00000e+00 0.00000e+00 
9.6 9.625 9.65 0.00000e+00 0.00000e+00 0.00000e+00 0.00000e+00 0.00000e+00 0.00000e+00 0.00000e+00 0.00000e+00 0.00000e+00 0.00000e+00 0.00000e+00 0.00000e+00 0.00000e+00 0.00000e+00 
9.65 9.675 9.7 0.00000e+00 0.00000e+00 0.00000e+00 0.00000e+00 0.00000e+00 0.00000e+00 0.00000e+00 0.00000e+00 0.00000e+00 0.00000e+00 0.00000e+00 0.00000e+00 0.00000e+00 0.00000e+00 
9.7 9.725 9.75 0.00000e+00 0.00000e+00 0.00000e+00 0.00000e+00 0.00000e+00 0.00000e+00 0.00000e+00 0.00000e+00 0.00000e+00 0.00000e+00 0.00000e+00 0.00000e+00 0.00000e+00 0.00000e+00 
9.75 9.775 9.8 0.00000e+00 0.00000e+00 0.00000e+00 0.00000e+00 0.00000e+00 0.00000e+00 0.00000e+00 0.00000e+00 0.00000e+00 0.00000e+00 0.00000e+00 0.00000e+00 0.00000e+00 0.00000e+00 
9.8 9.825 9.85 0.00000e+00 0.00000e+00 0.00000e+00 0.00000e+00 0.00000e+00 0.00000e+00 0.00000e+00 0.00000e+00 0.00000e+00 0.00000e+00 0.00000e+00 0.00000e+00 0.00000e+00 0.00000e+00 
9.85 9.875 9.9 0.00000e+00 0.00000e+00 0.00000e+00 0.00000e+00 0.00000e+00 0.00000e+00 0.00000e+00 0.00000e+00 0.00000e+00 0.00000e+00 0.00000e+00 0.00000e+00 0.00000e+00 0.00000e+00 
9.9 9.925 9.95 0.00000e+00 0.00000e+00 0.00000e+00 0.00000e+00 0.00000e+00 0.00000e+00 0.00000e+00 0.00000e+00 0.00000e+00 0.00000e+00 0.00000e+00 0.00000e+00 0.00000e+00 0.00000e+00 
9.95 9.975 10.0 0.00000e+00 0.00000e+00 0.00000e+00 0.00000e+00 0.00000e+00 0.00000e+00 0.00000e+00 0.00000e+00 0.00000e+00 0.00000e+00 0.00000e+00 0.00000e+00 0.00000e+00 0.00000e+00 
