0.1 0.11294627059 0.12589254118 4.14960e-01 2.02495e-02 3.79421e-01 1.71831e-02 4.57223e-01 2.48300e-02 3.95595e-01 1.78909e-02 4.03500e-01 1.91665e-02 4.31947e-01 2.33873e-02 4.50391e-01 1.79923e-02 
0.12589254118 0.14219093021 0.15848931925 4.86207e-01 2.09543e-02 4.35686e-01 1.66487e-02 5.21387e-01 2.49807e-02 4.56605e-01 1.87990e-02 4.53934e-01 1.82234e-02 5.09447e-01 2.35699e-02 5.02809e-01 2.29140e-02 
0.15848931925 0.17900777537 0.1995262315 4.96058e-01 2.01009e-02 4.57129e-01 1.64552e-02 5.42956e-01 2.25795e-02 4.73000e-01 1.80949e-02 4.81656e-01 1.84404e-02 5.18721e-01 2.26158e-02 5.22081e-01 2.13394e-02 
0.1995262315 0.22535743732 0.25118864315 5.53013e-01 1.94430e-02 4.92519e-01 1.38610e-02 6.02910e-01 2.33361e-02 5.29719e-01 1.76946e-02 5.21542e-01 1.81405e-02 5.84488e-01 2.18320e-02 5.81694e-01 2.08594e-02 
0.25118864315 0.28370820458 0.31622776602 6.14562e-01 1.92665e-02 5.59753e-01 1.68522e-02 6.70117e-01 2.31701e-02 5.86308e-01 1.78409e-02 5.86841e-01 1.83465e-02 6.37606e-01 2.10097e-02 6.41274e-01 2.07914e-02 
0.31622776602 0.35716746829 0.39810717055 7.50787e-01 2.11785e-02 6.80456e-01 1.80657e-02 8.16387e-01 2.55067e-02 7.09767e-01 1.92311e-02 7.13198e-01 1.97128e-02 7.82880e-01 2.34124e-02 7.80123e-01 2.28688e-02 
0.39810717055 0.44964720209 0.50118723363 9.11336e-01 2.28349e-02 8.34535e-01 1.99702e-02 9.99898e-01 2.76766e-02 8.71059e-01 2.00221e-02 8.74857e-01 2.15678e-02 9.61222e-01 2.52024e-02 9.57137e-01 2.48539e-02 
0.50118723363 0.56607228905 0.63095734448 6.59679e-01 1.68977e-02 6.07647e-01 1.46770e-02 7.19133e-01 1.87581e-02 6.28921e-01 1.52698e-02 6.31926e-01 1.58301e-02 6.79575e-01 1.80182e-02 6.92450e-01 1.71312e-02 
0.63095734448 0.7126427896 0.79432823472 5.38391e-01 1.25141e-02 4.92385e-01 1.10372e-02 5.82674e-01 1.47694e-02 5.14627e-01 1.15006e-02 5.18921e-01 1.19388e-02 5.58455e-01 1.36247e-02 5.59474e-01 1.33609e-02 
0.79432823472 0.89716411736 1.0 3.96804e-01 8.48348e-03 3.71192e-01 7.64145e-03 4.19792e-01 9.78266e-03 3.84193e-01 7.94143e-03 3.86753e-01 8.18669e-03 4.08436e-01 9.18906e-03 4.07862e-01 8.92525e-03 
1.0 1.1294627059 1.2589254118 3.07697e-01 6.13697e-03 2.87969e-01 5.37688e-03 3.26997e-01 7.25456e-03 3.01234e-01 5.75932e-03 2.99504e-01 5.86197e-03 3.18248e-01 6.72745e-03 3.17951e-01 6.60050e-03 
1.2589254118 1.4219093021 1.5848931925 2.49165e-01 4.41842e-03 2.41407e-01 3.93790e-03 2.54896e-01 5.10883e-03 2.45477e-01 4.11632e-03 2.45444e-01 4.23443e-03 2.52537e-01 4.81053e-03 2.52648e-01 4.68359e-03 
1.5848931925 1.7900777537 1.995262315 2.54011e-01 3.26495e-03 2.51394e-01 3.12515e-03 2.52271e-01 3.72416e-03 2.52607e-01 3.00004e-03 2.51795e-01 3.34453e-03 2.52842e-01 3.52192e-03 2.52779e-01 3.59743e-03 
1.995262315 2.2535743732 2.5118864315 3.68221e-01 3.47265e-03 3.70514e-01 2.87699e-03 3.64512e-01 3.92324e-03 3.69151e-01 3.22106e-03 3.68014e-01 3.02564e-03 3.66194e-01 3.78703e-03 3.66552e-01 3.60239e-03 
2.5118864315 2.8370820458 3.1622776602 6.13730e-01 4.28071e-03 6.22842e-01 3.86343e-03 6.07324e-01 4.82540e-03 6.18733e-01 4.02124e-03 6.17017e-01 4.09522e-03 6.07295e-01 4.58187e-03 6.11831e-01 4.52392e-03 
3.1622776602 3.5716746829 3.9810717055 8.99882e-01 5.39133e-03 9.12849e-01 4.92026e-03 8.87116e-01 6.01556e-03 9.06790e-01 5.17907e-03 9.06411e-01 5.15680e-03 8.89246e-01 5.70471e-03 8.93739e-01 5.70096e-03 
3.9810717055 4.4964720209 5.0118723363 8.68259e-01 5.40322e-03 8.79149e-01 5.08237e-03 8.59760e-01 6.12925e-03 8.75871e-01 5.33698e-03 8.75425e-01 5.25972e-03 8.63714e-01 5.76019e-03 8.65922e-01 5.91727e-03 
5.0118723363 5.6607228905 6.3095734448 3.39666e-01 3.29968e-03 3.38852e-01 3.01652e-03 3.36923e-01 3.70451e-03 3.39648e-01 3.24477e-03 3.40168e-01 3.08551e-03 3.39331e-01 3.36934e-03 3.38838e-01 3.64148e-03 
6.3095734448 7.126427896 7.9432823472 1.02044e-02 5.16185e-04 9.36764e-03 4.27899e-04 1.06340e-02 5.98480e-04 1.01075e-02 5.13795e-04 9.54343e-03 4.33017e-04 1.02951e-02 5.21030e-04 1.05470e-02 5.96509e-04 
7.9432823472 8.9716411736 10.0 0.00000e+00 0.00000e+00 0.00000e+00 0.00000e+00 0.00000e+00 0.00000e+00 0.00000e+00 0.00000e+00 0.00000e+00 0.00000e+00 0.00000e+00 0.00000e+00 0.00000e+00 0.00000e+00 
