10.0 11.294627059 12.589254118 0.00000e+00 0.00000e+00 0.00000e+00 0.00000e+00 0.00000e+00 0.00000e+00 0.00000e+00 0.00000e+00 0.00000e+00 0.00000e+00 0.00000e+00 0.00000e+00 0.00000e+00 0.00000e+00 
12.589254118 14.219093021 15.848931925 0.00000e+00 0.00000e+00 0.00000e+00 0.00000e+00 0.00000e+00 0.00000e+00 0.00000e+00 0.00000e+00 0.00000e+00 0.00000e+00 0.00000e+00 0.00000e+00 0.00000e+00 0.00000e+00 
15.848931925 17.900777537 19.95262315 0.00000e+00 0.00000e+00 0.00000e+00 0.00000e+00 0.00000e+00 0.00000e+00 0.00000e+00 0.00000e+00 0.00000e+00 0.00000e+00 0.00000e+00 0.00000e+00 0.00000e+00 0.00000e+00 
19.95262315 22.535743732 25.118864315 0.00000e+00 0.00000e+00 0.00000e+00 0.00000e+00 0.00000e+00 0.00000e+00 0.00000e+00 0.00000e+00 0.00000e+00 0.00000e+00 0.00000e+00 0.00000e+00 0.00000e+00 0.00000e+00 
25.118864315 28.370820458 31.622776602 0.00000e+00 0.00000e+00 0.00000e+00 0.00000e+00 0.00000e+00 0.00000e+00 0.00000e+00 0.00000e+00 0.00000e+00 0.00000e+00 0.00000e+00 0.00000e+00 0.00000e+00 0.00000e+00 
31.622776602 35.716746829 39.810717055 0.00000e+00 0.00000e+00 0.00000e+00 0.00000e+00 0.00000e+00 0.00000e+00 0.00000e+00 0.00000e+00 0.00000e+00 0.00000e+00 0.00000e+00 0.00000e+00 0.00000e+00 0.00000e+00 
39.810717055 44.964720209 50.118723363 0.00000e+00 0.00000e+00 0.00000e+00 0.00000e+00 0.00000e+00 0.00000e+00 0.00000e+00 0.00000e+00 0.00000e+00 0.00000e+00 0.00000e+00 0.00000e+00 0.00000e+00 0.00000e+00 
50.118723363 56.607228905 63.095734448 0.00000e+00 0.00000e+00 0.00000e+00 0.00000e+00 0.00000e+00 0.00000e+00 0.00000e+00 0.00000e+00 0.00000e+00 0.00000e+00 0.00000e+00 0.00000e+00 0.00000e+00 0.00000e+00 
63.095734448 71.26427896 79.432823472 -7.80392e-05 1.40458e-05 -3.12964e-05 1.26495e-05 -1.46113e-04 1.69666e-05 -4.80436e-05 1.25384e-05 -6.21603e-05 1.36520e-05 -1.13128e-04 1.64027e-05 -9.81828e-05 1.44975e-05 
79.432823472 89.716411736 100.0 -1.08975e-04 3.16088e-04 1.58548e-03 2.96778e-04 -2.79067e-03 3.71499e-04 9.34360e-04 2.87286e-04 7.99321e-04 3.28102e-04 -1.91538e-03 3.58748e-04 -9.08381e-04 3.22396e-04 
100.0 112.94627059 125.89254118 5.36041e-03 6.91195e-04 9.73317e-03 6.59185e-04 -1.63694e-03 8.26004e-04 7.77582e-03 6.31873e-04 7.95873e-03 7.25684e-04 1.57510e-03 8.10846e-04 2.89212e-03 7.19845e-04 
125.89254118 142.19093021 158.48931925 1.16363e-02 8.19499e-04 1.60702e-02 7.43364e-04 3.80763e-03 9.93410e-04 1.35986e-02 7.32889e-04 1.49116e-02 7.09762e-04 8.47483e-03 9.32359e-04 8.41542e-03 8.56985e-04 
158.48931925 179.00777537 199.5262315 1.19251e-02 8.73594e-04 1.55137e-02 7.58528e-04 6.36173e-03 9.74220e-04 1.36550e-02 7.61901e-04 1.44025e-02 8.50249e-04 9.58439e-03 1.02035e-03 9.17347e-03 8.68171e-04 
199.5262315 225.35743732 251.18864315 9.99079e-03 8.09989e-04 1.23202e-02 6.55780e-04 6.24973e-03 9.81447e-04 1.09192e-02 6.99788e-04 1.23110e-02 7.84486e-04 8.62876e-03 9.27782e-04 8.51405e-03 8.33523e-04 
251.18864315 283.70820458 316.22776602 5.23714e-03 7.44550e-04 6.14893e-03 6.65464e-04 2.61742e-03 9.97639e-04 5.63600e-03 6.48550e-04 5.73646e-03 7.56952e-04 5.02242e-03 9.30327e-04 4.30879e-03 7.65623e-04 
316.22776602 357.16746829 398.10717055 2.07109e-03 6.95749e-04 1.08801e-03 6.72608e-04 1.15462e-03 9.86214e-04 1.08472e-03 6.74190e-04 9.11337e-04 7.04158e-04 1.80198e-03 9.60361e-04 9.04215e-04 8.32918e-04 
398.10717055 449.64720209 501.18723363 -1.28445e-03 7.89167e-04 -2.47971e-03 6.28367e-04 5.51266e-05 8.42777e-04 -1.72176e-03 6.63744e-04 -2.83268e-03 7.19719e-04 -6.66879e-04 9.42156e-04 -1.07551e-03 7.03363e-04 
501.18723363 566.07228905 630.95734448 -3.38445e-03 6.72786e-04 -3.92317e-03 5.50977e-04 -1.62999e-03 6.45620e-04 -3.56495e-03 5.02010e-04 -4.30496e-03 6.41486e-04 -2.64557e-03 7.30438e-04 -3.12078e-03 5.88832e-04 
630.95734448 712.6427896 794.32823472 -3.02142e-03 4.99468e-04 -3.48821e-03 4.24982e-04 -1.46127e-03 7.13011e-04 -3.22344e-03 4.30161e-04 -3.59396e-03 5.66472e-04 -2.82114e-03 5.68117e-04 -2.13025e-03 6.28562e-04 
794.32823472 897.16411736 1000.0 -3.49226e-03 4.92055e-04 -3.10120e-03 3.91430e-04 -2.62285e-03 6.02298e-04 -2.70308e-03 3.35845e-04 -3.70174e-03 4.71182e-04 -3.63393e-03 5.94724e-04 -3.01225e-03 4.97850e-04 
1000.0 1129.4627059 1258.9254118 -7.67746e-04 3.13019e-04 -3.61713e-04 2.89122e-04 -1.82919e-04 4.03276e-04 -5.42866e-04 2.79334e-04 -8.10430e-04 3.23496e-04 -8.64180e-04 3.64178e-04 -6.72249e-04 3.39969e-04 
1258.9254118 1421.9093021 1584.8931925 -2.03278e-04 2.01671e-04 5.70327e-04 1.71998e-04 -1.67864e-04 2.54902e-04 8.77599e-05 1.82337e-04 5.99400e-05 1.94957e-04 -4.21808e-04 2.43671e-04 -3.89724e-04 2.18897e-04 
1584.8931925 1790.0777537 1995.262315 1.95389e-04 1.25013e-04 8.07602e-04 1.12004e-04 -9.62018e-05 1.61229e-04 3.31348e-04 1.19416e-04 3.94048e-04 1.27143e-04 -1.65382e-04 1.11241e-04 -1.05889e-04 1.36366e-04 
1995.262315 2253.5743732 2511.8864315 6.56481e-04 7.47761e-05 1.13640e-03 6.94428e-05 2.79684e-04 8.74896e-05 7.62268e-04 6.72334e-05 8.98735e-04 7.42264e-05 4.75675e-04 8.58868e-05 3.41792e-04 7.83874e-05 
2511.8864315 2837.0820458 3162.2776602 5.56069e-04 3.65671e-05 8.67302e-04 3.38120e-05 3.13130e-04 4.07079e-05 6.31219e-04 3.51408e-05 7.73897e-04 3.88703e-05 4.58113e-04 3.96750e-05 3.42536e-04 3.72433e-05 
