1.0 1.1294627059 1.2589254118 0.00000e+00 0.00000e+00 0.00000e+00 0.00000e+00 0.00000e+00 0.00000e+00 0.00000e+00 0.00000e+00 0.00000e+00 0.00000e+00 0.00000e+00 0.00000e+00 0.00000e+00 0.00000e+00 
1.2589254118 1.4219093021 1.5848931925 0.00000e+00 0.00000e+00 0.00000e+00 0.00000e+00 0.00000e+00 0.00000e+00 0.00000e+00 0.00000e+00 0.00000e+00 0.00000e+00 0.00000e+00 0.00000e+00 0.00000e+00 0.00000e+00 
1.5848931925 1.7900777537 1.995262315 0.00000e+00 0.00000e+00 0.00000e+00 0.00000e+00 0.00000e+00 0.00000e+00 0.00000e+00 0.00000e+00 0.00000e+00 0.00000e+00 0.00000e+00 0.00000e+00 0.00000e+00 0.00000e+00 
1.995262315 2.2535743732 2.5118864315 0.00000e+00 0.00000e+00 0.00000e+00 0.00000e+00 0.00000e+00 0.00000e+00 0.00000e+00 0.00000e+00 0.00000e+00 0.00000e+00 0.00000e+00 0.00000e+00 0.00000e+00 0.00000e+00 
2.5118864315 2.8370820458 3.1622776602 0.00000e+00 0.00000e+00 0.00000e+00 0.00000e+00 0.00000e+00 0.00000e+00 0.00000e+00 0.00000e+00 0.00000e+00 0.00000e+00 0.00000e+00 0.00000e+00 0.00000e+00 0.00000e+00 
3.1622776602 3.5716746829 3.9810717055 0.00000e+00 0.00000e+00 0.00000e+00 0.00000e+00 0.00000e+00 0.00000e+00 0.00000e+00 0.00000e+00 0.00000e+00 0.00000e+00 0.00000e+00 0.00000e+00 0.00000e+00 0.00000e+00 
3.9810717055 4.4964720209 5.0118723363 0.00000e+00 0.00000e+00 0.00000e+00 0.00000e+00 0.00000e+00 0.00000e+00 0.00000e+00 0.00000e+00 0.00000e+00 0.00000e+00 0.00000e+00 0.00000e+00 0.00000e+00 0.00000e+00 
5.0118723363 5.6607228905 6.3095734448 0.00000e+00 0.00000e+00 0.00000e+00 0.00000e+00 0.00000e+00 0.00000e+00 0.00000e+00 0.00000e+00 0.00000e+00 0.00000e+00 0.00000e+00 0.00000e+00 0.00000e+00 0.00000e+00 
6.3095734448 7.126427896 7.9432823472 0.00000e+00 0.00000e+00 0.00000e+00 0.00000e+00 0.00000e+00 0.00000e+00 0.00000e+00 0.00000e+00 0.00000e+00 0.00000e+00 0.00000e+00 0.00000e+00 0.00000e+00 0.00000e+00 
7.9432823472 8.9716411736 10.0 0.00000e+00 0.00000e+00 0.00000e+00 0.00000e+00 0.00000e+00 0.00000e+00 0.00000e+00 0.00000e+00 0.00000e+00 0.00000e+00 0.00000e+00 0.00000e+00 0.00000e+00 0.00000e+00 
10.0 11.294627059 12.589254118 0.00000e+00 0.00000e+00 0.00000e+00 0.00000e+00 0.00000e+00 0.00000e+00 0.00000e+00 0.00000e+00 0.00000e+00 0.00000e+00 0.00000e+00 0.00000e+00 0.00000e+00 0.00000e+00 
12.589254118 14.219093021 15.848931925 0.00000e+00 0.00000e+00 0.00000e+00 0.00000e+00 0.00000e+00 0.00000e+00 0.00000e+00 0.00000e+00 0.00000e+00 0.00000e+00 0.00000e+00 0.00000e+00 0.00000e+00 0.00000e+00 
15.848931925 17.900777537 19.95262315 0.00000e+00 0.00000e+00 0.00000e+00 0.00000e+00 0.00000e+00 0.00000e+00 0.00000e+00 0.00000e+00 0.00000e+00 0.00000e+00 0.00000e+00 0.00000e+00 0.00000e+00 0.00000e+00 
19.95262315 22.535743732 25.118864315 0.00000e+00 0.00000e+00 0.00000e+00 0.00000e+00 0.00000e+00 0.00000e+00 0.00000e+00 0.00000e+00 0.00000e+00 0.00000e+00 0.00000e+00 0.00000e+00 0.00000e+00 0.00000e+00 
25.118864315 28.370820458 31.622776602 1.42791e+01 4.09099e-02 1.41984e+01 4.03110e-02 1.42873e+01 4.14862e-02 1.42791e+01 4.09099e-02 1.41984e+01 4.03110e-02 1.42791e+01 4.09099e-02 1.42873e+01 4.14862e-02 
31.622776602 35.716746829 39.810717055 5.43710e+01 7.15897e-02 5.38458e+01 7.03515e-02 5.46679e+01 7.29350e-02 5.43710e+01 7.15897e-02 5.38458e+01 7.03515e-02 5.43710e+01 7.15897e-02 5.46679e+01 7.29350e-02 
39.810717055 44.964720209 50.118723363 4.50033e+01 5.79882e-02 4.42569e+01 5.66818e-02 4.56230e+01 5.94209e-02 4.50033e+01 5.79882e-02 4.42569e+01 5.66818e-02 4.50033e+01 5.79882e-02 4.56230e+01 5.94209e-02 
50.118723363 56.607228905 63.095734448 3.19009e+01 4.19566e-02 3.11390e+01 4.07436e-02 3.26229e+01 4.33135e-02 3.19009e+01 4.19566e-02 3.11390e+01 4.07436e-02 3.19009e+01 4.19566e-02 3.26229e+01 4.33135e-02 
63.095734448 71.26427896 79.432823472 1.87755e+01 2.64048e-02 1.81895e+01 2.55001e-02 1.93696e+01 2.74271e-02 1.87755e+01 2.64048e-02 1.81895e+01 2.55001e-02 1.87755e+01 2.64048e-02 1.93696e+01 2.74271e-02 
79.432823472 89.716411736 100.0 9.05568e+00 1.41715e-02 8.71027e+00 1.36259e-02 9.41997e+00 1.47873e-02 9.05568e+00 1.41715e-02 8.71027e+00 1.36259e-02 9.05568e+00 1.41715e-02 9.41997e+00 1.47873e-02 
100.0 112.94627059 125.89254118 3.58579e+00 6.18050e-03 3.42636e+00 5.91986e-03 3.75828e+00 6.47522e-03 3.58579e+00 6.18050e-03 3.42636e+00 5.91986e-03 3.58579e+00 6.18050e-03 3.75828e+00 6.47522e-03 
125.89254118 142.19093021 158.48931925 1.19791e+00 2.37347e-03 1.13771e+00 2.26544e-03 1.26421e+00 2.49562e-03 1.19791e+00 2.37347e-03 1.13771e+00 2.26544e-03 1.19791e+00 2.37347e-03 1.26421e+00 2.49562e-03 
158.48931925 179.00777537 199.5262315 3.39943e-01 7.90069e-04 3.20825e-01 7.51735e-04 3.61321e-01 8.33208e-04 3.39943e-01 7.90069e-04 3.20825e-01 7.51735e-04 3.39943e-01 7.90069e-04 3.61321e-01 8.33208e-04 
199.5262315 225.35743732 251.18864315 8.53847e-02 2.41662e-04 8.01243e-02 2.29176e-04 9.13346e-02 2.55694e-04 8.53847e-02 2.41662e-04 8.01243e-02 2.29176e-04 8.53847e-02 2.41662e-04 9.13346e-02 2.55694e-04 
