0.0 0.052359382567 0.10471876513 1.85277e-01 3.18341e-03 2.74004e-01 2.75823e-03 6.12043e-02 3.78349e-03 1.71708e-01 2.94497e-03 2.95842e-01 2.98153e-03 2.01224e-01 3.46485e-03 5.66101e-02 3.47616e-03 
0.10471876513 0.1570781477 0.20943753027 1.92314e-01 5.69342e-03 2.78346e-01 4.21479e-03 7.38075e-02 7.11504e-03 1.78228e-01 5.26660e-03 3.01072e-01 4.56195e-03 2.08870e-01 6.19730e-03 6.82020e-02 6.53652e-03 
0.20943753027 0.26179691283 0.3141562954 1.98585e-01 5.93384e-03 2.81409e-01 4.85375e-03 7.90272e-02 7.12204e-03 1.84026e-01 5.48868e-03 3.03840e-01 5.24728e-03 2.15700e-01 6.45945e-03 7.29903e-02 6.54254e-03 
0.3141562954 0.36651567797 0.41887506053 1.94702e-01 5.70641e-03 2.79764e-01 4.99286e-03 7.49691e-02 5.78887e-03 1.80431e-01 5.27852e-03 3.02063e-01 5.39761e-03 2.11478e-01 6.21158e-03 6.92672e-02 5.31877e-03 
0.41887506053 0.4712344431 0.52359382567 2.03931e-01 5.84638e-03 2.83687e-01 4.96003e-03 8.50952e-02 6.33324e-03 1.88975e-01 5.40811e-03 3.06293e-01 5.36202e-03 2.21512e-01 6.36378e-03 7.85691e-02 5.81881e-03 
0.52359382567 0.57595320823 0.6283125908 1.98981e-01 4.54724e-03 2.76967e-01 3.87237e-03 9.29045e-02 6.75568e-03 1.84400e-01 4.20703e-03 2.99022e-01 4.18555e-03 2.16119e-01 4.94872e-03 8.57521e-02 6.20754e-03 
0.6283125908 0.68067197337 0.73303135593 2.16242e-01 5.49688e-03 2.89109e-01 4.37890e-03 1.15473e-01 6.70814e-03 2.00379e-01 5.08547e-03 3.12137e-01 4.73293e-03 2.34890e-01 5.98242e-03 1.06486e-01 6.16403e-03 
0.73303135593 0.7853907385 0.83775012107 2.19759e-01 5.58659e-03 2.87659e-01 4.73793e-03 1.23752e-01 6.71551e-03 2.03652e-01 5.16836e-03 3.10543e-01 5.12136e-03 2.38691e-01 6.08020e-03 1.14118e-01 6.17038e-03 
0.83775012107 0.89010950363 0.9424688862 2.45131e-01 5.51885e-03 3.06764e-01 4.59390e-03 1.60549e-01 6.56379e-03 2.27152e-01 5.10598e-03 3.31168e-01 4.96547e-03 2.66268e-01 6.00605e-03 1.47953e-01 6.03153e-03 
0.9424688862 0.99482826877 1.0471876513 3.09196e-01 5.58295e-03 3.55248e-01 4.73704e-03 2.42033e-01 6.71274e-03 2.86484e-01 5.16583e-03 3.83506e-01 5.11958e-03 3.35905e-01 6.07507e-03 2.22915e-01 6.16904e-03 
1.0471876513 1.0995470339 1.1519064165 2.93546e-01 4.30627e-03 3.40020e-01 4.13655e-03 2.29115e-01 5.15720e-03 2.72003e-01 3.98523e-03 3.67042e-01 4.46997e-03 3.18874e-01 4.68488e-03 2.11040e-01 4.74048e-03 
1.1519064165 1.204265799 1.2566251816 2.61663e-01 4.65158e-03 3.06078e-01 3.96753e-03 1.97100e-01 5.44315e-03 2.42485e-01 4.30453e-03 3.30373e-01 4.28746e-03 2.84205e-01 5.06090e-03 1.81588e-01 5.00298e-03 
1.2566251816 1.3089845642 1.3613439467 2.26410e-01 4.31333e-03 2.71210e-01 3.67672e-03 1.62075e-01 5.17119e-03 2.09854e-01 3.99204e-03 2.92699e-01 3.97271e-03 2.45862e-01 4.69216e-03 1.49377e-01 4.75380e-03 
1.3613439467 1.4137033293 1.4660627119 2.07223e-01 4.86005e-03 2.51126e-01 4.13187e-03 1.43846e-01 5.83235e-03 1.92076e-01 4.49840e-03 2.71015e-01 4.46413e-03 2.25019e-01 5.28637e-03 1.32585e-01 5.36212e-03 
1.4660627119 1.5184220944 1.570781477 1.71408e-01 4.62490e-03 2.16128e-01 3.93642e-03 1.07807e-01 5.54579e-03 1.58921e-01 4.28086e-03 2.33203e-01 4.25284e-03 1.86070e-01 5.03045e-03 9.94395e-02 5.09878e-03 
1.570781477 1.6231408596 1.6755002421 1.67200e-01 4.31042e-03 2.07958e-01 3.67250e-03 1.06917e-01 4.39612e-03 1.55013e-01 3.99012e-03 2.24387e-01 3.96736e-03 1.81512e-01 4.68790e-03 9.85886e-02 4.04231e-03 
1.6755002421 1.7278596247 1.7802190073 1.42719e-01 3.70780e-03 1.83977e-01 3.18262e-03 8.44063e-02 4.42185e-03 1.32349e-01 3.43253e-03 1.98480e-01 3.43791e-03 1.54889e-01 4.03216e-03 7.73723e-02 4.08933e-03 
1.7802190073 1.8325783898 1.8849377724 1.21175e-01 3.36998e-03 1.61192e-01 2.89289e-03 6.60596e-02 4.16253e-03 1.12387e-01 3.11976e-03 1.73882e-01 3.12496e-03 1.31486e-01 3.66484e-03 6.09900e-02 3.82773e-03 
1.8849377724 1.937297155 1.9896565375 1.21477e-01 3.58196e-03 1.59595e-01 2.74871e-03 6.77610e-02 4.18374e-03 1.12667e-01 3.31629e-03 1.72157e-01 2.96887e-03 1.31813e-01 3.89494e-03 6.25546e-02 3.84750e-03 
1.9896565375 2.0420159201 2.0943753027 1.03347e-01 3.68579e-03 1.39969e-01 3.15735e-03 5.17231e-02 4.39993e-03 9.58673e-02 3.41228e-03 1.50969e-01 3.41048e-03 1.12119e-01 4.00804e-03 4.77840e-02 4.04625e-03 
2.0943753027 2.1467346852 2.1990940678 9.64110e-02 3.36033e-03 1.31951e-01 2.88875e-03 4.33960e-02 3.37378e-03 8.78285e-02 3.09329e-03 1.38880e-01 3.33584e-03 1.04589e-01 3.65349e-03 4.01071e-02 3.10357e-03 
2.1990940678 2.2514534504 2.3038128329 9.03108e-02 3.50145e-03 1.24187e-01 3.00802e-03 4.25974e-02 4.17192e-03 8.37868e-02 3.24212e-03 1.33932e-01 3.24868e-03 9.79596e-02 3.80689e-03 3.93746e-02 3.83726e-03 
2.3038128329 2.3561722155 2.4085315981 7.31257e-02 3.06588e-03 1.07092e-01 2.63584e-03 2.56288e-02 3.65698e-03 6.78648e-02 2.83909e-03 1.15479e-01 2.84646e-03 7.92890e-02 3.33293e-03 2.37533e-02 3.36403e-03 
2.4085315981 2.4608909806 2.5132503632 7.25020e-02 3.26943e-03 1.07382e-01 2.42899e-03 2.67206e-02 3.89959e-03 6.72795e-02 3.02758e-03 1.15798e-01 2.62296e-03 7.86217e-02 3.55420e-03 2.70140e-02 3.25814e-03 
2.5132503632 2.5656097458 2.6179691283 7.01325e-02 2.91475e-03 1.01783e-01 2.51700e-03 2.58274e-02 3.47027e-03 6.50760e-02 2.69940e-03 1.09761e-01 2.71788e-03 7.60588e-02 3.16828e-03 2.39100e-02 3.19264e-03 
2.6179691283 2.6703285109 2.7226878935 6.03253e-02 3.28747e-03 9.24501e-02 2.82485e-03 1.55244e-02 3.91860e-03 5.59938e-02 3.04413e-03 9.96835e-02 3.05071e-03 6.53981e-02 3.57403e-03 1.44315e-02 3.60449e-03 
2.7226878935 2.775047276 2.8274066586 6.40883e-02 3.31190e-03 9.45338e-02 2.84313e-03 2.17940e-02 3.99746e-03 5.94758e-02 3.06699e-03 1.01936e-01 3.07021e-03 6.94926e-02 3.60025e-03 1.97525e-02 3.72679e-03 
2.8274066586 2.8797660412 2.9321254237 5.08230e-02 2.61349e-03 8.22983e-02 2.25976e-03 8.07333e-03 3.80949e-03 4.71771e-02 2.42051e-03 8.87373e-02 2.43997e-03 5.50920e-02 2.84065e-03 7.55059e-03 3.50440e-03 
2.9321254237 2.9844848063 3.0368441889 5.86324e-02 3.59199e-03 8.84625e-02 2.93748e-03 1.50112e-02 4.01635e-03 5.44186e-02 3.32654e-03 9.53839e-02 3.17183e-03 6.35682e-02 3.90450e-03 1.39474e-02 3.69493e-03 
3.0368441889 3.0892035714 3.141562954 5.29730e-02 2.24741e-03 8.45171e-02 2.19222e-03 1.03430e-02 2.66555e-03 4.91662e-02 2.08151e-03 9.11324e-02 2.36714e-03 5.74318e-02 2.44268e-03 9.63615e-03 2.45249e-03 
