0.0 5.0 10.0 -8.88797e-02 4.79362e-03 -1.08717e-01 4.15885e-03 -5.86076e-02 5.73413e-03 -9.97074e-02 3.39920e-03 -1.05371e-01 4.85505e-03 -7.35060e-02 5.79957e-03 -7.68657e-02 4.76261e-03 
10.0 15.0 20.0 -2.34778e-01 1.02729e-02 -2.67823e-01 7.89858e-03 -1.83458e-01 1.27459e-02 -2.43602e-01 9.50764e-03 -2.78320e-01 1.05017e-02 -2.11977e-01 1.22660e-02 -2.18507e-01 1.05722e-02 
20.0 25.0 30.0 -2.93113e-01 1.27639e-02 -3.50639e-01 1.15226e-02 -2.13082e-01 1.63689e-02 -3.08429e-01 1.11414e-02 -3.58203e-01 1.36374e-02 -2.66042e-01 1.50184e-02 -2.54014e-01 1.39724e-02 
30.0 35.0 40.0 -3.21894e-01 1.56806e-02 -3.83353e-01 1.27587e-02 -2.46108e-01 1.89169e-02 -3.39159e-01 1.31341e-02 -4.01009e-01 1.50965e-02 -3.03159e-01 1.87830e-02 -2.98301e-01 1.57495e-02 
40.0 45.0 50.0 -3.32397e-01 1.70578e-02 -3.91364e-01 1.45309e-02 -2.85644e-01 2.15761e-02 -3.39463e-01 1.46662e-02 -4.26998e-01 1.61927e-02 -3.20537e-01 1.93351e-02 -3.12648e-01 1.70064e-02 
50.0 55.0 60.0 -3.38416e-01 1.60871e-02 -3.96190e-01 1.70012e-02 -2.84123e-01 2.45532e-02 -3.47473e-01 1.70756e-02 -4.34681e-01 1.88185e-02 -3.10276e-01 2.04343e-02 -3.24272e-01 1.94758e-02 
60.0 65.0 70.0 -3.97610e-01 1.63233e-02 -4.69633e-01 1.70971e-02 -3.31393e-01 2.70214e-02 -4.01384e-01 1.37277e-02 -5.03351e-01 2.08500e-02 -3.95983e-01 2.52542e-02 -3.75252e-01 2.09937e-02 
70.0 75.0 80.0 -4.16803e-01 2.11281e-02 -4.53233e-01 1.72528e-02 -3.60972e-01 2.30573e-02 -3.99217e-01 1.77683e-02 -5.03507e-01 2.05653e-02 -4.26174e-01 2.40845e-02 -3.93692e-01 1.95229e-02 
80.0 85.0 90.0 -3.40571e-01 1.79366e-02 -3.59116e-01 1.52064e-02 -3.01705e-01 2.21551e-02 -3.23354e-01 1.39222e-02 -4.16913e-01 1.77588e-02 -3.51839e-01 2.18609e-02 -3.22471e-01 1.88120e-02 
90.0 95.0 100.0 -3.15685e-01 1.37227e-02 -3.19450e-01 1.31751e-02 -2.99785e-01 2.06990e-02 -2.89682e-01 1.02979e-02 -3.83294e-01 1.50729e-02 -3.43426e-01 1.64178e-02 -3.02071e-01 1.71343e-02 
100.0 105.0 110.0 -2.24001e-01 1.55266e-02 -2.16843e-01 1.15726e-02 -2.00381e-01 1.99264e-02 -1.98009e-01 1.34308e-02 -2.76440e-01 1.33156e-02 -2.50748e-01 1.83175e-02 -2.20155e-01 1.67086e-02 
110.0 115.0 120.0 -1.79235e-01 1.31420e-02 -1.55356e-01 1.12137e-02 -1.76341e-01 1.48150e-02 -1.49180e-01 1.14326e-02 -2.17049e-01 1.28753e-02 -2.08663e-01 1.58156e-02 -1.89418e-01 1.34849e-02 
120.0 125.0 130.0 -1.31013e-01 9.53373e-03 -9.81183e-02 9.43920e-03 -1.25649e-01 1.38905e-02 -9.97607e-02 9.71949e-03 -1.56369e-01 1.03140e-02 -1.58213e-01 1.11349e-02 -1.29921e-01 1.16334e-02 
130.0 135.0 140.0 -8.46675e-02 9.10179e-03 -5.41225e-02 7.48207e-03 -1.07629e-01 1.13113e-02 -6.24845e-02 7.98888e-03 -1.04039e-01 8.46060e-03 -1.14475e-01 1.07405e-02 -9.70837e-02 9.26393e-03 
140.0 145.0 150.0 -6.42588e-02 7.09425e-03 -4.41352e-02 5.67607e-03 -7.73802e-02 9.05902e-03 -4.60731e-02 6.25026e-03 -7.81344e-02 7.23059e-03 -8.68363e-02 8.39413e-03 -7.96812e-02 7.60829e-03 
150.0 155.0 160.0 -4.63356e-02 6.30587e-03 -1.34884e-02 5.82171e-03 -5.56849e-02 7.94973e-03 -2.59969e-02 5.84974e-03 -5.09458e-02 6.62813e-03 -6.07559e-02 7.90857e-03 -5.73799e-02 6.70207e-03 
160.0 165.0 170.0 -3.00155e-02 4.75155e-03 -3.47773e-03 4.25863e-03 -3.94652e-02 6.39434e-03 -1.56885e-02 4.28410e-03 -3.31640e-02 5.44767e-03 -4.38910e-02 6.47603e-03 -4.16898e-02 5.43492e-03 
170.0 175.0 180.0 -1.15556e-02 4.49873e-03 1.20388e-02 3.87790e-03 -2.73376e-02 5.26813e-03 -1.03669e-04 3.96722e-03 -1.39870e-02 4.22166e-03 -2.58065e-02 5.23386e-03 -2.74285e-02 4.56167e-03 
180.0 185.0 190.0 -1.23271e-02 3.75952e-03 1.10139e-02 3.28986e-03 -3.07401e-02 4.51118e-03 -1.58839e-03 3.30711e-03 -1.12873e-02 3.69481e-03 -2.77102e-02 4.31078e-03 -2.85304e-02 3.90806e-03 
190.0 195.0 200.0 -8.24471e-03 3.22603e-03 1.46214e-02 2.69713e-03 -1.96267e-02 3.75507e-03 1.75182e-03 2.88097e-03 -6.34147e-03 3.13061e-03 -2.15782e-02 3.74576e-03 -1.84568e-02 3.23786e-03 
200.0 205.0 210.0 2.23577e-03 2.67872e-03 2.22221e-02 2.48449e-03 -8.88009e-03 3.24747e-03 9.65843e-03 2.40458e-03 6.15951e-03 2.79266e-03 -8.40417e-03 3.07020e-03 -9.37925e-03 2.81037e-03 
210.0 215.0 220.0 1.58453e-03 2.20884e-03 1.94842e-02 2.04168e-03 -8.28499e-03 2.51815e-03 8.79281e-03 2.02049e-03 6.03328e-03 2.27150e-03 -7.83508e-03 2.51045e-03 -8.58830e-03 2.23405e-03 
220.0 225.0 230.0 1.59408e-03 1.84281e-03 1.68650e-02 1.68559e-03 -6.63507e-03 2.26342e-03 7.61054e-03 1.65233e-03 4.85136e-03 1.88935e-03 -5.53819e-03 2.11470e-03 -6.46323e-03 1.97605e-03 
230.0 235.0 240.0 6.55620e-03 1.61578e-03 1.94280e-02 1.46952e-03 -3.09208e-03 1.90490e-03 1.09657e-02 1.45783e-03 9.04477e-03 1.49480e-03 1.65982e-04 1.83527e-03 -2.93427e-03 1.65202e-03 
240.0 245.0 250.0 4.32388e-03 1.23800e-03 1.62518e-02 1.28519e-03 -3.60751e-03 1.49332e-03 8.92508e-03 1.15373e-03 7.35010e-03 1.40708e-03 -2.51331e-03 1.42477e-03 -4.63357e-03 1.38738e-03 
250.0 255.0 260.0 4.94134e-03 1.16469e-03 1.51110e-02 1.04650e-03 -2.42107e-04 1.31769e-03 8.14406e-03 1.04901e-03 7.60401e-03 1.13307e-03 -1.06708e-04 1.32532e-03 -1.16209e-03 1.12612e-03 
260.0 265.0 270.0 4.78331e-03 1.00549e-03 1.41286e-02 9.22764e-04 -1.12977e-03 1.06460e-03 8.03209e-03 8.80115e-04 7.86241e-03 1.01812e-03 2.32653e-05 1.13991e-03 -1.01931e-03 9.35798e-04 
270.0 275.0 280.0 5.56854e-03 8.50451e-04 1.37830e-02 8.28700e-04 1.16163e-06 9.73586e-04 8.14074e-03 7.76021e-04 8.66526e-03 9.14331e-04 1.80220e-03 9.76800e-04 1.54443e-04 8.64632e-04 
280.0 285.0 290.0 5.82826e-03 7.84091e-04 1.25209e-02 7.04757e-04 1.04202e-03 8.70083e-04 8.05596e-03 7.06421e-04 7.73728e-03 7.56646e-04 2.48238e-03 8.78343e-04 1.44874e-03 7.85202e-04 
290.0 295.0 300.0 4.39264e-03 6.60323e-04 1.10614e-02 6.36207e-04 -4.65330e-04 7.43233e-04 6.46949e-03 6.03037e-04 7.06784e-03 6.92203e-04 1.51665e-03 7.06729e-04 1.24180e-05 6.57359e-04 
300.0 305.0 310.0 4.39765e-03 5.64385e-04 9.71106e-03 5.38811e-04 7.74826e-04 6.33698e-04 5.95634e-03 5.18535e-04 6.45246e-03 5.91748e-04 2.20080e-03 6.31025e-04 9.65700e-04 5.61840e-04 
310.0 315.0 320.0 4.35016e-03 4.99107e-04 9.11791e-03 4.79784e-04 8.95288e-04 5.32815e-04 5.90302e-03 4.62378e-04 6.25934e-03 5.26714e-04 2.22659e-03 5.67146e-04 1.16963e-03 4.85136e-04 
320.0 325.0 330.0 4.35180e-03 4.38455e-04 8.56883e-03 4.23692e-04 1.35637e-03 4.66490e-04 5.71333e-03 4.06357e-04 6.09967e-03 4.63844e-04 2.84217e-03 4.64925e-04 1.56704e-03 4.26301e-04 
330.0 335.0 340.0 3.29294e-03 3.56311e-04 6.87525e-03 3.56571e-04 6.07115e-04 3.97921e-04 4.39715e-03 3.31980e-04 4.83260e-03 3.89304e-04 1.64263e-03 4.00160e-04 6.98529e-04 3.57877e-04 
340.0 345.0 350.0 3.30306e-03 3.23147e-04 6.84604e-03 3.31012e-04 8.67165e-04 3.61266e-04 4.40606e-03 3.15450e-04 4.95460e-03 3.58537e-04 1.88537e-03 3.55556e-04 1.09468e-03 3.28393e-04 
350.0 355.0 360.0 2.10721e-03 2.75375e-04 5.07787e-03 2.82729e-04 -1.52151e-04 3.17281e-04 3.05002e-03 2.53186e-04 3.35358e-03 3.07069e-04 7.59550e-04 3.23254e-04 2.02825e-04 2.87417e-04 
360.0 365.0 370.0 2.41758e-03 2.59402e-04 4.95676e-03 2.50373e-04 4.70117e-04 2.71130e-04 3.15232e-03 2.37640e-04 3.59497e-03 2.74702e-04 1.25691e-03 2.85196e-04 7.92107e-04 2.33002e-04 
370.0 375.0 380.0 2.43663e-03 2.25567e-04 4.71400e-03 2.21491e-04 6.65873e-04 2.40469e-04 3.03197e-03 2.11386e-04 3.55707e-03 2.37460e-04 1.40590e-03 2.44844e-04 7.34269e-04 2.10598e-04 
380.0 385.0 390.0 2.12140e-03 2.07991e-04 4.21603e-03 2.09230e-04 4.56239e-04 2.10980e-04 2.73062e-03 1.94466e-04 3.14386e-03 2.26747e-04 1.21729e-03 2.24618e-04 6.61731e-04 1.95595e-04 
390.0 395.0 400.0 1.75611e-03 1.80028e-04 3.54961e-03 1.80907e-04 3.29746e-04 1.84756e-04 2.29510e-03 1.69519e-04 2.58353e-03 1.95749e-04 1.00871e-03 1.94273e-04 5.07973e-04 1.63471e-04 
400.0 405.0 410.0 1.57071e-03 1.55062e-04 3.21753e-03 1.56575e-04 3.07786e-04 1.63234e-04 2.14584e-03 1.40559e-04 2.41142e-03 1.70778e-04 9.93297e-04 1.64741e-04 4.57342e-04 1.49103e-04 
410.0 415.0 420.0 1.43701e-03 1.35208e-04 2.86317e-03 1.44137e-04 3.69848e-04 1.34583e-04 1.87460e-03 1.28287e-04 2.13464e-03 1.55784e-04 8.61736e-04 1.47493e-04 5.30335e-04 1.28247e-04 
420.0 425.0 430.0 1.11299e-03 1.21487e-04 2.52092e-03 1.26754e-04 7.04901e-05 1.20600e-04 1.51571e-03 1.12957e-04 1.80562e-03 1.33206e-04 5.54995e-04 1.30127e-04 2.34679e-04 1.12360e-04 
430.0 435.0 440.0 1.07974e-03 1.16365e-04 2.20732e-03 1.17518e-04 2.00274e-04 1.15645e-04 1.42658e-03 1.09131e-04 1.66332e-03 1.28631e-04 6.04826e-04 1.26976e-04 2.96203e-04 1.08524e-04 
440.0 445.0 450.0 9.55052e-04 9.75075e-05 1.93688e-03 1.01133e-04 2.57931e-04 9.91938e-05 1.24481e-03 9.29912e-05 1.44482e-03 1.08230e-04 5.74835e-04 1.05704e-04 3.55251e-04 9.30580e-05 
450.0 455.0 460.0 9.61529e-04 8.93255e-05 1.92248e-03 9.35011e-05 2.94080e-04 9.19325e-05 1.27405e-03 8.53131e-05 1.46261e-03 1.01692e-04 5.96317e-04 9.58564e-05 3.70041e-04 8.44393e-05 
460.0 465.0 470.0 8.65204e-04 8.05147e-05 1.68935e-03 8.61645e-05 2.43149e-04 8.55107e-05 1.11620e-03 7.94968e-05 1.23003e-03 9.21797e-05 5.54221e-04 9.13921e-05 3.31714e-04 7.90542e-05 
470.0 475.0 480.0 7.31702e-04 7.54262e-05 1.46154e-03 7.66813e-05 2.21245e-04 7.27830e-05 9.37596e-04 7.07278e-05 1.13089e-03 8.42585e-05 4.25306e-04 8.10482e-05 2.62085e-04 6.82219e-05 
480.0 485.0 490.0 8.53966e-04 6.82369e-05 1.52941e-03 7.04777e-05 3.24478e-04 6.44266e-05 1.01073e-03 6.21603e-05 1.21039e-03 7.46318e-05 5.75833e-04 7.12756e-05 3.77762e-04 6.03389e-05 
490.0 495.0 500.0 6.06199e-04 5.87553e-05 1.19583e-03 6.44511e-05 1.67818e-04 6.96259e-05 7.70357e-04 5.54739e-05 9.34434e-04 6.52194e-05 3.83429e-04 6.61177e-05 2.08631e-04 5.33465e-05 
