0.0 0.052359382567 0.10471876513 1.08797e+01 5.45950e-01 1.38882e+01 4.66707e-01 7.00210e+00 6.35862e-01 1.00243e+01 5.01073e-01 1.50888e+01 5.08486e-01 1.18981e+01 5.99889e-01 6.42207e+00 5.78710e-01 
0.10471876513 0.1570781477 0.20943753027 9.61152e+00 7.33016e-01 1.26905e+01 6.10970e-01 5.44800e+00 8.18364e-01 8.86214e+00 6.72718e-01 1.37820e+01 6.65788e-01 1.05023e+01 8.05500e-01 5.01233e+00 7.44784e-01 
0.20943753027 0.26179691283 0.3141562954 1.15768e+01 6.52084e-01 1.46117e+01 5.62263e-01 7.58332e+00 8.32914e-01 1.06681e+01 5.98514e-01 1.58730e+01 6.12600e-01 1.26585e+01 7.16465e-01 6.95772e+00 7.58048e-01 
0.3141562954 0.36651567797 0.41887506053 1.83228e+01 6.74597e-01 2.04645e+01 5.82495e-01 1.56915e+01 7.93010e-01 1.68642e+01 6.19112e-01 2.22452e+01 6.34708e-01 2.00643e+01 7.41296e-01 1.43425e+01 7.21672e-01 
0.41887506053 0.4712344431 0.52359382567 1.72698e+01 6.45447e-01 1.94757e+01 5.65100e-01 1.45303e+01 7.59741e-01 1.59000e+01 5.92373e-01 2.11645e+01 6.15743e-01 1.89041e+01 7.09243e-01 1.32889e+01 6.91421e-01 
0.52359382567 0.57595320823 0.6283125908 1.32437e+01 6.29745e-01 1.59315e+01 5.42909e-01 9.94910e+00 7.41850e-01 1.22016e+01 5.77955e-01 1.73070e+01 5.91569e-01 1.44850e+01 6.91999e-01 9.11471e+00 6.75127e-01 
0.6283125908 0.68067197337 0.73303135593 1.01683e+01 6.15756e-01 1.31277e+01 5.30983e-01 6.51473e+00 7.25117e-01 9.37071e+00 5.65212e-01 1.42604e+01 5.78481e-01 1.11175e+01 6.76488e-01 5.97747e+00 6.60041e-01 
0.73303135593 0.7853907385 0.83775012107 7.94606e+00 5.56168e-01 1.09035e+01 5.10776e-01 4.03857e+00 6.66395e-01 7.32860e+00 5.10597e-01 1.18401e+01 5.56315e-01 8.67948e+00 6.10904e-01 3.72114e+00 6.06724e-01 
0.83775012107 0.89010950363 0.9424688862 6.40730e+00 5.28000e-01 9.61510e+00 4.55411e-01 2.45451e+00 6.21797e-01 5.91401e+00 4.84804e-01 1.04377e+01 4.96001e-01 6.99207e+00 5.79867e-01 2.27481e+00 5.66198e-01 
0.9424688862 0.99482826877 1.0471876513 4.14340e+00 4.14771e-01 7.54541e+00 3.57642e-01 -6.69694e-02 4.88886e-01 3.83344e+00 3.80873e-01 8.18522e+00 3.89480e-01 4.50850e+00 4.55465e-01 -2.41202e-02 4.45216e-01 
1.0471876513 1.0995470339 1.1519064165 3.82769e+00 5.08684e-01 7.08120e+00 4.37985e-01 -2.71776e-01 6.06779e-01 3.54163e+00 4.67104e-01 7.68129e+00 4.76984e-01 4.16457e+00 5.58601e-01 -2.13988e-01 5.52582e-01 
1.1519064165 1.204265799 1.2566251816 2.66956e+00 4.64989e-01 5.87676e+00 4.00435e-01 -1.28194e+00 5.48321e-01 2.47541e+00 4.27050e-01 6.37209e+00 4.36016e-01 2.89681e+00 5.10516e-01 -1.13798e+00 4.99432e-01 
1.2566251816 1.3089845642 1.3613439467 2.24910e+00 4.69995e-01 5.36453e+00 4.05146e-01 -1.59682e+00 5.53596e-01 2.08794e+00 4.31675e-01 5.81530e+00 4.41119e-01 2.43710e+00 5.15974e-01 -1.42711e+00 5.04276e-01 
1.3613439467 1.4137033293 1.4660627119 8.88764e-01 4.68029e-01 3.92426e+00 4.03110e-01 -2.58304e+00 4.57590e-01 8.37125e-01 4.29900e-01 4.24836e+00 4.38871e-01 9.45736e-01 5.13769e-01 -2.32839e+00 4.16941e-01 
1.4660627119 1.5184220944 1.570781477 1.64499e+00 3.91663e-01 4.39241e+00 3.37782e-01 -1.57740e+00 4.13108e-01 1.52862e+00 3.59851e-01 4.76089e+00 3.67650e-01 1.78039e+00 4.29803e-01 -1.41591e+00 3.76465e-01 
1.570781477 1.6231408596 1.6755002421 2.54837e-01 3.82506e-01 3.18462e+00 3.81334e-01 -3.16711e+00 4.49887e-01 2.51544e-01 3.51458e-01 3.44524e+00 4.15098e-01 2.54658e-01 4.19724e-01 -2.86503e+00 4.10004e-01 
1.6755002421 1.7278596247 1.7802190073 5.97335e-01 3.21090e-01 3.05094e+00 2.77837e-01 -2.43876e+00 3.76734e-01 5.64411e-01 2.95085e-01 3.30186e+00 3.02326e-01 6.33139e-01 3.52249e-01 -2.20427e+00 3.43417e-01 
1.7802190073 1.8325783898 1.8849377724 2.84485e-01 2.88047e-01 2.59067e+00 2.66075e-01 -2.65029e+00 3.41645e-01 3.50559e-01 2.14460e-01 2.80254e+00 2.89471e-01 2.92324e-01 3.15934e-01 -2.39961e+00 3.11474e-01 
1.8849377724 1.937297155 1.9896565375 1.23760e-02 3.18709e-01 2.18959e+00 2.03406e-01 -2.66012e+00 3.74281e-01 2.41299e-02 2.93034e-01 2.36739e+00 2.21241e-01 -4.69503e-03 3.49441e-01 -2.41046e+00 3.41371e-01 
1.9896565375 2.0420159201 2.0943753027 1.17411e-01 2.87006e-01 2.07992e+00 2.47019e-01 -2.26874e+00 3.37511e-01 1.19734e-01 2.63863e-01 2.26137e+00 2.65993e-01 1.11877e-01 3.14711e-01 -2.05508e+00 3.07806e-01 
2.0943753027 2.1467346852 2.1990940678 3.05462e-02 2.52420e-01 1.80090e+00 2.17678e-01 -2.16549e+00 2.97313e-01 3.89432e-02 2.32144e-01 1.94577e+00 2.36698e-01 1.79648e-02 2.76676e-01 -1.96241e+00 2.71259e-01 
2.1990940678 2.2514534504 2.3038128329 -1.54656e-01 2.37976e-01 1.46465e+00 2.05678e-01 -2.17223e+00 2.79406e-01 -1.32133e-01 2.18867e-01 1.58077e+00 2.23641e-01 -1.83954e-01 2.60832e-01 -1.96972e+00 2.54929e-01 
2.3038128329 2.3561722155 2.4085315981 -6.70785e-01 2.21585e-01 8.96456e-01 1.91528e-01 -2.63185e+00 2.60276e-01 -6.07435e-01 2.03806e-01 9.63569e-01 2.08241e-01 -7.48762e-01 2.42847e-01 -2.38992e+00 2.37495e-01 
2.4085315981 2.4608909806 2.5132503632 -7.09066e-01 2.14856e-01 7.23933e-01 1.86151e-01 -2.54144e+00 2.49149e-01 -6.42964e-01 1.97632e-01 7.76283e-01 2.02379e-01 -7.90258e-01 2.35451e-01 -2.30809e+00 2.27373e-01 
2.5132503632 2.5656097458 2.6179691283 -6.79501e-01 1.88653e-01 6.07062e-01 1.82990e-01 -2.36834e+00 2.32317e-01 -6.22880e-01 1.82424e-01 6.42774e-01 2.02779e-01 -7.56603e-01 2.06700e-01 -2.15124e+00 2.12048e-01 
2.6179691283 2.6703285109 2.7226878935 -6.67322e-01 1.98169e-01 6.03717e-01 1.71670e-01 -2.32751e+00 2.13485e-01 -6.06051e-01 1.82283e-01 6.47157e-01 1.86637e-01 -7.42383e-01 2.17165e-01 -2.11508e+00 1.94841e-01 
2.7226878935 2.775047276 2.8274066586 -1.42054e+00 1.88811e-01 3.41381e-02 1.55532e-01 -3.07587e+00 2.20870e-01 -1.29946e+00 1.73694e-01 2.84435e-02 1.69074e-01 -1.56699e+00 2.06881e-01 -2.79852e+00 2.01585e-01 
2.8274066586 2.8797660412 2.9321254237 -1.28525e+00 1.79939e-01 -2.30928e-02 1.55641e-01 -2.93162e+00 2.12738e-01 -1.17565e+00 1.65520e-01 -3.30084e-02 1.69204e-01 -1.41782e+00 1.97178e-01 -2.66785e+00 1.94156e-01 
2.9321254237 2.9844848063 3.0368441889 -6.60962e-01 1.77740e-01 4.93962e-01 1.53577e-01 -2.12457e+00 2.10217e-01 -6.01109e-01 1.63508e-01 5.28909e-01 1.66952e-01 -7.34109e-01 1.94753e-01 -1.93076e+00 1.91855e-01 
3.0368441889 3.0892035714 3.141562954 -1.21136e+00 1.31587e-01 5.96142e-02 1.14608e-01 -2.54496e+00 1.47305e-01 -1.10803e+00 1.21048e-01 5.71974e-02 1.24595e-01 -1.33634e+00 1.44186e-01 -2.31544e+00 1.34443e-01 
