0.0 0.052359382567 0.10471876513 1.00838e+02 2.39590e-01 9.92007e+01 2.02308e-01 1.02229e+02 2.80746e-01 1.00022e+02 2.21620e-01 1.00384e+02 2.18587e-01 1.01809e+02 2.61379e-01 1.01711e+02 2.57312e-01 
0.10471876513 0.1570781477 0.20943753027 1.01028e+02 2.93017e-01 9.93911e+01 2.37615e-01 1.02546e+02 3.43799e-01 1.00179e+02 2.70009e-01 1.00609e+02 2.57700e-01 1.02038e+02 3.20812e-01 1.01980e+02 3.14006e-01 
0.20943753027 0.26179691283 0.3141562954 1.01814e+02 3.54751e-01 9.99156e+01 2.59247e-01 1.03586e+02 4.15880e-01 1.00839e+02 3.26421e-01 1.01244e+02 2.81375e-01 1.02976e+02 3.88936e-01 1.02855e+02 3.79343e-01 
0.3141562954 0.36651567797 0.41887506053 1.05273e+02 3.72252e-01 1.02760e+02 3.12082e-01 1.07680e+02 4.37549e-01 1.03944e+02 3.42524e-01 1.04416e+02 3.39106e-01 1.06859e+02 4.08108e-01 1.06502e+02 3.99091e-01 
0.41887506053 0.4712344431 0.52359382567 1.04953e+02 3.12512e-01 1.02331e+02 2.69856e-01 1.07678e+02 3.61968e-01 1.03548e+02 2.88007e-01 1.04055e+02 2.92806e-01 1.06630e+02 3.42101e-01 1.06383e+02 3.30709e-01 
0.52359382567 0.57595320823 0.6283125908 9.87816e+01 2.91064e-01 9.67573e+01 2.52214e-01 1.00727e+02 3.40943e-01 9.77431e+01 2.68509e-01 9.81261e+01 2.73394e-01 1.00019e+02 3.18320e-01 9.98928e+01 3.11745e-01 
0.6283125908 0.68067197337 0.73303135593 9.33776e+01 2.47976e-01 9.18558e+01 2.15344e-01 9.46947e+01 2.89947e-01 9.26265e+01 2.29304e-01 9.29472e+01 2.32869e-01 9.42707e+01 2.70588e-01 9.42775e+01 2.64085e-01 
0.73303135593 0.7853907385 0.83775012107 8.89679e+01 2.71933e-01 8.76789e+01 2.35222e-01 9.00844e+01 3.13238e-01 8.83789e+01 2.51151e-01 8.86034e+01 2.54665e-01 8.96671e+01 2.97067e-01 8.97921e+01 2.86774e-01 
0.83775012107 0.89010950363 0.9424688862 8.47242e+01 2.84178e-01 8.36560e+01 2.46093e-01 8.55194e+01 3.33003e-01 8.42556e+01 2.62327e-01 8.44557e+01 2.66577e-01 8.52794e+01 3.10587e-01 8.53718e+01 3.04674e-01 
0.9424688862 0.99482826877 1.0471876513 8.03342e+01 3.18586e-01 7.94809e+01 2.75785e-01 8.08743e+01 3.73402e-01 7.99912e+01 2.93754e-01 8.01495e+01 2.99090e-01 8.07390e+01 3.48552e-01 8.08718e+01 3.41293e-01 
1.0471876513 1.0995470339 1.1519064165 7.63053e+01 2.97209e-01 7.55395e+01 2.57434e-01 7.67323e+01 2.95944e-01 7.60223e+01 2.74201e-01 7.61350e+01 2.79026e-01 7.66387e+01 3.24980e-01 7.67873e+01 2.71136e-01 
1.1519064165 1.204265799 1.2566251816 7.16652e+01 2.80373e-01 7.10608e+01 2.42987e-01 7.19318e+01 3.28420e-01 7.14641e+01 2.58783e-01 7.15645e+01 2.63251e-01 7.19008e+01 3.06435e-01 7.20714e+01 3.00478e-01 
1.2566251816 1.3089845642 1.3613439467 6.73021e+01 2.68346e-01 6.67900e+01 2.32300e-01 6.74638e+01 3.22054e-01 6.71521e+01 2.47721e-01 6.72287e+01 2.51629e-01 6.74767e+01 2.93235e-01 6.76486e+01 2.94628e-01 
1.3613439467 1.4137033293 1.4660627119 6.34115e+01 2.91156e-01 6.28909e+01 2.51941e-01 6.35527e+01 3.39221e-01 6.32596e+01 2.68515e-01 6.33124e+01 2.73180e-01 6.35888e+01 3.18437e-01 6.37167e+01 3.10175e-01 
1.4660627119 1.5184220944 1.570781477 5.80118e+01 2.20462e-01 5.77136e+01 2.35971e-01 5.80280e+01 2.57335e-01 5.79539e+01 2.03830e-01 5.80322e+01 2.55790e-01 5.80768e+01 2.40540e-01 5.82828e+01 2.35851e-01 
1.570781477 1.6231408596 1.6755002421 5.38395e+01 2.62108e-01 5.34762e+01 2.31476e-01 5.38554e+01 3.07074e-01 5.37813e+01 2.41795e-01 5.37701e+01 2.50959e-01 5.39052e+01 2.86563e-01 5.40879e+01 2.80867e-01 
1.6755002421 1.7278596247 1.7802190073 4.94849e+01 2.45957e-01 4.91393e+01 1.69897e-01 4.95923e+01 2.51855e-01 4.94353e+01 2.26937e-01 4.94050e+01 1.83660e-01 4.95406e+01 2.68856e-01 4.98024e+01 2.30698e-01 
1.7802190073 1.8325783898 1.8849377724 4.45597e+01 2.24856e-01 4.43562e+01 1.94656e-01 4.44520e+01 2.63347e-01 4.45645e+01 2.07580e-01 4.45545e+01 2.10854e-01 4.45506e+01 2.45651e-01 4.47176e+01 2.41049e-01 
1.8849377724 1.937297155 1.9896565375 4.09306e+01 1.97995e-01 4.06983e+01 1.71674e-01 4.07817e+01 2.76754e-01 4.09125e+01 1.82982e-01 4.08998e+01 1.85755e-01 4.09494e+01 2.16070e-01 4.10043e+01 2.53223e-01 
1.9896565375 2.0420159201 2.0943753027 3.66390e+01 1.91198e-01 3.64925e+01 1.65630e-01 3.65618e+01 2.49962e-01 3.66598e+01 1.76704e-01 3.66409e+01 1.79211e-01 3.66113e+01 2.08638e-01 3.67995e+01 2.28849e-01 
2.0943753027 2.1467346852 2.1990940678 3.32659e+01 1.38269e-01 3.31223e+01 1.20525e-01 3.31991e+01 1.61530e-01 3.32918e+01 1.28312e-01 3.32491e+01 1.29876e-01 3.32324e+01 1.50294e-01 3.34236e+01 1.48591e-01 
2.1990940678 2.2514534504 2.3038128329 3.00034e+01 1.35171e-01 2.99181e+01 1.17723e-01 2.98788e+01 1.65494e-01 3.00444e+01 1.25377e-01 3.00182e+01 1.26914e-01 2.99520e+01 1.46991e-01 3.01074e+01 1.52056e-01 
2.3038128329 2.3561722155 2.4085315981 2.71648e+01 1.23177e-01 2.70955e+01 1.31058e-01 2.69672e+01 1.65629e-01 2.72163e+01 1.14411e-01 2.71731e+01 1.41602e-01 2.71010e+01 1.33768e-01 2.71989e+01 1.52142e-01 
2.4085315981 2.4608909806 2.5132503632 2.48962e+01 1.42616e-01 2.48571e+01 1.23991e-01 2.46457e+01 1.72020e-01 2.49575e+01 1.32076e-01 2.49152e+01 1.33886e-01 2.48208e+01 1.55314e-01 2.48806e+01 1.57885e-01 
2.5132503632 2.5656097458 2.6179691283 2.27860e+01 1.33108e-01 2.27798e+01 1.15746e-01 2.26191e+01 1.55318e-01 2.28584e+01 1.23347e-01 2.28185e+01 1.24904e-01 2.26975e+01 1.44869e-01 2.28468e+01 1.42706e-01 
2.6179691283 2.6703285109 2.7226878935 2.13935e+01 1.57985e-01 2.13902e+01 1.29239e-01 2.12492e+01 1.78347e-01 2.14733e+01 1.46027e-01 2.14147e+01 1.39720e-01 2.12962e+01 1.72367e-01 2.14758e+01 1.63543e-01 
2.7226878935 2.775047276 2.8274066586 2.02164e+01 1.60265e-01 2.02657e+01 1.39071e-01 2.01022e+01 1.42662e-01 2.03097e+01 1.48125e-01 2.02750e+01 1.50474e-01 2.01323e+01 1.46990e-01 2.03346e+01 1.31242e-01 
2.8274066586 2.8797660412 2.9321254237 1.91269e+01 1.57834e-01 1.92401e+01 1.37456e-01 1.88357e+01 1.82253e-01 1.92485e+01 1.45922e-01 1.92205e+01 1.48685e-01 1.89800e+01 1.72150e-01 1.91106e+01 1.67109e-01 
2.9321254237 2.9844848063 3.0368441889 1.87559e+01 1.49505e-01 1.89526e+01 1.38499e-01 1.86329e+01 1.80755e-01 1.88729e+01 1.38157e-01 1.89436e+01 1.49966e-01 1.86143e+01 1.63134e-01 1.88853e+01 1.65599e-01 
3.0368441889 3.0892035714 3.141562954 1.86993e+01 1.15659e-01 1.88039e+01 1.02192e-01 1.84673e+01 1.32239e-01 1.87909e+01 1.07703e-01 1.87706e+01 1.08974e-01 1.85883e+01 1.25290e-01 1.86994e+01 1.22083e-01 
