0.0 0.025 0.05 5.97163e+00 2.42737e-01 5.05602e+00 2.04945e-01 7.05467e+00 2.90709e-01 5.49741e+00 2.23433e-01 5.49257e+00 2.22710e-01 6.53764e+00 2.65785e-01 6.44412e+00 2.65535e-01 
0.05 0.075 0.1 6.73184e+00 2.79445e-01 5.79181e+00 2.40204e-01 7.92751e+00 3.29361e-01 6.19542e+00 2.57011e-01 6.29343e+00 2.61181e-01 7.37254e+00 3.06278e-01 7.23879e+00 3.00523e-01 
0.1 0.125 0.15 5.71648e+00 2.27193e-01 4.91772e+00 1.95479e-01 6.66937e+00 2.55929e-01 5.26208e+00 2.09036e-01 5.34253e+00 2.12477e-01 6.25896e+00 2.48892e-01 6.09120e+00 2.33557e-01 
0.15 0.175 0.2 6.51077e+00 2.93419e-01 5.58921e+00 2.51941e-01 7.45598e+00 3.30145e-01 5.99344e+00 2.69815e-01 6.07182e+00 2.74001e-01 7.12832e+00 3.21666e-01 6.81152e+00 3.01301e-01 
0.2 0.225 0.25 6.18843e+00 2.75664e-01 5.31388e+00 2.37667e-01 7.30578e+00 3.24230e-01 5.69564e+00 2.53460e-01 5.77374e+00 2.58502e-01 6.77694e+00 3.02241e-01 6.67149e+00 2.95741e-01 
0.25 0.275 0.3 6.25689e+00 2.69744e-01 5.38606e+00 2.31833e-01 7.36675e+00 3.17994e-01 5.75880e+00 2.48021e-01 5.85204e+00 2.52148e-01 6.85171e+00 2.95746e-01 6.72740e+00 2.90052e-01 
0.3 0.325 0.35 7.08053e+00 3.15407e-01 6.09049e+00 2.70938e-01 8.34122e+00 3.72107e-01 6.51494e+00 2.89864e-01 6.61936e+00 2.94825e-01 7.75641e+00 3.46016e-01 7.61457e+00 3.39208e-01 
0.35 0.375 0.4 6.74379e+00 3.05246e-01 5.78486e+00 2.59269e-01 7.88208e+00 3.50823e-01 6.20612e+00 2.80609e-01 6.28617e+00 2.82045e-01 7.38607e+00 3.34746e-01 7.19688e+00 3.19902e-01 
0.4 0.425 0.45 5.91682e+00 2.44896e-01 5.08783e+00 2.10863e-01 6.97916e+00 2.88568e-01 5.44674e+00 2.25215e-01 5.52707e+00 2.29311e-01 6.47798e+00 2.68445e-01 6.37476e+00 2.63287e-01 
0.45 0.475 0.5 6.56376e+00 2.99752e-01 5.72959e+00 2.64465e-01 7.70346e+00 3.50875e-01 6.04026e+00 2.75635e-01 6.22653e+00 2.87649e-01 7.18913e+00 3.28612e-01 7.03357e+00 3.20076e-01 
0.5 0.525 0.55 5.82270e+00 2.47243e-01 5.00881e+00 2.13174e-01 6.93971e+00 2.97225e-01 5.35967e+00 2.27324e-01 5.44163e+00 2.31864e-01 6.37552e+00 2.71087e-01 6.33750e+00 2.71045e-01 
0.55 0.575 0.6 6.43244e+00 2.90169e-01 5.53508e+00 2.49626e-01 7.58602e+00 3.42318e-01 5.91906e+00 2.66666e-01 6.01528e+00 2.71638e-01 7.04585e+00 3.18333e-01 6.92578e+00 3.12048e-01 
0.6 0.625 0.65 6.28730e+00 3.13363e-01 5.40294e+00 2.70965e-01 7.42574e+00 3.67137e-01 5.78557e+00 2.88025e-01 5.87160e+00 2.94819e-01 6.88676e+00 3.43716e-01 6.77953e+00 3.34743e-01 
0.65 0.675 0.7 6.81393e+00 3.28784e-01 5.88262e+00 2.84005e-01 8.01930e+00 3.85630e-01 6.27073e+00 3.02283e-01 6.39246e+00 3.08949e-01 7.46277e+00 3.60509e-01 7.32226e+00 3.51721e-01 
0.7 0.725 0.75 7.07335e+00 3.45663e-01 6.22189e+00 3.04281e-01 8.31837e+00 4.03120e-01 6.50899e+00 3.17765e-01 6.76158e+00 3.31006e-01 7.74760e+00 3.79070e-01 7.67004e+00 3.76767e-01 
0.75 0.775 0.8 6.26556e+00 3.50695e-01 5.38278e+00 3.07073e-01 7.30034e+00 3.98101e-01 5.76575e+00 3.22290e-01 5.84946e+00 3.34155e-01 6.86267e+00 3.84731e-01 6.66556e+00 3.62941e-01 
0.8 0.825 0.85 6.52784e+00 3.80589e-01 5.62281e+00 3.32172e-01 7.69784e+00 4.41145e-01 6.00659e+00 3.49666e-01 6.11085e+00 3.61565e-01 7.15070e+00 4.17669e-01 7.02745e+00 4.02009e-01 
0.85 0.875 0.9 6.41178e+00 3.06309e-01 5.63006e+00 2.73184e-01 7.53569e+00 3.53342e-01 5.90022e+00 2.81505e-01 6.03746e+00 2.88311e-01 7.02296e+00 3.36032e-01 6.88004e+00 3.22122e-01 
0.9 0.925 0.95 6.14250e+00 3.07405e-01 5.52019e+00 2.77999e-01 7.22640e+00 3.83896e-01 5.65329e+00 2.82567e-01 5.99827e+00 3.02433e-01 6.99618e+00 3.48968e-01 6.59871e+00 3.49928e-01 
0.95 0.975 1.0 7.61325e+00 3.87630e-01 6.58454e+00 3.40558e-01 9.05629e+00 4.73947e-01 7.00455e+00 3.56198e-01 7.15688e+00 3.70641e-01 8.34078e+00 4.25304e-01 8.26572e+00 4.31994e-01 
1.0 1.025 1.05 8.01947e+00 4.61917e-01 6.91210e+00 4.03992e-01 9.69032e+00 5.57039e-01 7.37901e+00 4.24443e-01 7.51202e+00 4.39696e-01 8.78478e+00 5.06842e-01 8.84446e+00 5.07731e-01 
1.05 1.075 1.1 6.35652e+00 3.61969e-01 5.46497e+00 3.25689e-01 7.49064e+00 4.15631e-01 5.84900e+00 3.32524e-01 5.93927e+00 3.54545e-01 6.96297e+00 3.97287e-01 6.83828e+00 3.78717e-01 
1.1 1.125 1.15 6.86351e+00 3.71042e-01 5.93181e+00 3.24885e-01 8.09650e+00 4.28806e-01 6.31594e+00 3.41024e-01 6.44610e+00 3.53507e-01 7.51767e+00 4.07006e-01 7.39196e+00 3.90952e-01 
1.15 1.175 1.2 5.98730e+00 3.77607e-01 5.19567e+00 3.33085e-01 7.04534e+00 4.32531e-01 5.50982e+00 3.47043e-01 5.64592e+00 3.62448e-01 6.55772e+00 4.14229e-01 6.43243e+00 3.94334e-01 
1.2 1.225 1.25 5.65744e+00 4.50214e-01 4.89907e+00 3.98121e-01 6.68179e+00 5.14132e-01 5.20663e+00 4.13698e-01 5.32315e+00 4.33287e-01 6.19588e+00 4.93986e-01 6.10090e+00 4.68613e-01 
1.25 1.275 1.3 5.07134e+00 4.71110e-01 4.43187e+00 4.08765e-01 5.95049e+00 5.34819e-01 4.66747e+00 4.32772e-01 4.81530e+00 4.44975e-01 5.55367e+00 5.17095e-01 5.43362e+00 4.87303e-01 
1.3 1.325 1.35 3.97515e+00 4.75458e-01 3.45763e+00 4.23432e-01 4.71119e+00 5.38490e-01 3.65972e+00 4.36662e-01 3.75556e+00 4.61078e-01 4.35157e+00 5.22017e-01 4.30340e+00 4.90501e-01 
1.35 1.375 1.4 4.44167e+00 5.03918e-01 3.90082e+00 4.47804e-01 5.05920e+00 5.81570e-01 4.08716e+00 4.62727e-01 4.23910e+00 4.87686e-01 4.86522e+00 5.53370e-01 4.61906e+00 5.29608e-01 
1.4 1.425 1.45 3.03470e+00 4.51978e-01 2.95497e+00 4.44261e-01 3.93613e+00 5.58514e-01 2.79564e+00 4.15211e-01 3.20754e+00 4.83684e-01 3.31955e+00 4.96073e-01 3.59810e+00 5.08829e-01 
1.45 1.475 1.5 2.80359e+00 4.79992e-01 2.48415e+00 4.29075e-01 3.25313e+00 5.22877e-01 2.58417e+00 4.40951e-01 2.69498e+00 4.67090e-01 3.06471e+00 5.26813e-01 2.97530e+00 4.76424e-01 
1.5 1.525 1.55 2.16414e+00 4.47257e-01 1.96253e+00 4.01686e-01 2.66456e+00 4.75201e-01 1.99566e+00 4.10685e-01 2.12824e+00 4.37476e-01 2.36440e+00 4.91165e-01 2.43744e+00 4.32829e-01 
1.55 1.575 1.6 2.09176e+00 4.77294e-01 1.29763e+00 3.61235e-01 2.44092e+00 5.37381e-01 1.92863e+00 4.38392e-01 1.40501e+00 3.93194e-01 2.28573e+00 5.23967e-01 2.23334e+00 4.89546e-01 
1.6 1.625 1.65 1.20097e+00 5.18275e-01 1.14986e+00 4.64158e-01 1.31481e+00 5.39990e-01 1.11017e+00 4.76037e-01 1.24425e+00 5.05369e-01 1.30825e+00 5.68950e-01 1.20647e+00 4.91926e-01 
1.65 1.675 1.7 1.63723e+00 5.78526e-01 5.44038e-01 3.75037e-01 1.69946e+00 6.71637e-01 1.51120e+00 5.31354e-01 5.85096e-01 4.08334e-01 1.78665e+00 6.35129e-01 1.55784e+00 6.11690e-01 
1.7 1.725 1.75 1.88561e+00 6.14003e-01 1.72137e+00 5.35511e-01 2.09733e+00 6.90760e-01 1.73942e+00 5.63860e-01 1.86533e+00 5.83073e-01 1.94815e+00 6.58101e-01 1.92050e+00 6.29141e-01 
1.75 1.775 1.8 1.05187e+00 5.74044e-01 1.16398e+00 5.12063e-01 1.13453e+00 6.47177e-01 9.72798e-01 5.27415e-01 1.26031e+00 5.57331e-01 1.14514e+00 6.29954e-01 1.04213e+00 5.89771e-01 
1.8 1.825 1.85 2.15470e-01 5.30093e-01 4.19296e-01 4.73318e-01 1.04182e-01 5.97904e-01 2.03800e-01 4.86922e-01 4.49892e-01 5.15300e-01 2.28078e-01 5.81881e-01 1.02439e-01 5.44715e-01 
1.85 1.875 1.9 1.20097e-01 4.94250e-01 3.61894e-01 4.41602e-01 -2.32787e-02 5.81847e-01 1.17128e-01 4.54014e-01 3.86368e-01 4.80755e-01 1.22038e-01 5.42514e-01 -1.30902e-02 5.30084e-01 
1.9 1.925 1.95 -1.70414e+00 6.52745e-01 -1.24839e+00 5.83662e-01 -2.10222e+00 7.35284e-01 -1.55787e+00 5.99556e-01 -1.36759e+00 6.35463e-01 -1.88141e+00 7.16559e-01 -1.90575e+00 6.69834e-01 
1.95 1.975 2.0 -6.59968e-01 6.43932e-01 -2.35741e-01 5.76681e-01 -1.02567e+00 7.23546e-01 -6.01049e-01 5.91421e-01 -2.62706e-01 6.27902e-01 -7.31897e-01 7.06941e-01 -9.28108e-01 6.59086e-01 
2.0 2.025 2.05 -7.88690e-01 7.27349e-01 -3.30453e-01 6.50897e-01 -1.41583e+00 8.60116e-01 -7.19529e-01 6.67971e-01 -3.65541e-01 7.08772e-01 -8.72819e-01 7.98612e-01 -1.28302e+00 7.83353e-01 
2.05 2.075 2.1 -2.08668e+00 6.92903e-01 -1.45442e+00 6.20396e-01 -2.18492e+00 8.47690e-01 -1.90773e+00 6.36429e-01 -1.59354e+00 6.75466e-01 -2.30352e+00 7.60658e-01 -1.97982e+00 7.72041e-01 
2.1 2.125 2.15 -6.07355e-01 7.25570e-01 -8.53324e-02 6.49180e-01 -1.07437e+00 8.16423e-01 -5.51797e-01 6.66358e-01 -1.00058e-01 7.06896e-01 -6.75456e-01 7.96629e-01 -9.71393e-01 7.43646e-01 
2.15 2.175 2.2 -1.81355e+00 5.95077e-01 -1.15192e+00 5.30253e-01 -2.44401e+00 6.72727e-01 -1.65886e+00 5.46600e-01 -1.26227e+00 5.77297e-01 -2.00079e+00 6.53233e-01 -2.21808e+00 6.12861e-01 
2.2 2.225 2.25 -1.30449e+00 7.64735e-01 -6.21479e-01 6.83357e-01 -1.96846e+00 8.61495e-01 -1.19005e+00 7.02235e-01 -6.86099e-01 7.44200e-01 -1.44378e+00 8.39764e-01 -1.78316e+00 7.84561e-01 
2.25 2.275 2.3 -3.18397e+00 7.47404e-01 -2.09803e+00 6.66062e-01 -4.14399e+00 8.42391e-01 -2.91679e+00 6.86415e-01 -2.29210e+00 7.25235e-01 -3.50637e+00 8.20596e-01 -3.76582e+00 7.67290e-01 
2.3 2.325 2.35 -1.76951e+00 8.28056e-01 -9.03996e-01 7.39877e-01 -2.63944e+00 9.32943e-01 -1.61911e+00 7.60392e-01 -9.91775e-01 8.05746e-01 -1.91465e+00 9.04795e-01 -2.39726e+00 8.49651e-01 
2.35 2.375 2.4 -3.13060e+00 8.70485e-01 -2.10799e+00 7.77801e-01 -4.18626e+00 9.80729e-01 -2.86899e+00 7.99303e-01 -2.30307e+00 8.47100e-01 -3.44602e+00 9.55948e-01 -3.80615e+00 8.93098e-01 
2.4 2.425 2.45 -2.36672e+00 9.03656e-01 -1.37364e+00 8.05585e-01 -3.37630e+00 1.02062e+00 -2.16493e+00 8.29697e-01 -1.50614e+00 8.77427e-01 -2.61097e+00 9.92469e-01 -3.06504e+00 9.29340e-01 
2.45 2.475 2.5 -4.70130e+00 8.89501e-01 -3.34714e+00 7.91737e-01 -6.14442e+00 1.00646e+00 -4.31013e+00 8.16942e-01 -3.65389e+00 8.62086e-01 -5.17251e+00 9.76571e-01 -5.58795e+00 9.16767e-01 
2.5 2.525 2.55 -2.04884e+00 1.01171e+00 -1.01261e+00 7.42692e-01 -3.17876e+00 1.14361e+00 -1.87452e+00 9.29200e-01 -1.11034e+00 8.08697e-01 -2.25977e+00 1.11073e+00 -2.88729e+00 1.04173e+00 
2.55 2.575 2.6 -9.88746e-01 1.01193e+00 9.68840e-02 9.00029e-01 -2.12016e+00 1.14641e+00 -9.00787e-01 9.29384e-01 9.63278e-02 9.80021e-01 -1.09604e+00 1.11099e+00 -1.92309e+00 1.04427e+00 
2.6 2.625 2.65 -5.46022e+00 9.58707e-01 -3.84967e+00 8.52871e-01 -7.21092e+00 1.08554e+00 -5.00621e+00 8.80237e-01 -4.20223e+00 9.28932e-01 -6.00708e+00 1.05294e+00 -6.55836e+00 9.88436e-01 
2.65 2.675 2.7 -4.27466e+00 9.42202e-01 -2.74169e+00 8.36318e-01 -5.91792e+00 1.06958e+00 -3.91901e+00 8.65125e-01 -2.99417e+00 9.10862e-01 -4.70317e+00 1.03475e+00 -5.38297e+00 9.73971e-01 
2.7 2.725 2.75 -3.68037e+00 9.59814e-01 -2.14559e+00 8.51467e-01 -5.34174e+00 1.09026e+00 -3.36994e+00 8.81336e-01 -2.34857e+00 9.27314e-01 -4.05534e+00 1.05403e+00 -4.85373e+00 9.92845e-01 
2.75 2.775 2.8 -5.94135e+00 1.24437e+00 -4.10534e+00 1.10240e+00 -7.96118e+00 1.41599e+00 -5.45058e+00 1.14266e+00 -4.47835e+00 1.20056e+00 -6.53177e+00 1.36648e+00 -7.24556e+00 1.28951e+00 
2.8 2.825 2.85 -2.44121e+00 1.25279e+00 -9.05394e-01 1.10933e+00 -3.78115e+00 1.35712e+00 -2.23039e+00 1.15069e+00 -9.99915e-01 1.20780e+00 -2.69699e+00 1.37528e+00 -3.72251e+00 1.29894e+00 
2.85 2.875 2.9 -2.91119e+00 1.19140e+00 -1.23738e+00 1.05567e+00 -4.75001e+00 1.35500e+00 -2.79405e+00 1.09750e+00 -1.35796e+00 1.14962e+00 -3.20810e+00 1.30824e+00 -4.46855e+00 1.23586e+00 
2.9 2.925 2.95 -5.29130e+00 1.31497e+00 -3.45189e+00 9.80764e-01 -7.46244e+00 1.49613e+00 -4.84961e+00 1.20732e+00 -3.76946e+00 1.06806e+00 -5.82378e+00 1.44424e+00 -6.78606e+00 1.36226e+00 
2.95 2.975 3.0 -3.59641e+00 1.27233e+00 -1.73107e+00 1.12353e+00 -5.72678e+00 1.36257e+00 -3.29389e+00 1.16874e+00 -1.89652e+00 1.22314e+00 -3.96165e+00 1.39659e+00 -5.20617e+00 1.24128e+00 
3.0 3.025 3.05 -3.94465e+00 1.22243e+00 -2.13221e+00 1.10705e+00 -6.14251e+00 1.39933e+00 -3.61221e+00 1.12296e+00 -2.33437e+00 1.20529e+00 -4.34616e+00 1.34173e+00 -5.58302e+00 1.27496e+00 
3.05 3.075 3.1 -3.08498e+00 1.11753e+00 -8.71706e-01 1.01215e+00 -5.19942e+00 1.27769e+00 -2.82075e+00 1.02644e+00 -9.61982e-01 1.10217e+00 -3.40515e+00 1.22682e+00 -4.72164e+00 1.16392e+00 
3.1 3.125 3.15 -6.86705e+00 1.13675e+00 -4.35722e+00 1.00306e+00 -9.27478e+00 1.33671e+00 -6.29888e+00 1.04391e+00 -4.75504e+00 1.09231e+00 -7.55076e+00 1.24820e+00 -8.44126e+00 1.21729e+00 
3.15 3.175 3.2 -3.19685e+00 1.19049e+00 -1.08426e+00 1.04958e+00 -5.57695e+00 1.36187e+00 -2.92439e+00 1.09323e+00 -1.19502e+00 1.14298e+00 -3.52662e+00 1.30723e+00 -5.06673e+00 1.24029e+00 
3.2 3.225 3.25 -4.94886e+00 1.12844e+00 -2.54044e+00 9.93963e-01 -7.69680e+00 1.29230e+00 -4.53375e+00 1.03641e+00 -2.78056e+00 1.08225e+00 -5.44977e+00 1.23887e+00 -6.99830e+00 1.17715e+00 
3.25 3.275 3.3 -3.24748e+00 1.27144e+00 -9.90329e-01 1.11805e+00 -5.81546e+00 1.45912e+00 -2.97373e+00 1.16764e+00 -1.08988e+00 1.21749e+00 -3.57810e+00 1.39603e+00 -5.28797e+00 1.32898e+00 
3.3 3.325 3.35 -3.81611e+00 1.16722e+00 -1.43908e+00 1.02423e+00 -6.54059e+00 1.34256e+00 -3.49499e+00 1.07222e+00 -1.57972e+00 1.11503e+00 -4.20389e+00 1.28118e+00 -5.94733e+00 1.22321e+00 
3.35 3.375 3.4 -3.41194e+00 1.37520e+00 -9.48201e-01 1.20674e+00 -6.22183e+00 1.58147e+00 -3.12038e+00 1.26285e+00 -1.04885e+00 1.31415e+00 -3.76505e+00 1.51007e+00 -5.65243e+00 1.44028e+00 
3.4 3.425 3.45 -5.45557e+00 1.43447e+00 -2.68124e+00 1.26083e+00 -8.67200e+00 1.64689e+00 -4.99737e+00 1.31707e+00 -2.93573e+00 1.37326e+00 -6.00854e+00 1.57546e+00 -7.88436e+00 1.49956e+00 
3.45 3.475 3.5 -1.74123e+00 1.31325e+00 6.17389e-01 1.15204e+00 -4.46834e+00 1.51105e+00 -1.58179e+00 1.20609e+00 6.51487e-01 1.25444e+00 -1.93674e+00 1.44185e+00 -4.04953e+00 1.37635e+00 
3.5 3.525 3.55 -4.60785e+00 1.26850e+00 -1.81505e+00 1.11069e+00 -7.79825e+00 1.46267e+00 -4.22323e+00 1.16506e+00 -1.98793e+00 1.20934e+00 -5.07153e+00 1.39262e+00 -7.09460e+00 1.33236e+00 
3.55 3.575 3.6 -8.44071e-01 1.41165e+00 1.53494e+00 1.23049e+00 -3.59435e+00 1.63594e+00 -7.64573e-01 1.29611e+00 1.65749e+00 1.34020e+00 -9.42035e-01 1.55039e+00 -3.26296e+00 1.48958e+00 
3.6 3.625 3.65 -4.21328e+00 1.38654e+00 -1.44618e+00 1.21078e+00 -7.45957e+00 1.60348e+00 -3.85876e+00 1.27321e+00 -1.58880e+00 1.31859e+00 -4.64137e+00 1.52259e+00 -6.78351e+00 1.46026e+00 
3.65 3.675 3.7 -3.97593e+00 1.61394e+00 -1.07490e+00 1.40817e+00 -7.39920e+00 1.86804e+00 -3.63875e+00 1.48160e+00 -1.18651e+00 1.53398e+00 -4.38365e+00 1.77291e+00 -6.72560e+00 1.70058e+00 
3.7 3.725 3.75 -1.76127e+00 1.18094e+00 8.95950e-01 1.03083e+00 -4.88910e+00 1.36682e+00 -1.60221e+00 1.08455e+00 9.56836e-01 1.12248e+00 -1.95585e+00 1.29663e+00 -4.43572e+00 1.24492e+00 
3.75 3.775 3.8 -1.07650e+00 1.33272e+00 1.54717e+00 1.16244e+00 -4.33520e+00 1.56724e+00 -9.78414e-01 1.22392e+00 1.67101e+00 1.26582e+00 -1.19673e+00 1.46330e+00 -3.93781e+00 1.42744e+00 
3.8 3.825 3.85 -2.09738e+00 1.58209e+00 7.03799e-01 1.38312e+00 -5.44182e+00 1.82764e+00 -1.91388e+00 1.45278e+00 7.50428e-01 1.50628e+00 -2.32063e+00 1.73732e+00 -4.94361e+00 1.66442e+00 
3.85 3.875 3.9 -1.24647e+00 1.53050e+00 1.82507e+00 1.42318e+00 -4.43957e+00 1.81394e+00 -1.13432e+00 1.40531e+00 1.97426e+00 1.54975e+00 -1.38352e+00 1.68081e+00 -4.03311e+00 1.65201e+00 
3.9 3.925 3.95 -1.92176e+00 1.27396e+00 9.35183e-01 1.10743e+00 -5.36157e+00 1.48137e+00 -1.74973e+00 1.16996e+00 9.99509e-01 1.20591e+00 -2.13189e+00 1.39879e+00 -4.86648e+00 1.34923e+00 
3.95 3.975 4.0 -1.21639e+00 1.38402e+00 1.62156e+00 1.20204e+00 -4.63457e+00 1.61081e+00 -1.10762e+00 1.27112e+00 1.75282e+00 1.30884e+00 -1.34926e+00 1.51950e+00 -4.21207e+00 1.46725e+00 
4.0 4.025 4.05 -6.64842e-01 1.39101e+00 2.15551e+00 1.20552e+00 -4.10737e+00 1.62288e+00 -5.97726e-01 1.27757e+00 2.33075e+00 1.31260e+00 -7.48505e-01 1.52715e+00 -3.72724e+00 1.47825e+00 
4.05 4.075 4.1 -2.47436e+00 1.46571e+00 5.90564e-01 1.27139e+00 -6.23297e+00 1.70834e+00 -2.25982e+00 1.34594e+00 6.26865e-01 1.38457e+00 -2.73490e+00 1.60950e+00 -5.66397e+00 1.55577e+00 
4.1 4.125 4.15 1.12389e-01 1.42278e+00 2.90930e+00 1.23455e+00 -3.28315e+00 1.65826e+00 1.15076e-01 1.30651e+00 3.15270e+00 1.34446e+00 1.06303e-01 1.56235e+00 -2.97786e+00 1.51019e+00 
4.15 4.175 4.2 -5.28471e-02 1.57807e+00 2.77003e+00 1.36440e+00 -3.53448e+00 1.84640e+00 -2.92236e-02 1.44904e+00 2.99343e+00 1.48594e+00 -8.58910e-02 1.73297e+00 -3.19632e+00 1.68142e+00 
4.2 4.225 4.25 -2.54392e+00 1.62971e+00 5.78125e-01 1.40984e+00 -6.43756e+00 1.90564e+00 -2.32044e+00 1.49611e+00 6.10394e-01 1.53578e+00 -2.81588e+00 1.79020e+00 -5.84536e+00 1.73486e+00 
4.25 4.275 4.3 -8.08750e-01 1.23115e+00 2.17441e+00 1.06362e+00 -4.56128e+00 1.44222e+00 -7.33101e-01 1.13062e+00 2.35497e+00 1.15822e+00 -9.01876e-01 1.35181e+00 -4.14497e+00 1.31354e+00 
4.3 4.325 4.35 1.98960e+00 1.52952e+00 4.63004e+00 1.32270e+00 -1.34975e+00 1.78955e+00 1.83797e+00 1.40426e+00 5.02751e+00 1.44073e+00 2.16889e+00 1.67995e+00 -1.21837e+00 1.62937e+00 
4.35 4.375 4.4 -1.85844e+00 1.62914e+00 1.26323e+00 1.40745e+00 -5.77790e+00 1.90808e+00 -1.69371e+00 1.49572e+00 1.35925e+00 1.53302e+00 -2.05932e+00 1.78937e+00 -5.24833e+00 1.73727e+00 
4.4 4.425 4.45 2.47716e+00 1.43950e+00 5.02049e+00 1.24276e+00 -7.20855e-01 1.68750e+00 2.28633e+00 1.32200e+00 5.45221e+00 1.35325e+00 2.70343e+00 1.58054e+00 -6.44744e-01 1.53697e+00 
4.45 4.475 4.5 -5.28153e-01 1.31850e+00 2.50570e+00 1.13343e+00 -4.33257e+00 1.55358e+00 -4.69134e-01 1.21080e+00 2.70951e+00 1.23428e+00 -6.02825e-01 1.44779e+00 -3.92756e+00 1.41490e+00 
4.5 4.525 4.55 1.26312e+00 1.33326e+00 3.93829e+00 1.14508e+00 -2.18130e+00 1.57275e+00 1.17363e+00 1.22423e+00 4.27179e+00 1.24709e+00 1.36727e+00 1.46415e+00 -1.97148e+00 1.43221e+00 
4.55 4.575 4.6 8.43736e-01 1.26375e+00 3.63283e+00 1.08534e+00 -2.74934e+00 1.49091e+00 7.85606e-01 1.16042e+00 3.94195e+00 1.18202e+00 9.10845e-01 1.38780e+00 -2.49290e+00 1.35769e+00 
4.6 4.625 4.65 1.22893e+00 1.19507e+00 4.04401e+00 1.02420e+00 -2.45186e+00 1.52891e+00 1.14089e+00 1.09732e+00 4.38838e+00 1.11546e+00 1.33159e+00 1.31243e+00 -2.22091e+00 1.39217e+00 
4.65 4.675 4.7 2.70648e+00 9.82467e-01 5.20193e+00 8.39977e-01 -5.04228e-01 1.16615e+00 2.49518e+00 9.02304e-01 5.65173e+00 9.14628e-01 2.95772e+00 1.07867e+00 -4.49612e-01 1.06219e+00 
4.7 4.725 4.75 -4.22485e-01 1.21214e+00 2.47808e+00 1.03404e+00 -4.19274e+00 1.44154e+00 -3.74773e-01 1.11315e+00 2.68235e+00 1.12602e+00 -4.82908e-01 1.33096e+00 -3.80367e+00 1.31290e+00 
4.75 4.775 4.8 1.33227e+00 1.52544e+00 4.03641e+00 1.30473e+00 -2.21946e+00 1.80766e+00 1.23122e+00 1.40051e+00 4.38479e+00 1.42116e+00 1.45167e+00 1.67548e+00 -2.01437e+00 1.64585e+00 
4.8 4.825 4.85 1.23660e-01 1.46537e+00 2.93967e+00 1.25142e+00 -3.53393e+00 1.73974e+00 1.25948e-01 1.34575e+00 3.18616e+00 1.36268e+00 1.17903e-01 1.60894e+00 -3.20447e+00 1.58455e+00 
4.85 4.875 4.9 3.84017e+00 1.57715e+00 6.44356e+00 1.36266e+00 7.61622e-01 1.87545e+00 3.53740e+00 1.44783e+00 7.00318e+00 1.48458e+00 4.20086e+00 1.73249e+00 7.05478e-01 1.70735e+00 
4.9 4.925 4.95 3.60731e+00 1.41554e+00 5.87531e+00 1.20435e+00 6.22404e-01 1.68832e+00 3.31757e+00 1.29977e+00 6.39072e+00 1.31166e+00 3.95392e+00 1.55455e+00 5.70509e-01 1.53741e+00 
4.95 4.975 5.0 8.82656e-03 1.29071e+00 2.79862e+00 1.09698e+00 -3.65046e+00 1.54145e+00 2.40167e-02 1.18521e+00 3.02933e+00 1.19465e+00 -1.32249e-02 1.41736e+00 -3.30516e+00 1.40377e+00 
5.0 5.025 5.05 1.54050e+00 1.21817e+00 4.09377e+00 1.03223e+00 -1.82884e+00 1.46077e+00 1.42263e+00 1.11877e+00 4.44756e+00 1.12400e+00 1.68001e+00 1.33746e+00 -1.65762e+00 1.33058e+00 
5.05 5.075 5.1 3.17324e+00 1.15675e+00 5.37691e+00 9.80899e-01 2.36183e-01 1.38597e+00 2.92434e+00 1.06218e+00 5.84289e+00 1.06826e+00 3.46952e+00 1.27028e+00 2.26842e-01 1.26215e+00 
5.1 5.125 5.15 4.72811e+00 1.32985e+00 6.70961e+00 1.12783e+00 2.08266e+00 1.59243e+00 4.35005e+00 1.22075e+00 7.29626e+00 1.22863e+00 5.17994e+00 1.46091e+00 1.90537e+00 1.44960e+00 
5.15 5.175 5.2 -4.19929e-01 1.09792e+00 2.25439e+00 9.28882e-01 -4.11928e+00 1.31980e+00 -3.75917e-01 1.00789e+00 2.44317e+00 1.01188e+00 -4.75121e-01 1.20608e+00 -3.74039e+00 1.20148e+00 
5.2 5.225 5.25 2.53769e+00 1.17246e+00 4.66941e+00 9.89573e-01 -4.53705e-01 1.41305e+00 2.34123e+00 1.07695e+00 5.07207e+00 1.07736e+00 2.77088e+00 1.28703e+00 -4.00053e-01 1.28730e+00 
5.25 5.275 5.3 3.33887e+00 1.32495e+00 5.32058e+00 1.12226e+00 5.02314e-01 1.59114e+00 3.07619e+00 1.21659e+00 5.78181e+00 1.22225e+00 3.65171e+00 1.45503e+00 4.69675e-01 1.44894e+00 
5.3 5.325 5.35 3.25167e+00 1.22163e+00 5.47750e+00 7.35234e-01 7.76595e-01 1.05707e+00 2.99561e+00 1.12152e+00 5.95728e+00 8.00629e-01 3.55665e+00 1.34189e+00 7.13036e-01 9.62731e-01 
5.35 5.375 5.4 3.52916e+00 1.19178e+00 5.39247e+00 1.00192e+00 9.16311e-01 1.44228e+00 3.24776e+00 1.09477e+00 5.86368e+00 1.09073e+00 3.86528e+00 1.30815e+00 8.41996e-01 1.31403e+00 
5.4 5.425 5.45 4.19098e+00 1.00036e+00 5.86228e+00 8.40357e-01 1.81838e+00 1.21449e+00 3.85545e+00 9.18957e-01 6.37264e+00 9.15086e-01 4.58806e+00 1.09838e+00 1.66787e+00 1.10614e+00 
5.45 5.475 5.5 1.44318e+00 1.04171e+00 3.46165e+00 8.75558e-01 -1.37325e+00 1.26237e+00 1.33109e+00 9.56677e-01 3.76257e+00 9.53409e-01 1.57630e+00 1.14378e+00 -1.61117e+00 1.10080e+00 
5.5 5.525 5.55 3.92660e+00 1.05373e+00 5.46367e+00 8.62467e-01 1.68840e+00 1.28272e+00 3.61403e+00 9.67521e-01 5.94084e+00 9.39210e-01 4.29980e+00 1.15724e+00 1.54745e+00 1.16802e+00 
5.55 5.575 5.6 2.75060e+00 9.47821e-01 4.54256e+00 7.91409e-01 2.97154e-01 1.15878e+00 2.53258e+00 8.70341e-01 4.93912e+00 8.61880e-01 3.01068e+00 1.04084e+00 2.78510e-01 1.05525e+00 
5.6 5.625 5.65 3.27915e+00 1.01747e+00 5.03297e+00 7.49356e-01 9.25774e-01 1.23791e+00 3.01692e+00 9.34208e-01 5.47548e+00 8.16163e-01 3.59256e+00 1.11744e+00 8.49608e-01 1.12720e+00 
5.65 5.675 5.7 3.51191e+00 9.03933e-01 4.98282e+00 7.54125e-01 1.41137e+00 1.10615e+00 3.23083e+00 8.30195e-01 5.32142e+00 5.89513e-01 3.84788e+00 9.92419e-01 1.29226e+00 1.00757e+00 
5.7 5.725 5.75 2.17455e+00 8.97348e-01 4.25968e+00 8.08265e-01 -2.26898e-01 1.09787e+00 2.00302e+00 8.23969e-01 4.63269e+00 8.80259e-01 2.37895e+00 9.85450e-01 -1.98976e-01 9.99761e-01 
5.75 5.775 5.8 2.34345e+00 9.20411e-01 3.72697e+00 7.66426e-01 1.36471e-01 1.13201e+00 2.15855e+00 8.45151e-01 4.05118e+00 8.34698e-01 2.56381e+00 1.01077e+00 1.31927e-01 1.03085e+00 
5.8 5.825 5.85 5.08320e+00 8.83507e-01 6.09630e+00 7.35080e-01 3.62891e+00 1.08517e+00 4.67143e+00 8.11372e-01 6.63462e+00 8.00443e-01 5.57659e+00 9.70083e-01 3.30876e+00 9.88338e-01 
5.85 5.875 5.9 2.25785e+00 7.50931e-01 3.64563e+00 6.23617e-01 2.44176e-01 9.27036e-01 2.07770e+00 6.89353e-01 3.96511e+00 6.79332e-01 2.47301e+00 8.24902e-01 2.27688e-01 8.43922e-01 
5.9 5.925 5.95 2.70080e+00 7.87314e-01 4.18236e+00 5.20178e-01 8.91854e-01 9.69108e-01 2.48358e+00 7.22680e-01 4.55060e+00 5.66519e-01 2.96067e+00 8.64979e-01 8.16375e-01 8.82127e-01 
5.95 5.975 6.0 2.68448e+00 8.13250e-01 3.92521e+00 6.75530e-01 1.00272e+00 1.03623e+00 2.46958e+00 7.46505e-01 4.26961e+00 7.35939e-01 2.94139e+00 8.93445e-01 9.19301e-01 9.43314e-01 
6.0 6.025 6.05 2.40896e+00 5.17863e-01 3.54465e+00 4.31175e-01 6.37754e-01 6.53782e-01 2.03444e+00 7.77729e-01 3.85758e+00 4.69563e-01 2.64211e+00 5.68675e-01 5.84476e-01 5.95400e-01 
6.05 6.075 6.1 3.26378e+00 6.04673e-01 4.25887e+00 5.03190e-01 1.83384e+00 7.47813e-01 3.00064e+00 5.55117e-01 4.63405e+00 5.48119e-01 3.57879e+00 6.64196e-01 1.67468e+00 6.80811e-01 
6.1 6.125 6.15 1.87996e+00 6.51039e-01 3.05945e+00 5.39011e-01 1.38081e-01 8.08766e-01 1.73108e+00 5.97816e-01 3.32682e+00 5.87017e-01 2.05752e+00 7.14934e-01 1.32385e-01 7.36511e-01 
6.15 6.175 6.2 4.51726e+00 7.69145e-01 5.07060e+00 6.31599e-01 3.61052e+00 9.60296e-01 4.15070e+00 7.06428e-01 5.51910e+00 6.87705e-01 4.95662e+00 8.44398e-01 3.29142e+00 8.74764e-01 
6.2 6.225 6.25 2.16321e+00 6.82907e-01 3.07943e+00 5.61794e-01 7.62096e-01 8.52602e-01 1.98791e+00 6.26966e-01 3.35184e+00 6.11935e-01 2.37327e+00 7.50095e-01 6.95823e-01 7.76257e-01 
6.25 6.275 6.3 2.30063e+00 4.19337e-01 3.14508e+00 3.48778e-01 1.04518e+00 5.23299e-01 2.11553e+00 3.84991e-01 3.42228e+00 3.79903e-01 2.52214e+00 4.60586e-01 9.56140e-01 4.76446e-01 
6.3 6.325 6.35 2.18514e+00 6.22734e-01 2.92289e+00 5.10863e-01 1.04278e+00 7.81160e-01 2.00793e+00 5.71761e-01 3.18161e+00 5.56409e-01 2.39753e+00 6.83946e-01 9.51436e-01 7.11249e-01 
6.35 6.375 6.4 2.09638e+00 4.15979e-01 2.86805e+00 3.47411e-01 9.83242e-01 5.18117e-01 1.92630e+00 3.81964e-01 3.12219e+00 3.78366e-01 2.30024e+00 4.56817e-01 8.96887e-01 4.71823e-01 
6.4 6.425 6.45 3.25642e+00 5.81233e-01 3.72872e+00 4.76622e-01 2.06187e+00 6.22890e-01 2.99411e+00 5.33853e-01 4.05692e+00 5.18949e-01 3.57037e+00 6.38083e-01 1.88147e+00 5.67190e-01 
6.45 6.475 6.5 2.42457e+00 5.78022e-01 2.47456e+00 4.33104e-01 1.67236e+00 7.27733e-01 2.22811e+00 5.30570e-01 3.09322e+00 5.41315e-01 2.65997e+00 6.35040e-01 1.52293e+00 6.55240e-01 
6.5 6.525 6.55 1.57982e+00 5.00009e-01 2.21618e+00 3.88542e-01 5.89182e-01 6.32704e-01 1.45088e+00 4.58973e-01 2.41278e+00 4.23278e-01 1.73454e+00 5.49313e-01 5.36717e-01 5.75931e-01 
6.55 6.575 6.6 2.12058e+00 4.32839e-01 2.60264e+00 3.55954e-01 1.32002e+00 5.49072e-01 1.94957e+00 3.97356e-01 2.83228e+00 3.87752e-01 2.32529e+00 4.75461e-01 1.20581e+00 4.99860e-01 
6.6 6.625 6.65 1.70766e+00 3.76360e-01 2.22408e+00 2.97202e-01 9.32442e-01 4.73243e-01 1.56808e+00 3.45483e-01 2.42235e+00 3.23792e-01 1.87523e+00 4.13455e-01 8.49366e-01 4.30793e-01 
6.65 6.675 6.7 1.40401e+00 3.21746e-01 1.76164e+00 2.66212e-01 8.56644e-01 4.06174e-01 1.28969e+00 2.95277e-01 1.91804e+00 2.90080e-01 1.54113e+00 3.53564e-01 7.80953e-01 3.69635e-01 
6.7 6.725 6.75 1.45374e+00 2.31353e-01 1.90633e+00 2.03529e-01 7.14155e-01 2.85820e-01 1.33508e+00 2.12301e-01 2.07609e+00 2.21790e-01 1.59614e+00 2.54258e-01 6.50899e-01 2.60067e-01 
6.75 6.775 6.8 2.06477e+00 2.96280e-01 2.21863e+00 2.49823e-01 1.30389e+00 3.26382e-01 1.89506e+00 2.71846e-01 2.41731e+00 2.72281e-01 1.98225e+00 2.88205e-01 1.18651e+00 2.96925e-01 
6.8 6.825 6.85 1.20391e+00 2.41596e-01 1.57168e+00 2.17306e-01 6.65928e-01 3.02277e-01 1.10582e+00 2.21822e-01 1.71121e+00 2.36725e-01 1.32156e+00 2.65342e-01 6.07227e-01 2.75241e-01 
6.85 6.875 6.9 5.80004e-01 2.50327e-01 8.74298e-01 2.07733e-01 1.44131e-01 3.17131e-01 5.32859e-01 2.29735e-01 9.52010e-01 2.26357e-01 6.36532e-01 2.75080e-01 1.31779e-01 2.88599e-01 
6.9 6.925 6.95 9.85429e-01 1.71849e-01 1.15892e+00 1.47391e-01 7.65628e-01 2.33128e-01 9.05054e-01 1.57730e-01 1.26210e+00 1.60596e-01 1.08187e+00 1.88815e-01 6.97148e-01 2.12175e-01 
6.95 6.975 7.0 9.51689e-01 1.69641e-01 1.20707e+00 1.56641e-01 6.31968e-01 2.09954e-01 8.73920e-01 1.55676e-01 1.31483e+00 1.70707e-01 1.04504e+00 1.86430e-01 5.75859e-01 1.91052e-01 
7.0 7.025 7.05 1.02101e+00 1.78179e-01 1.15157e+00 1.52813e-01 7.98999e-01 2.23996e-01 9.37366e-01 1.63536e-01 1.25436e+00 1.66493e-01 1.12147e+00 1.95778e-01 7.27537e-01 2.03840e-01 
7.05 7.075 7.1 8.67632e-01 1.70150e-01 9.85545e-01 1.45736e-01 6.47583e-01 2.13369e-01 7.96908e-01 1.56138e-01 1.07323e+00 1.58810e-01 9.52478e-01 1.86995e-01 5.90310e-01 1.94150e-01 
7.1 7.125 7.15 6.58558e-01 1.38461e-01 8.12951e-01 1.25652e-01 3.81026e-01 1.67570e-01 6.04434e-01 1.27094e-01 8.85741e-01 1.36908e-01 7.23597e-01 1.52118e-01 3.46725e-01 1.52549e-01 
7.15 7.175 7.2 3.01011e-01 1.01771e-01 3.58748e-01 8.68941e-02 1.63781e-01 1.26500e-01 2.76416e-01 9.33904e-02 3.90730e-01 9.46778e-02 3.30532e-01 1.11846e-01 1.49263e-01 1.15102e-01 
7.2 7.225 7.25 6.99665e-01 1.25516e-01 6.80579e-01 1.03322e-01 6.29839e-01 1.58228e-01 6.42232e-01 1.15151e-01 7.41496e-01 1.12627e-01 7.68667e-01 1.37986e-01 5.73335e-01 1.43924e-01 
7.25 7.275 7.3 5.37702e-01 8.18261e-02 6.88408e-01 9.32239e-02 3.57983e-01 8.88643e-02 4.93562e-01 7.50833e-02 7.23692e-01 9.77536e-02 5.90736e-01 8.99339e-02 3.45988e-01 8.02836e-02 
7.3 7.325 7.35 3.69221e-01 7.54071e-02 5.00254e-01 7.96917e-02 2.54516e-01 8.50633e-02 3.38803e-01 6.91859e-02 5.44963e-01 8.68345e-02 4.25577e-01 8.56467e-02 2.31595e-01 7.73861e-02 
7.35 7.375 7.4 3.79555e-01 5.97739e-02 4.18160e-01 6.29393e-02 3.11764e-01 6.35837e-02 3.48443e-01 5.48474e-02 4.55585e-01 6.86031e-02 4.16925e-01 6.56980e-02 2.83938e-01 5.78529e-02 
7.4 7.425 7.45 2.11503e-01 6.64355e-02 2.75635e-01 6.74343e-02 6.28926e-02 7.43638e-02 1.94084e-01 6.09650e-02 3.00382e-01 7.34983e-02 2.15921e-01 7.20352e-02 5.72906e-02 6.76744e-02 
7.45 7.475 7.5 1.45394e-01 4.72288e-02 1.65701e-01 3.95606e-02 1.67813e-01 6.41048e-02 1.33382e-01 4.33222e-02 1.80615e-01 4.31267e-02 1.59846e-01 5.19299e-02 1.30036e-01 5.61979e-02 
7.5 7.525 7.55 1.03493e-01 3.48113e-02 1.00520e-01 3.01141e-02 9.08395e-02 4.49929e-02 9.50534e-02 3.19388e-02 1.09457e-01 3.28238e-02 1.13619e-01 3.82662e-02 8.27733e-02 4.09302e-02 
7.55 7.575 7.6 1.04714e-01 2.44324e-02 1.50843e-01 3.30580e-02 1.09036e-01 3.38171e-02 9.61357e-02 2.24169e-02 1.64352e-01 3.60339e-02 1.15015e-01 2.68563e-02 9.92515e-02 3.07542e-02 
7.6 7.625 7.65 8.73178e-02 1.94895e-02 9.19445e-02 1.79061e-02 8.51952e-02 2.41717e-02 8.01378e-02 1.78786e-02 1.00183e-01 1.95175e-02 9.59475e-02 2.14276e-02 7.75621e-02 2.19873e-02 
7.65 7.675 7.7 7.68759e-02 1.98478e-02 8.17138e-02 1.90671e-02 6.28978e-02 2.38767e-02 7.05375e-02 1.82058e-02 8.90670e-02 2.07898e-02 7.24014e-02 2.05515e-02 5.72304e-02 2.17169e-02 
7.7 7.725 7.75 1.10901e-01 2.21104e-02 1.19053e-01 2.48750e-02 7.31098e-02 1.62043e-02 1.01747e-01 2.02806e-02 1.29764e-01 2.71194e-02 1.21912e-01 2.43125e-02 6.65251e-02 1.47399e-02 
7.75 7.775 7.8 1.75189e-02 7.53989e-03 1.27278e-02 5.62932e-03 2.11233e-02 1.03255e-02 1.60886e-02 6.91689e-03 1.38593e-02 6.13646e-03 1.92352e-02 8.28941e-03 1.92395e-02 9.39201e-03 
7.8 7.825 7.85 1.96695e-02 7.34171e-03 1.49818e-02 5.48630e-03 2.53825e-02 1.00756e-02 1.80418e-02 6.73370e-03 1.63332e-02 5.98167e-03 2.16285e-02 8.07354e-03 2.30813e-02 9.16225e-03 
7.85 7.875 7.9 9.27483e-03 5.72230e-03 8.36920e-03 4.28359e-03 1.46481e-02 8.10693e-03 8.51714e-03 5.25039e-03 9.11591e-03 4.66920e-03 1.01842e-02 6.28983e-03 1.33374e-02 7.37557e-03 
7.9 7.925 7.95 1.16115e-03 1.49058e-03 8.27120e-04 1.09939e-03 1.10957e-03 2.30855e-03 1.06827e-03 1.36714e-03 8.99129e-04 1.19872e-03 1.27211e-03 1.63915e-03 1.01371e-03 2.09935e-03 
7.95 7.975 8.0 4.66605e-03 1.76808e-03 3.54910e-03 1.31410e-03 6.29694e-03 2.44934e-03 4.27872e-03 1.62190e-03 3.87034e-03 1.43257e-03 5.13250e-03 1.94397e-03 5.72457e-03 2.22779e-03 
8.0 8.025 8.05 2.51106e-03 1.54580e-03 1.89918e-03 1.12686e-03 3.40662e-03 2.18743e-03 2.30419e-03 1.41831e-03 2.06966e-03 1.22817e-03 2.75978e-03 1.69911e-03 3.09955e-03 1.99009e-03 
8.05 8.075 8.1 2.65852e-03 9.59014e-04 1.96990e-03 6.99037e-04 3.69218e-03 1.35690e-03 2.43968e-03 8.79861e-04 2.14663e-03 7.61930e-04 2.92158e-03 1.05422e-03 3.35978e-03 1.23438e-03 
8.1 8.125 8.15 1.62579e-03 6.48420e-04 9.72682e-04 3.14042e-04 2.23264e-03 9.04489e-04 1.49107e-03 5.94595e-04 1.06008e-03 3.42384e-04 1.78797e-03 7.13241e-04 2.03019e-03 8.22314e-04 
8.15 8.175 8.2 7.08632e-04 4.68652e-04 5.23795e-04 3.38747e-04 9.87447e-04 6.69070e-04 6.49800e-04 4.29827e-04 5.71220e-04 3.69348e-04 7.79482e-04 5.15389e-04 8.97699e-04 6.08404e-04 
8.2 8.225 8.25 2.41668e-04 1.14630e-04 1.48877e-04 7.74750e-05 4.34663e-04 1.54637e-04 2.21938e-04 1.05170e-04 1.62061e-04 8.44343e-05 2.65343e-04 1.26007e-04 3.95622e-04 1.40695e-04 
8.25 8.275 8.3 1.58073e-04 5.23898e-05 1.14734e-04 3.75021e-05 2.24719e-04 7.57189e-05 1.45029e-04 4.80519e-05 1.25056e-04 4.08892e-05 1.73760e-04 5.76112e-05 2.04436e-04 6.88597e-05 
8.3 8.325 8.35 8.47330e-05 2.88404e-05 6.06617e-05 2.05725e-05 1.86664e-04 5.64756e-05 7.77419e-05 2.64463e-05 6.61177e-05 2.24352e-05 9.31410e-05 3.17235e-05 1.69837e-04 5.13607e-05 
8.35 8.375 8.4 8.94628e-06 7.90419e-06 6.46558e-06 5.51579e-06 1.27605e-05 1.17524e-05 8.21307e-06 7.25623e-06 7.04275e-06 6.00860e-06 9.82681e-06 8.68239e-06 1.16170e-05 1.06997e-05 
8.4 8.425 8.45 1.50477e-06 4.58694e-07 1.04453e-06 3.13366e-07 2.24877e-06 6.99182e-07 1.38156e-06 4.21054e-07 1.13772e-06 3.41392e-07 1.65269e-06 5.03910e-07 2.04757e-06 6.36473e-07 
8.45 8.475 8.5 8.37309e-08 2.93194e-08 5.69290e-08 1.99789e-08 1.28124e-07 4.48118e-08 7.69394e-08 2.69220e-08 6.19560e-08 2.17585e-08 9.18697e-08 3.21972e-08 1.16778e-07 4.08077e-08 
8.5 8.525 8.55 1.04632e-09 3.63805e-10 5.74004e-10 2.07555e-10 1.95921e-09 6.57361e-10 9.61903e-10 3.34410e-10 6.24486e-10 2.25869e-10 1.14740e-09 3.99011e-10 1.78604e-09 5.99088e-10 
8.55 8.575 8.6 -3.39398e-19 7.57132e-20 -2.32654e-19 5.21835e-20 -5.13985e-19 1.14032e-19 -3.11146e-19 6.93946e-20 -2.53782e-19 5.69358e-20 -3.73442e-19 8.33314e-20 -4.67137e-19 1.03609e-19 
8.6 8.625 8.65 -1.47726e-20 3.30214e-21 -9.89611e-21 2.22825e-21 -2.29393e-20 5.09168e-21 -1.35505e-20 3.02857e-21 -1.07888e-20 2.42957e-21 -1.62433e-20 3.63146e-21 -2.08627e-20 4.63006e-21 
8.65 8.675 8.7 -4.32569e-21 9.71069e-22 -2.84256e-21 6.37582e-22 -6.24065e-21 1.40683e-21 -3.62015e-21 8.16694e-22 -3.09837e-21 6.94913e-22 -4.75517e-21 1.06737e-21 -5.67647e-21 1.27968e-21 
8.7 8.725 8.75 0.00000e+00 0.00000e+00 0.00000e+00 0.00000e+00 0.00000e+00 0.00000e+00 0.00000e+00 0.00000e+00 0.00000e+00 0.00000e+00 0.00000e+00 0.00000e+00 0.00000e+00 0.00000e+00 
8.75 8.775 8.8 0.00000e+00 0.00000e+00 0.00000e+00 0.00000e+00 0.00000e+00 0.00000e+00 0.00000e+00 0.00000e+00 0.00000e+00 0.00000e+00 0.00000e+00 0.00000e+00 0.00000e+00 0.00000e+00 
8.8 8.825 8.85 0.00000e+00 0.00000e+00 0.00000e+00 0.00000e+00 0.00000e+00 0.00000e+00 0.00000e+00 0.00000e+00 0.00000e+00 0.00000e+00 0.00000e+00 0.00000e+00 0.00000e+00 0.00000e+00 
8.85 8.875 8.9 0.00000e+00 0.00000e+00 0.00000e+00 0.00000e+00 0.00000e+00 0.00000e+00 0.00000e+00 0.00000e+00 0.00000e+00 0.00000e+00 0.00000e+00 0.00000e+00 0.00000e+00 0.00000e+00 
8.9 8.925 8.95 0.00000e+00 0.00000e+00 0.00000e+00 0.00000e+00 0.00000e+00 0.00000e+00 0.00000e+00 0.00000e+00 0.00000e+00 0.00000e+00 0.00000e+00 0.00000e+00 0.00000e+00 0.00000e+00 
8.95 8.975 9.0 0.00000e+00 0.00000e+00 0.00000e+00 0.00000e+00 0.00000e+00 0.00000e+00 0.00000e+00 0.00000e+00 0.00000e+00 0.00000e+00 0.00000e+00 0.00000e+00 0.00000e+00 0.00000e+00 
9.0 9.025 9.05 0.00000e+00 0.00000e+00 0.00000e+00 0.00000e+00 0.00000e+00 0.00000e+00 0.00000e+00 0.00000e+00 0.00000e+00 0.00000e+00 0.00000e+00 0.00000e+00 0.00000e+00 0.00000e+00 
9.05 9.075 9.1 0.00000e+00 0.00000e+00 0.00000e+00 0.00000e+00 0.00000e+00 0.00000e+00 0.00000e+00 0.00000e+00 0.00000e+00 0.00000e+00 0.00000e+00 0.00000e+00 0.00000e+00 0.00000e+00 
9.1 9.125 9.15 0.00000e+00 0.00000e+00 0.00000e+00 0.00000e+00 0.00000e+00 0.00000e+00 0.00000e+00 0.00000e+00 0.00000e+00 0.00000e+00 0.00000e+00 0.00000e+00 0.00000e+00 0.00000e+00 
9.15 9.175 9.2 0.00000e+00 0.00000e+00 0.00000e+00 0.00000e+00 0.00000e+00 0.00000e+00 0.00000e+00 0.00000e+00 0.00000e+00 0.00000e+00 0.00000e+00 0.00000e+00 0.00000e+00 0.00000e+00 
9.2 9.225 9.25 0.00000e+00 0.00000e+00 0.00000e+00 0.00000e+00 0.00000e+00 0.00000e+00 0.00000e+00 0.00000e+00 0.00000e+00 0.00000e+00 0.00000e+00 0.00000e+00 0.00000e+00 0.00000e+00 
9.25 9.275 9.3 0.00000e+00 0.00000e+00 0.00000e+00 0.00000e+00 0.00000e+00 0.00000e+00 0.00000e+00 0.00000e+00 0.00000e+00 0.00000e+00 0.00000e+00 0.00000e+00 0.00000e+00 0.00000e+00 
9.3 9.325 9.35 0.00000e+00 0.00000e+00 0.00000e+00 0.00000e+00 0.00000e+00 0.00000e+00 0.00000e+00 0.00000e+00 0.00000e+00 0.00000e+00 0.00000e+00 0.00000e+00 0.00000e+00 0.00000e+00 
9.35 9.375 9.4 0.00000e+00 0.00000e+00 0.00000e+00 0.00000e+00 0.00000e+00 0.00000e+00 0.00000e+00 0.00000e+00 0.00000e+00 0.00000e+00 0.00000e+00 0.00000e+00 0.00000e+00 0.00000e+00 
9.4 9.425 9.45 0.00000e+00 0.00000e+00 0.00000e+00 0.00000e+00 0.00000e+00 0.00000e+00 0.00000e+00 0.00000e+00 0.00000e+00 0.00000e+00 0.00000e+00 0.00000e+00 0.00000e+00 0.00000e+00 
9.45 9.475 9.5 0.00000e+00 0.00000e+00 0.00000e+00 0.00000e+00 0.00000e+00 0.00000e+00 0.00000e+00 0.00000e+00 0.00000e+00 0.00000e+00 0.00000e+00 0.00000e+00 0.00000e+00 0.00000e+00 
9.5 9.525 9.55 0.00000e+00 0.00000e+00 0.00000e+00 0.00000e+00 0.00000e+00 0.00000e+00 0.00000e+00 0.00000e+00 0.00000e+00 0.00000e+00 0.00000e+00 0.00000e+00 0.00000e+00 0.00000e+00 
9.55 9.575 9.6 0.00000e+00 0.00000e+00 0.00000e+00 0.00000e+00 0.00000e+00 0.00000e+00 0.00000e+00 0.00000e+00 0.00000e+00 0.00000e+00 0.00000e+00 0.00000e+00 0.00000e+00 0.00000e+00 
9.6 9.625 9.65 0.00000e+00 0.00000e+00 0.00000e+00 0.00000e+00 0.00000e+00 0.00000e+00 0.00000e+00 0.00000e+00 0.00000e+00 0.00000e+00 0.00000e+00 0.00000e+00 0.00000e+00 0.00000e+00 
9.65 9.675 9.7 0.00000e+00 0.00000e+00 0.00000e+00 0.00000e+00 0.00000e+00 0.00000e+00 0.00000e+00 0.00000e+00 0.00000e+00 0.00000e+00 0.00000e+00 0.00000e+00 0.00000e+00 0.00000e+00 
9.7 9.725 9.75 0.00000e+00 0.00000e+00 0.00000e+00 0.00000e+00 0.00000e+00 0.00000e+00 0.00000e+00 0.00000e+00 0.00000e+00 0.00000e+00 0.00000e+00 0.00000e+00 0.00000e+00 0.00000e+00 
9.75 9.775 9.8 0.00000e+00 0.00000e+00 0.00000e+00 0.00000e+00 0.00000e+00 0.00000e+00 0.00000e+00 0.00000e+00 0.00000e+00 0.00000e+00 0.00000e+00 0.00000e+00 0.00000e+00 0.00000e+00 
9.8 9.825 9.85 0.00000e+00 0.00000e+00 0.00000e+00 0.00000e+00 0.00000e+00 0.00000e+00 0.00000e+00 0.00000e+00 0.00000e+00 0.00000e+00 0.00000e+00 0.00000e+00 0.00000e+00 0.00000e+00 
9.85 9.875 9.9 0.00000e+00 0.00000e+00 0.00000e+00 0.00000e+00 0.00000e+00 0.00000e+00 0.00000e+00 0.00000e+00 0.00000e+00 0.00000e+00 0.00000e+00 0.00000e+00 0.00000e+00 0.00000e+00 
9.9 9.925 9.95 0.00000e+00 0.00000e+00 0.00000e+00 0.00000e+00 0.00000e+00 0.00000e+00 0.00000e+00 0.00000e+00 0.00000e+00 0.00000e+00 0.00000e+00 0.00000e+00 0.00000e+00 0.00000e+00 
9.95 9.975 10.0 0.00000e+00 0.00000e+00 0.00000e+00 0.00000e+00 0.00000e+00 0.00000e+00 0.00000e+00 0.00000e+00 0.00000e+00 0.00000e+00 0.00000e+00 0.00000e+00 0.00000e+00 0.00000e+00 
