10.0 11.294627059 12.589254118 -3.01340e-06 5.28728e-07 -2.59318e-06 4.19552e-07 -3.98356e-06 7.31753e-07 -2.51522e-06 4.36311e-07 -3.10157e-06 5.08555e-07 -3.69524e-06 6.55106e-07 -3.24532e-06 5.90701e-07 
12.589254118 14.219093021 15.848931925 1.19351e-01 3.84404e-03 1.18527e-01 3.19242e-03 1.22064e-01 4.63770e-03 1.17769e-01 3.25369e-03 1.23608e-01 3.67392e-03 1.22185e-01 4.56969e-03 1.19660e-01 3.87112e-03 
15.848931925 17.900777537 19.95262315 6.24116e-01 1.21576e-02 6.04042e-01 1.04579e-02 6.35071e-01 1.45353e-02 6.04386e-01 1.04664e-02 6.24909e-01 1.20675e-02 6.38615e-01 1.45119e-02 6.19248e-01 1.22344e-02 
19.95262315 22.535743732 25.118864315 1.18422e+00 1.89961e-02 1.14343e+00 1.59767e-02 1.20537e+00 2.27392e-02 1.14868e+00 1.63214e-02 1.18409e+00 1.85816e-02 1.21327e+00 2.26462e-02 1.18679e+00 1.91139e-02 
25.118864315 28.370820458 31.622776602 1.59334e+00 2.09249e-02 1.53673e+00 1.75225e-02 1.63990e+00 2.53715e-02 1.53884e+00 1.81310e-02 1.59579e+00 2.02414e-02 1.64230e+00 2.43424e-02 1.59281e+00 2.10901e-02 
31.622776602 35.716746829 39.810717055 1.75614e+00 1.80772e-02 1.69109e+00 1.60238e-02 1.80950e+00 2.21739e-02 1.69615e+00 1.64611e-02 1.75987e+00 1.82780e-02 1.82635e+00 2.13671e-02 1.75985e+00 1.92505e-02 
39.810717055 44.964720209 50.118723363 1.63011e+00 1.74543e-02 1.56781e+00 1.46725e-02 1.67259e+00 2.11658e-02 1.57785e+00 1.44885e-02 1.62454e+00 1.70792e-02 1.66743e+00 2.06521e-02 1.63628e+00 1.78204e-02 
50.118723363 56.607228905 63.095734448 1.50765e+00 1.61768e-02 1.46191e+00 1.24008e-02 1.54136e+00 1.68934e-02 1.46890e+00 1.31529e-02 1.50874e+00 1.43270e-02 1.54100e+00 1.84885e-02 1.51678e+00 1.58779e-02 
63.095734448 71.26427896 79.432823472 1.50169e+00 1.52679e-02 1.45310e+00 1.41292e-02 1.51801e+00 1.94528e-02 1.46913e+00 1.34798e-02 1.50055e+00 1.65143e-02 1.52222e+00 1.79091e-02 1.50229e+00 1.63562e-02 
79.432823472 89.716411736 100.0 1.53143e+00 1.83164e-02 1.49587e+00 1.62278e-02 1.53555e+00 1.99035e-02 1.50894e+00 1.50045e-02 1.52459e+00 1.90660e-02 1.54025e+00 2.21999e-02 1.53435e+00 1.69314e-02 
100.0 112.94627059 125.89254118 1.68810e+00 1.96073e-02 1.64089e+00 1.50935e-02 1.68233e+00 2.51129e-02 1.66906e+00 1.69787e-02 1.66543e+00 2.13655e-02 1.67299e+00 2.48670e-02 1.68099e+00 1.99309e-02 
125.89254118 142.19093021 158.48931925 1.76743e+00 2.25202e-02 1.77074e+00 1.92313e-02 1.76753e+00 2.74893e-02 1.77532e+00 1.88861e-02 1.75708e+00 2.25202e-02 1.75423e+00 2.77221e-02 1.78415e+00 2.25400e-02 
158.48931925 179.00777537 199.5262315 1.90675e+00 2.24755e-02 1.92220e+00 1.92609e-02 1.90258e+00 2.75416e-02 1.92419e+00 1.85147e-02 1.89089e+00 2.20472e-02 1.88875e+00 2.85614e-02 1.92154e+00 2.25836e-02 
199.5262315 225.35743732 251.18864315 1.98063e+00 2.25592e-02 2.00656e+00 1.67377e-02 1.96589e+00 2.67637e-02 1.99606e+00 1.91535e-02 1.97388e+00 2.04213e-02 1.95940e+00 2.63886e-02 1.98474e+00 2.11447e-02 
251.18864315 283.70820458 316.22776602 1.96593e+00 1.87530e-02 1.99537e+00 1.37378e-02 1.92976e+00 2.24868e-02 1.98931e+00 1.65508e-02 1.95463e+00 1.87468e-02 1.94089e+00 1.84034e-02 1.95368e+00 1.87259e-02 
316.22776602 357.16746829 398.10717055 1.89227e+00 1.90335e-02 1.92182e+00 1.49581e-02 1.87747e+00 2.08377e-02 1.92503e+00 1.51728e-02 1.88845e+00 1.84607e-02 1.86578e+00 2.37558e-02 1.89854e+00 1.69210e-02 
398.10717055 449.64720209 501.18723363 1.70381e+00 1.42620e-02 1.74171e+00 9.84296e-03 1.69775e+00 1.72205e-02 1.72772e+00 1.09174e-02 1.70508e+00 1.51245e-02 1.68087e+00 1.73158e-02 1.70098e+00 1.61003e-02 
501.18723363 566.07228905 630.95734448 1.44515e+00 1.08547e-02 1.46219e+00 9.15735e-03 1.42394e+00 1.34122e-02 1.46145e+00 8.67071e-03 1.44395e+00 1.13317e-02 1.42188e+00 1.32655e-02 1.44316e+00 1.25484e-02 
630.95734448 712.6427896 794.32823472 1.14234e+00 8.65893e-03 1.15845e+00 6.48130e-03 1.13284e+00 1.07781e-02 1.15787e+00 7.47172e-03 1.14747e+00 8.57252e-03 1.12786e+00 9.65759e-03 1.14187e+00 8.99118e-03 
794.32823472 897.16411736 1000.0 8.50636e-01 6.07964e-03 8.63371e-01 4.68444e-03 8.33659e-01 7.92521e-03 8.60071e-01 5.09128e-03 8.57136e-01 5.95846e-03 8.40253e-01 7.01307e-03 8.45093e-01 6.41189e-03 
1000.0 1129.4627059 1258.9254118 5.83291e-01 3.69236e-03 5.92119e-01 3.04878e-03 5.70756e-01 5.09199e-03 5.88062e-01 3.32205e-03 5.86183e-01 3.68706e-03 5.74299e-01 4.69733e-03 5.82282e-01 3.77837e-03 
1258.9254118 1421.9093021 1584.8931925 3.78869e-01 2.21467e-03 3.82776e-01 1.82903e-03 3.74704e-01 2.96914e-03 3.81692e-01 1.89557e-03 3.79714e-01 2.12984e-03 3.75742e-01 2.07189e-03 3.78999e-01 2.37289e-03 
1584.8931925 1790.0777537 1995.262315 2.18149e-01 1.37536e-03 2.21477e-01 1.12129e-03 2.15047e-01 1.79533e-03 2.20595e-01 1.11778e-03 2.19896e-01 1.30301e-03 2.16723e-01 1.63741e-03 2.17148e-01 1.50255e-03 
1995.262315 2253.5743732 2511.8864315 1.15418e-01 6.07787e-04 1.16561e-01 5.24818e-04 1.14350e-01 8.27516e-04 1.15880e-01 5.14436e-04 1.16044e-01 5.90990e-04 1.14912e-01 7.53599e-04 1.15557e-01 7.25735e-04 
2511.8864315 2837.0820458 3162.2776602 4.91252e-02 2.84232e-04 4.94698e-02 2.45766e-04 4.81734e-02 3.43721e-04 4.94351e-02 2.61421e-04 4.95200e-02 2.58590e-04 4.85877e-02 3.15935e-04 4.87096e-02 2.98914e-04 
