0.1 0.11294627059 0.12589254118 1.36200e+00 6.12702e-01 2.55281e+00 4.67027e-01 -1.37809e+00 7.75643e-01 2.08551e+00 5.26275e-01 1.94631e+00 5.40119e-01 -9.40081e-02 7.12249e-01 9.78219e-02 6.47470e-01 
0.12589254118 0.14219093021 0.15848931925 2.29876e+00 5.69010e-01 3.67420e+00 4.80517e-01 -2.63273e-01 6.96578e-01 2.96046e+00 5.21791e-01 3.24244e+00 5.39870e-01 9.27367e-01 7.23090e-01 1.13560e+00 5.86565e-01 
0.15848931925 0.17900777537 0.1995262315 3.00646e+00 5.11676e-01 4.48601e+00 4.17067e-01 8.16697e-01 6.62095e-01 3.71181e+00 4.43543e-01 3.98953e+00 4.77843e-01 1.61262e+00 6.20224e-01 1.86385e+00 5.26471e-01 
0.1995262315 0.22535743732 0.25118864315 3.27440e+00 4.67510e-01 4.58174e+00 4.01275e-01 1.17515e+00 4.76476e-01 3.96900e+00 4.04904e-01 4.18036e+00 3.90900e-01 2.05089e+00 4.82719e-01 2.62933e+00 5.17474e-01 
0.25118864315 0.28370820458 0.31622776602 3.06378e+00 4.48502e-01 4.93389e+00 3.40374e-01 8.62452e-01 5.91594e-01 3.92168e+00 3.90168e-01 4.09050e+00 3.27040e-01 2.30123e+00 5.41502e-01 2.27770e+00 4.98052e-01 
0.31622776602 0.35716746829 0.39810717055 3.45033e+00 4.07375e-01 4.92393e+00 3.97323e-01 -1.83331e-01 5.65889e-01 4.44919e+00 3.55695e-01 4.41215e+00 4.04299e-01 1.16177e+00 5.58003e-01 1.59453e+00 4.77676e-01 
0.39810717055 0.44964720209 0.50118723363 5.30226e+00 4.40211e-01 7.09218e+00 3.60936e-01 2.19451e+00 5.35177e-01 6.38495e+00 3.69439e-01 6.63983e+00 4.28155e-01 3.77565e+00 4.84236e-01 4.15335e+00 4.31636e-01 
0.50118723363 0.56607228905 0.63095734448 3.76823e+00 2.94821e-01 5.43702e+00 2.44468e-01 1.24454e+00 3.77532e-01 4.59962e+00 2.61833e-01 4.81476e+00 2.69151e-01 2.65203e+00 3.59618e-01 2.80555e+00 3.19024e-01 
0.63095734448 0.7126427896 0.79432823472 2.40004e+00 2.23161e-01 3.76112e+00 1.97723e-01 3.72390e-01 2.81548e-01 3.07920e+00 1.98034e-01 3.35308e+00 2.22983e-01 1.34669e+00 2.57991e-01 1.77378e+00 2.12423e-01 
0.79432823472 0.89716411736 1.0 1.82538e+00 1.54431e-01 2.75158e+00 1.45684e-01 2.63800e-01 1.93797e-01 2.34913e+00 1.40243e-01 2.40866e+00 1.61667e-01 1.14806e+00 1.79138e-01 1.28406e+00 1.69335e-01 
1.0 1.1294627059 1.2589254118 7.07532e-01 1.31750e-01 1.48452e+00 1.10898e-01 -5.01261e-01 1.60536e-01 1.08873e+00 1.15184e-01 1.16599e+00 1.26125e-01 1.33151e-01 1.48864e-01 2.00118e-01 1.36394e-01 
1.2589254118 1.4219093021 1.5848931925 6.64711e-01 1.11604e-01 1.04764e+00 9.61887e-02 6.52502e-02 1.36532e-01 8.43161e-01 9.81629e-02 9.15925e-01 1.11000e-01 4.44225e-01 1.31361e-01 3.77491e-01 1.13860e-01 
1.5848931925 1.7900777537 1.995262315 1.47506e-02 1.02520e-01 6.35959e-02 8.59575e-02 -9.40221e-02 1.41334e-01 1.76748e-02 7.78733e-02 7.56598e-02 9.91583e-02 9.26415e-02 1.34394e-01 -8.73869e-02 1.18526e-01 
1.995262315 2.2535743732 2.5118864315 -6.21038e-01 1.17354e-01 -7.82453e-01 8.18032e-02 -3.13591e-01 1.42572e-01 -7.28329e-01 9.93195e-02 -7.83914e-01 9.23116e-02 -4.07182e-01 1.38066e-01 -5.24131e-01 1.20827e-01 
2.5118864315 2.8370820458 3.1622776602 -1.52485e+00 1.33074e-01 -1.86837e+00 1.08509e-01 -9.17421e-01 1.23959e-01 -1.68563e+00 1.13903e-01 -1.84510e+00 1.25343e-01 -1.28992e+00 1.57802e-01 -1.32945e+00 1.02501e-01 
3.1622776602 3.5716746829 3.9810717055 -1.55400e+00 1.30974e-01 -1.86052e+00 1.05159e-01 -7.29451e-01 1.57389e-01 -1.85669e+00 8.51887e-02 -1.99729e+00 1.18151e-01 -1.29112e+00 1.55328e-01 -1.28377e+00 1.31752e-01 
3.9810717055 4.4964720209 5.0118723363 -1.43216e+00 9.34489e-02 -1.28354e+00 8.02866e-02 -1.10926e+00 1.19618e-01 -1.39092e+00 8.14751e-02 -1.58693e+00 9.21576e-02 -1.48907e+00 1.10173e-01 -1.38942e+00 1.01682e-01 
5.0118723363 5.6607228905 6.3095734448 -2.38917e-01 4.69816e-02 1.26276e-01 4.08106e-02 -3.70818e-01 5.94128e-02 -1.28372e-01 4.17040e-02 -1.04476e-01 4.60147e-02 -4.05983e-01 5.60023e-02 -4.15835e-01 5.09597e-02 
6.3095734448 7.126427896 7.9432823472 1.29286e-01 1.01597e-02 2.62310e-01 9.92307e-03 1.19346e-02 1.06893e-02 1.59685e-01 9.41497e-03 2.18831e-01 8.36893e-03 8.67155e-02 1.07925e-02 3.30696e-02 9.90190e-03 
7.9432823472 8.9716411736 10.0 5.72166e-04 7.36882e-05 6.83258e-04 7.82365e-05 3.44931e-04 6.74096e-05 5.61334e-04 6.10119e-05 7.19789e-04 8.51980e-05 5.13188e-04 7.42926e-05 3.86303e-04 6.60361e-05 
