10.0 11.294627059 12.589254118 0.00000e+00 0.00000e+00 0.00000e+00 0.00000e+00 0.00000e+00 0.00000e+00 0.00000e+00 0.00000e+00 0.00000e+00 0.00000e+00 0.00000e+00 0.00000e+00 0.00000e+00 0.00000e+00 
12.589254118 14.219093021 15.848931925 0.00000e+00 0.00000e+00 0.00000e+00 0.00000e+00 0.00000e+00 0.00000e+00 0.00000e+00 0.00000e+00 0.00000e+00 0.00000e+00 0.00000e+00 0.00000e+00 0.00000e+00 0.00000e+00 
15.848931925 17.900777537 19.95262315 0.00000e+00 0.00000e+00 0.00000e+00 0.00000e+00 0.00000e+00 0.00000e+00 0.00000e+00 0.00000e+00 0.00000e+00 0.00000e+00 0.00000e+00 0.00000e+00 0.00000e+00 0.00000e+00 
19.95262315 22.535743732 25.118864315 0.00000e+00 0.00000e+00 0.00000e+00 0.00000e+00 0.00000e+00 0.00000e+00 0.00000e+00 0.00000e+00 0.00000e+00 0.00000e+00 0.00000e+00 0.00000e+00 0.00000e+00 0.00000e+00 
25.118864315 28.370820458 31.622776602 0.00000e+00 0.00000e+00 0.00000e+00 0.00000e+00 0.00000e+00 0.00000e+00 0.00000e+00 0.00000e+00 0.00000e+00 0.00000e+00 0.00000e+00 0.00000e+00 0.00000e+00 0.00000e+00 
31.622776602 35.716746829 39.810717055 0.00000e+00 0.00000e+00 0.00000e+00 0.00000e+00 0.00000e+00 0.00000e+00 0.00000e+00 0.00000e+00 0.00000e+00 0.00000e+00 0.00000e+00 0.00000e+00 0.00000e+00 0.00000e+00 
39.810717055 44.964720209 50.118723363 0.00000e+00 0.00000e+00 0.00000e+00 0.00000e+00 0.00000e+00 0.00000e+00 0.00000e+00 0.00000e+00 0.00000e+00 0.00000e+00 0.00000e+00 0.00000e+00 0.00000e+00 0.00000e+00 
50.118723363 56.607228905 63.095734448 -8.48326e-04 5.02881e-05 -7.49043e-04 4.57018e-05 -9.34813e-04 5.70736e-05 -7.68136e-04 4.55492e-05 -8.27248e-04 5.04562e-05 -9.47778e-04 5.61610e-05 -8.36735e-04 5.11037e-05 
63.095734448 71.26427896 79.432823472 -6.31777e-02 1.32770e-03 -5.77323e-02 1.09699e-03 -6.61369e-02 1.45217e-03 -5.71203e-02 1.20327e-03 -6.38519e-02 1.21040e-03 -7.07141e-02 1.48171e-03 -5.90785e-02 1.30124e-03 
79.432823472 89.716411736 100.0 -1.56329e-01 2.63110e-03 -1.41649e-01 2.39514e-03 -1.54068e-01 3.14759e-03 -1.40876e-01 2.38635e-03 -1.57176e-01 2.64082e-03 -1.75683e-01 2.93350e-03 -1.36949e-01 2.87715e-03 
100.0 112.94627059 125.89254118 -3.63994e-01 3.64101e-03 -3.14625e-01 3.77809e-03 -3.85673e-01 4.51022e-03 -3.28081e-01 3.30511e-03 -3.49163e-01 4.16227e-03 -4.08976e-01 4.05521e-03 -3.43054e-01 4.04957e-03 
125.89254118 142.19093021 158.48931925 -6.11361e-01 4.73244e-03 -4.86284e-01 4.23000e-03 -6.93648e-01 5.60395e-03 -5.51512e-01 4.30056e-03 -5.39511e-01 4.65486e-03 -6.86177e-01 5.26361e-03 -6.18028e-01 5.03837e-03 
158.48931925 179.00777537 199.5262315 -6.11224e-01 4.07193e-03 -4.08317e-01 4.20272e-03 -7.76235e-01 5.16581e-03 -5.51556e-01 3.70568e-03 -4.53706e-01 4.61810e-03 -6.85678e-01 4.52083e-03 -6.92636e-01 4.65267e-03 
199.5262315 225.35743732 251.18864315 -3.95453e-01 3.24233e-03 -1.64959e-01 3.20495e-03 -6.12852e-01 4.18042e-03 -3.56576e-01 2.95534e-03 -1.85089e-01 3.51613e-03 -4.43984e-01 3.59280e-03 -5.47663e-01 3.77275e-03 
251.18864315 283.70820458 316.22776602 -1.02198e-01 2.63889e-03 8.54141e-02 2.39422e-03 -2.95353e-01 3.26042e-03 -9.09230e-02 2.40971e-03 9.10215e-02 2.62190e-03 -1.16574e-01 2.91758e-03 -2.63755e-01 2.94904e-03 
316.22776602 357.16746829 398.10717055 6.80127e-02 1.19950e-03 1.84391e-01 1.20114e-03 -5.96027e-02 1.52388e-03 6.33899e-02 1.09744e-03 2.00316e-01 1.31291e-03 7.33150e-02 1.32305e-03 -5.24176e-02 1.38157e-03 
398.10717055 449.64720209 501.18723363 9.62978e-02 5.90714e-04 1.51501e-01 5.13373e-04 3.28115e-02 7.92798e-04 8.87293e-02 5.41574e-04 1.64784e-01 5.59959e-04 1.05301e-01 6.49918e-04 3.04415e-02 7.20571e-04 
501.18723363 566.07228905 630.95734448 6.25961e-02 3.09603e-04 8.39304e-02 2.61163e-04 3.65784e-02 3.71745e-04 5.76550e-02 2.84432e-04 9.12003e-02 2.84273e-04 6.84851e-02 3.39784e-04 3.35286e-02 3.38724e-04 
630.95734448 712.6427896 794.32823472 2.87318e-02 1.25059e-04 3.55801e-02 1.05203e-04 1.99258e-02 1.49627e-04 2.64935e-02 1.15145e-04 3.86016e-02 1.14260e-04 3.13928e-02 1.36888e-04 1.82571e-02 1.36697e-04 
794.32823472 897.16411736 1000.0 1.03538e-02 4.87808e-05 1.22842e-02 4.22870e-05 7.76413e-03 5.82291e-05 9.56278e-03 4.50101e-05 1.33034e-02 4.58302e-05 1.12907e-02 5.32570e-05 7.12389e-03 5.33357e-05 
1000.0 1129.4627059 1258.9254118 3.15543e-03 1.79985e-05 3.61807e-03 1.49046e-05 2.48669e-03 2.14847e-05 2.91951e-03 1.66426e-05 3.91096e-03 1.61188e-05 3.43377e-03 1.96007e-05 2.28585e-03 1.97286e-05 
1258.9254118 1421.9093021 1584.8931925 8.33917e-04 5.91846e-06 9.34117e-04 5.02371e-06 6.81337e-04 7.04315e-06 7.72963e-04 5.48332e-06 1.00787e-03 5.42239e-06 9.05530e-04 6.43020e-06 6.27575e-04 6.48268e-06 
1584.8931925 1790.0777537 1995.262315 1.87857e-04 1.73411e-06 2.06889e-04 1.46811e-06 1.57362e-04 2.09641e-06 1.74442e-04 1.60989e-06 2.22812e-04 1.58140e-06 2.03556e-04 1.87957e-06 1.45245e-04 1.93418e-06 
1995.262315 2253.5743732 2511.8864315 3.47784e-05 3.96048e-07 3.82977e-05 3.43517e-07 2.90701e-05 4.79465e-07 3.23515e-05 3.68332e-07 4.11727e-05 3.69371e-07 3.76069e-05 4.28362e-07 2.68865e-05 4.43294e-07 
2511.8864315 2837.0820458 3162.2776602 5.07343e-06 6.35067e-08 5.56910e-06 5.72983e-08 4.17887e-06 7.30065e-08 4.72741e-06 5.91636e-08 5.97694e-06 6.15034e-08 5.47528e-06 6.85529e-08 3.87252e-06 6.76322e-08 
