0.1 0.11294627059 0.12589254118 1.86059e-01 1.25259e-02 1.74507e-01 1.04026e-02 1.99016e-01 1.54388e-02 1.82975e-01 1.12836e-02 1.82938e-01 1.15403e-02 1.91929e-01 1.40713e-02 1.95559e-01 1.37945e-02 
0.12589254118 0.14219093021 0.15848931925 2.09374e-01 1.27343e-02 1.96824e-01 1.07667e-02 2.15482e-01 1.53826e-02 2.02727e-01 1.15010e-02 2.04013e-01 1.18491e-02 2.16158e-01 1.42616e-02 2.18224e-01 1.36011e-02 
0.15848931925 0.17900777537 0.1995262315 2.64149e-01 1.31385e-02 2.47035e-01 1.13231e-02 2.86306e-01 1.61288e-02 2.51959e-01 1.19045e-02 2.58526e-01 1.21693e-02 2.74066e-01 1.46344e-02 2.73418e-01 1.38838e-02 
0.1995262315 0.22535743732 0.25118864315 2.63773e-01 1.21131e-02 2.45980e-01 1.02584e-02 2.78333e-01 1.45772e-02 2.53387e-01 1.10272e-02 2.56582e-01 1.12613e-02 2.73264e-01 1.34813e-02 2.72643e-01 1.30718e-02 
0.25118864315 0.28370820458 0.31622776602 2.71436e-01 1.15574e-02 2.50589e-01 9.85918e-03 2.91192e-01 1.34027e-02 2.59987e-01 1.05596e-02 2.61563e-01 1.07706e-02 2.80735e-01 1.25512e-02 2.83465e-01 1.21394e-02 
0.31622776602 0.35716746829 0.39810717055 3.11468e-01 1.12277e-02 2.89091e-01 9.64965e-03 3.35615e-01 1.34220e-02 2.98729e-01 1.03056e-02 3.02371e-01 1.04818e-02 3.22877e-01 1.23528e-02 3.22415e-01 1.20416e-02 
0.39810717055 0.44964720209 0.50118723363 3.14245e-01 1.02800e-02 2.89258e-01 8.81424e-03 3.34722e-01 1.24578e-02 3.02847e-01 9.49904e-03 3.03832e-01 9.62096e-03 3.23724e-01 1.13363e-02 3.23122e-01 1.13374e-02 
0.50118723363 0.56607228905 0.63095734448 4.15590e-01 1.22912e-02 3.86204e-01 1.10145e-02 4.45542e-01 1.55261e-02 4.00575e-01 1.15322e-02 4.05889e-01 1.19254e-02 4.30104e-01 1.33083e-02 4.34669e-01 1.41687e-02 
0.63095734448 0.7126427896 0.79432823472 5.01734e-01 1.29171e-02 4.65429e-01 1.13099e-02 5.32835e-01 1.53203e-02 4.82931e-01 1.19565e-02 4.86299e-01 1.20223e-02 5.20135e-01 1.41103e-02 5.16835e-01 1.37920e-02 
0.79432823472 0.89716411736 1.0 4.31610e-01 1.00574e-02 4.03148e-01 8.75677e-03 4.59327e-01 1.19679e-02 4.14721e-01 9.31603e-03 4.20631e-01 9.44837e-03 4.48164e-01 1.09710e-02 4.44930e-01 1.09102e-02 
1.0 1.1294627059 1.2589254118 3.09541e-01 6.68634e-03 2.94971e-01 5.97317e-03 3.23932e-01 7.96325e-03 3.03144e-01 6.30286e-03 3.04244e-01 6.40016e-03 3.19631e-01 7.35199e-03 3.18208e-01 7.28738e-03 
1.2589254118 1.4219093021 1.5848931925 2.56537e-01 4.61060e-03 2.47175e-01 4.03913e-03 2.63488e-01 5.41104e-03 2.52718e-01 4.29270e-03 2.53018e-01 4.37065e-03 2.61310e-01 5.01283e-03 2.60336e-01 4.95374e-03 
1.5848931925 1.7900777537 1.995262315 2.71368e-01 3.57134e-03 2.67117e-01 3.16653e-03 2.74619e-01 4.01608e-03 2.69611e-01 3.31592e-03 2.69572e-01 3.41379e-03 2.74123e-01 3.79244e-03 2.73041e-01 3.69020e-03 
1.995262315 2.2535743732 2.5118864315 3.81451e-01 3.25831e-03 3.82123e-01 2.59367e-03 3.81331e-01 3.72004e-03 3.82784e-01 3.06655e-03 3.81249e-01 2.72637e-03 3.78391e-01 3.13190e-03 3.82066e-01 3.45572e-03 
2.5118864315 2.8370820458 3.1622776602 6.49189e-01 4.22851e-03 6.55032e-01 3.82136e-03 6.43925e-01 4.75374e-03 6.52919e-01 4.01843e-03 6.51672e-01 3.99368e-03 6.44632e-01 4.36759e-03 6.47211e-01 4.43510e-03 
3.1622776602 3.5716746829 3.9810717055 9.64094e-01 5.48595e-03 9.70196e-01 5.00671e-03 9.57390e-01 6.10208e-03 9.67025e-01 5.31634e-03 9.67673e-01 5.19313e-03 9.59625e-01 5.72423e-03 9.60586e-01 5.85867e-03 
3.9810717055 4.4964720209 5.0118723363 9.41507e-01 5.63370e-03 9.46028e-01 5.20175e-03 9.35954e-01 6.32096e-03 9.42895e-01 5.51506e-03 9.45941e-01 5.35536e-03 9.39315e-01 5.87746e-03 9.39719e-01 6.13908e-03 
5.0118723363 5.6607228905 6.3095734448 3.66266e-01 3.67383e-03 3.62283e-01 3.33607e-03 3.67372e-01 4.13537e-03 3.64551e-01 3.61588e-03 3.65419e-01 3.40318e-03 3.67573e-01 3.74622e-03 3.67385e-01 4.06597e-03 
6.3095734448 7.126427896 7.9432823472 1.05583e-02 6.07799e-04 9.69591e-03 5.04442e-04 1.10460e-02 7.05929e-04 1.04272e-02 6.05537e-04 9.89068e-03 5.09466e-04 1.06804e-02 6.12014e-04 1.09281e-02 7.04238e-04 
7.9432823472 8.9716411736 10.0 0.00000e+00 0.00000e+00 0.00000e+00 0.00000e+00 0.00000e+00 0.00000e+00 0.00000e+00 0.00000e+00 0.00000e+00 0.00000e+00 0.00000e+00 0.00000e+00 0.00000e+00 0.00000e+00 
