0.1 0.11294627059 0.12589254118 0.00000e+00 0.00000e+00 0.00000e+00 0.00000e+00 0.00000e+00 0.00000e+00 0.00000e+00 0.00000e+00 0.00000e+00 0.00000e+00 0.00000e+00 0.00000e+00 0.00000e+00 0.00000e+00 
0.12589254118 0.14219093021 0.15848931925 0.00000e+00 0.00000e+00 0.00000e+00 0.00000e+00 0.00000e+00 0.00000e+00 0.00000e+00 0.00000e+00 0.00000e+00 0.00000e+00 0.00000e+00 0.00000e+00 0.00000e+00 0.00000e+00 
0.15848931925 0.17900777537 0.1995262315 0.00000e+00 0.00000e+00 0.00000e+00 0.00000e+00 0.00000e+00 0.00000e+00 0.00000e+00 0.00000e+00 0.00000e+00 0.00000e+00 0.00000e+00 0.00000e+00 0.00000e+00 0.00000e+00 
0.1995262315 0.22535743732 0.25118864315 0.00000e+00 0.00000e+00 0.00000e+00 0.00000e+00 0.00000e+00 0.00000e+00 0.00000e+00 0.00000e+00 0.00000e+00 0.00000e+00 0.00000e+00 0.00000e+00 0.00000e+00 0.00000e+00 
0.25118864315 0.28370820458 0.31622776602 0.00000e+00 0.00000e+00 0.00000e+00 0.00000e+00 0.00000e+00 0.00000e+00 0.00000e+00 0.00000e+00 0.00000e+00 0.00000e+00 0.00000e+00 0.00000e+00 0.00000e+00 0.00000e+00 
0.31622776602 0.35716746829 0.39810717055 -2.00657e-08 2.75412e-09 -1.66085e-08 2.23451e-09 -2.69684e-08 3.63169e-09 -1.71975e-08 2.36416e-09 -1.92612e-08 2.59578e-09 -2.45600e-08 3.30138e-09 -2.28019e-08 3.07670e-09 
0.39810717055 0.44964720209 0.50118723363 1.71411e-01 1.18429e-02 1.93323e-01 1.08922e-02 1.37823e-01 1.39739e-02 1.72480e-01 1.07856e-02 1.91172e-01 1.16101e-02 1.66960e-01 1.32941e-02 1.53206e-01 1.23735e-02 
0.50118723363 0.56607228905 0.63095734448 1.42209e-01 9.06440e-03 1.71024e-01 9.23819e-03 1.12712e-01 1.01836e-02 1.53531e-01 8.88365e-03 1.69163e-01 9.57981e-03 1.35703e-01 9.85352e-03 1.23635e-01 9.11461e-03 
0.63095734448 0.7126427896 0.79432823472 9.02081e-02 7.35389e-03 1.14909e-01 7.47604e-03 4.88137e-02 7.39733e-03 1.00346e-01 7.10338e-03 1.05634e-01 7.53359e-03 7.60334e-02 7.81479e-03 6.80907e-02 6.89882e-03 
0.79432823472 0.89716411736 1.0 7.79932e-02 6.30571e-03 9.84210e-02 6.21761e-03 2.96097e-02 6.14340e-03 8.65286e-02 6.05519e-03 9.64104e-02 6.58511e-03 6.11407e-02 6.50704e-03 5.20048e-02 5.86519e-03 
1.0 1.1294627059 1.2589254118 6.23965e-02 4.68727e-03 8.40138e-02 5.07566e-03 1.81698e-02 4.24813e-03 7.22224e-02 4.65928e-03 8.01010e-02 5.30981e-03 4.73700e-02 4.72381e-03 3.83510e-02 4.27004e-03 
1.2589254118 1.4219093021 1.5848931925 2.90848e-02 3.40174e-03 4.94572e-02 3.25139e-03 -5.97989e-03 3.39731e-03 3.83632e-02 3.28263e-03 4.51148e-02 3.46162e-03 1.67567e-02 3.61236e-03 1.35340e-02 3.25325e-03 
1.5848931925 1.7900777537 1.995262315 2.34189e-02 2.70069e-03 3.61955e-02 2.61130e-03 -2.29799e-03 2.58657e-03 2.89688e-02 2.59045e-03 3.33436e-02 2.78502e-03 1.44071e-02 2.80497e-03 9.27095e-03 2.51058e-03 
1.995262315 2.2535743732 2.5118864315 5.73194e-03 2.44143e-03 1.56984e-02 2.35899e-03 -8.86591e-03 2.51863e-03 9.51188e-03 2.29791e-03 1.25163e-02 2.51120e-03 2.40748e-05 2.58934e-03 -3.08541e-03 2.35031e-03 
2.5118864315 2.8370820458 3.1622776602 -6.62751e-03 2.29906e-03 9.47559e-04 2.22924e-03 -8.27619e-03 2.51592e-03 -3.67099e-03 2.15205e-03 -3.81725e-03 2.23893e-03 -7.14587e-03 2.42249e-03 -9.61401e-03 2.30809e-03 
3.1622776602 3.5716746829 3.9810717055 -3.07296e-02 2.46016e-03 -2.76542e-02 2.49911e-03 -2.27293e-02 2.56893e-03 -3.12169e-02 2.39568e-03 -3.31372e-02 2.65023e-03 -3.19493e-02 2.68021e-03 -3.04162e-02 2.37861e-03 
3.9810717055 4.4964720209 5.0118723363 -2.50388e-02 2.36221e-03 -1.36527e-02 2.44404e-03 -2.18654e-02 2.38773e-03 -2.26068e-02 2.29569e-03 -2.21049e-02 2.55351e-03 -2.94726e-02 2.60221e-03 -2.80880e-02 2.28823e-03 
5.0118723363 5.6607228905 6.3095734448 -2.46610e-03 1.42744e-03 8.32963e-03 1.45650e-03 -6.57356e-03 1.33465e-03 1.22829e-04 1.37794e-03 3.54599e-03 1.57657e-03 -5.49869e-03 1.46922e-03 -6.74750e-03 1.26540e-03 
6.3095734448 7.126427896 7.9432823472 1.20567e-03 1.88795e-04 2.09184e-03 1.98586e-04 3.46337e-04 1.72280e-04 1.53729e-03 1.43747e-04 1.85265e-03 2.12656e-04 9.00294e-04 2.08133e-04 4.73865e-04 1.58276e-04 
7.9432823472 8.9716411736 10.0 0.00000e+00 0.00000e+00 0.00000e+00 0.00000e+00 0.00000e+00 0.00000e+00 0.00000e+00 0.00000e+00 0.00000e+00 0.00000e+00 0.00000e+00 0.00000e+00 0.00000e+00 0.00000e+00 
