1.0 1.1294627059 1.2589254118 0.00000e+00 0.00000e+00 0.00000e+00 0.00000e+00 0.00000e+00 0.00000e+00 0.00000e+00 0.00000e+00 0.00000e+00 0.00000e+00 0.00000e+00 0.00000e+00 0.00000e+00 0.00000e+00 
1.2589254118 1.4219093021 1.5848931925 0.00000e+00 0.00000e+00 0.00000e+00 0.00000e+00 0.00000e+00 0.00000e+00 0.00000e+00 0.00000e+00 0.00000e+00 0.00000e+00 0.00000e+00 0.00000e+00 0.00000e+00 0.00000e+00 
1.5848931925 1.7900777537 1.995262315 0.00000e+00 0.00000e+00 0.00000e+00 0.00000e+00 0.00000e+00 0.00000e+00 0.00000e+00 0.00000e+00 0.00000e+00 0.00000e+00 0.00000e+00 0.00000e+00 0.00000e+00 0.00000e+00 
1.995262315 2.2535743732 2.5118864315 0.00000e+00 0.00000e+00 0.00000e+00 0.00000e+00 0.00000e+00 0.00000e+00 0.00000e+00 0.00000e+00 0.00000e+00 0.00000e+00 0.00000e+00 0.00000e+00 0.00000e+00 0.00000e+00 
2.5118864315 2.8370820458 3.1622776602 0.00000e+00 0.00000e+00 0.00000e+00 0.00000e+00 0.00000e+00 0.00000e+00 0.00000e+00 0.00000e+00 0.00000e+00 0.00000e+00 0.00000e+00 0.00000e+00 0.00000e+00 0.00000e+00 
3.1622776602 3.5716746829 3.9810717055 0.00000e+00 0.00000e+00 0.00000e+00 0.00000e+00 0.00000e+00 0.00000e+00 0.00000e+00 0.00000e+00 0.00000e+00 0.00000e+00 0.00000e+00 0.00000e+00 0.00000e+00 0.00000e+00 
3.9810717055 4.4964720209 5.0118723363 0.00000e+00 0.00000e+00 0.00000e+00 0.00000e+00 0.00000e+00 0.00000e+00 0.00000e+00 0.00000e+00 0.00000e+00 0.00000e+00 0.00000e+00 0.00000e+00 0.00000e+00 0.00000e+00 
5.0118723363 5.6607228905 6.3095734448 0.00000e+00 0.00000e+00 0.00000e+00 0.00000e+00 0.00000e+00 0.00000e+00 0.00000e+00 0.00000e+00 0.00000e+00 0.00000e+00 0.00000e+00 0.00000e+00 0.00000e+00 0.00000e+00 
6.3095734448 7.126427896 7.9432823472 0.00000e+00 0.00000e+00 0.00000e+00 0.00000e+00 0.00000e+00 0.00000e+00 0.00000e+00 0.00000e+00 0.00000e+00 0.00000e+00 0.00000e+00 0.00000e+00 0.00000e+00 0.00000e+00 
7.9432823472 8.9716411736 10.0 0.00000e+00 0.00000e+00 0.00000e+00 0.00000e+00 0.00000e+00 0.00000e+00 0.00000e+00 0.00000e+00 0.00000e+00 0.00000e+00 0.00000e+00 0.00000e+00 0.00000e+00 0.00000e+00 
10.0 11.294627059 12.589254118 0.00000e+00 0.00000e+00 0.00000e+00 0.00000e+00 0.00000e+00 0.00000e+00 0.00000e+00 0.00000e+00 0.00000e+00 0.00000e+00 0.00000e+00 0.00000e+00 0.00000e+00 0.00000e+00 
12.589254118 14.219093021 15.848931925 0.00000e+00 0.00000e+00 0.00000e+00 0.00000e+00 0.00000e+00 0.00000e+00 0.00000e+00 0.00000e+00 0.00000e+00 0.00000e+00 0.00000e+00 0.00000e+00 0.00000e+00 0.00000e+00 
15.848931925 17.900777537 19.95262315 0.00000e+00 0.00000e+00 0.00000e+00 0.00000e+00 0.00000e+00 0.00000e+00 0.00000e+00 0.00000e+00 0.00000e+00 0.00000e+00 0.00000e+00 0.00000e+00 0.00000e+00 0.00000e+00 
19.95262315 22.535743732 25.118864315 0.00000e+00 0.00000e+00 0.00000e+00 0.00000e+00 0.00000e+00 0.00000e+00 0.00000e+00 0.00000e+00 0.00000e+00 0.00000e+00 0.00000e+00 0.00000e+00 0.00000e+00 0.00000e+00 
25.118864315 28.370820458 31.622776602 4.48089e-01 1.17230e-03 4.27417e-01 1.11041e-03 4.70423e-01 1.24208e-03 4.48089e-01 1.17230e-03 4.27417e-01 1.11041e-03 4.48089e-01 1.17230e-03 4.70423e-01 1.24208e-03 
31.622776602 35.716746829 39.810717055 1.88920e+00 2.07388e-03 1.79863e+00 1.95885e-03 1.98768e+00 2.20478e-03 1.88920e+00 2.07388e-03 1.79863e+00 1.95885e-03 1.88920e+00 2.07388e-03 1.98768e+00 2.20478e-03 
39.810717055 44.964720209 50.118723363 1.95356e+00 1.76733e-03 1.85448e+00 1.66210e-03 2.06228e+00 1.88865e-03 1.95356e+00 1.76733e-03 1.85448e+00 1.66210e-03 1.95356e+00 1.76733e-03 2.06228e+00 1.88865e-03 
50.118723363 56.607228905 63.095734448 1.88676e+00 1.44239e-03 1.78641e+00 1.35207e-03 1.99773e+00 1.54763e-03 1.88676e+00 1.44239e-03 1.78641e+00 1.35207e-03 1.88676e+00 1.44239e-03 1.99773e+00 1.54763e-03 
63.095734448 71.26427896 79.432823472 1.71963e+00 1.12886e-03 1.62470e+00 1.05554e-03 1.82526e+00 1.21504e-03 1.71963e+00 1.12886e-03 1.62470e+00 1.05554e-03 1.71963e+00 1.12886e-03 1.82526e+00 1.21504e-03 
79.432823472 89.716411736 100.0 1.50499e+00 8.77554e-04 1.42014e+00 8.19228e-04 1.59970e+00 9.45474e-04 1.50499e+00 8.77554e-04 1.42014e+00 8.19228e-04 1.50499e+00 8.77554e-04 1.59970e+00 9.45474e-04 
100.0 112.94627059 125.89254118 1.05242e+00 5.70999e-04 9.91135e-01 5.33189e-04 1.12120e+00 6.15644e-04 1.05242e+00 5.70999e-04 9.91135e-01 5.33189e-04 1.05242e+00 5.70999e-04 1.12120e+00 6.15644e-04 
125.89254118 142.19093021 158.48931925 4.37485e-01 2.41798e-04 4.09997e-01 2.25278e-04 4.68641e-01 2.61285e-04 4.37485e-01 2.41798e-04 4.09997e-01 2.25278e-04 4.37485e-01 2.41798e-04 4.68641e-01 2.61285e-04 
158.48931925 179.00777537 199.5262315 1.41168e-01 8.26881e-05 1.31624e-01 7.69368e-05 1.52084e-01 8.94502e-05 1.41168e-01 8.26881e-05 1.31624e-01 7.69368e-05 1.41168e-01 8.26881e-05 1.52084e-01 8.94502e-05 
199.5262315 225.35743732 251.18864315 3.86617e-02 2.51490e-05 3.58674e-02 2.33621e-05 4.18831e-02 2.72456e-05 3.86617e-02 2.51490e-05 3.58674e-02 2.33621e-05 3.86617e-02 2.51490e-05 4.18831e-02 2.72456e-05 
