0.0 50.0 100.0 5.93360e-04 3.06578e-05 6.14017e-04 2.87859e-05 5.77130e-04 3.28257e-05 6.05449e-04 2.85304e-05 6.01496e-04 3.09178e-05 5.78236e-04 3.33575e-05 5.90566e-04 3.01551e-05 
100.0 150.0 200.0 1.06945e-01 5.91964e-04 1.09429e-01 5.46951e-04 1.04794e-01 6.44191e-04 1.07945e-01 5.45984e-04 1.08408e-01 5.92773e-04 1.05677e-01 6.49616e-04 1.05859e-01 5.86752e-04 
200.0 250.0 300.0 9.16165e-02 5.73444e-04 9.17479e-02 5.27156e-04 9.19389e-02 6.27479e-04 9.08977e-02 5.28366e-04 9.24632e-02 5.71919e-04 9.24720e-02 6.29723e-04 9.09685e-02 5.71163e-04 
300.0 350.0 400.0 2.96007e-05 1.89230e-06 2.91416e-05 1.82647e-06 3.61142e-05 2.25387e-06 2.69946e-05 1.72569e-06 3.19544e-05 2.00277e-06 3.27796e-05 2.09554e-06 3.26128e-05 2.03534e-06 
400.0 450.0 500.0 0.00000e+00 0.00000e+00 0.00000e+00 0.00000e+00 0.00000e+00 0.00000e+00 0.00000e+00 0.00000e+00 0.00000e+00 0.00000e+00 0.00000e+00 0.00000e+00 0.00000e+00 0.00000e+00 
500.0 550.0 600.0 0.00000e+00 0.00000e+00 0.00000e+00 0.00000e+00 0.00000e+00 0.00000e+00 0.00000e+00 0.00000e+00 0.00000e+00 0.00000e+00 0.00000e+00 0.00000e+00 0.00000e+00 0.00000e+00 
600.0 650.0 700.0 0.00000e+00 0.00000e+00 0.00000e+00 0.00000e+00 0.00000e+00 0.00000e+00 0.00000e+00 0.00000e+00 0.00000e+00 0.00000e+00 0.00000e+00 0.00000e+00 0.00000e+00 0.00000e+00 
700.0 750.0 800.0 0.00000e+00 0.00000e+00 0.00000e+00 0.00000e+00 0.00000e+00 0.00000e+00 0.00000e+00 0.00000e+00 0.00000e+00 0.00000e+00 0.00000e+00 0.00000e+00 0.00000e+00 0.00000e+00 
800.0 850.0 900.0 0.00000e+00 0.00000e+00 0.00000e+00 0.00000e+00 0.00000e+00 0.00000e+00 0.00000e+00 0.00000e+00 0.00000e+00 0.00000e+00 0.00000e+00 0.00000e+00 0.00000e+00 0.00000e+00 
900.0 950.0 1000.0 0.00000e+00 0.00000e+00 0.00000e+00 0.00000e+00 0.00000e+00 0.00000e+00 0.00000e+00 0.00000e+00 0.00000e+00 0.00000e+00 0.00000e+00 0.00000e+00 0.00000e+00 0.00000e+00 
1000.0 1100.0 1200.0 0.00000e+00 0.00000e+00 0.00000e+00 0.00000e+00 0.00000e+00 0.00000e+00 0.00000e+00 0.00000e+00 0.00000e+00 0.00000e+00 0.00000e+00 0.00000e+00 0.00000e+00 0.00000e+00 
1200.0 1300.0 1400.0 0.00000e+00 0.00000e+00 0.00000e+00 0.00000e+00 0.00000e+00 0.00000e+00 0.00000e+00 0.00000e+00 0.00000e+00 0.00000e+00 0.00000e+00 0.00000e+00 0.00000e+00 0.00000e+00 
1400.0 1500.0 1600.0 0.00000e+00 0.00000e+00 0.00000e+00 0.00000e+00 0.00000e+00 0.00000e+00 0.00000e+00 0.00000e+00 0.00000e+00 0.00000e+00 0.00000e+00 0.00000e+00 0.00000e+00 0.00000e+00 
1600.0 1700.0 1800.0 0.00000e+00 0.00000e+00 0.00000e+00 0.00000e+00 0.00000e+00 0.00000e+00 0.00000e+00 0.00000e+00 0.00000e+00 0.00000e+00 0.00000e+00 0.00000e+00 0.00000e+00 0.00000e+00 
1800.0 1900.0 2000.0 0.00000e+00 0.00000e+00 0.00000e+00 0.00000e+00 0.00000e+00 0.00000e+00 0.00000e+00 0.00000e+00 0.00000e+00 0.00000e+00 0.00000e+00 0.00000e+00 0.00000e+00 0.00000e+00 
