0.0 50.0 100.0 4.29415e-04 4.18973e-05 4.33599e-04 4.40978e-05 4.24625e-04 4.13735e-05 4.39618e-04 4.05661e-05 4.19426e-04 4.56863e-05 4.16615e-04 4.36569e-05 4.32561e-04 3.95847e-05 
100.0 150.0 200.0 2.77326e-01 1.13166e-03 2.68534e-01 1.08750e-03 2.90319e-01 1.20428e-03 2.70825e-01 1.05732e-03 2.73816e-01 1.16262e-03 2.85233e-01 1.22582e-03 2.80648e-01 1.10924e-03 
200.0 250.0 300.0 1.34979e+00 2.00623e-03 1.29416e+00 1.79759e-03 1.42783e+00 2.17932e-03 1.31173e+00 1.87188e-03 1.32745e+00 1.91879e-03 1.39604e+00 2.17467e-03 1.37440e+00 2.00624e-03 
300.0 350.0 400.0 8.99736e-01 1.32545e-03 8.46656e-01 1.19814e-03 9.69379e-01 1.43719e-03 8.64862e-01 1.22698e-03 8.79166e-01 1.29298e-03 9.41943e-01 1.44657e-03 9.23534e-01 1.31645e-03 
400.0 450.0 500.0 3.97006e-01 6.95604e-04 3.63931e-01 6.03407e-04 4.38569e-01 7.99453e-04 3.76296e-01 6.41041e-04 3.83518e-01 6.54268e-04 4.21954e-01 7.61793e-04 4.12021e-01 7.29619e-04 
500.0 550.0 600.0 1.59626e-01 3.74967e-04 1.43551e-01 3.25490e-04 1.80203e-01 4.36957e-04 1.49912e-01 3.45165e-04 1.52741e-01 3.53512e-04 1.71274e-01 4.10808e-04 1.67785e-01 3.98753e-04 
600.0 650.0 700.0 6.58360e-02 2.15255e-04 5.83177e-02 1.85276e-04 7.53550e-02 2.53815e-04 6.15272e-02 1.98232e-04 6.23685e-02 2.01168e-04 7.09846e-02 2.35621e-04 6.98436e-02 2.31855e-04 
700.0 750.0 800.0 2.94208e-02 1.29852e-04 2.57848e-02 1.11761e-04 3.40520e-02 1.53821e-04 2.74014e-02 1.19700e-04 2.76749e-02 1.21235e-04 3.18259e-02 1.41949e-04 3.14646e-02 1.40707e-04 
800.0 850.0 900.0 1.41040e-02 8.91985e-05 1.22442e-02 7.61967e-05 1.64659e-02 1.05885e-04 1.31098e-02 8.22980e-05 1.31692e-02 8.25849e-05 1.52846e-02 9.73952e-05 1.51893e-02 9.69727e-05 
900.0 950.0 1000.0 7.29546e-03 6.10882e-05 6.28940e-03 5.19161e-05 8.57711e-03 7.29297e-05 6.77346e-03 5.64199e-05 6.77278e-03 5.62113e-05 7.91396e-03 6.66199e-05 7.90505e-03 6.68737e-05 
1000.0 1100.0 1200.0 3.08303e-03 2.80188e-05 2.63717e-03 2.35707e-05 3.65336e-03 3.38343e-05 2.86055e-03 2.59083e-05 2.84192e-03 2.54910e-05 3.34596e-03 3.05128e-05 3.36580e-03 3.10692e-05 
1200.0 1300.0 1400.0 1.03251e-03 1.44368e-05 8.77071e-04 1.20492e-05 1.23186e-03 1.73773e-05 9.57991e-04 1.33684e-05 9.45239e-04 1.30122e-05 1.12025e-03 1.56947e-05 1.13530e-03 1.59846e-05 
1400.0 1500.0 1600.0 3.81443e-04 7.95290e-06 3.20661e-04 6.60239e-06 4.55543e-04 9.40759e-06 3.54096e-04 7.37402e-06 3.45411e-04 7.12071e-06 4.13554e-04 8.63263e-06 4.20157e-04 8.66703e-06 
1600.0 1700.0 1800.0 1.48727e-04 4.11458e-06 1.24991e-04 3.43670e-06 1.79419e-04 4.99846e-06 1.38156e-04 3.81900e-06 1.34551e-04 3.70269e-06 1.61112e-04 4.46092e-06 1.65621e-04 4.61041e-06 
1800.0 1900.0 2000.0 6.24425e-05 2.25640e-06 5.22976e-05 1.88373e-06 7.51418e-05 2.72579e-06 5.80427e-05 2.09619e-06 5.62609e-05 2.02771e-06 6.75852e-05 2.44367e-06 6.94231e-05 2.51692e-06 
