0.0 12.5 25.0 -3.72978e-01 2.00129e-03 -3.63646e-01 1.87204e-03 -3.61558e-01 2.17205e-03 -3.37258e-01 1.81810e-03 -4.02061e-01 2.06069e-03 -4.17405e-01 2.22678e-03 -3.22855e-01 1.95222e-03 
25.0 37.5 50.0 -6.47674e-01 3.40007e-03 -6.28056e-01 3.12638e-03 -6.24418e-01 3.70865e-03 -5.85772e-01 3.09099e-03 -6.94235e-01 3.43911e-03 -7.24617e-01 3.77991e-03 -5.57651e-01 3.33613e-03 
50.0 62.5 75.0 -8.51082e-01 4.63344e-03 -8.15205e-01 3.33568e-03 -8.41239e-01 5.07926e-03 -7.70757e-01 4.21561e-03 -8.99972e-01 3.66646e-03 -9.50628e-01 5.14594e-03 -7.52715e-01 4.57356e-03 
75.0 87.5 100.0 -7.17917e-01 3.57573e-03 -6.71673e-01 3.23446e-03 -7.23656e-01 3.92700e-03 -6.51016e-01 3.25742e-03 -7.40613e-01 3.55066e-03 -8.00565e-01 3.96499e-03 -6.48644e-01 3.54156e-03 
100.0 125.0 150.0 -1.74414e-01 1.74524e-03 -1.54122e-01 1.58338e-03 -1.75160e-01 1.93319e-03 -1.58104e-01 1.59266e-03 -1.70041e-01 1.73508e-03 -1.94568e-01 1.93105e-03 -1.56879e-01 1.74718e-03 
150.0 175.0 200.0 -2.85843e-03 8.31790e-04 1.94652e-03 7.50226e-04 -3.56496e-03 9.27433e-04 -2.42252e-03 7.61131e-04 1.92186e-03 8.19878e-04 -3.43524e-03 9.17297e-04 -2.97137e-03 8.40990e-04 
200.0 225.0 250.0 7.25090e-03 3.17121e-04 7.99238e-03 2.84028e-04 7.28009e-03 3.56668e-04 6.68136e-03 2.90832e-04 8.68174e-03 3.09704e-04 7.92835e-03 3.48770e-04 6.66292e-03 3.24313e-04 
250.0 275.0 300.0 3.10322e-03 1.15608e-04 3.10603e-03 1.03133e-04 3.24908e-03 1.30556e-04 2.85604e-03 1.06228e-04 3.37555e-03 1.12241e-04 3.39834e-03 1.26851e-04 2.96749e-03 1.18986e-04 
300.0 325.0 350.0 6.22436e-04 4.00819e-05 6.37409e-04 3.29533e-05 6.62678e-04 4.90509e-05 5.83895e-04 3.83566e-05 6.91987e-04 3.58046e-05 6.80814e-04 4.38941e-05 6.05897e-04 4.47904e-05 
350.0 375.0 400.0 1.10677e-04 1.73308e-05 1.20083e-04 1.50240e-05 1.08379e-04 1.99808e-05 1.02119e-04 1.59730e-05 1.30180e-04 1.63017e-05 1.20834e-04 1.89468e-05 9.92970e-05 1.82768e-05 
400.0 425.0 450.0 1.61343e-05 5.93561e-06 2.26168e-05 4.93329e-06 8.06472e-06 6.20257e-06 1.49113e-05 5.47640e-06 2.44874e-05 5.34679e-06 1.75802e-05 6.48075e-06 7.41897e-06 5.68057e-06 
450.0 475.0 500.0 -2.49486e-06 1.67027e-06 -4.31669e-07 1.46291e-06 -4.66386e-06 1.92407e-06 -2.29968e-06 1.54252e-06 -4.71836e-07 1.58406e-06 -2.72691e-06 1.82162e-06 -4.27054e-06 1.76421e-06 
500.0 550.0 600.0 -4.88799e-07 3.26113e-07 -1.63353e-07 2.85941e-07 -8.54035e-07 3.76043e-07 -4.51357e-07 3.01487e-07 -1.77242e-07 3.09298e-07 -5.33184e-07 3.55225e-07 -7.83315e-07 3.45226e-07 
600.0 700.0 800.0 1.14668e-09 1.59330e-08 7.18104e-09 1.38911e-08 -2.57642e-09 1.84586e-08 1.07254e-09 1.47517e-08 7.74535e-09 1.50034e-08 1.23159e-09 1.73243e-08 -2.35425e-09 1.69763e-08 
800.0 900.0 1000.0 0.00000e+00 0.00000e+00 0.00000e+00 0.00000e+00 0.00000e+00 0.00000e+00 0.00000e+00 0.00000e+00 0.00000e+00 0.00000e+00 0.00000e+00 0.00000e+00 0.00000e+00 0.00000e+00 
