0.0 0.1 0.2 5.85838e+01 2.28731e-01 5.62966e+01 2.19272e-01 6.17374e+01 2.39467e-01 5.69441e+01 2.13277e-01 5.77513e+01 2.34977e-01 6.05589e+01 2.48027e-01 5.94867e+01 2.20639e-01 
0.2 0.3 0.4 5.85075e+01 2.40173e-01 5.61706e+01 2.29793e-01 6.17232e+01 2.51873e-01 5.68345e+01 2.23500e-01 5.76596e+01 2.46771e-01 6.05233e+01 2.60943e-01 5.94329e+01 2.31651e-01 
0.4 0.5 0.6 5.78140e+01 2.32644e-01 5.54866e+01 2.19824e-01 6.10693e+01 2.36322e-01 5.61975e+01 2.16652e-01 5.69161e+01 2.35765e-01 5.97605e+01 2.52577e-01 5.88391e+01 2.17763e-01 
0.6 0.7 0.8 5.77079e+01 2.32445e-01 5.53133e+01 2.11352e-01 6.09621e+01 2.51432e-01 5.60617e+01 2.16693e-01 5.67722e+01 2.25940e-01 5.96907e+01 2.52116e-01 5.87032e+01 2.31359e-01 
0.8 0.9 1.0 5.73921e+01 2.51105e-01 5.47666e+01 2.22847e-01 6.07759e+01 2.64760e-01 5.57167e+01 2.33329e-01 5.62408e+01 2.38922e-01 5.94102e+01 2.73232e-01 5.84794e+01 2.43136e-01 
1.0 1.1 1.2 5.73125e+01 2.52567e-01 5.47376e+01 2.40493e-01 6.08394e+01 2.66419e-01 5.55597e+01 2.34779e-01 5.63082e+01 2.58542e-01 5.94254e+01 2.74728e-01 5.84516e+01 2.44742e-01 
1.2 1.3 1.4 5.59114e+01 2.30485e-01 5.32516e+01 2.04319e-01 5.94429e+01 2.42855e-01 5.41900e+01 2.15124e-01 5.47866e+01 2.17833e-01 5.79861e+01 2.49688e-01 5.70979e+01 2.23953e-01 
1.4 1.5 1.6 5.46660e+01 2.31334e-01 5.19963e+01 2.19479e-01 5.83110e+01 2.45461e-01 5.29134e+01 2.15828e-01 5.35753e+01 2.35018e-01 5.67788e+01 2.50698e-01 5.59329e+01 2.26248e-01 
1.6 1.7 1.8 5.30740e+01 2.42362e-01 5.02972e+01 2.29345e-01 5.66920e+01 2.52975e-01 5.12495e+01 2.25699e-01 5.19576e+01 2.46064e-01 5.52756e+01 2.63143e-01 5.42525e+01 2.32936e-01 
1.8 1.9 2.0 5.01009e+01 2.19976e-01 4.73149e+01 2.08038e-01 5.37997e+01 2.27100e-01 4.82951e+01 2.05789e-01 4.89665e+01 2.22125e-01 5.22809e+01 2.37753e-01 5.13870e+01 2.10173e-01 
2.0 2.1 2.2 4.69066e+01 2.13193e-01 4.42344e+01 2.07642e-01 5.08525e+01 2.37801e-01 4.50842e+01 1.99852e-01 4.59290e+01 2.21623e-01 4.91085e+01 2.29948e-01 4.84138e+01 2.19675e-01 
2.2 2.3 2.4 4.25690e+01 2.13333e-01 3.97370e+01 1.97558e-01 4.63050e+01 2.30103e-01 4.07607e+01 1.99807e-01 4.14158e+01 2.10494e-01 4.47562e+01 2.30295e-01 4.39185e+01 2.12811e-01 
2.4 2.5 2.6 3.81937e+01 1.99596e-01 3.54399e+01 1.87627e-01 4.18873e+01 2.16477e-01 3.63914e+01 1.87281e-01 3.71323e+01 1.99727e-01 4.04072e+01 2.15611e-01 3.95252e+01 2.00522e-01 
2.6 2.7 2.8 3.19395e+01 1.86979e-01 2.93093e+01 1.73335e-01 3.53813e+01 2.04837e-01 3.02824e+01 1.75390e-01 3.08639e+01 1.84480e-01 3.39490e+01 2.01550e-01 3.32142e+01 1.89635e-01 
2.8 2.9 3.0 2.62372e+01 1.79198e-01 2.38336e+01 1.62025e-01 2.94155e+01 2.00296e-01 2.47370e+01 1.68030e-01 2.52445e+01 1.72275e-01 2.80592e+01 1.93246e-01 2.74533e+01 1.85216e-01 
3.0 3.1 3.2 2.00375e+01 1.48951e-01 1.79914e+01 1.33465e-01 2.27520e+01 1.68272e-01 1.87828e+01 1.39589e-01 1.91709e+01 1.41955e-01 2.15635e+01 1.60724e-01 2.11080e+01 1.55458e-01 
3.2 3.3 3.4 1.46281e+01 1.23154e-01 1.29046e+01 1.08698e-01 1.68516e+01 1.43318e-01 1.36157e+01 1.14807e-01 1.38502e+01 1.16260e-01 1.58613e+01 1.33592e-01 1.55226e+01 1.31707e-01 
3.4 3.5 3.6 9.50564e+00 9.43700e-02 8.29257e+00 8.33125e-02 1.11210e+01 1.11777e-01 8.78752e+00 8.74173e-02 8.96454e+00 8.97955e-02 1.03816e+01 1.03012e-01 1.01740e+01 1.02151e-01 
3.6 3.7 3.8 5.69413e+00 6.72117e-02 4.87967e+00 5.72663e-02 6.74517e+00 8.03817e-02 5.23237e+00 6.19531e-02 5.30795e+00 6.20083e-02 6.25825e+00 7.37151e-02 6.13410e+00 7.31612e-02 
3.8 3.9 4.0 2.92024e+00 4.33294e-02 2.46389e+00 3.55578e-02 3.51234e+00 5.33746e-02 2.66902e+00 3.95374e-02 2.69535e+00 3.89546e-02 3.22756e+00 4.79788e-02 3.17734e+00 4.81918e-02 
4.0 4.25 4.5 5.25150e-01 1.02095e-02 4.36273e-01 8.18600e-03 6.36821e-01 1.25608e-02 4.78648e-01 9.29516e-03 4.78635e-01 8.99097e-03 5.82113e-01 1.13300e-02 5.74511e-01 1.13181e-02 
4.5 4.75 5.0 0.00000e+00 0.00000e+00 0.00000e+00 0.00000e+00 0.00000e+00 0.00000e+00 0.00000e+00 0.00000e+00 0.00000e+00 0.00000e+00 0.00000e+00 0.00000e+00 0.00000e+00 0.00000e+00 
5.0 5.25 5.5 0.00000e+00 0.00000e+00 0.00000e+00 0.00000e+00 0.00000e+00 0.00000e+00 0.00000e+00 0.00000e+00 0.00000e+00 0.00000e+00 0.00000e+00 0.00000e+00 0.00000e+00 0.00000e+00 
5.5 5.75 6.0 0.00000e+00 0.00000e+00 0.00000e+00 0.00000e+00 0.00000e+00 0.00000e+00 0.00000e+00 0.00000e+00 0.00000e+00 0.00000e+00 0.00000e+00 0.00000e+00 0.00000e+00 0.00000e+00 
6.0 6.25 6.5 0.00000e+00 0.00000e+00 0.00000e+00 0.00000e+00 0.00000e+00 0.00000e+00 0.00000e+00 0.00000e+00 0.00000e+00 0.00000e+00 0.00000e+00 0.00000e+00 0.00000e+00 0.00000e+00 
6.5 6.75 7.0 0.00000e+00 0.00000e+00 0.00000e+00 0.00000e+00 0.00000e+00 0.00000e+00 0.00000e+00 0.00000e+00 0.00000e+00 0.00000e+00 0.00000e+00 0.00000e+00 0.00000e+00 0.00000e+00 
7.0 7.5 8.0 0.00000e+00 0.00000e+00 0.00000e+00 0.00000e+00 0.00000e+00 0.00000e+00 0.00000e+00 0.00000e+00 0.00000e+00 0.00000e+00 0.00000e+00 0.00000e+00 0.00000e+00 0.00000e+00 
8.0 8.5 9.0 0.00000e+00 0.00000e+00 0.00000e+00 0.00000e+00 0.00000e+00 0.00000e+00 0.00000e+00 0.00000e+00 0.00000e+00 0.00000e+00 0.00000e+00 0.00000e+00 0.00000e+00 0.00000e+00 
9.0 9.5 10.0 0.00000e+00 0.00000e+00 0.00000e+00 0.00000e+00 0.00000e+00 0.00000e+00 0.00000e+00 0.00000e+00 0.00000e+00 0.00000e+00 0.00000e+00 0.00000e+00 0.00000e+00 0.00000e+00 
