0.0 0.5 1.0 1.67847e+02 1.29979e-01 1.52438e+02 1.19895e-01 1.87430e+02 1.44175e-01 1.57366e+02 1.21891e-01 1.62324e+02 1.27387e-01 1.80574e+02 1.40927e-01 1.73896e+02 1.33180e-01 
1.0 1.5 2.0 1.49507e+02 1.47898e-01 1.48806e+02 1.41740e-01 1.52008e+02 1.38586e-01 1.49577e+02 1.41906e-01 1.48359e+02 1.47205e-01 1.49371e+02 1.55629e-01 1.51452e+02 1.32803e-01 
2.0 2.5 3.0 2.75711e+02 1.95495e-01 2.85222e+02 1.89902e-01 2.66585e+02 2.01728e-01 2.82143e+02 1.87439e-01 2.78799e+02 1.98030e-01 2.67804e+02 2.05873e-01 2.74056e+02 1.91505e-01 
3.0 3.5 4.0 4.28497e+02 2.14443e-01 4.41871e+02 2.05687e-01 4.14110e+02 2.24527e-01 4.36459e+02 2.06564e-01 4.34782e+02 2.21654e-01 4.18704e+02 2.24636e-01 4.24453e+02 2.14283e-01 
4.0 4.5 5.0 4.65747e+02 2.22561e-01 4.75515e+02 2.00914e-01 4.53676e+02 2.38773e-01 4.71125e+02 2.14309e-01 4.71936e+02 2.07612e-01 4.59107e+02 2.33232e-01 4.62125e+02 2.27787e-01 
5.0 5.5 6.0 3.60266e+02 2.10670e-01 3.63226e+02 1.93477e-01 3.54443e+02 2.28828e-01 3.62116e+02 2.03074e-01 3.63298e+02 2.00689e-01 3.57951e+02 2.20506e-01 3.59049e+02 2.18889e-01 
6.0 6.5 7.0 1.95412e+02 1.84440e-01 1.94092e+02 1.65728e-01 1.94594e+02 2.10012e-01 1.95217e+02 1.77805e-01 1.95562e+02 1.72019e-01 1.95623e+02 1.93046e-01 1.95994e+02 2.01402e-01 
7.0 7.5 8.0 6.36783e+01 1.48286e-01 6.21932e+01 1.28398e-01 6.43254e+01 1.74748e-01 6.32527e+01 1.43200e-01 6.30867e+01 1.33360e-01 6.41911e+01 1.54909e-01 6.45010e+01 1.67237e-01 
8.0 8.5 9.0 6.83613e+00 7.66643e-02 6.53285e+00 6.64145e-02 7.05903e+00 9.09383e-02 6.74694e+00 7.50726e-02 6.67355e+00 6.79609e-02 6.94712e+00 7.89381e-02 7.03078e+00 8.85773e-02 
9.0 9.5 10.0 0.00000e+00 0.00000e+00 0.00000e+00 0.00000e+00 0.00000e+00 0.00000e+00 0.00000e+00 0.00000e+00 0.00000e+00 0.00000e+00 0.00000e+00 0.00000e+00 0.00000e+00 0.00000e+00 
