0.0 12.5 25.0 -2.92158e-03 1.14678e-04 -2.60264e-03 1.02648e-04 -3.05439e-03 1.26555e-04 -2.65688e-03 1.04948e-04 -2.86152e-03 1.12174e-04 -3.21080e-03 1.24499e-04 -2.74678e-03 1.14785e-04 
25.0 37.5 50.0 -7.26947e-03 2.10273e-04 -6.57828e-03 1.92452e-04 -7.50379e-03 2.33319e-04 -6.60698e-03 1.92497e-04 -7.23646e-03 2.10242e-04 -8.08212e-03 2.31763e-04 -6.74179e-03 2.11698e-04 
50.0 62.5 75.0 -7.94814e-03 2.48405e-04 -7.12015e-03 2.29199e-04 -8.08224e-03 2.71129e-04 -7.21048e-03 2.27468e-04 -7.84676e-03 2.50314e-04 -8.85592e-03 2.73700e-04 -7.24199e-03 2.46109e-04 
75.0 87.5 100.0 -5.64256e-03 2.18854e-04 -4.98936e-03 1.96222e-04 -5.63715e-03 2.84137e-04 -5.09493e-03 2.00574e-04 -5.52395e-03 2.14120e-04 -6.32164e-03 2.40897e-04 -5.01360e-03 2.58084e-04 
100.0 125.0 150.0 -1.94132e-03 1.78112e-04 -1.55642e-03 1.42505e-04 -1.54763e-03 1.79544e-04 -1.70951e-03 1.63321e-04 -1.77066e-03 1.55392e-04 -2.23767e-03 1.95928e-04 -1.30925e-03 1.63268e-04 
150.0 175.0 200.0 2.19252e-03 1.05875e-04 2.14415e-03 9.29372e-05 2.81947e-03 1.19600e-04 2.06304e-03 9.72480e-05 2.28345e-03 1.01191e-04 2.33623e-03 1.16226e-04 2.63642e-03 1.08966e-04 
200.0 225.0 250.0 3.57547e-03 6.88046e-05 3.36688e-03 5.88046e-05 4.17142e-03 7.92343e-05 3.31816e-03 6.32816e-05 3.63029e-03 6.39378e-05 3.87640e-03 7.54102e-05 3.84715e-03 7.23012e-05 
250.0 275.0 300.0 3.34907e-03 4.98729e-05 3.14117e-03 4.42351e-05 3.80054e-03 5.83067e-05 3.10095e-03 4.59233e-05 3.39389e-03 4.80433e-05 3.64105e-03 5.45842e-05 3.49637e-03 5.32753e-05 
300.0 325.0 350.0 2.68471e-03 3.49697e-05 2.51914e-03 3.04685e-05 3.02399e-03 4.09495e-05 2.48483e-03 3.22344e-05 2.72266e-03 3.30562e-05 2.92021e-03 3.82245e-05 2.78067e-03 3.74658e-05 
350.0 375.0 400.0 2.16472e-03 2.31100e-05 1.99956e-03 1.99846e-05 2.43324e-03 2.75317e-05 2.00305e-03 2.13293e-05 2.16135e-03 2.16543e-05 2.35539e-03 2.52228e-05 2.23662e-03 2.52264e-05 
400.0 425.0 450.0 1.77871e-03 1.77006e-05 1.61834e-03 1.49824e-05 2.01507e-03 2.12336e-05 1.64584e-03 1.63536e-05 1.74920e-03 1.62169e-05 1.93548e-03 1.92952e-05 1.85204e-03 1.94795e-05 
450.0 475.0 500.0 1.31869e-03 1.25549e-05 1.18946e-03 1.06655e-05 1.49976e-03 1.48654e-05 1.22065e-03 1.16100e-05 1.28509e-03 1.15338e-05 1.43424e-03 1.36713e-05 1.37902e-03 1.36519e-05 
500.0 550.0 600.0 8.33317e-04 6.52583e-06 7.41032e-04 5.47489e-06 9.58577e-04 7.83740e-06 7.71869e-04 6.04018e-06 8.00059e-04 5.91514e-06 9.05620e-04 7.09831e-06 8.82084e-04 7.20538e-06 
600.0 700.0 800.0 3.25160e-04 2.50130e-06 2.84419e-04 2.08518e-06 3.78939e-04 3.04354e-06 3.01595e-04 2.31890e-06 3.06649e-04 2.24920e-06 3.52809e-04 2.71552e-06 3.49561e-04 2.80840e-06 
800.0 900.0 1000.0 8.72699e-05 1.02442e-06 7.51156e-05 8.51651e-07 1.02931e-04 1.24318e-06 8.10891e-05 9.51591e-07 8.08418e-05 9.16836e-07 9.44916e-05 1.10958e-06 9.50653e-05 1.14776e-06 
