0.0 2.5 5.0 2.62568e-01 2.61385e-03 2.76859e-01 2.60424e-03 2.49121e-01 2.61144e-03 2.72850e-01 2.56461e-03 2.65707e-01 2.66379e-03 2.49597e-01 2.69576e-03 2.60605e-01 2.52916e-03 
5.0 7.5 10.0 7.81674e-01 4.28220e-03 8.18376e-01 4.28404e-03 7.49493e-01 4.33374e-03 8.07561e-01 4.16978e-03 7.90578e-01 4.39945e-03 7.49486e-01 4.43096e-03 7.77466e-01 4.17888e-03 
10.0 12.5 15.0 1.24527e+00 5.30724e-03 1.29780e+00 5.53081e-03 1.19549e+00 5.16980e-03 1.28172e+00 5.16778e-03 1.25846e+00 5.71354e-03 1.19995e+00 5.49169e-03 1.23489e+00 5.01139e-03 
15.0 17.5 20.0 1.65160e+00 6.30452e-03 1.71782e+00 6.31615e-03 1.59089e+00 6.42539e-03 1.69511e+00 6.09677e-03 1.67096e+00 6.53941e-03 1.59748e+00 6.57707e-03 1.63769e+00 6.14898e-03 
20.0 22.5 25.0 1.97836e+00 6.64289e-03 2.05547e+00 6.63095e-03 1.91108e+00 7.05499e-03 2.02782e+00 6.47300e-03 2.00237e+00 6.80393e-03 1.91684e+00 6.86742e-03 1.96401e+00 6.76878e-03 
25.0 27.5 30.0 2.23572e+00 7.31673e-03 2.32170e+00 7.11979e-03 2.16002e+00 7.37666e-03 2.28932e+00 7.08801e-03 2.26439e+00 7.32890e-03 2.17179e+00 7.73812e-03 2.21977e+00 7.09744e-03 
30.0 32.5 35.0 2.44420e+00 8.12635e-03 2.53465e+00 7.98811e-03 2.36370e+00 8.26177e-03 2.50226e+00 7.77500e-03 2.47415e+00 8.27925e-03 2.37387e+00 8.50561e-03 2.42343e+00 7.80167e-03 
35.0 37.5 40.0 2.60624e+00 7.96099e-03 2.70056e+00 8.21391e-03 2.51931e+00 7.79246e-03 2.66534e+00 7.73099e-03 2.63741e+00 8.50123e-03 2.53279e+00 8.26342e-03 2.58311e+00 7.53155e-03 
40.0 42.5 45.0 2.73163e+00 8.61377e-03 2.82529e+00 8.40732e-03 2.64065e+00 8.67444e-03 2.79154e+00 8.32681e-03 2.76115e+00 8.68202e-03 2.65505e+00 8.86438e-03 2.70558e+00 8.31428e-03 
45.0 47.5 50.0 2.80832e+00 8.52730e-03 2.90645e+00 8.44313e-03 2.72024e+00 8.78361e-03 2.87019e+00 8.40152e-03 2.84031e+00 8.69741e-03 2.73116e+00 8.85742e-03 2.78729e+00 8.43076e-03 
50.0 52.5 55.0 2.88198e+00 8.55917e-03 2.98580e+00 8.71043e-03 2.79348e+00 8.63402e-03 2.94797e+00 8.33464e-03 2.91756e+00 8.98812e-03 2.80188e+00 8.87018e-03 2.86313e+00 8.32572e-03 
55.0 57.5 60.0 2.93034e+00 8.51064e-03 3.03486e+00 8.61896e-03 2.83610e+00 8.52835e-03 2.99850e+00 8.30055e-03 2.96268e+00 8.85865e-03 2.84579e+00 8.78765e-03 2.91025e+00 8.25770e-03 
60.0 62.5 65.0 2.97818e+00 8.88823e-03 3.08739e+00 9.25568e-03 2.87416e+00 8.94741e-03 3.05537e+00 8.64926e-03 3.00553e+00 9.57338e-03 2.88250e+00 9.20250e-03 2.95896e+00 8.63869e-03 
65.0 67.5 70.0 3.05879e+00 9.14812e-03 3.18020e+00 9.05038e-03 2.94463e+00 8.72854e-03 3.14087e+00 8.88685e-03 3.09414e+00 9.31419e-03 2.95715e+00 9.49079e-03 3.03562e+00 8.47352e-03 
70.0 72.5 75.0 3.11074e+00 9.25338e-03 3.23028e+00 9.11900e-03 2.99298e+00 8.81923e-03 3.19151e+00 9.00064e-03 3.14575e+00 9.36711e-03 3.01078e+00 9.58502e-03 3.08314e+00 8.57687e-03 
75.0 77.5 80.0 3.11618e+00 9.18551e-03 3.23114e+00 8.90399e-03 3.00596e+00 9.29346e-03 3.19368e+00 8.92705e-03 3.15023e+00 9.13448e-03 3.02034e+00 9.52410e-03 3.09227e+00 8.95890e-03 
80.0 82.5 85.0 3.09527e+00 8.75215e-03 3.21259e+00 8.94175e-03 2.99429e+00 9.25574e-03 3.16728e+00 8.54896e-03 3.13705e+00 9.22944e-03 3.00926e+00 9.28739e-03 3.07429e+00 8.91909e-03 
85.0 87.5 90.0 3.01557e+00 8.69954e-03 3.12281e+00 8.60399e-03 2.91859e+00 8.49634e-03 3.08140e+00 8.48210e-03 3.05534e+00 8.82269e-03 2.93429e+00 8.98486e-03 2.99224e+00 8.26117e-03 
90.0 92.5 95.0 2.91436e+00 8.53155e-03 3.01086e+00 8.41295e-03 2.82490e+00 8.52353e-03 2.97164e+00 8.30525e-03 2.95251e+00 8.64057e-03 2.84367e+00 8.82760e-03 2.88932e+00 8.25007e-03 
95.0 97.5 100.0 2.74485e+00 8.23853e-03 2.82987e+00 8.10068e-03 2.66363e+00 7.97150e-03 2.79396e+00 7.99201e-03 2.78032e+00 8.32577e-03 2.68440e+00 8.53234e-03 2.71915e+00 7.74433e-03 
100.0 105.0 110.0 2.46116e+00 5.44917e-03 2.52488e+00 5.21045e-03 2.40177e+00 5.56967e-03 2.49652e+00 5.29185e-03 2.48926e+00 5.34565e-03 2.41754e+00 5.65398e-03 2.44152e+00 5.36486e-03 
110.0 115.0 120.0 2.03967e+00 4.84957e-03 2.08518e+00 4.73817e-03 1.99883e+00 4.97642e-03 2.06270e+00 4.70498e-03 2.06246e+00 4.88290e-03 2.01126e+00 5.03722e-03 2.02476e+00 4.78850e-03 
120.0 125.0 130.0 1.62111e+00 4.19076e-03 1.65457e+00 4.03897e-03 1.59267e+00 4.26035e-03 1.63637e+00 4.06368e-03 1.64002e+00 4.15852e-03 1.60229e+00 4.35526e-03 1.61005e+00 4.10335e-03 
130.0 135.0 140.0 1.25974e+00 3.45607e-03 1.28136e+00 3.36160e-03 1.24197e+00 3.55469e-03 1.26906e+00 3.35893e-03 1.27273e+00 3.45744e-03 1.24823e+00 3.58186e-03 1.25264e+00 3.42840e-03 
140.0 145.0 150.0 9.67176e-01 2.88011e-03 9.81832e-01 2.77523e-03 9.54919e-01 2.91022e-03 9.73213e-01 2.80073e-03 9.76459e-01 2.84969e-03 9.59724e-01 2.98277e-03 9.62001e-01 2.81557e-03 
150.0 155.0 160.0 7.25147e-01 2.39092e-03 7.33974e-01 2.26839e-03 7.17278e-01 2.47359e-03 7.28950e-01 2.32390e-03 7.30691e-01 2.32631e-03 7.20451e-01 2.47738e-03 7.21849e-01 2.38591e-03 
160.0 165.0 170.0 5.42475e-01 1.93755e-03 5.48728e-01 1.87489e-03 5.37602e-01 2.00806e-03 5.44642e-01 1.88484e-03 5.47082e-01 1.92663e-03 5.39790e-01 2.00549e-03 5.40306e-01 1.93891e-03 
170.0 175.0 180.0 4.02739e-01 1.60804e-03 4.06307e-01 1.54687e-03 4.00545e-01 1.68461e-03 4.03837e-01 1.56302e-03 4.05614e-01 1.59020e-03 4.01368e-01 1.66591e-03 4.01947e-01 1.62375e-03 
180.0 185.0 190.0 2.96230e-01 1.30810e-03 2.98525e-01 1.26317e-03 2.94183e-01 1.36292e-03 2.96745e-01 1.26883e-03 2.98354e-01 1.30246e-03 2.95579e-01 1.35839e-03 2.94993e-01 1.31201e-03 
190.0 195.0 200.0 2.19026e-01 1.04718e-03 2.20179e-01 1.00621e-03 2.18499e-01 1.09790e-03 2.19067e-01 1.01747e-03 2.20408e-01 1.03516e-03 2.18957e-01 1.08524e-03 2.18678e-01 1.05833e-03 
200.0 212.5 225.0 1.28653e-01 4.96204e-04 1.28896e-01 4.72475e-04 1.28807e-01 5.24046e-04 1.28452e-01 4.79349e-04 1.29266e-01 4.88860e-04 1.28883e-01 5.17612e-04 1.28661e-01 5.02030e-04 
225.0 237.5 250.0 5.78889e-02 2.84545e-04 5.77004e-02 2.69918e-04 5.82787e-02 3.01821e-04 5.76282e-02 2.74907e-04 5.80418e-02 2.79251e-04 5.81979e-02 2.96746e-04 5.80188e-02 2.89214e-04 
250.0 262.5 275.0 2.59077e-02 1.70249e-04 2.57066e-02 1.61244e-04 2.62510e-02 1.83901e-04 2.56971e-02 1.64165e-04 2.59574e-02 1.67224e-04 2.62142e-02 1.79471e-04 2.60253e-02 1.75687e-04 
275.0 287.5 300.0 1.13974e-02 1.00024e-04 1.12042e-02 9.28425e-05 1.16689e-02 1.09091e-04 1.12655e-02 9.63029e-05 1.13934e-02 9.75420e-05 1.15548e-02 1.04689e-04 1.15188e-02 1.04024e-04 
300.0 312.5 325.0 4.86500e-03 5.68498e-05 4.77832e-03 5.30136e-05 4.98451e-03 6.19297e-05 4.80825e-03 5.48932e-05 4.84167e-03 5.48415e-05 4.93262e-03 5.93041e-05 4.92108e-03 5.92485e-05 
325.0 337.5 350.0 2.18001e-03 3.41738e-05 2.14378e-03 3.21455e-05 2.22397e-03 3.68509e-05 2.15920e-03 3.30916e-05 2.16795e-03 3.31902e-05 2.20474e-03 3.55324e-05 2.20216e-03 3.54043e-05 
350.0 362.5 375.0 1.01694e-03 2.14370e-05 1.00381e-03 2.00578e-05 1.03489e-03 2.31902e-05 1.00858e-03 2.07678e-05 1.01421e-03 2.06938e-05 1.02686e-03 2.22754e-05 1.02673e-03 2.22926e-05 
375.0 387.5 400.0 4.55498e-04 1.27459e-05 4.55085e-04 1.22017e-05 4.60024e-04 1.37145e-05 4.52732e-04 1.23974e-05 4.59002e-04 1.25246e-05 4.58769e-04 1.31834e-05 4.57870e-04 1.32459e-05 
400.0 412.5 425.0 2.09709e-04 7.85132e-06 2.04087e-04 6.97173e-06 2.08173e-04 8.46267e-06 2.09599e-04 7.63580e-06 2.04380e-04 7.12153e-06 2.09831e-04 8.12137e-06 2.08852e-04 8.17612e-06 
425.0 437.5 450.0 1.08948e-04 5.25701e-06 1.09185e-04 4.95417e-06 1.08567e-04 5.60986e-06 1.08960e-04 5.16137e-06 1.09546e-04 5.04290e-06 1.08931e-04 5.37788e-06 1.08984e-04 5.47966e-06 
450.0 462.5 475.0 4.92425e-05 2.77503e-06 4.97020e-05 2.67020e-06 5.02282e-05 3.14268e-06 4.93958e-05 2.74308e-06 5.11151e-05 2.77926e-06 4.90601e-05 2.81565e-06 5.05045e-05 3.07097e-06 
475.0 487.5 500.0 2.82602e-05 1.89229e-06 2.82645e-05 1.77445e-06 2.78656e-05 1.98110e-06 2.83071e-05 1.86066e-06 2.83177e-05 1.80344e-06 2.82042e-05 1.93221e-06 2.80590e-05 1.94450e-06 
500.0 512.5 525.0 1.32497e-05 1.10516e-06 1.32809e-05 1.02302e-06 1.38459e-05 1.13366e-06 1.33116e-05 1.08935e-06 1.32699e-05 1.03517e-06 1.31763e-05 1.12515e-06 1.39206e-05 1.11898e-06 
525.0 537.5 550.0 7.66926e-06 7.62232e-07 7.68760e-06 7.43247e-07 7.83570e-06 8.32319e-07 7.68623e-06 7.58784e-07 7.70055e-06 7.49223e-07 7.64913e-06 7.66634e-07 7.87336e-06 8.23030e-07 
550.0 562.5 575.0 2.47282e-06 2.32055e-07 2.55788e-06 2.22683e-07 2.52296e-06 2.65930e-07 2.47997e-06 2.26151e-07 2.56767e-06 2.29329e-07 2.46433e-06 2.39406e-07 2.53836e-06 2.56421e-07 
575.0 587.5 600.0 1.15678e-06 1.39414e-07 1.20521e-06 1.25214e-07 1.23434e-06 1.49626e-07 1.15730e-06 1.35558e-07 1.21361e-06 1.28407e-07 1.15613e-06 1.44194e-07 1.23412e-06 1.44910e-07 
