0.0 50.0 100.0 -1.22357e-03 3.75461e-05 -9.91677e-04 3.29857e-05 -1.48473e-03 4.34762e-05 -1.10858e-03 3.40362e-05 -1.09458e-03 3.63871e-05 -1.36599e-03 4.18879e-05 -1.32997e-03 3.89699e-05 
100.0 150.0 200.0 -2.66733e-01 9.90321e-04 -1.93383e-01 8.62006e-04 -3.50783e-01 1.31075e-03 -2.41757e-01 8.99444e-04 -2.13453e-01 9.49105e-04 -2.97639e-01 1.10224e-03 -3.14451e-01 1.17761e-03 
200.0 250.0 300.0 -1.19168e+00 2.06377e-03 -7.91778e-01 1.79972e-03 -1.65600e+00 2.41379e-03 -1.08224e+00 1.87919e-03 -8.72548e-01 1.97652e-03 -1.32645e+00 2.28976e-03 -1.48854e+00 2.17560e-03 
300.0 350.0 400.0 -6.41347e-01 1.55643e-03 -3.68289e-01 1.34971e-03 -9.70495e-01 1.86081e-03 -5.84442e-01 1.42139e-03 -4.04694e-01 1.47793e-03 -7.10866e-01 1.72062e-03 -8.76240e-01 1.68318e-03 
400.0 450.0 500.0 -1.64156e-01 7.77835e-04 -5.58843e-02 6.63344e-04 -2.98683e-01 9.20680e-04 -1.49952e-01 7.12483e-04 -6.14680e-02 7.24196e-04 -1.81409e-01 8.56735e-04 -2.70638e-01 8.35906e-04 
500.0 550.0 600.0 -4.11599e-02 3.74130e-04 1.51634e-03 3.20789e-04 -9.56257e-02 4.55818e-04 -3.76570e-02 3.43486e-04 1.50773e-03 3.49410e-04 -4.53989e-02 4.10929e-04 -8.68891e-02 4.14999e-04 
600.0 650.0 700.0 -1.18671e-02 2.02213e-04 6.44959e-03 1.70095e-04 -3.57757e-02 2.39789e-04 -1.08692e-02 1.85994e-04 6.96244e-03 1.84928e-04 -1.30705e-02 2.21606e-04 -3.25844e-02 2.18803e-04 
700.0 750.0 800.0 -3.86526e-03 1.13631e-04 4.61172e-03 9.71555e-05 -1.51705e-02 1.35751e-04 -3.54314e-03 1.04673e-04 4.98788e-03 1.05470e-04 -4.25358e-03 1.24306e-04 -1.38441e-02 1.24095e-04 
800.0 850.0 900.0 -1.49721e-03 6.90448e-05 2.73575e-03 5.78215e-05 -7.15275e-03 8.26462e-05 -1.37354e-03 6.36841e-05 2.95845e-03 6.26887e-05 -1.64589e-03 7.54133e-05 -6.53845e-03 7.56673e-05 
900.0 950.0 1000.0 -5.10806e-04 4.47515e-05 1.68120e-03 3.81598e-05 -3.49300e-03 5.33732e-05 -4.68327e-04 4.13216e-05 1.81733e-03 4.13271e-05 -5.61760e-04 4.88165e-05 -3.19770e-03 4.89296e-05 
1000.0 1100.0 1200.0 -1.80614e-04 1.48431e-05 7.65517e-04 1.27792e-05 -1.48419e-03 1.77846e-05 -1.65822e-04 1.37203e-05 8.26838e-04 1.38248e-05 -1.98366e-04 1.61707e-05 -1.36101e-03 1.63244e-05 
1200.0 1300.0 1400.0 -3.23146e-05 6.95984e-06 2.94251e-04 6.00735e-06 -4.87989e-04 8.27110e-06 -2.96075e-05 6.44379e-06 3.17474e-04 6.48843e-06 -3.55742e-05 7.56764e-06 -4.48404e-04 7.60686e-06 
1400.0 1500.0 1600.0 3.85466e-07 3.41982e-06 1.24309e-04 2.97288e-06 -1.75225e-04 4.08260e-06 4.56445e-07 3.17041e-06 1.33983e-04 3.20674e-06 2.85840e-07 3.71276e-06 -1.61277e-04 3.76047e-06 
1600.0 1700.0 1800.0 3.36749e-06 1.95648e-06 5.44093e-05 1.69825e-06 -7.02205e-05 2.31773e-06 3.15765e-06 1.81580e-06 5.85914e-05 1.82983e-06 3.60629e-06 2.12135e-06 -6.47195e-05 2.13760e-06 
1800.0 1900.0 2000.0 4.33379e-06 1.09614e-06 2.60645e-05 9.59465e-07 -2.84129e-05 1.30552e-06 4.03801e-06 1.01826e-06 2.80456e-05 1.03285e-06 4.67652e-06 1.18718e-06 -2.62165e-05 1.20541e-06 
