0.0 2.5 5.0 -2.01430e-01 6.26610e-03 -8.77164e-02 5.44205e-03 -3.42233e-01 7.23767e-03 -1.23972e-01 5.71525e-03 -1.59046e-01 5.94613e-03 -2.96247e-01 6.92257e-03 -2.40282e-01 6.52717e-03 
5.0 7.5 10.0 2.78527e-01 6.33705e-03 4.91278e-01 5.60885e-03 6.63439e-03 7.32098e-03 4.22626e-01 5.83889e-03 3.60246e-01 6.08835e-03 1.00517e-01 6.93004e-03 1.99533e-01 6.66876e-03 
10.0 12.5 15.0 1.05141e+00 6.58016e-03 1.31318e+00 5.82423e-03 7.18306e-01 7.60292e-03 1.22468e+00 6.09574e-03 1.15869e+00 6.28800e-03 8.38398e-01 7.18725e-03 9.53302e-01 6.95998e-03 
15.0 17.5 20.0 1.87911e+00 6.84254e-03 2.16649e+00 6.06495e-03 1.51193e+00 7.86267e-03 2.06675e+00 6.37306e-03 2.00221e+00 6.51173e-03 1.64845e+00 7.43391e-03 1.76971e+00 7.23625e-03 
20.0 22.5 25.0 2.66588e+00 7.00887e-03 2.96461e+00 6.25506e-03 2.28456e+00 7.79894e-03 2.85991e+00 6.55002e-03 2.79749e+00 6.69431e-03 2.42735e+00 7.58912e-03 2.55259e+00 7.29233e-03 
25.0 27.5 30.0 3.40985e+00 7.29024e-03 3.71113e+00 6.56243e-03 3.02258e+00 8.42031e-03 3.60499e+00 6.82953e-03 3.54585e+00 7.00958e-03 3.16996e+00 7.87374e-03 3.29668e+00 7.78988e-03 
30.0 32.5 35.0 4.07380e+00 7.64032e-03 4.37596e+00 6.82789e-03 3.68183e+00 8.67393e-03 4.26811e+00 7.17070e-03 4.21417e+00 7.27536e-03 3.83495e+00 8.23627e-03 3.95807e+00 8.04729e-03 
35.0 37.5 40.0 4.68587e+00 7.72724e-03 4.97959e+00 6.95527e-03 4.29966e+00 8.78554e-03 4.87528e+00 7.27300e-03 4.82449e+00 7.39306e-03 4.45304e+00 8.30507e-03 4.57219e+00 8.17370e-03 
40.0 42.5 45.0 5.20197e+00 8.06882e-03 5.49183e+00 7.24985e-03 4.82281e+00 9.02852e-03 5.38739e+00 7.59093e-03 5.34260e+00 7.70875e-03 4.97405e+00 8.67616e-03 5.09212e+00 8.40479e-03 
45.0 47.5 50.0 5.69265e+00 8.27109e-03 5.97446e+00 7.36486e-03 5.32122e+00 9.51242e-03 5.87300e+00 7.79369e-03 5.83177e+00 7.81198e-03 5.47270e+00 8.79388e-03 5.58610e+00 8.85355e-03 
50.0 52.5 55.0 6.13678e+00 8.27300e-03 6.40720e+00 7.41806e-03 5.77941e+00 9.28730e-03 6.31107e+00 7.81461e-03 6.27170e+00 7.85335e-03 5.92250e+00 8.85753e-03 6.03804e+00 8.64034e-03 
55.0 57.5 60.0 6.55696e+00 8.28067e-03 6.82446e+00 7.41452e-03 6.20617e+00 9.13978e-03 6.72640e+00 7.83088e-03 6.69547e+00 7.83725e-03 6.34864e+00 8.85493e-03 6.46017e+00 8.56106e-03 
60.0 62.5 65.0 6.97160e+00 8.71419e-03 7.23831e+00 7.90095e-03 6.61357e+00 9.76621e-03 7.14249e+00 8.22993e-03 7.10932e+00 8.37200e-03 6.76143e+00 9.33172e-03 6.87176e+00 9.12534e-03 
65.0 67.5 70.0 7.39611e+00 8.72127e-03 7.66249e+00 7.85189e-03 7.04308e+00 9.77430e-03 7.56697e+00 8.21298e-03 7.53826e+00 8.29582e-03 7.18938e+00 9.31707e-03 7.29947e+00 9.15358e-03 
70.0 72.5 75.0 7.76689e+00 8.77323e-03 8.02124e+00 7.94793e-03 7.42398e+00 9.84798e-03 7.92807e+00 8.31903e-03 7.90480e+00 8.38536e-03 7.56867e+00 9.35389e-03 7.67331e+00 9.23915e-03 
75.0 77.5 80.0 8.06041e+00 8.50768e-03 8.29981e+00 7.77701e-03 7.73441e+00 9.50802e-03 8.21106e+00 8.09585e-03 8.19449e+00 8.17993e-03 7.87516e+00 9.03558e-03 7.97150e+00 8.95440e-03 
80.0 82.5 85.0 8.23835e+00 8.25863e-03 8.46114e+00 7.54181e-03 7.93043e+00 9.16592e-03 8.37898e+00 7.88675e-03 8.36595e+00 7.90200e-03 8.06549e+00 8.73659e-03 8.15546e+00 8.66987e-03 
85.0 87.5 90.0 8.33694e+00 8.17218e-03 8.54179e+00 7.50565e-03 8.04938e+00 9.07163e-03 8.46523e+00 7.84405e-03 8.45808e+00 7.85737e-03 8.17844e+00 8.63105e-03 8.25986e+00 8.58501e-03 
90.0 92.5 95.0 8.31402e+00 8.11654e-03 8.50118e+00 7.46082e-03 8.04417e+00 9.11160e-03 8.43269e+00 7.76476e-03 8.42702e+00 7.80833e-03 8.16824e+00 8.56842e-03 8.24177e+00 8.62682e-03 
95.0 97.5 100.0 8.23284e+00 7.77655e-03 8.40580e+00 7.13225e-03 7.98293e+00 8.62922e-03 8.34137e+00 7.46420e-03 8.34117e+00 7.43623e-03 8.09956e+00 8.17870e-03 8.16722e+00 8.20732e-03 
100.0 105.0 110.0 7.94202e+00 5.48162e-03 8.08982e+00 4.97873e-03 7.72264e+00 6.08412e-03 8.03561e+00 5.25005e-03 8.03813e+00 5.19823e-03 7.82716e+00 5.77869e-03 7.88647e+00 5.77450e-03 
110.0 115.0 120.0 7.38493e+00 4.90390e-03 7.50415e+00 4.49117e-03 7.20121e+00 5.43322e-03 7.46157e+00 4.72390e-03 7.46623e+00 4.66426e-03 7.29010e+00 5.15801e-03 7.34081e+00 5.18950e-03 
120.0 125.0 130.0 6.69857e+00 4.53350e-03 6.79335e+00 4.16666e-03 6.54567e+00 5.03018e-03 6.76097e+00 4.37522e-03 6.76601e+00 4.32113e-03 6.62210e+00 4.73730e-03 6.66384e+00 4.81440e-03 
130.0 135.0 140.0 5.96331e+00 4.03336e-03 6.03780e+00 3.71158e-03 5.83685e+00 4.43818e-03 6.01336e+00 3.90803e-03 6.01904e+00 3.83330e-03 5.90202e+00 4.19504e-03 5.93568e+00 4.26990e-03 
140.0 145.0 150.0 5.21780e+00 3.65764e-03 5.27743e+00 3.34436e-03 5.11333e+00 4.04682e-03 5.25818e+00 3.54252e-03 5.26468e+00 3.45347e-03 5.16839e+00 3.80586e-03 5.19604e+00 3.89022e-03 
150.0 155.0 160.0 4.51931e+00 3.17220e-03 4.56451e+00 2.92418e-03 4.43362e+00 3.51883e-03 4.55175e+00 3.08582e-03 4.55608e+00 3.00859e-03 4.47968e+00 3.28369e-03 4.50254e+00 3.39781e-03 
160.0 165.0 170.0 3.87305e+00 2.80006e-03 3.90804e+00 2.58156e-03 3.80387e+00 3.10044e-03 3.89895e+00 2.72699e-03 3.90289e+00 2.65297e-03 3.84143e+00 2.89432e-03 3.86089e+00 2.99866e-03 
170.0 175.0 180.0 3.29220e+00 2.46872e-03 3.31956e+00 2.27762e-03 3.23515e+00 2.71579e-03 3.31308e+00 2.40955e-03 3.31653e+00 2.33547e-03 3.26675e+00 2.54510e-03 3.28260e+00 2.63526e-03 
180.0 185.0 190.0 2.78989e+00 2.14535e-03 2.81047e+00 1.98149e-03 2.74323e+00 2.36171e-03 2.80634e+00 2.09573e-03 2.80927e+00 2.03044e-03 2.76986e+00 2.20934e-03 2.78225e+00 2.29412e-03 
190.0 195.0 200.0 2.35316e+00 1.88528e-03 2.36865e+00 1.73591e-03 2.31554e+00 2.07778e-03 2.36589e+00 1.84319e-03 2.36896e+00 1.77682e-03 2.33768e+00 1.93965e-03 2.34727e+00 2.02000e-03 
200.0 212.5 225.0 1.74819e+00 9.61689e-04 1.75705e+00 8.84886e-04 1.72213e+00 1.06105e-03 1.75654e+00 9.40777e-04 1.75850e+00 9.04803e-04 1.73802e+00 9.88120e-04 1.74470e+00 1.03281e-03 
225.0 237.5 250.0 1.12764e+00 7.04193e-04 1.13165e+00 6.44694e-04 1.11188e+00 7.80144e-04 1.13234e+00 6.88351e-04 1.13345e+00 6.59878e-04 1.12193e+00 7.24477e-04 1.12593e+00 7.58440e-04 
250.0 262.5 275.0 7.30682e-01 5.24211e-04 7.32613e-01 4.77339e-04 7.20704e-01 5.84029e-04 7.33531e-01 5.11722e-04 7.34102e-01 4.89174e-04 7.27233e-01 5.40130e-04 7.29769e-01 5.66859e-04 
275.0 287.5 300.0 4.80213e-01 3.88031e-04 4.81001e-01 3.52914e-04 4.73642e-01 4.34460e-04 4.81966e-01 3.78700e-04 4.82162e-01 3.61800e-04 4.78095e-01 3.99887e-04 4.79588e-01 4.21497e-04 
300.0 312.5 325.0 3.19781e-01 2.99448e-04 3.20210e-01 2.71327e-04 3.15397e-01 3.35199e-04 3.20941e-01 2.91625e-04 3.21042e-01 2.78756e-04 3.18382e-01 3.09339e-04 3.19424e-01 3.24585e-04 
325.0 337.5 350.0 2.16492e-01 2.28402e-04 2.16553e-01 2.07101e-04 2.13536e-01 2.56451e-04 2.17240e-01 2.22558e-04 2.17171e-01 2.12731e-04 2.15591e-01 2.35779e-04 2.16264e-01 2.48492e-04 
350.0 362.5 375.0 1.48697e-01 1.78639e-04 1.48686e-01 1.61371e-04 1.46691e-01 2.01303e-04 1.49202e-01 1.73920e-04 1.49138e-01 1.65856e-04 1.48090e-01 1.84576e-04 1.48581e-01 1.94840e-04 
375.0 387.5 400.0 1.03733e-01 1.41493e-04 1.03687e-01 1.27762e-04 1.02264e-01 1.60342e-04 1.04074e-01 1.37578e-04 1.04025e-01 1.31520e-04 1.03324e-01 1.46401e-04 1.03593e-01 1.54939e-04 
400.0 412.5 425.0 7.31695e-02 1.14217e-04 7.31323e-02 1.02622e-04 7.21266e-02 1.29232e-04 7.34125e-02 1.10754e-04 7.33769e-02 1.05916e-04 7.28788e-02 1.18537e-04 7.30863e-02 1.24699e-04 
425.0 437.5 450.0 5.25165e-02 9.27712e-05 5.24634e-02 8.34443e-05 5.18076e-02 1.04181e-04 5.26862e-02 9.01118e-05 5.26477e-02 8.59823e-05 5.23139e-02 9.60905e-05 5.24892e-02 1.00695e-04 
450.0 462.5 475.0 3.80324e-02 7.52369e-05 3.79725e-02 6.72707e-05 3.74928e-02 8.54258e-05 3.81509e-02 7.29264e-05 3.81127e-02 6.94476e-05 3.78911e-02 7.81092e-05 3.79886e-02 8.23219e-05 
475.0 487.5 500.0 2.79042e-02 6.18812e-05 2.78486e-02 5.54175e-05 2.75021e-02 7.04876e-05 2.79883e-02 6.00180e-05 2.79562e-02 5.71891e-05 2.78040e-02 6.41962e-05 2.78665e-02 6.79610e-05 
500.0 512.5 525.0 2.06217e-02 5.29291e-05 2.05898e-02 4.69850e-05 2.03022e-02 6.05853e-05 2.06874e-02 5.12464e-05 2.06686e-02 4.85536e-05 2.05434e-02 5.50128e-05 2.05803e-02 5.83085e-05 
525.0 537.5 550.0 1.54925e-02 4.25864e-05 1.54510e-02 3.80889e-05 1.52733e-02 4.84976e-05 1.55338e-02 4.13730e-05 1.55179e-02 3.92330e-05 1.54432e-02 4.40925e-05 1.54724e-02 4.68475e-05 
550.0 562.5 575.0 1.17338e-02 3.54517e-05 1.16929e-02 3.16148e-05 1.15744e-02 4.04025e-05 1.17638e-02 3.43351e-05 1.17451e-02 3.26746e-05 1.16980e-02 3.68312e-05 1.17245e-02 3.89160e-05 
575.0 587.5 600.0 8.91786e-03 2.97236e-05 8.89009e-03 2.63068e-05 8.79136e-03 3.39033e-05 8.93952e-03 2.87960e-05 8.93197e-03 2.71656e-05 8.89211e-03 3.08684e-05 8.90537e-03 3.26712e-05 
