0.0 12.5 25.0 5.20197e+00 7.24666e-03 5.27823e+00 6.93715e-03 5.12823e+00 8.38163e-03 5.24396e+00 6.82176e-03 5.24226e+00 7.37928e-03 5.14899e+00 7.78709e-03 5.18292e+00 7.76561e-03 
25.0 37.5 50.0 1.15270e+01 1.20259e-02 1.16869e+01 1.10307e-02 1.13687e+01 1.32979e-02 1.16208e+01 1.12429e-02 1.16107e+01 1.17948e-02 1.14090e+01 1.30122e-02 1.14963e+01 1.22849e-02 
50.0 62.5 75.0 1.50621e+01 1.22711e-02 1.51990e+01 1.30870e-02 1.49354e+01 1.59871e-02 1.51343e+01 1.15389e-02 1.51531e+01 1.40346e-02 1.49703e+01 1.31968e-02 1.50450e+01 1.47324e-02 
75.0 87.5 100.0 1.57408e+01 1.36360e-02 1.58302e+01 1.08509e-02 1.56420e+01 1.42432e-02 1.57885e+01 1.27625e-02 1.58158e+01 1.14951e-02 1.56793e+01 1.47313e-02 1.57324e+01 1.32277e-02 
100.0 125.0 150.0 1.05013e+01 5.76051e-03 1.05681e+01 5.57554e-03 1.04154e+01 6.18243e-03 1.05487e+01 5.50426e-03 1.05527e+01 5.86258e-03 1.04415e+01 6.08697e-03 1.05076e+01 5.86535e-03 
150.0 175.0 200.0 4.58898e+00 3.72584e-03 4.61636e+00 3.22132e-03 4.53979e+00 4.21053e-03 4.61376e+00 3.53350e-03 4.61031e+00 3.38626e-03 4.55828e+00 3.96692e-03 4.59198e+00 3.95418e-03 
200.0 225.0 250.0 1.87776e+00 1.90016e-03 1.88404e+00 1.69891e-03 1.85885e+00 2.15662e-03 1.88615e+00 1.80800e-03 1.88443e+00 1.78549e-03 1.86741e+00 2.01522e-03 1.87989e+00 2.03357e-03 
250.0 275.0 300.0 7.98026e-01 9.86430e-04 7.97782e-01 8.79887e-04 7.92092e-01 1.12490e-03 8.00197e-01 9.40792e-04 7.99591e-01 9.22671e-04 7.95342e-01 1.04315e-03 7.99776e-01 1.06365e-03 
300.0 325.0 350.0 3.59178e-01 5.44664e-04 3.57556e-01 4.98473e-04 3.57126e-01 6.45972e-04 3.59620e-01 5.20413e-04 3.58942e-01 5.22900e-04 3.58359e-01 5.93134e-04 3.60102e-01 6.10667e-04 
350.0 375.0 400.0 1.73723e-01 3.49613e-04 1.72293e-01 2.83484e-04 1.73679e-01 4.03927e-04 1.73574e-01 3.32887e-04 1.73338e-01 2.95920e-04 1.73886e-01 3.70159e-04 1.74686e-01 3.81432e-04 
400.0 425.0 450.0 8.84468e-02 2.07901e-04 8.73629e-02 1.90334e-04 8.87076e-02 2.31111e-04 8.82446e-02 1.98766e-04 8.80161e-02 1.99615e-04 8.86809e-02 2.19128e-04 8.90785e-02 2.19808e-04 
450.0 475.0 500.0 4.73029e-02 1.36653e-04 4.66182e-02 1.20101e-04 4.75799e-02 1.58278e-04 4.71260e-02 1.30553e-04 4.70391e-02 1.25732e-04 4.75096e-02 1.44120e-04 4.77004e-02 1.50068e-04 
500.0 550.0 600.0 2.10118e-02 5.01766e-05 2.05915e-02 4.41407e-05 2.12521e-02 5.73620e-05 2.08852e-02 4.83638e-05 2.08224e-02 4.57941e-05 2.11600e-02 5.24087e-05 2.12465e-02 5.49560e-05 
600.0 700.0 800.0 5.17187e-03 1.34201e-05 5.03756e-03 1.17480e-05 5.26840e-03 1.53140e-05 5.12745e-03 1.30039e-05 5.10707e-03 1.21201e-05 5.22388e-03 1.39324e-05 5.25096e-03 1.47660e-05 
800.0 900.0 1000.0 9.09305e-04 4.21081e-06 8.75622e-04 3.70812e-06 9.37588e-04 4.84167e-06 8.98216e-04 4.10220e-06 8.90698e-04 3.80883e-06 9.22250e-04 4.34428e-06 9.30314e-04 4.69632e-06 
