0.0 50.0 100.0 0.00000e+00 0.00000e+00 0.00000e+00 0.00000e+00 0.00000e+00 0.00000e+00 0.00000e+00 0.00000e+00 0.00000e+00 0.00000e+00 0.00000e+00 0.00000e+00 0.00000e+00 0.00000e+00 
100.0 150.0 200.0 0.00000e+00 0.00000e+00 0.00000e+00 0.00000e+00 0.00000e+00 0.00000e+00 0.00000e+00 0.00000e+00 0.00000e+00 0.00000e+00 0.00000e+00 0.00000e+00 0.00000e+00 0.00000e+00 
200.0 250.0 300.0 -8.00763e-05 6.31389e-06 -7.12984e-05 5.74415e-06 -8.84466e-05 6.96732e-06 -7.31474e-05 5.77253e-06 -7.80530e-05 6.28285e-06 -8.84939e-05 6.97028e-06 -8.00327e-05 6.31123e-06 
300.0 350.0 400.0 -6.22565e-03 7.46408e-05 -5.48103e-03 7.33244e-05 -6.91346e-03 8.25918e-05 -5.69163e-03 6.83009e-05 -5.99550e-03 8.01301e-05 -6.87316e-03 8.23124e-05 -6.26213e-03 7.48945e-05 
400.0 450.0 500.0 -1.29121e-02 9.61325e-05 -1.12189e-02 8.68252e-05 -1.44651e-02 1.14998e-04 -1.18171e-02 8.81128e-05 -1.22590e-02 9.47282e-05 -1.42366e-02 1.05801e-04 -1.31191e-02 1.04483e-04 
500.0 550.0 600.0 1.05102e-03 7.44409e-05 1.17092e-03 6.66506e-05 1.31754e-03 8.37064e-05 9.78975e-04 6.83670e-05 1.26054e-03 7.25726e-05 1.13407e-03 8.17285e-05 1.21881e-03 7.62433e-05 
600.0 650.0 700.0 6.94322e-03 3.75784e-05 6.29452e-03 3.82705e-05 8.03535e-03 4.31720e-05 6.39432e-03 3.45729e-05 6.83505e-03 4.16042e-05 7.59784e-03 4.11705e-05 7.34297e-03 3.94057e-05 
700.0 750.0 800.0 6.22146e-03 2.35345e-05 5.53417e-03 2.04720e-05 7.20137e-03 2.73853e-05 5.73486e-03 2.16834e-05 6.00380e-03 2.22199e-05 6.80040e-03 2.57395e-05 6.58829e-03 2.50395e-05 
800.0 850.0 900.0 4.42496e-03 1.66559e-05 3.91302e-03 1.43916e-05 5.12804e-03 1.94121e-05 4.08313e-03 1.53639e-05 4.24063e-03 1.56020e-05 4.83062e-03 1.81904e-05 4.69741e-03 1.77750e-05 
900.0 950.0 1000.0 2.91439e-03 1.06855e-05 2.56602e-03 9.07052e-06 3.38796e-03 1.27288e-05 2.69191e-03 9.86737e-06 2.77812e-03 9.82256e-06 3.17791e-03 1.16549e-05 3.10703e-03 1.16701e-05 
1000.0 1100.0 1200.0 1.56778e-03 4.39863e-06 1.37338e-03 3.71499e-06 1.82714e-03 5.28694e-06 1.44981e-03 4.06701e-06 1.48514e-03 4.01793e-06 1.70714e-03 4.79054e-06 1.67798e-03 4.85446e-06 
1200.0 1300.0 1400.0 6.85594e-04 2.58534e-06 5.96415e-04 2.16569e-06 8.03246e-04 3.13469e-06 6.34922e-04 2.39403e-06 6.44015e-04 2.33877e-06 7.45236e-04 2.81056e-06 7.38963e-04 2.88351e-06 
1400.0 1500.0 1600.0 3.09416e-04 1.52036e-06 2.67829e-04 1.26839e-06 3.63976e-04 1.85058e-06 2.86902e-04 1.40960e-06 2.88847e-04 1.36805e-06 3.35850e-04 1.65042e-06 3.35329e-04 1.70475e-06 
1600.0 1700.0 1800.0 1.47324e-04 9.39347e-07 1.26892e-04 7.81090e-07 1.74072e-04 1.14710e-06 1.36748e-04 8.71882e-07 1.36706e-04 8.41530e-07 1.59715e-04 1.01839e-06 1.60568e-04 1.05806e-06 
1800.0 1900.0 2000.0 7.40535e-05 6.43494e-07 6.33692e-05 5.33033e-07 8.78438e-05 7.88321e-07 6.87981e-05 5.97811e-07 6.82101e-05 5.73765e-07 8.01957e-05 6.96889e-07 8.11161e-05 7.27922e-07 
