0.0 12.5 25.0 -9.10978e-02 1.11855e-03 -7.25431e-02 1.00430e-03 -1.06464e-01 1.25292e-03 -8.25562e-02 1.01914e-03 -8.01092e-02 1.10229e-03 -1.01661e-01 1.24008e-03 -9.54334e-02 1.13019e-03 
25.0 37.5 50.0 -2.56920e-01 2.21842e-03 -2.04336e-01 1.94969e-03 -3.01846e-01 2.48524e-03 -2.33048e-01 2.02186e-03 -2.25421e-01 2.13940e-03 -2.86383e-01 2.45856e-03 -2.70883e-01 2.24261e-03 
50.0 62.5 75.0 -3.61089e-01 2.60635e-03 -2.84759e-01 2.28962e-03 -4.29334e-01 2.92580e-03 -3.27893e-01 2.37700e-03 -3.13806e-01 2.51061e-03 -4.01960e-01 2.88610e-03 -3.85822e-01 2.64230e-03 
75.0 87.5 100.0 -4.01560e-01 2.33830e-03 -3.11766e-01 2.09399e-03 -4.83855e-01 3.13751e-03 -3.65034e-01 2.13388e-03 -3.43200e-01 2.29465e-03 -4.46425e-01 2.58727e-03 -4.35401e-01 2.83533e-03 
100.0 125.0 150.0 -4.08233e-01 1.25030e-03 -3.10428e-01 1.11819e-03 -5.03882e-01 1.40264e-03 -3.71699e-01 1.14215e-03 -3.41179e-01 1.22411e-03 -4.52944e-01 1.38172e-03 -4.54346e-01 1.26930e-03 
150.0 175.0 200.0 -2.82473e-01 7.56374e-04 -2.07187e-01 7.12918e-04 -3.62079e-01 8.58257e-04 -2.57915e-01 6.92494e-04 -2.26881e-01 7.33772e-04 -3.12333e-01 8.33587e-04 -3.27615e-01 7.78779e-04 
200.0 225.0 250.0 -1.43789e-01 5.08586e-04 -1.00448e-01 4.49384e-04 -1.91977e-01 5.75403e-04 -1.31628e-01 4.66674e-04 -1.09806e-01 4.89749e-04 -1.58491e-01 5.58984e-04 -1.74251e-01 5.23524e-04 
250.0 275.0 300.0 -6.62384e-02 2.68590e-04 -4.37412e-02 2.35883e-04 -9.22922e-02 3.08790e-04 -6.07636e-02 2.46900e-04 -4.77187e-02 2.56608e-04 -7.28224e-02 2.94562e-04 -8.39892e-02 2.81568e-04 
300.0 325.0 350.0 -3.02138e-02 1.63117e-04 -1.87245e-02 1.42730e-04 -4.39129e-02 1.88349e-04 -2.77657e-02 1.50177e-04 -2.03928e-02 1.55030e-04 -3.31472e-02 1.78558e-04 -4.00474e-02 1.72064e-04 
350.0 375.0 400.0 -1.40362e-02 9.66173e-05 -8.06271e-03 8.40805e-05 -2.13250e-02 1.12266e-04 -1.29174e-02 8.90728e-05 -8.76977e-03 9.12029e-05 -1.53724e-02 1.05591e-04 -1.94822e-02 1.02726e-04 
400.0 425.0 450.0 -7.05681e-03 5.75914e-05 -3.79877e-03 4.98444e-05 -1.10620e-02 6.54586e-05 -6.50255e-03 5.31538e-05 -4.12709e-03 5.40058e-05 -7.71651e-03 6.28560e-05 -1.01218e-02 5.99790e-05 
450.0 475.0 500.0 -3.50149e-03 3.53356e-05 -1.69880e-03 3.04984e-05 -5.77590e-03 4.14765e-05 -3.22988e-03 3.26477e-05 -1.84414e-03 3.30095e-05 -3.82407e-03 3.85171e-05 -5.29181e-03 3.80508e-05 
500.0 550.0 600.0 -1.44326e-03 1.25087e-05 -6.12576e-04 1.07597e-05 -2.50954e-03 1.47538e-05 -1.33299e-03 1.15694e-05 -6.64355e-04 1.16335e-05 -1.57391e-03 1.36181e-05 -2.30356e-03 1.36380e-05 
600.0 700.0 800.0 -3.02938e-04 3.26152e-06 -8.81549e-05 2.78981e-06 -5.86551e-04 3.92565e-06 -2.80299e-04 3.02148e-06 -9.55715e-05 3.01147e-06 -3.29635e-04 3.54388e-06 -5.39443e-04 3.61269e-06 
800.0 900.0 1000.0 -3.82426e-05 9.69223e-07 5.70355e-07 8.21257e-07 -9.11078e-05 1.16487e-06 -3.54594e-05 8.99991e-07 5.57110e-07 8.84438e-07 -4.15116e-05 1.05025e-06 -8.40154e-05 1.07501e-06 
