0.0 50.0 100.0 8.16251e-01 6.41250e-04 7.06459e-01 5.79145e-04 9.54663e-01 7.32204e-04 7.45174e-01 5.83751e-04 7.73785e-01 6.36399e-04 9.02744e-01 7.11703e-04 8.63109e-01 6.59949e-04 
100.0 150.0 200.0 2.56839e-01 6.84225e-04 1.89322e-01 6.23715e-04 3.56154e-01 6.27714e-04 2.36658e-01 6.23301e-04 2.04953e-01 6.84753e-04 2.80802e-01 7.58748e-04 3.24892e-01 5.66330e-04 
200.0 250.0 300.0 2.28845e-02 4.07737e-04 1.20841e-02 3.73291e-04 4.29670e-02 4.47056e-04 2.17025e-02 3.72414e-04 1.23884e-02 4.08724e-04 2.41173e-02 4.50675e-04 3.99892e-02 4.04504e-04 
300.0 350.0 400.0 4.47992e-03 2.02923e-04 3.15580e-03 1.83761e-04 8.09568e-03 2.10507e-04 4.32734e-03 1.85815e-04 3.21130e-03 2.00690e-04 4.60931e-03 2.23595e-04 7.65971e-03 1.91069e-04 
400.0 450.0 500.0 2.59482e-03 8.71268e-05 2.45967e-03 7.80296e-05 3.40421e-03 9.79595e-05 2.45228e-03 7.99511e-05 2.60659e-03 8.50372e-05 2.74928e-03 9.57551e-05 3.19624e-03 8.91394e-05 
500.0 550.0 600.0 1.54273e-03 4.44842e-05 1.54956e-03 3.94800e-05 1.72628e-03 5.02667e-05 1.44350e-03 4.08905e-05 1.63477e-03 4.26883e-05 1.65571e-03 4.87882e-05 1.60917e-03 4.58377e-05 
600.0 650.0 700.0 8.68251e-04 2.52760e-05 8.81186e-04 2.23264e-05 9.30555e-04 2.64529e-05 8.09267e-04 2.32626e-05 9.46990e-04 2.42601e-05 9.36390e-04 2.76806e-05 8.63810e-04 2.41639e-05 
700.0 750.0 800.0 4.97842e-04 1.35950e-05 5.03638e-04 1.19042e-05 5.23471e-04 1.56887e-05 4.63117e-04 1.25284e-05 5.42088e-04 1.29184e-05 5.38221e-04 1.48651e-05 4.84756e-04 1.43495e-05 
800.0 850.0 900.0 2.81468e-04 7.61804e-06 2.83908e-04 6.61298e-06 2.95462e-04 9.22822e-06 2.61670e-04 7.02988e-06 3.05708e-04 7.16669e-06 3.04545e-04 8.31625e-06 2.73331e-04 8.45209e-06 
900.0 950.0 1000.0 1.66797e-04 4.76071e-06 1.67278e-04 4.11074e-06 1.72925e-04 5.65835e-06 1.54982e-04 4.39757e-06 1.80180e-04 4.45045e-06 1.80593e-04 5.19079e-06 1.59869e-04 5.18990e-06 
1000.0 1050.0 1100.0 9.47925e-05 2.92825e-06 9.54393e-05 2.51501e-06 9.69184e-05 3.45375e-06 8.80882e-05 2.70756e-06 1.02781e-04 2.72014e-06 1.02620e-04 3.18902e-06 8.96099e-05 3.17155e-06 
1100.0 1150.0 1200.0 6.20972e-05 2.21605e-06 6.15082e-05 1.89731e-06 6.43109e-05 2.62259e-06 5.76931e-05 2.05035e-06 6.62419e-05 2.05076e-06 6.72425e-05 2.41158e-06 5.94329e-05 2.41013e-06 
1200.0 1250.0 1300.0 3.34415e-05 1.40231e-06 3.50743e-05 1.20317e-06 3.38482e-05 1.67109e-06 3.10917e-05 1.29847e-06 3.77552e-05 1.29945e-06 3.61823e-05 1.52462e-06 3.24569e-05 1.60242e-06 
1300.0 1350.0 1400.0 2.14387e-05 9.37563e-07 2.15283e-05 7.94146e-07 2.11245e-05 1.10031e-06 1.99348e-05 8.68729e-07 2.31658e-05 8.57115e-07 2.31927e-05 1.01852e-06 1.95440e-05 1.01289e-06 
1400.0 1450.0 1500.0 1.32371e-05 5.94891e-07 1.33588e-05 5.01352e-07 1.32637e-05 7.16516e-07 1.23113e-05 5.51604e-07 1.43713e-05 5.40721e-07 1.43164e-05 6.45719e-07 1.22732e-05 6.60155e-07 
1500.0 1550.0 1600.0 8.05728e-06 4.22370e-07 8.21745e-06 3.55086e-07 7.99016e-06 5.10495e-07 7.49675e-06 3.91858e-07 8.83689e-06 3.82750e-07 8.71020e-06 4.58151e-07 7.39720e-06 4.70646e-07 
1600.0 1650.0 1700.0 5.82885e-06 3.51263e-07 5.80669e-06 2.91317e-07 5.61253e-06 4.10394e-07 5.42332e-06 3.25933e-07 6.24357e-06 3.13966e-07 6.30123e-06 3.80957e-07 5.19570e-06 3.78400e-07 
1700.0 1750.0 1800.0 3.20197e-06 2.35583e-07 3.33578e-06 1.97254e-07 3.04591e-06 2.85603e-07 2.98118e-06 2.18753e-07 3.58494e-06 2.12440e-07 3.45874e-06 2.55280e-07 2.82248e-06 2.63582e-07 
1800.0 1850.0 1900.0 2.50158e-06 1.66616e-07 2.54513e-06 1.39331e-07 2.46474e-06 2.02765e-07 2.32854e-06 1.54753e-07 2.73558e-06 1.50028e-07 2.70294e-06 1.80492e-07 2.28258e-06 1.87185e-07 
1900.0 1950.0 2000.0 1.52298e-06 1.15773e-07 1.56902e-06 9.53779e-08 1.44554e-06 1.40754e-07 1.41824e-06 1.07566e-07 1.68568e-06 1.02657e-07 1.64475e-06 1.25365e-07 1.33958e-06 1.29992e-07 
