0.0 12.5 25.0 -4.84376e-03 2.94603e-04 -4.25273e-03 2.67238e-04 -5.36112e-03 3.26208e-04 -4.42438e-03 2.69747e-04 -4.65619e-03 2.91868e-04 -5.35320e-03 3.24641e-04 -4.85078e-03 2.96031e-04 
25.0 37.5 50.0 -9.86964e-03 5.75390e-04 -8.64206e-03 5.20978e-04 -1.08001e-02 6.38409e-04 -9.00143e-03 5.27114e-04 -9.47634e-03 5.68709e-04 -1.09275e-02 6.33662e-04 -9.75261e-03 5.79726e-04 
50.0 62.5 75.0 -8.19190e-03 5.08970e-04 -7.17526e-03 4.59390e-04 -8.61891e-03 5.66947e-04 -7.44654e-03 4.66409e-04 -7.89364e-03 5.01323e-04 -9.10587e-03 5.60306e-04 -7.74656e-03 5.15023e-04 
75.0 87.5 100.0 -3.61176e-03 6.78017e-04 -3.13002e-03 6.12241e-04 -3.29404e-03 7.54791e-04 -3.23725e-03 6.21322e-04 -3.49154e-03 6.68122e-04 -4.08129e-03 7.46401e-04 -2.89176e-03 6.85661e-04 
100.0 125.0 150.0 1.96903e-03 2.82617e-04 1.84801e-03 2.52987e-04 2.93541e-03 3.18009e-04 1.87639e-03 2.59297e-04 1.94163e-03 2.75751e-04 2.06338e-03 3.10668e-04 2.76728e-03 2.89314e-04 
150.0 175.0 200.0 5.97868e-03 2.62321e-04 5.48634e-03 2.34398e-04 7.14038e-03 2.95659e-04 5.54123e-03 2.40921e-04 5.92169e-03 2.55226e-04 6.49170e-03 2.88000e-04 6.57354e-03 2.69309e-04 
200.0 225.0 250.0 5.00088e-03 1.42498e-04 4.64113e-03 1.34017e-04 5.81149e-03 1.62516e-04 4.62933e-03 1.31068e-04 4.98621e-03 1.35149e-04 5.43838e-03 1.56166e-04 5.34107e-03 1.73546e-04 
250.0 275.0 300.0 4.09723e-03 1.01242e-04 3.78278e-03 8.90393e-05 4.68452e-03 1.16291e-04 3.79013e-03 9.32293e-05 4.09040e-03 9.66953e-05 4.45951e-03 1.10798e-04 4.30443e-03 1.06267e-04 
300.0 325.0 350.0 3.23074e-03 7.63506e-05 2.93933e-03 6.43929e-05 3.66481e-03 8.86276e-05 2.98825e-03 7.03775e-05 3.17837e-03 6.98584e-05 3.51692e-03 8.34585e-05 3.36711e-03 8.10862e-05 
350.0 375.0 400.0 2.46769e-03 5.34213e-05 2.26398e-03 4.71334e-05 2.79470e-03 6.21642e-05 2.28282e-03 4.92924e-05 2.44772e-03 5.10838e-05 2.68586e-03 5.83226e-05 2.56799e-03 5.69424e-05 
400.0 425.0 450.0 1.76178e-03 3.37856e-05 1.59997e-03 2.80343e-05 2.00077e-03 3.96471e-05 1.63036e-03 3.12114e-05 1.72913e-03 3.03472e-05 1.91678e-03 3.68336e-05 1.83914e-03 3.63675e-05 
450.0 475.0 500.0 1.31429e-03 2.40187e-05 1.18202e-03 2.06400e-05 1.50054e-03 2.83195e-05 1.21668e-03 2.22061e-05 1.27694e-03 2.23252e-05 1.42931e-03 2.61612e-05 1.37987e-03 2.60010e-05 
500.0 550.0 600.0 8.35056e-04 1.06981e-05 7.41460e-04 9.06893e-06 9.61944e-04 1.28018e-05 7.73552e-04 9.90205e-06 8.00447e-04 9.79821e-06 9.07408e-04 1.16365e-05 8.85281e-04 1.17697e-05 
600.0 700.0 800.0 3.26471e-04 3.97307e-06 2.85170e-04 3.32689e-06 3.81034e-04 4.81695e-06 3.02826e-04 3.68306e-06 3.07443e-04 3.58891e-06 3.54210e-04 4.31375e-06 3.51202e-04 4.43662e-06 
800.0 900.0 1000.0 8.84631e-05 1.63185e-06 7.60707e-05 1.35590e-06 1.05013e-04 2.01204e-06 8.21993e-05 1.51584e-06 8.18681e-05 1.45968e-06 9.57814e-05 1.76750e-06 9.69905e-05 1.85762e-06 
