0.0 50.0 100.0 0.00000e+00 0.00000e+00 0.00000e+00 0.00000e+00 0.00000e+00 0.00000e+00 0.00000e+00 0.00000e+00 0.00000e+00 0.00000e+00 0.00000e+00 0.00000e+00 0.00000e+00 0.00000e+00 
100.0 150.0 200.0 0.00000e+00 0.00000e+00 0.00000e+00 0.00000e+00 0.00000e+00 0.00000e+00 0.00000e+00 0.00000e+00 0.00000e+00 0.00000e+00 0.00000e+00 0.00000e+00 0.00000e+00 0.00000e+00 
200.0 250.0 300.0 4.89401e-02 3.76544e-04 4.98415e-02 3.49324e-04 4.82215e-02 4.07893e-04 4.91355e-02 3.47516e-04 4.96211e-02 3.78330e-04 4.86847e-02 4.12984e-04 4.83716e-02 3.71711e-04 
300.0 350.0 400.0 3.94186e-01 1.16268e-03 4.01997e-01 1.06876e-03 3.87232e-01 1.27318e-03 3.96894e-01 1.07518e-03 3.99538e-01 1.15525e-03 3.90750e-01 1.27222e-03 3.90383e-01 1.16299e-03 
400.0 450.0 500.0 7.82491e-01 1.53646e-03 7.97870e-01 1.40862e-03 7.67348e-01 1.68913e-03 7.88926e-01 1.42942e-03 7.92820e-01 1.51349e-03 7.74416e-01 1.67082e-03 7.76059e-01 1.55256e-03 
500.0 550.0 600.0 9.86177e-01 1.89582e-03 1.00449e+00 1.71835e-03 9.66426e-01 2.11061e-03 9.94590e-01 1.76059e-03 9.98757e-01 1.84971e-03 9.75684e-01 2.06477e-03 9.79056e-01 1.93716e-03 
600.0 650.0 700.0 1.02858e+00 1.98243e-03 1.04602e+00 1.78144e-03 1.00801e+00 2.22864e-03 1.03710e+00 1.84044e-03 1.04109e+00 1.91828e-03 1.01799e+00 2.15936e-03 1.02200e+00 2.04530e-03 
700.0 750.0 800.0 9.83060e-01 2.35201e-03 9.97477e-01 2.08818e-03 9.64370e-01 2.67737e-03 9.90301e-01 2.17199e-03 9.94267e-01 2.26083e-03 9.74072e-01 2.57463e-03 9.77540e-01 2.44537e-03 
800.0 850.0 900.0 8.92620e-01 2.18357e-03 9.04160e-01 1.92805e-03 8.76014e-01 2.50170e-03 8.98901e-01 2.01745e-03 9.02008e-01 2.08644e-03 8.84834e-01 2.38914e-03 8.88341e-01 2.28599e-03 
900.0 950.0 1000.0 7.96068e-01 2.11900e-03 8.04261e-01 1.85839e-03 7.82587e-01 2.44679e-03 8.00662e-01 1.95720e-03 8.03676e-01 2.01164e-03 7.90372e-01 2.31920e-03 7.92881e-01 2.23512e-03 
1000.0 1050.0 1100.0 6.95800e-01 1.78340e-03 7.01503e-01 1.55961e-03 6.84813e-01 2.06800e-03 6.99326e-01 1.65281e-03 7.01737e-01 1.68239e-03 6.91423e-01 1.94533e-03 6.93644e-01 1.89527e-03 
1100.0 1150.0 1200.0 6.07265e-01 1.81433e-03 6.10423e-01 1.61241e-03 5.98747e-01 2.11962e-03 6.09770e-01 1.67795e-03 6.11348e-01 1.74428e-03 6.04152e-01 1.98306e-03 6.06060e-01 1.93879e-03 
1200.0 1250.0 1300.0 5.24803e-01 1.84404e-03 5.26997e-01 1.59169e-03 5.17667e-01 2.16868e-03 5.26689e-01 1.70209e-03 5.28272e-01 1.72416e-03 5.22453e-01 2.01931e-03 5.23952e-01 1.98007e-03 
1300.0 1350.0 1400.0 4.55943e-01 1.59950e-03 4.56654e-01 1.37671e-03 4.50688e-01 1.88861e-03 4.57091e-01 1.47992e-03 4.58346e-01 1.48764e-03 4.54506e-01 1.74741e-03 4.55726e-01 1.72830e-03 
1400.0 1450.0 1500.0 3.94138e-01 1.61250e-03 3.94048e-01 1.38005e-03 3.89988e-01 1.91566e-03 3.94833e-01 1.48945e-03 3.95904e-01 1.49380e-03 3.93257e-01 1.76447e-03 3.94161e-01 1.75029e-03 
1500.0 1550.0 1600.0 3.40476e-01 1.67154e-03 3.39827e-01 1.42178e-03 3.37187e-01 1.99907e-03 3.40928e-01 1.54112e-03 3.41655e-01 1.54188e-03 3.39897e-01 1.83232e-03 3.40756e-01 1.82334e-03 
1600.0 1650.0 1700.0 2.95831e-01 1.59055e-03 2.94443e-01 1.34761e-03 2.93693e-01 1.91071e-03 2.95908e-01 1.46654e-03 2.96378e-01 1.46136e-03 2.95713e-01 1.74335e-03 2.96490e-01 1.74293e-03 
1700.0 1750.0 1800.0 2.56139e-01 1.49540e-03 2.54484e-01 1.26203e-03 2.54356e-01 1.92197e-03 2.56060e-01 1.37907e-03 2.56350e-01 1.36829e-03 2.56216e-01 1.63878e-03 2.56711e-01 1.75125e-03 
1800.0 1850.0 1900.0 2.21590e-01 1.43603e-03 2.19817e-01 1.20756e-03 2.20438e-01 1.74064e-03 2.21446e-01 1.32424e-03 2.21549e-01 1.30932e-03 2.21747e-01 1.57389e-03 2.22447e-01 1.58788e-03 
1900.0 1950.0 2000.0 1.90533e-01 1.48648e-03 1.88906e-01 1.24126e-03 1.89362e-01 1.81465e-03 1.90395e-01 1.36839e-03 1.90464e-01 1.34830e-03 1.90686e-01 1.63203e-03 1.91170e-01 1.65251e-03 
