0.0 50.0 100.0 2.37290e-04 1.70960e-04 -1.48908e-04 1.63531e-04 7.71831e-04 1.82179e-04 2.26197e-04 1.55121e-04 -1.76240e-04 1.80224e-04 2.47775e-04 1.90511e-04 7.07211e-04 1.63486e-04 
100.0 150.0 200.0 -1.30543e-01 1.45535e-03 -1.38292e-01 1.37449e-03 -1.07746e-01 1.57508e-03 -1.17765e-01 1.32355e-03 -1.53142e-01 1.51122e-03 -1.46662e-01 1.65172e-03 -9.57143e-02 1.41752e-03 
200.0 250.0 300.0 -3.74140e-01 1.80176e-03 -3.48695e-01 1.64650e-03 -3.74215e-01 1.97795e-03 -3.39013e-01 1.64052e-03 -3.84793e-01 1.80837e-03 -4.17613e-01 1.99920e-03 -3.35070e-01 1.78268e-03 
300.0 350.0 400.0 -3.58969e-01 1.87829e-03 -3.04209e-01 1.95460e-03 -3.97370e-01 2.08958e-03 -3.26055e-01 1.71225e-03 -3.35014e-01 2.14421e-03 -3.99481e-01 2.08103e-03 -3.57078e-01 1.88606e-03 
400.0 450.0 500.0 -2.47710e-01 1.86828e-03 -1.95627e-01 1.67123e-03 -2.95295e-01 1.77876e-03 -2.25453e-01 1.70515e-03 -2.15048e-01 1.83114e-03 -2.74977e-01 2.06693e-03 -2.66096e-01 1.60795e-03 
500.0 550.0 600.0 -1.47697e-01 1.35859e-03 -1.08676e-01 1.20587e-03 -1.87293e-01 1.51118e-03 -1.34652e-01 1.24175e-03 -1.19291e-01 1.31937e-03 -1.63618e-01 1.50039e-03 -1.69314e-01 1.39634e-03 
600.0 650.0 700.0 -8.53430e-02 8.85235e-04 -5.88912e-02 7.80409e-04 -1.13980e-01 1.01260e-03 -7.79175e-02 8.09994e-04 -6.45632e-02 8.52912e-04 -9.43750e-02 9.76313e-04 -1.03134e-01 9.18155e-04 
700.0 750.0 800.0 -4.80121e-02 7.00800e-04 -3.10115e-02 6.14835e-04 -6.71674e-02 8.06152e-04 -4.38880e-02 6.41947e-04 -3.39645e-02 6.71212e-04 -5.30142e-02 7.71857e-04 -6.08734e-02 7.31953e-04 
800.0 850.0 900.0 -2.60183e-02 5.07778e-04 -1.52416e-02 4.37242e-04 -3.85700e-02 5.82037e-04 -2.38047e-02 4.65489e-04 -1.66852e-02 4.76934e-04 -2.85435e-02 5.51221e-04 -3.50000e-02 5.28946e-04 
900.0 950.0 1000.0 -1.55415e-02 3.17630e-04 -8.72617e-03 2.76224e-04 -2.36567e-02 3.69067e-04 -1.42349e-02 2.91485e-04 -9.54333e-03 3.01005e-04 -1.71191e-02 3.49064e-04 -2.14962e-02 3.35838e-04 
1000.0 1050.0 1100.0 -8.67683e-03 2.16995e-04 -4.38834e-03 1.87620e-04 -1.38878e-02 2.53805e-04 -7.95363e-03 1.99274e-04 -4.79800e-03 2.04308e-04 -9.54839e-03 2.38268e-04 -1.26333e-02 2.31150e-04 
1100.0 1150.0 1200.0 -5.16877e-03 1.67897e-04 -2.40107e-03 1.44685e-04 -8.59142e-03 1.97113e-04 -4.74120e-03 1.54297e-04 -2.62471e-03 1.57440e-04 -5.68326e-03 1.84194e-04 -7.82263e-03 1.79676e-04 
1200.0 1250.0 1300.0 -2.70008e-03 9.55762e-05 -9.13002e-04 9.45455e-05 -4.87513e-03 1.12777e-04 -2.47773e-03 8.79062e-05 -1.00040e-03 1.02803e-04 -2.96736e-03 1.04750e-04 -4.44252e-03 1.02901e-04 
1300.0 1350.0 1400.0 -1.91062e-03 8.43500e-05 -7.42946e-04 7.33087e-05 -3.41399e-03 9.96888e-05 -1.75483e-03 7.76212e-05 -8.12065e-04 7.96635e-05 -2.11420e-03 9.37256e-05 -3.11389e-03 9.10170e-05 
1400.0 1450.0 1500.0 -1.07656e-03 4.72779e-05 -3.04484e-04 4.78060e-05 -2.07109e-03 6.10201e-05 -9.89179e-04 4.35443e-05 -3.33496e-04 5.19079e-05 -1.18127e-03 5.17296e-05 -1.89063e-03 5.57687e-05 
1500.0 1550.0 1600.0 -5.54214e-04 4.12877e-05 -5.71709e-05 3.51422e-05 -1.20278e-03 4.91473e-05 -5.09060e-04 3.80449e-05 -6.41536e-05 3.81381e-05 -6.08360e-04 4.51503e-05 -1.09826e-03 4.49436e-05 
1600.0 1650.0 1700.0 -4.25879e-04 2.97405e-05 -7.58209e-05 2.52222e-05 -8.87031e-04 3.55459e-05 -3.91597e-04 2.74132e-05 -8.35992e-05 2.73638e-05 -4.66894e-04 3.25106e-05 -8.10642e-04 3.25177e-05 
1700.0 1750.0 1800.0 -2.67340e-04 1.88683e-05 -2.72907e-05 1.59430e-05 -5.86867e-04 2.26466e-05 -2.46023e-04 1.74026e-05 -3.03728e-05 1.72859e-05 -2.92798e-04 2.06102e-05 -5.36816e-04 2.07329e-05 
1800.0 1850.0 1900.0 -1.29259e-04 1.78481e-05 2.98218e-05 1.50424e-05 -3.43224e-04 2.14766e-05 -1.18743e-04 1.64676e-05 3.16327e-05 1.63037e-05 -1.41862e-04 1.94874e-05 -3.13863e-04 1.96703e-05 
1900.0 1950.0 2000.0 -1.23428e-04 1.40691e-05 -6.17548e-06 1.18267e-05 -2.82161e-04 1.69770e-05 -1.13633e-04 1.29874e-05 -7.10615e-06 1.28119e-05 -1.35114e-04 1.53521e-05 -2.58306e-04 1.55584e-05 
