0.0 2.5 5.0 5.44287e-01 3.26927e-03 5.54948e-01 3.09990e-03 5.30365e-01 3.46939e-03 5.50735e-01 3.24357e-03 5.50948e-01 3.12503e-03 5.36228e-01 3.30406e-03 5.41030e-01 3.43255e-03 
5.0 7.5 10.0 1.60902e+00 5.32819e-03 1.63416e+00 5.01257e-03 1.57562e+00 5.68212e-03 1.62411e+00 5.28458e-03 1.62605e+00 5.05142e-03 1.59011e+00 5.38716e-03 1.60197e+00 5.62017e-03 
10.0 12.5 15.0 2.55566e+00 6.37606e-03 2.59254e+00 6.05364e-03 2.50456e+00 6.80732e-03 2.57716e+00 6.31875e-03 2.58210e+00 6.11297e-03 2.52892e+00 6.45580e-03 2.54350e+00 6.72131e-03 
15.0 17.5 20.0 3.40243e+00 7.44031e-03 3.44683e+00 7.04966e-03 3.33942e+00 7.92744e-03 3.42809e+00 7.37165e-03 3.43577e+00 7.11921e-03 3.37023e+00 7.53302e-03 3.38756e+00 7.82935e-03 
20.0 22.5 25.0 4.12779e+00 8.30240e-03 4.17670e+00 7.86290e-03 4.05528e+00 8.89231e-03 4.15732e+00 8.23624e-03 4.16494e+00 7.93353e-03 4.09073e+00 8.39181e-03 4.11189e+00 8.79267e-03 
25.0 27.5 30.0 4.74005e+00 9.08858e-03 4.79533e+00 8.59121e-03 4.65972e+00 9.71438e-03 4.77241e+00 9.01461e-03 4.78360e+00 8.66746e-03 4.69942e+00 9.18845e-03 4.72306e+00 9.60993e-03 
30.0 32.5 35.0 5.25554e+00 9.65974e-03 5.31725e+00 9.14368e-03 5.16324e+00 1.03235e-02 5.29114e+00 9.58111e-03 5.30490e+00 9.22541e-03 5.21088e+00 9.76582e-03 5.23383e+00 1.02088e-02 
35.0 37.5 40.0 5.67842e+00 1.03476e-02 5.74356e+00 9.75412e-03 5.58118e+00 1.11219e-02 5.71701e+00 1.02651e-02 5.73026e+00 9.83885e-03 5.63005e+00 1.04589e-02 5.65817e+00 1.09899e-02 
40.0 42.5 45.0 6.06246e+00 1.05682e-02 6.13034e+00 1.00400e-02 5.96152e+00 1.12757e-02 6.10233e+00 1.04790e-02 6.11774e+00 1.01394e-02 6.01248e+00 1.06882e-02 6.04188e+00 1.11495e-02 
45.0 47.5 50.0 6.36608e+00 1.14168e-02 6.44025e+00 1.07720e-02 6.25669e+00 1.22236e-02 6.40842e+00 1.13188e-02 6.42711e+00 1.08736e-02 6.31305e+00 1.15488e-02 6.34230e+00 1.20869e-02 
50.0 52.5 55.0 6.65418e+00 1.16525e-02 6.72785e+00 1.09863e-02 6.54446e+00 1.24387e-02 6.69881e+00 1.15584e-02 6.71365e+00 1.10824e-02 6.59833e+00 1.17794e-02 6.63422e+00 1.23222e-02 
55.0 57.5 60.0 6.93466e+00 1.17727e-02 7.01554e+00 1.11258e-02 6.81016e+00 1.25683e-02 6.98360e+00 1.16763e-02 6.99876e+00 1.12257e-02 6.87351e+00 1.19026e-02 6.90774e+00 1.24338e-02 
60.0 62.5 65.0 7.25750e+00 1.21526e-02 7.35214e+00 1.14925e-02 7.11453e+00 1.29912e-02 7.31524e+00 1.20502e-02 7.32868e+00 1.15984e-02 7.18548e+00 1.22905e-02 7.22549e+00 1.28452e-02 
65.0 67.5 70.0 7.55352e+00 1.25026e-02 7.65778e+00 1.18220e-02 7.40071e+00 1.33334e-02 7.61697e+00 1.24019e-02 7.63045e+00 1.19268e-02 7.47448e+00 1.26382e-02 7.52048e+00 1.31955e-02 
70.0 72.5 75.0 7.83122e+00 1.27695e-02 7.93462e+00 1.20815e-02 7.67437e+00 1.36332e-02 7.89456e+00 1.26730e-02 7.90872e+00 1.21823e-02 7.75238e+00 1.28992e-02 7.79591e+00 1.34961e-02 
75.0 77.5 80.0 8.00737e+00 1.28897e-02 8.10763e+00 1.21925e-02 7.85427e+00 1.37928e-02 8.06818e+00 1.28050e-02 8.08522e+00 1.22814e-02 7.93172e+00 1.30036e-02 7.97376e+00 1.36668e-02 
80.0 82.5 85.0 8.07607e+00 1.28479e-02 8.17054e+00 1.21709e-02 7.92580e+00 1.36961e-02 8.13269e+00 1.27639e-02 8.15271e+00 1.22598e-02 8.00566e+00 1.29609e-02 8.04096e+00 1.35764e-02 
85.0 87.5 90.0 8.06365e+00 1.29618e-02 8.14879e+00 1.22628e-02 7.92387e+00 1.38417e-02 8.11500e+00 1.28865e-02 8.13624e+00 1.23435e-02 7.99979e+00 1.30628e-02 8.03269e+00 1.37342e-02 
90.0 92.5 95.0 7.93341e+00 1.27101e-02 8.01124e+00 1.20304e-02 7.80121e+00 1.35616e-02 7.97869e+00 1.26382e-02 8.00442e+00 1.21071e-02 7.87708e+00 1.28065e-02 7.90239e+00 1.34584e-02 
95.0 97.5 100.0 7.76114e+00 1.25589e-02 7.82544e+00 1.18746e-02 7.64210e+00 1.34799e-02 7.79940e+00 1.24977e-02 7.82495e+00 1.19410e-02 7.71353e+00 1.26410e-02 7.73431e+00 1.33801e-02 
100.0 105.0 110.0 7.28389e+00 8.64722e-03 7.33129e+00 8.15277e-03 7.18633e+00 9.27106e-03 7.31151e+00 8.60090e-03 7.33958e+00 8.20266e-03 7.24941e+00 8.70921e-03 7.26310e+00 9.20875e-03 
110.0 115.0 120.0 6.56381e+00 8.02417e-03 6.59151e+00 7.55743e-03 6.48994e+00 8.61449e-03 6.58103e+00 7.98658e-03 6.60718e+00 7.59871e-03 6.54221e+00 8.07440e-03 6.55127e+00 8.56003e-03 
120.0 125.0 130.0 5.75891e+00 7.42725e-03 5.77193e+00 7.00220e-03 5.70501e+00 7.99412e-03 5.76886e+00 7.39982e-03 5.79131e+00 7.03677e-03 5.74630e+00 7.46386e-03 5.75349e+00 7.95402e-03 
130.0 135.0 140.0 4.96234e+00 6.89243e-03 4.96476e+00 6.43436e-03 4.92205e+00 7.43103e-03 4.96813e+00 6.86738e-03 4.98474e+00 6.46296e-03 4.95490e+00 6.92579e-03 4.96139e+00 7.39426e-03 
140.0 145.0 150.0 4.21702e+00 6.02838e-03 4.21627e+00 5.63584e-03 4.18523e+00 6.51761e-03 4.22013e+00 6.00483e-03 4.23559e+00 5.66122e-03 4.21291e+00 6.05967e-03 4.21737e+00 6.48343e-03 
150.0 155.0 160.0 3.56081e+00 5.36642e-03 3.55496e+00 5.01533e-03 3.53808e+00 5.81348e-03 3.56218e+00 5.34709e-03 3.57273e+00 5.03768e-03 3.55889e+00 5.39204e-03 3.56419e+00 5.78524e-03 
160.0 165.0 170.0 2.97662e+00 4.74915e-03 2.96907e+00 4.42920e-03 2.95926e+00 5.15890e-03 2.97679e+00 4.73265e-03 2.98522e+00 4.44858e-03 2.97622e+00 4.77100e-03 2.98047e+00 5.13471e-03 
170.0 175.0 180.0 2.48840e+00 4.25599e-03 2.47933e+00 3.96203e-03 2.47573e+00 4.63634e-03 2.48769e+00 4.24054e-03 2.49382e+00 3.98028e-03 2.48911e+00 4.27639e-03 2.49277e+00 4.61341e-03 
180.0 185.0 190.0 2.06677e+00 3.68260e-03 2.05837e+00 3.42687e-03 2.05661e+00 4.01136e-03 2.06579e+00 3.67004e-03 2.07101e+00 3.44185e-03 2.06784e+00 3.69919e-03 2.07064e+00 3.99289e-03 
190.0 195.0 200.0 1.71599e+00 3.27112e-03 1.70799e+00 3.03608e-03 1.70804e+00 3.56918e-03 1.71508e+00 3.25954e-03 1.71873e+00 3.04988e-03 1.71700e+00 3.28638e-03 1.71983e+00 3.55253e-03 
200.0 212.5 225.0 1.25134e+00 1.65203e-03 1.24408e+00 1.53215e-03 1.24632e+00 1.80626e-03 1.25029e+00 1.64558e-03 1.25240e+00 1.53976e-03 1.25253e+00 1.66050e-03 1.25470e+00 1.79704e-03 
225.0 237.5 250.0 7.89727e-01 1.20379e-03 7.84138e-01 1.11421e-03 7.87024e-01 1.31932e-03 7.88881e-01 1.19953e-03 7.89697e-01 1.11942e-03 7.90704e-01 1.20936e-03 7.92326e-01 1.31327e-03 
250.0 262.5 275.0 5.03295e-01 8.74990e-04 4.99319e-01 8.08133e-04 5.01582e-01 9.61061e-04 5.02686e-01 8.71818e-04 5.03006e-01 8.12018e-04 5.04004e-01 8.79127e-04 5.05020e-01 9.56647e-04 
275.0 287.5 300.0 3.26567e-01 6.46833e-04 3.23644e-01 5.97032e-04 3.25616e-01 7.11942e-04 3.26111e-01 6.44261e-04 3.26128e-01 6.00253e-04 3.27099e-01 6.50178e-04 3.27839e-01 7.08371e-04 
300.0 312.5 325.0 2.14955e-01 4.87112e-04 2.12834e-01 4.48334e-04 2.14410e-01 5.37229e-04 2.14628e-01 4.85021e-04 2.14514e-01 4.50852e-04 2.15338e-01 4.89824e-04 2.15882e-01 5.34369e-04 
325.0 337.5 350.0 1.43837e-01 3.68137e-04 1.42331e-01 3.38267e-04 1.43469e-01 4.06665e-04 1.43598e-01 3.66555e-04 1.43490e-01 3.40189e-04 1.44118e-01 3.70184e-04 1.44456e-01 4.04546e-04 
350.0 362.5 375.0 9.77833e-02 2.99648e-04 9.66431e-02 2.75299e-04 9.76061e-02 3.30586e-04 9.76185e-02 2.98418e-04 9.74355e-02 2.76763e-04 9.79762e-02 3.01235e-04 9.82856e-02 3.28949e-04 
375.0 387.5 400.0 6.76088e-02 2.23891e-04 6.68255e-02 2.05332e-04 6.74467e-02 2.47819e-04 6.74909e-02 2.22798e-04 6.73845e-02 2.06651e-04 6.77469e-02 2.25297e-04 6.79239e-02 2.46394e-04 
400.0 412.5 425.0 4.71458e-02 1.76459e-04 4.65859e-02 1.61600e-04 4.70165e-02 1.95614e-04 4.70585e-02 1.75557e-04 4.69850e-02 1.62696e-04 4.72483e-02 1.77617e-04 4.73513e-02 1.94463e-04 
425.0 437.5 450.0 3.36228e-02 1.53020e-04 3.32034e-02 1.40329e-04 3.35359e-02 1.69176e-04 3.35545e-02 1.52363e-04 3.34955e-02 1.41132e-04 3.37030e-02 1.53863e-04 3.37712e-02 1.68337e-04 
450.0 462.5 475.0 2.42289e-02 1.16225e-04 2.39055e-02 1.06364e-04 2.41855e-02 1.28957e-04 2.41799e-02 1.15602e-04 2.41160e-02 1.07139e-04 2.42864e-02 1.17023e-04 2.43563e-02 1.28193e-04 
475.0 487.5 500.0 1.75248e-02 9.63873e-05 1.72853e-02 8.79907e-05 1.74937e-02 1.07132e-04 1.74856e-02 9.59104e-05 1.74425e-02 8.85735e-05 1.75709e-02 9.69967e-05 1.76148e-02 1.06538e-04 
500.0 512.5 525.0 1.29676e-02 8.14102e-05 1.27753e-02 7.40394e-05 1.29582e-02 9.08299e-05 1.29416e-02 8.09736e-05 1.28883e-02 7.45574e-05 1.29980e-02 8.19672e-05 1.30516e-02 9.02816e-05 
525.0 537.5 550.0 9.65746e-03 6.55979e-05 9.51596e-03 5.96848e-05 9.64208e-03 7.32341e-05 9.63589e-03 6.52133e-05 9.60305e-03 6.01495e-05 9.68270e-03 6.60876e-05 9.71057e-03 7.27589e-05 
550.0 562.5 575.0 7.17234e-03 5.36487e-05 7.07056e-03 4.88178e-05 7.15269e-03 6.00083e-05 7.15586e-03 5.33023e-05 7.13650e-03 4.92388e-05 7.19164e-03 5.40888e-05 7.20434e-03 5.95734e-05 
575.0 587.5 600.0 5.41866e-03 4.48075e-05 5.34380e-03 4.06875e-05 5.39805e-03 5.01632e-05 5.40475e-03 4.45141e-05 5.39562e-03 4.10416e-05 5.43493e-03 4.51796e-05 5.43634e-03 4.98038e-05 
