0.0 2.5 5.0 2.70231e-01 2.53950e-03 2.83699e-01 2.37736e-03 2.57719e-01 2.72361e-03 2.79575e-01 2.34357e-03 2.73686e-01 2.57514e-03 2.58620e-01 2.78474e-03 2.67904e-01 2.48271e-03 
5.0 7.5 10.0 8.00997e-01 3.82884e-03 8.35097e-01 3.74652e-03 7.69292e-01 4.26529e-03 8.23844e-01 3.53798e-03 8.10403e-01 4.05877e-03 7.72587e-01 4.19298e-03 7.93875e-01 3.88866e-03 
10.0 12.5 15.0 1.27812e+00 5.55489e-03 1.32982e+00 5.18085e-03 1.23094e+00 5.97768e-03 1.31074e+00 5.11512e-03 1.29466e+00 5.62424e-03 1.23755e+00 6.10328e-03 1.26586e+00 5.43846e-03 
15.0 17.5 20.0 1.67905e+00 5.18555e-03 1.74394e+00 4.86375e-03 1.62003e+00 5.55159e-03 1.71883e+00 4.80156e-03 1.70109e+00 5.25014e-03 1.62958e+00 5.66690e-03 1.66251e+00 5.07724e-03 
20.0 22.5 25.0 2.00905e+00 5.77730e-03 2.08068e+00 6.65844e-03 1.94127e+00 6.18875e-03 2.05418e+00 5.34993e-03 2.03024e+00 7.16888e-03 1.95294e+00 6.31272e-03 1.98941e+00 5.66081e-03 
25.0 27.5 30.0 2.26464e+00 6.20718e-03 2.34758e+00 5.80677e-03 2.18954e+00 6.66554e-03 2.31447e+00 5.74659e-03 2.29414e+00 6.26898e-03 2.20271e+00 6.78372e-03 2.24280e+00 6.09553e-03 
30.0 32.5 35.0 2.48048e+00 6.66297e-03 2.56113e+00 7.34333e-03 2.40177e+00 7.15609e-03 2.52552e+00 7.27668e-03 2.50489e+00 7.97392e-03 2.41609e+00 7.28467e-03 2.45704e+00 6.54195e-03 
35.0 37.5 40.0 2.63332e+00 6.95229e-03 2.72513e+00 6.49971e-03 2.55062e+00 7.46913e-03 2.68791e+00 6.43410e-03 2.66679e+00 7.01997e-03 2.56549e+00 7.60014e-03 2.60904e+00 6.82895e-03 
40.0 42.5 45.0 2.76116e+00 8.23980e-03 2.85572e+00 7.77070e-03 2.67714e+00 8.91296e-03 2.81644e+00 7.59755e-03 2.79681e+00 8.42733e-03 2.69249e+00 9.03905e-03 2.73626e+00 8.12125e-03 
45.0 47.5 50.0 2.85117e+00 7.77288e-03 2.94753e+00 7.24576e-03 2.76506e+00 7.84376e-03 2.90784e+00 7.18342e-03 2.88726e+00 7.83702e-03 2.78082e+00 8.50797e-03 2.82582e+00 7.17707e-03 
50.0 52.5 55.0 2.91769e+00 8.40303e-03 3.01791e+00 6.89613e-03 2.82931e+00 9.08470e-03 2.97665e+00 7.75324e-03 2.95553e+00 7.43916e-03 2.84674e+00 8.05783e-03 2.89278e+00 8.28326e-03 
55.0 57.5 60.0 2.97952e+00 9.09596e-03 3.08214e+00 8.42386e-03 2.88675e+00 9.86939e-03 3.04145e+00 8.38251e-03 3.01666e+00 9.13718e-03 2.90273e+00 9.98191e-03 2.95382e+00 8.98954e-03 
60.0 62.5 65.0 3.04026e+00 8.93481e-03 3.15125e+00 8.29211e-03 2.93916e+00 9.67522e-03 3.11018e+00 8.24289e-03 3.07762e+00 8.98469e-03 2.95361e+00 9.79532e-03 3.01561e+00 8.82151e-03 
65.0 67.5 70.0 3.10215e+00 9.11641e-03 3.21947e+00 8.23919e-03 2.99376e+00 9.85368e-03 3.17654e+00 8.17918e-03 3.14260e+00 9.13353e-03 3.00900e+00 9.99699e-03 3.07543e+00 8.73218e-03 
70.0 72.5 75.0 3.16567e+00 8.55818e-03 3.28156e+00 8.75184e-03 3.05518e+00 9.96925e-03 3.23952e+00 7.91364e-03 3.20429e+00 9.48957e-03 3.07429e+00 9.36047e-03 3.13694e+00 9.09094e-03 
75.0 77.5 80.0 3.16699e+00 8.66629e-03 3.28319e+00 8.03671e-03 3.06291e+00 9.67949e-03 3.23863e+00 8.01119e-03 3.20886e+00 8.68998e-03 3.07841e+00 9.48076e-03 3.14210e+00 8.83729e-03 
80.0 82.5 85.0 3.13040e+00 8.29389e-03 3.24097e+00 7.69044e-03 3.03169e+00 7.70601e-03 3.19696e+00 7.67637e-03 3.17232e+00 8.30504e-03 3.04815e+00 9.06182e-03 3.10544e+00 7.08683e-03 
85.0 87.5 90.0 3.02987e+00 8.23527e-03 3.13701e+00 7.62584e-03 2.93139e+00 9.02050e-03 3.09235e+00 7.62074e-03 3.07323e+00 8.23706e-03 2.95273e+00 8.99877e-03 3.00152e+00 8.24866e-03 
90.0 92.5 95.0 2.91017e+00 7.58966e-03 3.00634e+00 7.03310e-03 2.82041e+00 8.23943e-03 2.96544e+00 7.03770e-03 2.95020e+00 7.58073e-03 2.84198e+00 8.27573e-03 2.88268e+00 7.55192e-03 
95.0 97.5 100.0 2.74272e+00 6.88719e-03 2.82586e+00 6.05670e-03 2.66264e+00 7.46367e-03 2.79094e+00 6.39983e-03 2.78965e+00 7.86429e-03 2.68327e+00 7.49399e-03 2.71717e+00 6.85511e-03 
100.0 105.0 110.0 2.43397e+00 4.81102e-03 2.50137e+00 4.70638e-03 2.37082e+00 5.23198e-03 2.47108e+00 4.46192e-03 2.46419e+00 5.08188e-03 2.38823e+00 5.24414e-03 2.41286e+00 4.79735e-03 
110.0 115.0 120.0 2.00256e+00 4.48428e-03 2.05181e+00 4.12847e-03 1.95791e+00 4.90231e-03 2.02786e+00 4.15360e-03 2.02697e+00 4.45517e-03 1.97140e+00 4.89328e-03 1.98672e+00 4.49031e-03 
120.0 125.0 130.0 1.57904e+00 3.90654e-03 1.61483e+00 3.59105e-03 1.54637e+00 4.17512e-03 1.59708e+00 3.61846e-03 1.59747e+00 3.87535e-03 1.55685e+00 4.26223e-03 1.56721e+00 3.82754e-03 
130.0 135.0 140.0 1.22432e+00 3.22104e-03 1.24968e+00 2.96139e-03 1.20161e+00 3.52622e-03 1.23671e+00 2.98764e-03 1.23804e+00 3.19148e-03 1.20908e+00 3.50897e-03 1.21612e+00 3.23543e-03 
140.0 145.0 150.0 9.30108e-01 2.80958e-03 9.47759e-01 2.57355e-03 9.15034e-01 3.17991e-03 9.38708e-01 2.60327e-03 9.39869e-01 2.77646e-03 9.19547e-01 3.06337e-03 9.25203e-01 2.91309e-03 
150.0 155.0 160.0 6.96691e-01 2.27771e-03 7.09104e-01 2.08768e-03 6.85666e-01 2.50175e-03 7.02696e-01 2.11229e-03 7.03745e-01 2.25045e-03 6.89326e-01 2.48103e-03 6.92950e-01 2.29588e-03 
160.0 165.0 170.0 5.20510e-01 1.83752e-03 5.28050e-01 1.70493e-03 5.13370e-01 2.02220e-03 5.24302e-01 1.70581e-03 5.24748e-01 1.83665e-03 5.15859e-01 1.99923e-03 5.18071e-01 1.85789e-03 
170.0 175.0 180.0 3.84322e-01 1.46761e-03 3.89862e-01 1.34132e-03 3.79432e-01 1.70522e-03 3.86861e-01 1.36395e-03 3.87778e-01 1.44271e-03 3.81212e-01 1.59484e-03 3.82663e-01 1.56629e-03 
180.0 185.0 190.0 2.82083e-01 1.19947e-03 2.85609e-01 1.09329e-03 2.79198e-01 1.35489e-03 2.83669e-01 1.11435e-03 2.84383e-01 1.17635e-03 2.80139e-01 1.30374e-03 2.81261e-01 1.24529e-03 
190.0 195.0 200.0 2.08273e-01 1.09226e-03 2.09796e-01 9.65589e-04 2.07108e-01 1.23787e-03 2.09112e-01 1.01249e-03 2.09186e-01 1.04061e-03 2.06518e-01 1.15500e-03 2.08218e-01 1.13564e-03 
200.0 212.5 225.0 1.22105e-01 5.84948e-04 1.23150e-01 5.30650e-04 1.21734e-01 6.48663e-04 1.22411e-01 5.40525e-04 1.23038e-01 5.74178e-04 1.21724e-01 6.38876e-04 1.22190e-01 5.93828e-04 
225.0 237.5 250.0 5.40092e-02 2.96300e-04 5.42229e-02 2.67333e-04 5.40160e-02 3.81432e-04 5.40666e-02 2.74716e-04 5.42541e-02 2.88260e-04 5.39359e-02 3.22496e-04 5.41392e-02 3.49544e-04 
250.0 262.5 275.0 2.41669e-02 2.25261e-04 2.40848e-02 2.02116e-04 2.43269e-02 2.53051e-04 2.40919e-02 2.08133e-04 2.41982e-02 2.18721e-04 2.42551e-02 2.45918e-04 2.42655e-02 2.31762e-04 
275.0 287.5 300.0 1.05164e-02 1.21791e-04 1.04177e-02 1.08375e-04 1.06592e-02 1.38223e-04 1.04536e-02 1.12730e-04 1.04965e-02 1.17056e-04 1.05911e-02 1.32705e-04 1.05958e-02 1.26821e-04 
300.0 312.5 325.0 4.67660e-03 7.37177e-05 4.60864e-03 6.55369e-05 4.76714e-03 8.58272e-05 4.63777e-03 6.82738e-05 4.65422e-03 7.07471e-05 4.72281e-03 8.02640e-05 4.72585e-03 7.87875e-05 
325.0 337.5 350.0 2.14215e-03 4.04134e-05 2.09841e-03 3.50645e-05 2.17156e-03 4.55906e-05 2.12418e-03 3.74976e-05 2.11886e-03 3.77670e-05 2.16349e-03 4.39172e-05 2.15408e-03 4.19458e-05 
350.0 362.5 375.0 9.62705e-04 2.32489e-05 9.64733e-04 2.20506e-05 9.73395e-04 2.64994e-05 9.58193e-04 2.16077e-05 9.72206e-04 2.37443e-05 9.68045e-04 2.52202e-05 9.70010e-04 2.44200e-05 
375.0 387.5 400.0 4.41730e-04 1.43882e-05 4.39039e-04 1.27408e-05 4.39604e-04 1.58903e-05 4.40644e-04 1.33837e-05 4.41227e-04 1.36930e-05 4.43147e-04 1.56544e-05 4.39870e-04 1.46659e-05 
400.0 412.5 425.0 1.93167e-04 8.40667e-06 1.95175e-04 7.45996e-06 1.86964e-04 6.51364e-06 1.94373e-04 7.83095e-06 1.94677e-04 8.00624e-06 1.91728e-04 9.09690e-06 1.89455e-04 6.07857e-06 
425.0 437.5 450.0 1.10472e-04 5.39579e-06 1.10829e-04 4.88928e-06 1.13732e-04 6.36912e-06 1.10108e-04 5.03316e-06 1.11601e-04 5.24267e-06 1.10901e-04 5.83038e-06 1.13431e-04 5.88911e-06 
450.0 462.5 475.0 4.80635e-05 2.06782e-06 4.84553e-05 2.43572e-06 4.74055e-05 1.89542e-06 4.84486e-05 1.95990e-06 4.82491e-05 2.59725e-06 4.76064e-05 2.19905e-06 4.80676e-05 1.80223e-06 
475.0 487.5 500.0 2.73434e-05 1.80163e-06 2.73085e-05 1.60688e-06 2.63173e-05 2.04289e-06 2.73769e-05 1.69206e-06 2.73686e-05 1.71039e-06 2.73034e-05 1.93348e-06 2.65442e-05 1.90288e-06 
500.0 512.5 525.0 1.22403e-05 9.24857e-07 1.22362e-05 8.23625e-07 1.23767e-05 1.07814e-06 1.23089e-05 8.70649e-07 1.22104e-05 8.74463e-07 1.21589e-05 9.90139e-07 1.24925e-05 1.00563e-06 
525.0 537.5 550.0 5.28943e-06 4.94170e-07 5.44707e-06 4.31909e-07 5.16883e-06 5.63120e-07 5.33967e-06 4.64086e-07 5.42855e-06 4.59486e-07 5.22994e-06 5.30273e-07 5.25813e-06 5.24548e-07 
550.0 562.5 575.0 2.52054e-06 2.15404e-07 2.45745e-06 1.98647e-07 2.52153e-06 2.45575e-07 2.52913e-06 2.02495e-07 2.45364e-06 2.11497e-07 2.51037e-06 2.30889e-07 2.54235e-06 2.29007e-07 
575.0 587.5 600.0 9.74506e-07 1.05656e-07 9.90662e-07 9.39137e-08 9.24336e-07 1.19090e-07 9.89336e-07 9.95183e-08 9.80890e-07 9.96772e-08 9.57000e-07 1.13022e-07 9.49897e-07 1.11325e-07 
