0.0 12.5 25.0 -6.43255e+00 9.04415e-03 -3.26829e+00 7.96660e-03 -1.02983e+01 1.04871e-02 -5.85531e+00 8.23806e-03 -3.59778e+00 8.74659e-03 -7.13995e+00 1.00305e-02 -9.28804e+00 9.45670e-03 
25.0 37.5 50.0 4.54947e+00 3.33538e-03 3.86945e+00 2.84358e-03 5.42316e+00 3.96991e-03 4.15656e+00 3.04556e-03 4.23538e+00 3.11431e-03 5.02678e+00 3.68795e-03 4.90848e+00 3.59060e-03 
50.0 62.5 75.0 6.06676e-01 9.09455e-04 5.09238e-01 7.68342e-04 7.33913e-01 1.09345e-03 5.55808e-01 8.32368e-04 5.55857e-01 8.39525e-04 6.68073e-01 1.00272e-03 6.66487e-01 9.91792e-04 
75.0 87.5 100.0 9.54052e-02 2.51309e-04 7.92950e-02 2.10544e-04 1.16670e-01 3.04831e-04 8.76127e-02 2.30512e-04 8.63493e-02 2.29544e-04 1.04759e-01 2.76341e-04 1.06255e-01 2.77226e-04 
100.0 125.0 150.0 1.13295e-02 4.09379e-05 9.33568e-03 3.39990e-05 1.39838e-02 5.01336e-05 1.04266e-02 3.76336e-05 1.01443e-02 3.69849e-05 1.24079e-02 4.48945e-05 1.27688e-02 4.57165e-05 
150.0 175.0 200.0 7.00136e-04 4.74965e-06 5.69787e-04 3.89790e-06 8.75748e-04 5.89017e-06 6.46111e-04 4.37903e-06 6.17437e-04 4.22788e-06 7.64258e-04 5.19051e-06 8.02285e-04 5.39002e-06 
200.0 225.0 250.0 6.64261e-05 7.86952e-07 5.35540e-05 6.39203e-07 8.37188e-05 9.80496e-07 6.14202e-05 7.27171e-07 5.79194e-05 6.91762e-07 7.23412e-05 8.57698e-07 7.68749e-05 8.99655e-07 
250.0 275.0 300.0 7.91747e-06 1.48487e-07 6.32656e-06 1.19332e-07 1.00975e-05 1.88244e-07 7.33177e-06 1.37418e-07 6.83203e-06 1.28946e-07 8.60720e-06 1.61542e-07 9.28842e-06 1.73033e-07 
300.0 325.0 350.0 1.14565e-06 3.31988e-08 9.12181e-07 2.68893e-08 1.46673e-06 4.17396e-08 1.06215e-06 3.07637e-08 9.83888e-07 2.90153e-08 1.24370e-06 3.60617e-08 1.35110e-06 3.84264e-08 
350.0 375.0 400.0 1.61001e-07 6.07017e-09 1.26223e-07 4.78097e-09 2.09528e-07 7.89241e-09 1.49445e-07 5.63257e-09 1.35984e-07 5.15245e-09 1.74536e-07 6.58315e-09 1.94436e-07 7.36441e-09 
400.0 425.0 450.0 2.29842e-08 1.06680e-09 1.78359e-08 8.33128e-10 3.02401e-08 1.39428e-09 2.13561e-08 9.91004e-10 1.91957e-08 8.96853e-10 2.48868e-08 1.15541e-09 2.79285e-08 1.28735e-09 
450.0 475.0 500.0 2.99340e-09 1.75357e-10 2.30020e-09 1.35741e-10 3.97935e-09 2.31309e-10 2.78402e-09 1.63044e-10 2.47321e-09 1.45993e-10 3.23753e-09 1.89723e-10 3.67930e-09 2.13794e-10 
500.0 550.0 600.0 3.90621e-10 2.49901e-11 2.94315e-10 1.89944e-11 4.97717e-10 3.11156e-11 3.63547e-10 2.32521e-11 3.16233e-10 2.04142e-11 4.22143e-10 2.70146e-11 4.60559e-10 2.87823e-11 
600.0 700.0 800.0 5.59629e-12 4.59105e-13 4.16952e-12 3.41878e-13 7.23937e-12 5.80988e-13 5.21485e-12 4.27727e-13 4.47451e-12 3.66957e-13 6.03920e-12 4.95558e-13 6.70840e-12 5.38235e-13 
800.0 900.0 1000.0 4.33771e-16 5.50743e-17 3.06419e-16 3.91818e-17 6.58423e-16 8.41877e-17 4.05064e-16 5.14296e-17 3.28135e-16 4.19586e-17 4.66944e-16 5.92860e-17 6.11624e-16 7.81999e-17 
