0.0 0.5 1.0 0.00000e+00 0.00000e+00 0.00000e+00 0.00000e+00 0.00000e+00 0.00000e+00 0.00000e+00 0.00000e+00 0.00000e+00 0.00000e+00 0.00000e+00 0.00000e+00 0.00000e+00 0.00000e+00 
1.0 1.5 2.0 0.00000e+00 0.00000e+00 0.00000e+00 0.00000e+00 0.00000e+00 0.00000e+00 0.00000e+00 0.00000e+00 0.00000e+00 0.00000e+00 0.00000e+00 0.00000e+00 0.00000e+00 0.00000e+00 
2.0 2.5 3.0 0.00000e+00 0.00000e+00 0.00000e+00 0.00000e+00 0.00000e+00 0.00000e+00 0.00000e+00 0.00000e+00 0.00000e+00 0.00000e+00 0.00000e+00 0.00000e+00 0.00000e+00 0.00000e+00 
3.0 3.5 4.0 2.16111e+02 2.16993e-01 2.24816e+02 1.94587e-01 2.05663e+02 2.43716e-01 2.21478e+02 1.99010e-01 2.20372e+02 2.12167e-01 2.09565e+02 2.39003e-01 2.13122e+02 2.21273e-01 
4.0 4.5 5.0 4.01082e+02 2.18745e-01 4.12764e+02 1.94695e-01 3.86147e+02 2.47480e-01 4.07745e+02 2.01521e-01 4.07984e+02 2.11316e-01 3.92956e+02 2.39323e-01 3.96344e+02 2.25533e-01 
5.0 5.5 6.0 3.44738e+02 1.89870e-01 3.49983e+02 1.66704e-01 3.35879e+02 2.19225e-01 3.47794e+02 1.75512e-01 3.48946e+02 1.80331e-01 3.40949e+02 2.07685e-01 3.42103e+02 2.00408e-01 
6.0 6.5 7.0 1.89881e+02 1.46547e-01 1.89497e+02 1.26959e-01 1.87792e+02 1.73242e-01 1.90099e+02 1.36021e-01 1.90599e+02 1.36822e-01 1.89587e+02 1.59681e-01 1.89852e+02 1.58998e-01 
7.0 7.5 8.0 6.28445e+01 9.80608e-02 6.15107e+01 8.30316e-02 6.33292e+01 1.28128e-01 6.24757e+01 9.16642e-02 6.23609e+01 8.88731e-02 6.33595e+01 1.14316e-01 6.35808e+01 1.18019e-01 
8.0 8.5 9.0 6.77701e+00 4.09150e-02 6.48892e+00 3.46038e-02 6.94226e+00 5.01833e-02 6.69218e+00 3.89772e-02 6.62657e+00 3.63895e-02 6.88041e+00 4.34104e-02 6.92503e+00 4.73275e-02 
9.0 9.5 10.0 0.00000e+00 0.00000e+00 0.00000e+00 0.00000e+00 0.00000e+00 0.00000e+00 0.00000e+00 0.00000e+00 0.00000e+00 0.00000e+00 0.00000e+00 0.00000e+00 0.00000e+00 0.00000e+00 
