0.0 50.0 100.0 9.67326e-01 1.65741e-03 8.85466e-01 1.52941e-03 1.07209e+00 1.81739e-03 9.06952e-01 1.53381e-03 9.42547e-01 1.64998e-03 1.04082e+00 1.81126e-03 9.94011e-01 1.66023e-03 
100.0 150.0 200.0 1.27427e+00 1.80063e-03 1.23646e+00 1.71556e-03 1.33301e+00 1.90204e-03 1.25333e+00 1.68732e-03 1.25288e+00 1.82920e-03 1.29917e+00 1.94294e-03 1.29999e+00 1.85100e-03 
200.0 250.0 300.0 4.61550e-01 1.22924e-03 4.54595e-01 1.14306e-03 4.74629e-01 1.26227e-03 4.59831e-01 1.08350e-03 4.55571e-01 1.23436e-03 4.63581e-01 1.34146e-03 4.70868e-01 1.15782e-03 
300.0 350.0 400.0 1.47221e-01 5.13869e-04 1.44889e-01 4.70768e-04 1.51313e-01 5.06455e-04 1.46731e-01 4.76805e-04 1.45281e-01 5.07217e-04 1.47758e-01 5.59192e-04 1.50454e-01 4.66628e-04 
400.0 450.0 500.0 5.08250e-02 2.36583e-04 4.98338e-02 2.14184e-04 5.23483e-02 2.63438e-04 5.05857e-02 2.19326e-04 5.00773e-02 2.30987e-04 5.10961e-02 2.57541e-04 5.20239e-02 2.41945e-04 
500.0 550.0 600.0 1.95938e-02 1.07719e-04 1.91437e-02 1.02170e-04 2.02746e-02 1.21616e-04 1.94510e-02 1.00010e-04 1.92995e-02 1.10147e-04 1.97590e-02 1.17033e-04 2.01026e-02 1.11903e-04 
600.0 650.0 700.0 8.19723e-03 5.24126e-05 7.94874e-03 4.40079e-05 8.48401e-03 5.74107e-05 8.12236e-03 4.87560e-05 8.02961e-03 4.72305e-05 8.28434e-03 5.68169e-05 8.40063e-03 5.29884e-05 
700.0 750.0 800.0 3.73131e-03 3.27330e-05 3.60636e-03 2.88135e-05 3.89387e-03 3.76012e-05 3.69046e-03 3.03531e-05 3.65088e-03 3.10679e-05 3.77900e-03 3.55813e-05 3.84779e-03 3.45860e-05 
800.0 850.0 900.0 1.83963e-03 1.90726e-05 1.76989e-03 1.65199e-05 1.92956e-03 2.20610e-05 1.81495e-03 1.76984e-05 1.79656e-03 1.77979e-05 1.86853e-03 2.07124e-05 1.90175e-03 2.03113e-05 
900.0 950.0 1000.0 9.47916e-04 1.12119e-05 9.07253e-04 9.71535e-06 1.00255e-03 1.31994e-05 9.33729e-04 1.04048e-05 9.22420e-04 1.04673e-05 9.64526e-04 1.21719e-05 9.86241e-04 1.21550e-05 
1000.0 1050.0 1100.0 4.93614e-04 6.47622e-06 4.72442e-04 5.58640e-06 5.19680e-04 7.60961e-06 4.86515e-04 6.01674e-06 4.80181e-04 6.01193e-06 5.01909e-04 7.02149e-06 5.11913e-04 7.01742e-06 
1100.0 1150.0 1200.0 2.81932e-04 3.77109e-06 2.68300e-04 3.23516e-06 2.98649e-04 4.46016e-06 2.77164e-04 3.50625e-06 2.73393e-04 3.47885e-06 2.87512e-04 4.08483e-06 2.93334e-04 4.11681e-06 
1200.0 1250.0 1300.0 1.60060e-04 2.59230e-06 1.52120e-04 2.20098e-06 1.69373e-04 3.06599e-06 1.57376e-04 2.40923e-06 1.55005e-04 2.36749e-06 1.63196e-04 2.80878e-06 1.66444e-04 2.82935e-06 
1300.0 1350.0 1400.0 9.67079e-05 1.81789e-06 9.17215e-05 1.50069e-06 1.02843e-04 2.16174e-06 9.50090e-05 1.68959e-06 9.35492e-05 1.61391e-06 9.86917e-05 1.96931e-06 1.00969e-04 1.99533e-06 
1400.0 1450.0 1500.0 5.61684e-05 1.10923e-06 5.31990e-05 9.35134e-07 5.94723e-05 1.32749e-06 5.52668e-05 1.03177e-06 5.41791e-05 1.00516e-06 5.72204e-05 1.20053e-06 5.85176e-05 1.22639e-06 
1500.0 1550.0 1600.0 3.66850e-05 7.94122e-07 3.46288e-05 6.69604e-07 3.86388e-05 9.29091e-07 3.60031e-05 7.39225e-07 3.54743e-05 7.29448e-07 3.74805e-05 8.58719e-07 3.79273e-05 8.58967e-07 
1600.0 1650.0 1700.0 2.22818e-05 5.40453e-07 2.11486e-05 4.56126e-07 2.35925e-05 6.50036e-07 2.19134e-05 5.03048e-07 2.15588e-05 4.89976e-07 2.27111e-05 5.84428e-07 2.32114e-05 6.01044e-07 
1700.0 1750.0 1800.0 1.40855e-05 3.53229e-07 1.34525e-05 2.94900e-07 1.48754e-05 4.24124e-07 1.38668e-05 3.28963e-07 1.37064e-05 3.16569e-07 1.43403e-05 3.81750e-07 1.43745e-05 3.57994e-07 
1800.0 1850.0 1900.0 9.35629e-06 2.60867e-07 8.79949e-06 2.11873e-07 9.87209e-06 2.96532e-07 9.19841e-06 2.42963e-07 8.97147e-06 2.27406e-07 9.54009e-06 2.81882e-07 9.71471e-06 2.74467e-07 
1900.0 1950.0 2000.0 5.62487e-06 1.60240e-07 5.53842e-06 1.42838e-07 5.96663e-06 1.99191e-07 5.56308e-06 1.49410e-07 5.62864e-06 1.53204e-07 5.69650e-06 1.72948e-07 5.91041e-06 1.84505e-07 
