0.0 0.5 1.0 9.57741e+01 1.50276e-01 8.21751e+01 1.33932e-01 1.13233e+02 1.70819e-01 8.75865e+01 1.37037e-01 8.98517e+01 1.46896e-01 1.05699e+02 1.66436e-01 1.02593e+02 1.54270e-01 
1.0 1.5 2.0 4.70501e+00 1.65973e-01 7.30864e-01 1.35821e-01 1.19107e+01 1.61451e-01 4.46752e+00 1.51246e-01 6.03362e-01 1.49037e-01 4.94701e+00 1.83975e-01 1.09862e+01 1.45689e-01 
2.0 2.5 3.0 -6.22814e+01 2.06568e-01 -5.61171e+01 1.87340e-01 -6.53516e+01 2.34704e-01 -5.65480e+01 1.94990e-01 -6.17937e+01 1.95645e-01 -6.93090e+01 2.26727e-01 -5.87669e+01 2.11792e-01 
3.0 3.5 4.0 -7.38597e+01 2.40875e-01 -5.72865e+01 2.17075e-01 -8.86015e+01 2.68820e-01 -6.70877e+01 2.19577e-01 -6.31487e+01 2.38154e-01 -8.21966e+01 2.66888e-01 -7.96942e+01 2.42653e-01 
4.0 4.5 5.0 -4.23558e+01 2.06592e-01 -1.97112e+01 1.82839e-01 -6.63103e+01 2.35528e-01 -3.83551e+01 1.88253e-01 -2.19425e+01 2.00669e-01 -4.73119e+01 2.29011e-01 -5.94448e+01 2.20340e-01 
5.0 5.5 6.0 -6.58157e+00 1.72865e-01 1.37973e+01 1.49515e-01 -3.09741e+01 2.02833e-01 -5.80793e+00 1.57503e-01 1.49064e+01 1.64109e-01 -7.57925e+00 1.91649e-01 -2.77282e+01 1.82975e-01 
6.0 6.5 7.0 1.00240e+01 1.36596e-01 2.19747e+01 1.15979e-01 -5.99276e+00 1.62996e-01 9.22941e+00 1.24380e-01 2.40072e+01 1.27375e-01 1.09689e+01 1.51553e-01 -5.28687e+00 1.46922e-01 
7.0 7.5 8.0 7.46572e+00 7.90012e-02 1.14406e+01 6.70348e-02 1.60407e+00 1.17757e-01 6.82429e+00 7.18866e-02 1.25363e+01 7.36663e-02 8.24366e+00 8.77260e-02 1.48213e+00 1.06048e-01 
8.0 8.5 9.0 1.22521e+00 3.15207e-02 1.60412e+00 2.78430e-02 5.92930e-01 3.86765e-02 1.11680e+00 2.86610e-02 1.76117e+00 3.06188e-02 1.35759e+00 3.50335e-02 5.37031e-01 3.47980e-02 
9.0 9.5 10.0 0.00000e+00 0.00000e+00 0.00000e+00 0.00000e+00 0.00000e+00 0.00000e+00 0.00000e+00 0.00000e+00 0.00000e+00 0.00000e+00 0.00000e+00 0.00000e+00 0.00000e+00 0.00000e+00 
