0.0 0.5 1.0 1.27007e+02 1.97411e-01 1.16419e+02 1.75464e-01 1.40460e+02 2.26919e-01 1.19831e+02 1.86792e-01 1.23048e+02 1.91931e-01 1.35607e+02 2.18191e-01 1.31221e+02 2.05245e-01 
1.0 1.5 2.0 1.42016e+02 1.83634e-01 1.41025e+02 1.73439e-01 1.44691e+02 1.99806e-01 1.41638e+02 1.68470e-01 1.40980e+02 1.98464e-01 1.42432e+02 2.02279e-01 1.43608e+02 1.81360e-01 
2.0 2.5 3.0 2.07867e+02 2.10966e-01 2.14478e+02 1.94655e-01 2.02055e+02 2.67545e-01 2.11966e+02 1.93749e-01 2.10193e+02 2.11919e-01 2.02808e+02 2.32167e-01 2.06525e+02 2.42629e-01 
3.0 3.5 4.0 1.47075e+02 2.41927e-01 1.51591e+02 2.20439e-01 1.42946e+02 2.94013e-01 1.49372e+02 2.21047e-01 1.49275e+02 2.41238e-01 1.44222e+02 2.67603e-01 1.45525e+02 2.65612e-01 
4.0 4.5 5.0 1.82318e+01 9.80410e-02 1.86760e+01 8.87521e-02 1.78304e+01 1.08801e-01 1.83993e+01 8.92174e-02 1.85106e+01 9.75226e-02 1.80208e+01 1.08938e-01 1.80149e+01 9.79112e-02 
5.0 5.5 6.0 0.00000e+00 0.00000e+00 0.00000e+00 0.00000e+00 0.00000e+00 0.00000e+00 0.00000e+00 0.00000e+00 0.00000e+00 0.00000e+00 0.00000e+00 0.00000e+00 0.00000e+00 0.00000e+00 
6.0 6.5 7.0 0.00000e+00 0.00000e+00 0.00000e+00 0.00000e+00 0.00000e+00 0.00000e+00 0.00000e+00 0.00000e+00 0.00000e+00 0.00000e+00 0.00000e+00 0.00000e+00 0.00000e+00 0.00000e+00 
7.0 7.5 8.0 0.00000e+00 0.00000e+00 0.00000e+00 0.00000e+00 0.00000e+00 0.00000e+00 0.00000e+00 0.00000e+00 0.00000e+00 0.00000e+00 0.00000e+00 0.00000e+00 0.00000e+00 0.00000e+00 
8.0 8.5 9.0 0.00000e+00 0.00000e+00 0.00000e+00 0.00000e+00 0.00000e+00 0.00000e+00 0.00000e+00 0.00000e+00 0.00000e+00 0.00000e+00 0.00000e+00 0.00000e+00 0.00000e+00 0.00000e+00 
9.0 9.5 10.0 0.00000e+00 0.00000e+00 0.00000e+00 0.00000e+00 0.00000e+00 0.00000e+00 0.00000e+00 0.00000e+00 0.00000e+00 0.00000e+00 0.00000e+00 0.00000e+00 0.00000e+00 0.00000e+00 
