0.0 50.0 100.0 8.62188e-01 2.91982e-03 7.92327e-01 2.67805e-03 9.52140e-01 2.99914e-03 8.11364e-01 2.67135e-03 8.40049e-01 2.92605e-03 9.24065e-01 3.22615e-03 8.85919e-01 2.71591e-03 
100.0 150.0 200.0 2.06790e+00 3.45017e-03 2.05545e+00 3.01533e-03 2.10525e+00 3.23530e-03 2.06084e+00 2.79617e-03 2.05545e+00 3.25723e-03 2.07480e+00 3.58564e-03 2.08745e+00 2.96433e-03 
200.0 250.0 300.0 2.36150e+00 4.68416e-03 2.41220e+00 4.20034e-03 2.31990e+00 5.11464e-03 2.39286e+00 4.29985e-03 2.37900e+00 4.57280e-03 2.32246e+00 5.15774e-03 2.35307e+00 4.64421e-03 
300.0 350.0 400.0 2.25646e+00 3.84130e-03 2.31540e+00 3.50595e-03 2.19786e+00 4.93017e-03 2.28862e+00 3.53592e-03 2.28553e+00 3.80800e-03 2.21672e+00 4.21821e-03 2.23726e+00 4.47834e-03 
400.0 450.0 500.0 2.02035e+00 4.10929e-03 2.06770e+00 3.70485e-03 1.96951e+00 4.56627e-03 2.04438e+00 3.77366e-03 2.04800e+00 4.03381e-03 1.98927e+00 4.50016e-03 2.00203e+00 4.14944e-03 
500.0 550.0 600.0 1.73570e+00 3.94086e-03 1.77179e+00 3.52123e-03 1.69521e+00 4.44639e-03 1.75350e+00 3.61826e-03 1.75919e+00 3.83472e-03 1.71377e+00 4.33719e-03 1.72165e+00 4.03957e-03 
600.0 650.0 700.0 1.48398e+00 4.03691e-03 1.51090e+00 3.70582e-03 1.45330e+00 4.60124e-03 1.49710e+00 3.62308e-03 1.50440e+00 4.04168e-03 1.46916e+00 4.44685e-03 1.47340e+00 4.17665e-03 
700.0 750.0 800.0 1.25938e+00 4.37700e-03 1.27676e+00 3.84902e-03 1.23517e+00 5.17230e-03 1.26661e+00 4.12230e-03 1.27390e+00 4.20228e-03 1.24943e+00 4.82782e-03 1.25071e+00 4.68905e-03 
800.0 850.0 900.0 1.07184e+00 4.02983e-03 1.08287e+00 3.52577e-03 1.05501e+00 4.65459e-03 1.07697e+00 3.69178e-03 1.08257e+00 3.84842e-03 1.06548e+00 4.44358e-03 1.06674e+00 4.22097e-03 
900.0 950.0 1000.0 9.14696e-01 3.55348e-03 9.20920e-01 3.09277e-03 9.05976e-01 4.49123e-03 9.17519e-01 3.25740e-03 9.22513e-01 3.37368e-03 9.11177e-01 3.91612e-03 9.14301e-01 4.07243e-03 
1000.0 1050.0 1100.0 7.70991e-01 3.60926e-03 7.75045e-01 3.12099e-03 7.62553e-01 4.32352e-03 7.75599e-01 2.78334e-03 7.76982e-01 3.40716e-03 7.68391e-01 3.98051e-03 7.69846e-01 3.91931e-03 
1100.0 1150.0 1200.0 6.63709e-01 3.88797e-03 6.64761e-01 3.34596e-03 6.52375e-01 3.84974e-03 6.64427e-01 3.55811e-03 6.67626e-01 3.65607e-03 6.62781e-01 4.29129e-03 6.58193e-01 3.49263e-03 
1200.0 1250.0 1300.0 5.66277e-01 2.65330e-03 5.64155e-01 3.16550e-03 5.61601e-01 3.38603e-03 5.66489e-01 2.43545e-03 5.68815e-01 2.67276e-03 5.62381e-01 4.04463e-03 5.65949e-01 3.07437e-03 
1300.0 1350.0 1400.0 4.89001e-01 2.57637e-03 4.87090e-01 2.18472e-03 4.86569e-01 3.06279e-03 4.88511e-01 2.36396e-03 4.90409e-01 2.38078e-03 4.89559e-01 2.83659e-03 4.89624e-01 2.78157e-03 
1400.0 1450.0 1500.0 4.15346e-01 2.99697e-03 4.14409e-01 2.46810e-03 4.13117e-01 3.58392e-03 4.14987e-01 2.74388e-03 4.17392e-01 2.69472e-03 4.15750e-01 3.30671e-03 4.16006e-01 3.24804e-03 
1500.0 1550.0 1600.0 3.57870e-01 2.50372e-03 3.56967e-01 2.13446e-03 3.56829e-01 3.28083e-03 3.57326e-01 2.29511e-03 3.59903e-01 2.32830e-03 3.58505e-01 2.75926e-03 3.58670e-01 2.72853e-03 
1600.0 1650.0 1700.0 3.12562e-01 2.08915e-03 3.08634e-01 1.93871e-03 3.12705e-01 2.51811e-03 3.10731e-01 2.10841e-03 3.11586e-01 2.11379e-03 3.13823e-01 2.29858e-03 3.13126e-01 2.51577e-03 
1700.0 1750.0 1800.0 2.69830e-01 1.98661e-03 2.66583e-01 1.66969e-03 2.70271e-01 2.40483e-03 2.68798e-01 1.82419e-03 2.69361e-01 1.81820e-03 2.71066e-01 2.18567e-03 2.71387e-01 2.18560e-03 
1800.0 1850.0 1900.0 2.34586e-01 2.31271e-03 2.31173e-01 1.93398e-03 2.35489e-01 2.81393e-03 2.33474e-01 2.11913e-03 2.33823e-01 2.11053e-03 2.35921e-01 2.54963e-03 2.36251e-01 2.55229e-03 
1900.0 1950.0 2000.0 2.00551e-01 1.95727e-03 1.97626e-01 1.63410e-03 2.01171e-01 2.49322e-03 1.99643e-01 1.79619e-03 1.99907e-01 1.78054e-03 2.01714e-01 2.25114e-03 2.01962e-01 2.26335e-03 
