0.0 50.0 100.0 0.00000e+00 0.00000e+00 0.00000e+00 0.00000e+00 0.00000e+00 0.00000e+00 0.00000e+00 0.00000e+00 0.00000e+00 0.00000e+00 0.00000e+00 0.00000e+00 0.00000e+00 0.00000e+00 
100.0 150.0 200.0 4.42288e-02 4.82626e-04 4.59495e-02 4.36223e-04 4.24388e-02 5.36712e-04 4.51754e-02 4.40175e-04 4.50715e-02 4.78268e-04 4.30596e-02 5.34863e-04 4.36194e-02 4.84269e-04 
200.0 250.0 300.0 9.51525e-01 2.38702e-03 9.87009e-01 2.15244e-03 9.13498e-01 2.66183e-03 9.71627e-01 2.18012e-03 9.68992e-01 2.35663e-03 9.26815e-01 2.64062e-03 9.39367e-01 2.40611e-03 
300.0 350.0 400.0 1.36501e+00 1.76016e-03 1.40419e+00 1.58102e-03 1.32111e+00 1.97330e-03 1.38716e+00 1.61616e-03 1.38605e+00 1.72177e-03 1.33795e+00 1.93591e-03 1.35156e+00 1.79403e-03 
400.0 450.0 500.0 7.45665e-01 9.48827e-04 7.58280e-01 8.45164e-04 7.31556e-01 1.07361e-03 7.52582e-01 8.73873e-04 7.53858e-01 1.06313e-03 7.37259e-01 1.03974e-03 7.42425e-01 9.79637e-04 
500.0 550.0 600.0 3.40822e-01 5.31128e-04 3.43901e-01 4.68961e-04 3.36355e-01 6.07305e-04 3.42592e-01 4.89815e-04 3.43431e-01 5.08480e-04 3.38677e-01 5.80929e-04 3.39920e-01 5.55202e-04 
600.0 650.0 700.0 1.55014e-01 2.88383e-04 1.55733e-01 2.52703e-04 1.53368e-01 3.43344e-04 1.55353e-01 2.79564e-04 1.55880e-01 2.73572e-04 1.54411e-01 3.14819e-04 1.54673e-01 3.18856e-04 
700.0 750.0 800.0 7.38209e-02 1.60618e-04 7.38961e-02 1.40232e-04 7.33204e-02 1.85984e-04 7.39523e-02 1.48584e-04 7.40922e-02 1.51577e-04 7.36612e-02 1.75016e-04 7.38723e-02 1.70670e-04 
800.0 850.0 900.0 3.71605e-02 9.05968e-05 3.70845e-02 7.87800e-05 3.69955e-02 1.05398e-04 3.71817e-02 8.39520e-05 3.72357e-02 8.50078e-05 3.71340e-02 9.85269e-05 3.72341e-02 9.69054e-05 
900.0 950.0 1000.0 1.95319e-02 5.96369e-05 1.94547e-02 5.16573e-05 1.94663e-02 6.96770e-05 1.95301e-02 5.53039e-05 1.95512e-02 5.57000e-05 1.95336e-02 6.47931e-05 1.95837e-02 6.41264e-05 
1000.0 1100.0 1200.0 8.38718e-03 2.09340e-05 8.33795e-03 1.82832e-05 8.36840e-03 2.45116e-05 8.38123e-03 1.94556e-05 8.38676e-03 1.96727e-05 8.39401e-03 2.26913e-05 8.41649e-03 2.26112e-05 
1200.0 1300.0 1400.0 2.88074e-03 9.08129e-06 2.85337e-03 7.81762e-06 2.88048e-03 1.06893e-05 2.87564e-03 8.46220e-06 2.87379e-03 8.38870e-06 2.88669e-03 9.81492e-06 2.89475e-03 9.88913e-06 
1400.0 1500.0 1600.0 1.10379e-03 4.27632e-06 1.08940e-03 3.66356e-06 1.10674e-03 5.06232e-06 1.10061e-03 3.99507e-06 1.09857e-03 3.92093e-06 1.10750e-03 4.60909e-06 1.11110e-03 4.69608e-06 
1600.0 1700.0 1800.0 4.59001e-04 2.03634e-06 4.52183e-04 1.72763e-06 4.61105e-04 2.41120e-06 4.57241e-04 1.90918e-06 4.56518e-04 1.84210e-06 4.61057e-04 2.18684e-06 4.62535e-04 2.24492e-06 
1800.0 1900.0 2000.0 2.04174e-04 1.07786e-06 2.00533e-04 8.87224e-07 2.05656e-04 1.27947e-06 2.03186e-04 1.01289e-06 2.02676e-04 9.43159e-07 2.05426e-04 1.15303e-06 2.06084e-04 1.19418e-06 
