0.0 0.1 0.2 -1.81428e+01 4.15353e-01 -1.77264e+01 3.82058e-01 -1.64668e+01 6.18746e-01 -1.64530e+01 3.78191e-01 -1.95438e+01 4.19614e-01 -2.02307e+01 4.60855e-01 -1.47553e+01 5.57636e-01 
0.2 0.3 0.4 -1.80727e+01 4.17567e-01 -1.76674e+01 4.44013e-01 -1.74198e+01 4.58133e-01 -1.63036e+01 4.60538e-01 -1.94794e+01 4.87640e-01 -2.01525e+01 4.63318e-01 -1.56134e+01 4.12929e-01 
0.4 0.5 0.6 -1.79659e+01 3.93368e-01 -1.75016e+01 3.61786e-01 -1.70602e+01 4.25028e-01 -1.62905e+01 3.58148e-01 -1.92984e+01 3.97379e-01 -2.00364e+01 4.36503e-01 -1.52879e+01 3.83055e-01 
0.6 0.7 0.8 -1.79697e+01 4.88254e-01 -1.73983e+01 4.48645e-01 -1.71605e+01 4.07266e-01 -1.61469e+01 4.55213e-01 -1.88060e+01 4.69812e-01 -1.96238e+01 5.16426e-01 -1.53824e+01 3.67059e-01 
0.8 0.9 1.0 -1.67886e+01 4.77307e-01 -1.62014e+01 4.42005e-01 -1.61643e+01 5.20595e-01 -1.52231e+01 4.34552e-01 -1.78653e+01 4.85531e-01 -1.86968e+01 5.26922e-01 -1.44859e+01 4.69152e-01 
1.0 1.1 1.2 -1.48186e+01 4.82659e-01 -1.40933e+01 4.82344e-01 -1.42766e+01 5.27323e-01 -1.34298e+01 4.39395e-01 -1.55498e+01 5.29720e-01 -1.65368e+01 5.35658e-01 -1.27849e+01 4.75175e-01 
1.2 1.3 1.4 -1.55866e+01 4.05590e-01 -1.47492e+01 3.67950e-01 -1.55574e+01 4.36911e-01 -1.41322e+01 3.69247e-01 -1.62661e+01 4.04166e-01 -1.73842e+01 4.50106e-01 -1.39446e+01 3.93736e-01 
1.4 1.5 1.6 -1.36433e+01 4.26409e-01 -1.25809e+01 3.61539e-01 -1.36768e+01 4.68737e-01 -1.23653e+01 3.88148e-01 -1.38803e+01 3.97171e-01 -1.52244e+01 4.73289e-01 -1.22515e+01 4.22331e-01 
1.6 1.7 1.8 -1.18092e+01 3.63754e-01 -1.04568e+01 4.86575e-01 -1.20826e+01 4.00489e-01 -1.07010e+01 3.31138e-01 -1.15416e+01 5.34785e-01 -1.31806e+01 4.03711e-01 -1.08222e+01 3.60871e-01 
1.8 1.9 2.0 -9.88266e+00 4.73425e-01 -8.73167e+00 4.30606e-01 -1.03669e+01 5.22230e-01 -8.95075e+00 4.30773e-01 -9.64323e+00 4.73268e-01 -1.10372e+01 5.25733e-01 -9.28076e+00 4.70309e-01 
2.0 2.1 2.2 -7.27963e+00 3.93973e-01 -6.11367e+00 3.57028e-01 -7.94567e+00 4.36307e-01 -6.58686e+00 3.58538e-01 -6.76059e+00 3.92332e-01 -8.13958e+00 4.37413e-01 -7.10634e+00 3.93003e-01 
2.2 2.3 2.4 -4.89688e+00 3.34039e-01 -3.97675e+00 3.02805e-01 -5.61869e+00 3.72301e-01 -4.42706e+00 3.03999e-01 -4.40328e+00 3.32744e-01 -5.48113e+00 3.70864e-01 -5.02176e+00 3.35350e-01 
2.4 2.5 2.6 -2.46464e+00 2.93274e-01 -1.57883e+00 2.70666e-01 -2.97722e+00 3.45614e-01 -2.12584e+00 2.77217e-01 -1.75824e+00 2.97351e-01 -2.76793e+00 3.25565e-01 -2.65319e+00 3.11401e-01 
2.6 2.7 2.8 -1.35825e+00 2.24847e-01 -7.92716e-01 2.12626e-01 -1.94673e+00 2.08609e-01 -1.22232e+00 2.04556e-01 -8.86215e-01 2.33747e-01 -1.48790e+00 2.63832e-01 -1.73526e+00 1.87832e-01 
2.8 2.9 3.0 -2.39409e-01 1.70551e-01 1.12499e-02 1.52864e-01 -4.30456e-01 1.68420e-01 -1.96860e-01 1.26975e-01 4.71558e-03 1.68089e-01 -2.76323e-01 1.89505e-01 -3.78772e-01 1.51599e-01 
3.0 3.1 3.2 -1.88654e-01 9.09477e-02 -3.65204e-03 8.01992e-02 -1.60986e-01 7.70932e-02 -5.85912e-02 6.21492e-02 -7.12529e-03 8.81961e-02 -2.13613e-01 1.01073e-01 -1.41242e-01 6.93884e-02 
3.2 3.3 3.4 -8.67611e-03 3.14018e-02 1.59885e-02 2.28470e-02 -1.45105e-02 3.70089e-02 -7.18577e-03 2.85501e-02 1.68587e-02 2.51255e-02 -1.07068e-02 3.49053e-02 -1.21081e-02 3.32961e-02 
3.4 3.5 3.6 -4.75509e-04 6.77362e-03 3.65163e-03 5.81105e-03 -2.95121e-03 7.75997e-03 -3.50407e-04 6.16177e-03 3.92491e-03 6.38903e-03 -6.52246e-04 7.52437e-03 -2.54139e-03 6.98614e-03 
3.6 3.7 3.8 1.26569e-04 2.85718e-04 3.10688e-04 2.46646e-04 -5.80619e-05 3.39702e-04 1.16481e-04 2.60331e-04 4.40806e-04 2.63037e-04 2.57144e-04 3.07463e-04 -2.69454e-05 2.96333e-04 
3.8 3.9 4.0 2.78662e-09 3.32768e-09 1.53010e-08 6.37107e-09 1.48759e-09 6.51305e-10 2.54779e-09 3.03857e-09 1.67519e-08 6.97523e-09 3.07615e-09 3.67925e-09 1.34719e-09 5.89740e-10 
4.0 4.25 4.5 0.00000e+00 0.00000e+00 0.00000e+00 0.00000e+00 0.00000e+00 0.00000e+00 0.00000e+00 0.00000e+00 0.00000e+00 0.00000e+00 0.00000e+00 0.00000e+00 0.00000e+00 0.00000e+00 
4.5 4.75 5.0 0.00000e+00 0.00000e+00 0.00000e+00 0.00000e+00 0.00000e+00 0.00000e+00 0.00000e+00 0.00000e+00 0.00000e+00 0.00000e+00 0.00000e+00 0.00000e+00 0.00000e+00 0.00000e+00 
5.0 5.25 5.5 0.00000e+00 0.00000e+00 0.00000e+00 0.00000e+00 0.00000e+00 0.00000e+00 0.00000e+00 0.00000e+00 0.00000e+00 0.00000e+00 0.00000e+00 0.00000e+00 0.00000e+00 0.00000e+00 
5.5 5.75 6.0 0.00000e+00 0.00000e+00 0.00000e+00 0.00000e+00 0.00000e+00 0.00000e+00 0.00000e+00 0.00000e+00 0.00000e+00 0.00000e+00 0.00000e+00 0.00000e+00 0.00000e+00 0.00000e+00 
6.0 6.25 6.5 0.00000e+00 0.00000e+00 0.00000e+00 0.00000e+00 0.00000e+00 0.00000e+00 0.00000e+00 0.00000e+00 0.00000e+00 0.00000e+00 0.00000e+00 0.00000e+00 0.00000e+00 0.00000e+00 
6.5 6.75 7.0 0.00000e+00 0.00000e+00 0.00000e+00 0.00000e+00 0.00000e+00 0.00000e+00 0.00000e+00 0.00000e+00 0.00000e+00 0.00000e+00 0.00000e+00 0.00000e+00 0.00000e+00 0.00000e+00 
7.0 7.5 8.0 0.00000e+00 0.00000e+00 0.00000e+00 0.00000e+00 0.00000e+00 0.00000e+00 0.00000e+00 0.00000e+00 0.00000e+00 0.00000e+00 0.00000e+00 0.00000e+00 0.00000e+00 0.00000e+00 
8.0 8.5 9.0 0.00000e+00 0.00000e+00 0.00000e+00 0.00000e+00 0.00000e+00 0.00000e+00 0.00000e+00 0.00000e+00 0.00000e+00 0.00000e+00 0.00000e+00 0.00000e+00 0.00000e+00 0.00000e+00 
9.0 9.5 10.0 0.00000e+00 0.00000e+00 0.00000e+00 0.00000e+00 0.00000e+00 0.00000e+00 0.00000e+00 0.00000e+00 0.00000e+00 0.00000e+00 0.00000e+00 0.00000e+00 0.00000e+00 0.00000e+00 
