0.0 2.5 5.0 -6.76905e-01 7.19649e-03 -5.62988e-01 6.26528e-03 -8.14969e-01 8.36562e-03 -6.15235e-01 6.54484e-03 -6.19434e-01 6.88929e-03 -7.52733e-01 7.99666e-03 -7.32895e-01 7.52881e-03 
5.0 7.5 10.0 -1.16737e+00 7.52789e-03 -9.40545e-01 6.56722e-03 -1.43962e+00 8.73159e-03 -1.06102e+00 6.84526e-03 -1.03486e+00 7.22223e-03 -1.29814e+00 8.36636e-03 -1.29467e+00 7.85670e-03 
10.0 12.5 15.0 -1.37457e+00 7.41462e-03 -1.07632e+00 6.48016e-03 -1.72979e+00 8.59064e-03 -1.24932e+00 6.74180e-03 -1.18430e+00 7.12707e-03 -1.52857e+00 8.24120e-03 -1.55562e+00 7.72930e-03 
15.0 17.5 20.0 -1.44267e+00 7.69130e-03 -1.09597e+00 6.74378e-03 -1.85293e+00 8.92658e-03 -1.31118e+00 6.99184e-03 -1.20600e+00 7.41861e-03 -1.60436e+00 8.55101e-03 -1.66636e+00 8.02945e-03 
20.0 22.5 25.0 -1.47542e+00 8.20368e-03 -1.08968e+00 7.20940e-03 -1.92780e+00 9.55183e-03 -1.34086e+00 7.45915e-03 -1.19923e+00 7.92911e-03 -1.64091e+00 9.11834e-03 -1.73364e+00 8.59351e-03 
25.0 27.5 30.0 -1.49231e+00 8.05361e-03 -1.07429e+00 7.07410e-03 -1.98112e+00 9.28592e-03 -1.35618e+00 7.32288e-03 -1.18240e+00 7.78013e-03 -1.65976e+00 8.95126e-03 -1.78160e+00 8.35489e-03 
30.0 32.5 35.0 -1.42170e+00 8.71255e-03 -9.86650e-01 7.73364e-03 -1.93092e+00 1.00305e-02 -1.29184e+00 7.92171e-03 -1.08621e+00 8.50588e-03 -1.58146e+00 9.68417e-03 -1.73632e+00 9.02400e-03 
35.0 37.5 40.0 -1.35319e+00 8.64136e-03 -9.04753e-01 7.63119e-03 -1.87456e+00 9.89945e-03 -1.22950e+00 7.85669e-03 -9.96252e-01 8.39345e-03 -1.50538e+00 9.60544e-03 -1.68563e+00 8.90603e-03 
40.0 42.5 45.0 -1.30546e+00 9.23117e-03 -8.41587e-01 8.14067e-03 -1.84369e+00 1.05966e-02 -1.18599e+00 8.39343e-03 -9.26970e-01 8.95330e-03 -1.45250e+00 1.02603e-02 -1.65777e+00 9.53390e-03 
45.0 47.5 50.0 -1.22161e+00 8.86288e-03 -7.47524e-01 7.69669e-03 -1.76625e+00 1.01662e-02 -1.10968e+00 8.06021e-03 -8.23658e-01 8.46336e-03 -1.35939e+00 9.84845e-03 -1.58809e+00 9.14899e-03 
50.0 52.5 55.0 -1.17317e+00 9.16110e-03 -6.92695e-01 8.07882e-03 -1.72855e+00 1.05078e-02 -1.06555e+00 8.33227e-03 -7.63525e-01 8.88245e-03 -1.30569e+00 1.01786e-02 -1.55414e+00 9.45747e-03 
55.0 57.5 60.0 -1.09781e+00 9.55610e-03 -6.09918e-01 8.41497e-03 -1.65988e+00 1.17022e-02 -9.96909e-01 8.69330e-03 -6.72686e-01 9.25021e-03 -1.22211e+00 1.06148e-02 -1.49228e+00 1.05347e-02 
60.0 62.5 65.0 -1.10512e+00 1.11167e-02 -5.95831e-01 9.62713e-03 -1.68685e+00 1.26653e-02 -1.00328e+00 1.01114e-02 -6.57540e-01 1.05830e-02 -1.23064e+00 1.23507e-02 -1.51623e+00 1.14013e-02 
65.0 67.5 70.0 -1.07071e+00 1.02117e-02 -5.54013e-01 9.11265e-03 -1.66989e+00 1.16700e-02 -9.71921e-01 9.29174e-03 -6.11710e-01 1.00155e-02 -1.19252e+00 1.13399e-02 -1.50094e+00 1.05090e-02 
70.0 72.5 75.0 -1.00657e+00 9.91431e-03 -4.79696e-01 8.73706e-03 -1.61363e+00 1.13905e-02 -9.13603e-01 9.02219e-03 -5.30051e-01 9.60095e-03 -1.12122e+00 1.10080e-02 -1.45042e+00 1.02587e-02 
75.0 77.5 80.0 -9.18171e-01 1.05286e-02 -3.90205e-01 9.72292e-03 -1.52205e+00 1.23558e-02 -8.33194e-01 9.58385e-03 -4.31746e-01 1.06805e-02 -1.02300e+00 1.16860e-02 -1.36810e+00 1.11321e-02 
80.0 82.5 85.0 -8.69647e-01 9.94378e-03 -3.33493e-01 8.25390e-03 -1.47561e+00 1.12696e-02 -7.89156e-01 9.05505e-03 -3.69394e-01 9.06454e-03 -9.68935e-01 1.10316e-02 -1.32654e+00 1.01580e-02 
85.0 87.5 90.0 -7.80822e-01 1.02785e-02 -2.61375e-01 9.07570e-03 -1.38374e+00 1.19143e-02 -7.08447e-01 9.36117e-03 -2.90130e-01 9.96508e-03 -8.70118e-01 1.14010e-02 -1.24410e+00 1.07411e-02 
90.0 92.5 95.0 -6.79967e-01 9.97721e-03 -1.75996e-01 8.82927e-03 -1.26444e+00 1.14032e-02 -6.16779e-01 9.08904e-03 -1.96299e-01 9.69216e-03 -7.57962e-01 1.10633e-02 -1.13695e+00 1.02838e-02 
95.0 97.5 100.0 -6.26161e-01 8.88779e-03 -1.32039e-01 7.85193e-03 -1.20242e+00 1.01420e-02 -5.67994e-01 8.09958e-03 -1.47915e-01 8.61621e-03 -6.97946e-01 9.85085e-03 -1.08149e+00 9.15093e-03 
100.0 105.0 110.0 -5.30402e-01 6.67192e-03 -6.22938e-02 5.90736e-03 -1.07761e+00 7.62451e-03 -4.81057e-01 6.08324e-03 -7.11975e-02 6.47906e-03 -5.91308e-01 7.39036e-03 -9.69535e-01 6.88335e-03 
110.0 115.0 120.0 -4.16573e-01 5.44224e-03 1.24025e-02 4.80029e-03 -9.21334e-01 6.24976e-03 -3.77730e-01 4.96535e-03 1.09987e-02 5.26140e-03 -4.64531e-01 6.02335e-03 -8.29343e-01 5.64690e-03 
120.0 125.0 130.0 -3.35411e-01 5.53260e-03 5.13054e-02 4.90403e-03 -7.94918e-01 6.34425e-03 -3.04142e-01 5.05092e-03 5.39236e-02 5.37185e-03 -3.74020e-01 6.11869e-03 -7.16001e-01 5.73666e-03 
130.0 135.0 140.0 -2.52872e-01 4.63441e-03 9.14179e-02 4.09723e-03 -6.64454e-01 5.20822e-03 -2.29201e-01 4.23312e-03 9.81206e-02 4.48569e-03 -2.82114e-01 5.12207e-03 -5.98831e-01 4.71256e-03 
140.0 145.0 150.0 -2.04741e-01 4.05468e-03 9.88217e-02 3.58933e-03 -5.69795e-01 4.63912e-03 -1.85596e-01 3.70620e-03 1.06449e-01 3.92690e-03 -2.28376e-01 4.47746e-03 -5.13884e-01 4.20118e-03 
150.0 155.0 160.0 -1.63151e-01 3.36598e-03 1.01971e-01 2.91204e-03 -4.84009e-01 3.87224e-03 -1.47906e-01 3.07843e-03 1.10100e-01 3.18399e-03 -1.81959e-01 3.71436e-03 -4.36826e-01 3.50915e-03 
160.0 165.0 170.0 -1.19852e-01 3.04097e-03 1.08316e-01 2.67292e-03 -3.98166e-01 3.51061e-03 -1.08583e-01 2.78293e-03 1.17214e-01 2.92081e-03 -1.33764e-01 3.35315e-03 -3.59568e-01 3.18384e-03 
170.0 175.0 180.0 -9.97488e-02 2.56912e-03 9.68702e-02 2.25991e-03 -3.41100e-01 2.96372e-03 -9.04187e-02 2.35205e-03 1.04849e-01 2.46852e-03 -1.11253e-01 2.83150e-03 -3.08266e-01 2.68914e-03 
180.0 185.0 190.0 -7.60982e-02 2.23044e-03 9.30275e-02 1.94019e-03 -2.84723e-01 2.58389e-03 -6.89686e-02 2.04316e-03 1.00783e-01 2.11806e-03 -8.48890e-02 2.45651e-03 -2.57496e-01 2.34614e-03 
190.0 195.0 200.0 -5.27366e-02 1.80555e-03 9.05157e-02 1.58144e-03 -2.30867e-01 2.09634e-03 -4.77335e-02 1.65487e-03 9.84169e-02 1.69160e-03 -5.89187e-02 1.98723e-03 -2.08911e-01 1.90473e-03 
200.0 212.5 225.0 -3.04234e-02 9.84188e-04 7.77746e-02 8.60693e-04 -1.66447e-01 1.14385e-03 -2.74855e-02 9.02722e-04 8.43674e-02 9.38380e-04 -3.40673e-02 1.08224e-03 -1.50769e-01 1.04023e-03 
225.0 237.5 250.0 -1.21183e-02 7.40478e-04 5.96421e-02 6.44244e-04 -1.03638e-01 8.65425e-04 -1.08773e-02 6.79881e-04 6.47073e-02 7.01672e-04 -1.36706e-02 8.13230e-04 -9.40098e-02 7.88011e-04 
250.0 262.5 275.0 -4.95101e-03 5.81906e-04 4.30020e-02 5.04798e-04 -6.68444e-02 6.81770e-04 -4.39809e-03 5.34780e-04 4.66395e-02 5.49286e-04 -5.64951e-03 6.38363e-04 -6.07162e-02 6.21479e-04 
275.0 287.5 300.0 -1.51373e-03 4.40611e-04 3.09613e-02 3.81839e-04 -4.38948e-02 5.17080e-04 -1.29961e-03 4.05243e-04 3.35688e-02 4.15167e-04 -1.79050e-03 4.82910e-04 -3.99223e-02 4.71791e-04 
300.0 312.5 325.0 -4.18131e-04 3.36284e-04 2.18301e-02 2.90117e-04 -2.97068e-02 3.96477e-04 -3.28141e-04 3.09539e-04 2.36590e-02 3.15187e-04 -5.38663e-04 3.68216e-04 -2.70511e-02 3.62096e-04 
325.0 337.5 350.0 4.46546e-04 2.64819e-04 1.58251e-02 2.28442e-04 -1.99765e-02 3.12090e-04 4.47929e-04 2.43922e-04 1.71434e-02 2.48013e-04 4.35891e-04 2.89729e-04 -1.82076e-02 2.85259e-04 
350.0 362.5 375.0 9.42919e-04 2.10247e-04 1.16759e-02 1.81185e-04 -1.34187e-02 2.47995e-04 8.92542e-04 1.93789e-04 1.26440e-02 1.96572e-04 9.97148e-04 2.29831e-04 -1.22418e-02 2.26864e-04 
375.0 387.5 400.0 1.10326e-03 1.62659e-04 8.73677e-03 1.39691e-04 -9.27149e-03 1.98504e-04 1.03323e-03 1.50023e-04 9.45735e-03 1.51458e-04 1.18279e-03 1.77673e-04 -8.44457e-03 1.78937e-04 
400.0 412.5 425.0 9.55920e-04 1.25531e-04 6.43832e-03 1.07504e-04 -6.46240e-03 1.48226e-04 8.92640e-04 1.15836e-04 6.96648e-03 1.16503e-04 1.02873e-03 1.37037e-04 -5.90525e-03 1.35781e-04 
425.0 437.5 450.0 7.72206e-04 1.08328e-04 4.77186e-03 9.30979e-05 -4.67699e-03 1.28149e-04 7.20277e-04 1.00019e-04 5.16107e-03 1.00832e-04 8.32319e-04 1.18177e-04 -4.27703e-03 1.17469e-04 
450.0 462.5 475.0 7.74612e-04 8.24997e-05 3.68542e-03 7.09216e-05 -3.24005e-03 9.85349e-05 7.20490e-04 7.62104e-05 3.97196e-03 7.71258e-05 8.37734e-04 8.99474e-05 -2.96490e-03 9.03742e-05 
475.0 487.5 500.0 5.59528e-04 6.92927e-05 2.73265e-03 5.92959e-05 -2.43186e-03 8.23709e-05 5.20509e-04 6.40343e-05 2.95346e-03 6.41654e-05 6.04960e-04 7.55148e-05 -2.22690e-03 7.55840e-05 
500.0 512.5 525.0 6.85866e-04 4.89125e-05 2.28943e-03 4.18820e-05 -1.55378e-03 5.99643e-05 6.36525e-04 4.52235e-05 2.47381e-03 4.52986e-05 7.43631e-04 5.32728e-05 -1.42323e-03 5.50553e-05 
525.0 537.5 550.0 5.43763e-04 4.18523e-05 1.75366e-03 3.58425e-05 -1.13960e-03 4.97945e-05 5.04667e-04 3.87093e-05 1.89424e-03 3.87528e-05 5.89509e-04 4.55639e-05 -1.04439e-03 4.57383e-05 
550.0 562.5 575.0 4.33383e-04 3.28752e-05 1.35789e-03 2.81439e-05 -8.57933e-04 3.91663e-05 4.02266e-04 3.04196e-05 1.46625e-03 3.04159e-05 4.69781e-04 3.57718e-05 -7.86671e-04 3.59950e-05 
575.0 587.5 600.0 3.48284e-04 2.89169e-05 1.06095e-03 2.46390e-05 -6.52578e-04 3.46161e-05 3.23278e-04 2.67658e-05 1.14529e-03 2.66192e-05 3.77543e-04 3.14521e-05 -5.98737e-04 3.18259e-05 
