0.0 2.5 5.0 -1.76007e-02 1.25577e-03 -1.60089e-02 1.13681e-03 -1.86298e-02 1.37175e-03 -1.59227e-02 1.13849e-03 -1.76956e-02 1.25392e-03 -1.98647e-02 1.45870e-03 -1.66543e-02 1.22976e-03 
5.0 7.5 10.0 -3.16248e-02 2.63277e-03 -2.88041e-02 2.37935e-03 -3.32140e-02 2.92789e-03 -2.85942e-02 2.38730e-03 -3.18560e-02 2.62401e-03 -3.53948e-02 2.93622e-03 -2.96673e-02 2.62522e-03 
10.0 12.5 15.0 -2.62940e-02 3.36365e-03 -2.38745e-02 3.05872e-03 -2.87914e-02 3.88229e-03 -2.37285e-02 3.05060e-03 -2.64544e-02 3.37263e-03 -2.94982e-02 3.75050e-03 -2.56598e-02 3.48182e-03 
15.0 17.5 20.0 -2.96989e-02 3.99998e-03 -2.69362e-02 3.62421e-03 -3.01681e-02 4.43089e-03 -2.68066e-02 3.62835e-03 -2.98410e-02 3.99544e-03 -3.33098e-02 4.45904e-03 -2.68819e-02 3.97476e-03 
20.0 22.5 25.0 -2.75676e-02 3.89827e-03 -2.50438e-02 3.51869e-03 -2.76481e-02 4.34127e-03 -2.48633e-02 3.53697e-03 -2.77656e-02 3.87814e-03 -3.09493e-02 4.34431e-03 -2.46071e-02 3.89558e-03 
25.0 27.5 30.0 -2.22391e-02 3.79747e-03 -1.86153e-02 3.53664e-03 -2.07719e-02 3.54992e-03 -2.00296e-02 3.44554e-03 -2.06779e-02 3.89776e-03 -2.50100e-02 4.23193e-03 -1.84448e-02 3.18557e-03 
30.0 32.5 35.0 -8.27275e-03 4.41164e-03 -9.15188e-03 4.12164e-03 -8.09913e-03 5.06116e-03 -8.90222e-03 4.13543e-03 -1.02475e-02 4.54278e-03 -9.44416e-03 4.91620e-03 -7.06734e-03 4.54145e-03 
35.0 37.5 40.0 -1.94086e-02 3.62889e-03 -1.75233e-02 3.28697e-03 -1.85547e-02 4.27286e-03 -1.74640e-02 3.29323e-03 -1.94726e-02 3.62201e-03 -2.18518e-02 4.04306e-03 -1.64459e-02 3.83502e-03 
40.0 42.5 45.0 -2.41631e-02 4.03651e-03 -2.17847e-02 3.64698e-03 -2.40706e-02 4.48689e-03 -2.17745e-02 3.66300e-03 -2.41729e-02 4.01886e-03 -2.71555e-02 4.49742e-03 -2.13950e-02 4.02708e-03 
45.0 47.5 50.0 -2.13637e-02 4.45918e-03 -1.71993e-02 3.89346e-03 -2.09470e-02 4.92857e-03 -1.92298e-02 4.04731e-03 -1.80578e-02 4.34547e-03 -2.40432e-02 4.96721e-03 -1.85850e-02 4.42454e-03 
50.0 52.5 55.0 -2.92426e-02 4.12839e-03 -2.78247e-02 3.88598e-03 -3.04634e-02 4.92254e-03 -2.63762e-02 3.74712e-03 -3.08384e-02 4.28145e-03 -3.28274e-02 4.59867e-03 -2.71203e-02 4.41859e-03 
55.0 57.5 60.0 -3.88801e-02 3.84112e-03 -3.45771e-02 4.19347e-03 -3.67434e-02 5.03084e-03 -3.51201e-02 3.48691e-03 -3.82858e-02 4.61952e-03 -4.35682e-02 4.27785e-03 -3.27485e-02 4.51722e-03 
60.0 62.5 65.0 -7.64268e-02 5.47079e-03 -6.97919e-02 4.76161e-03 -8.37480e-02 6.10133e-03 -6.91640e-02 4.96644e-03 -7.71188e-02 5.24519e-03 -8.54461e-02 6.09261e-03 -7.49030e-02 5.47866e-03 
65.0 67.5 70.0 -7.37187e-02 4.23753e-03 -7.27509e-02 5.13389e-03 -8.76520e-02 6.51333e-03 -6.67322e-02 3.84814e-03 -8.03552e-02 5.65354e-03 -8.23899e-02 4.71724e-03 -7.84317e-02 5.85061e-03 
70.0 72.5 75.0 -4.58157e-02 4.92549e-03 -4.00130e-02 4.44732e-03 -4.02961e-02 6.09134e-03 -4.14355e-02 4.47384e-03 -4.42471e-02 4.89632e-03 -5.12636e-02 5.48163e-03 -3.59586e-02 5.47328e-03 
75.0 77.5 80.0 -2.52630e-02 5.52133e-03 -2.13451e-02 4.97853e-03 -3.06801e-02 5.73532e-03 -2.28197e-02 5.01651e-03 -2.36379e-02 5.47955e-03 -2.83094e-02 6.14249e-03 -2.73947e-02 5.15528e-03 
80.0 82.5 85.0 9.08735e-03 4.52144e-03 9.58285e-03 4.07405e-03 8.55780e-03 5.33109e-03 8.35423e-03 4.10952e-03 1.04409e-02 4.48242e-03 9.96048e-03 5.02782e-03 7.82869e-03 4.79408e-03 
85.0 87.5 90.0 2.88361e-02 4.24435e-03 2.74720e-02 3.94422e-03 3.28459e-02 4.72800e-03 2.62777e-02 3.85912e-03 3.01507e-02 4.33797e-03 3.19611e-02 4.71750e-03 2.96328e-02 4.25381e-03 
90.0 92.5 95.0 4.36699e-02 3.18495e-03 3.99824e-02 3.18745e-03 4.98773e-02 3.93440e-03 3.97538e-02 2.89692e-03 4.39218e-02 3.50448e-03 4.84661e-02 3.53840e-03 4.49408e-02 3.54127e-03 
95.0 97.5 100.0 4.29359e-02 1.88633e-03 3.85086e-02 1.69640e-03 4.83335e-02 2.10799e-03 3.90816e-02 1.71637e-03 4.23066e-02 1.86439e-03 4.76577e-02 2.09473e-03 4.35448e-02 1.89828e-03 
100.0 105.0 110.0 2.19895e-02 5.22550e-04 1.96239e-02 4.68531e-04 2.49243e-02 6.03553e-04 2.00237e-02 4.75760e-04 2.15505e-02 5.14611e-04 2.43956e-02 5.79838e-04 2.24660e-02 5.43916e-04 
110.0 115.0 120.0 5.64662e-03 1.89149e-04 5.01975e-03 1.69000e-04 6.39647e-03 2.13009e-04 5.14537e-03 1.72360e-04 5.50877e-03 1.85462e-04 6.25916e-03 2.09666e-04 5.77050e-03 1.92166e-04 
120.0 125.0 130.0 6.80063e-04 4.20334e-05 5.82558e-04 3.63176e-05 7.62822e-04 4.68113e-05 6.20079e-04 3.83254e-05 6.38915e-04 3.98313e-05 7.53264e-04 4.65584e-05 6.88695e-04 4.22619e-05 
130.0 135.0 140.0 5.95996e-06 7.09713e-07 4.55554e-06 5.49929e-07 7.72567e-06 9.09913e-07 5.43929e-06 6.47683e-07 4.99158e-06 6.02595e-07 6.59393e-06 7.85252e-07 6.98290e-06 8.22393e-07 
140.0 145.0 150.0 0.00000e+00 0.00000e+00 0.00000e+00 0.00000e+00 0.00000e+00 0.00000e+00 0.00000e+00 0.00000e+00 0.00000e+00 0.00000e+00 0.00000e+00 0.00000e+00 0.00000e+00 0.00000e+00 
150.0 155.0 160.0 0.00000e+00 0.00000e+00 0.00000e+00 0.00000e+00 0.00000e+00 0.00000e+00 0.00000e+00 0.00000e+00 0.00000e+00 0.00000e+00 0.00000e+00 0.00000e+00 0.00000e+00 0.00000e+00 
160.0 165.0 170.0 0.00000e+00 0.00000e+00 0.00000e+00 0.00000e+00 0.00000e+00 0.00000e+00 0.00000e+00 0.00000e+00 0.00000e+00 0.00000e+00 0.00000e+00 0.00000e+00 0.00000e+00 0.00000e+00 
170.0 175.0 180.0 0.00000e+00 0.00000e+00 0.00000e+00 0.00000e+00 0.00000e+00 0.00000e+00 0.00000e+00 0.00000e+00 0.00000e+00 0.00000e+00 0.00000e+00 0.00000e+00 0.00000e+00 0.00000e+00 
180.0 185.0 190.0 0.00000e+00 0.00000e+00 0.00000e+00 0.00000e+00 0.00000e+00 0.00000e+00 0.00000e+00 0.00000e+00 0.00000e+00 0.00000e+00 0.00000e+00 0.00000e+00 0.00000e+00 0.00000e+00 
190.0 195.0 200.0 0.00000e+00 0.00000e+00 0.00000e+00 0.00000e+00 0.00000e+00 0.00000e+00 0.00000e+00 0.00000e+00 0.00000e+00 0.00000e+00 0.00000e+00 0.00000e+00 0.00000e+00 0.00000e+00 
200.0 212.5 225.0 0.00000e+00 0.00000e+00 0.00000e+00 0.00000e+00 0.00000e+00 0.00000e+00 0.00000e+00 0.00000e+00 0.00000e+00 0.00000e+00 0.00000e+00 0.00000e+00 0.00000e+00 0.00000e+00 
225.0 237.5 250.0 0.00000e+00 0.00000e+00 0.00000e+00 0.00000e+00 0.00000e+00 0.00000e+00 0.00000e+00 0.00000e+00 0.00000e+00 0.00000e+00 0.00000e+00 0.00000e+00 0.00000e+00 0.00000e+00 
250.0 262.5 275.0 0.00000e+00 0.00000e+00 0.00000e+00 0.00000e+00 0.00000e+00 0.00000e+00 0.00000e+00 0.00000e+00 0.00000e+00 0.00000e+00 0.00000e+00 0.00000e+00 0.00000e+00 0.00000e+00 
275.0 287.5 300.0 0.00000e+00 0.00000e+00 0.00000e+00 0.00000e+00 0.00000e+00 0.00000e+00 0.00000e+00 0.00000e+00 0.00000e+00 0.00000e+00 0.00000e+00 0.00000e+00 0.00000e+00 0.00000e+00 
300.0 312.5 325.0 0.00000e+00 0.00000e+00 0.00000e+00 0.00000e+00 0.00000e+00 0.00000e+00 0.00000e+00 0.00000e+00 0.00000e+00 0.00000e+00 0.00000e+00 0.00000e+00 0.00000e+00 0.00000e+00 
325.0 337.5 350.0 0.00000e+00 0.00000e+00 0.00000e+00 0.00000e+00 0.00000e+00 0.00000e+00 0.00000e+00 0.00000e+00 0.00000e+00 0.00000e+00 0.00000e+00 0.00000e+00 0.00000e+00 0.00000e+00 
350.0 362.5 375.0 0.00000e+00 0.00000e+00 0.00000e+00 0.00000e+00 0.00000e+00 0.00000e+00 0.00000e+00 0.00000e+00 0.00000e+00 0.00000e+00 0.00000e+00 0.00000e+00 0.00000e+00 0.00000e+00 
375.0 387.5 400.0 0.00000e+00 0.00000e+00 0.00000e+00 0.00000e+00 0.00000e+00 0.00000e+00 0.00000e+00 0.00000e+00 0.00000e+00 0.00000e+00 0.00000e+00 0.00000e+00 0.00000e+00 0.00000e+00 
400.0 412.5 425.0 0.00000e+00 0.00000e+00 0.00000e+00 0.00000e+00 0.00000e+00 0.00000e+00 0.00000e+00 0.00000e+00 0.00000e+00 0.00000e+00 0.00000e+00 0.00000e+00 0.00000e+00 0.00000e+00 
425.0 437.5 450.0 0.00000e+00 0.00000e+00 0.00000e+00 0.00000e+00 0.00000e+00 0.00000e+00 0.00000e+00 0.00000e+00 0.00000e+00 0.00000e+00 0.00000e+00 0.00000e+00 0.00000e+00 0.00000e+00 
450.0 462.5 475.0 0.00000e+00 0.00000e+00 0.00000e+00 0.00000e+00 0.00000e+00 0.00000e+00 0.00000e+00 0.00000e+00 0.00000e+00 0.00000e+00 0.00000e+00 0.00000e+00 0.00000e+00 0.00000e+00 
475.0 487.5 500.0 0.00000e+00 0.00000e+00 0.00000e+00 0.00000e+00 0.00000e+00 0.00000e+00 0.00000e+00 0.00000e+00 0.00000e+00 0.00000e+00 0.00000e+00 0.00000e+00 0.00000e+00 0.00000e+00 
500.0 512.5 525.0 0.00000e+00 0.00000e+00 0.00000e+00 0.00000e+00 0.00000e+00 0.00000e+00 0.00000e+00 0.00000e+00 0.00000e+00 0.00000e+00 0.00000e+00 0.00000e+00 0.00000e+00 0.00000e+00 
525.0 537.5 550.0 0.00000e+00 0.00000e+00 0.00000e+00 0.00000e+00 0.00000e+00 0.00000e+00 0.00000e+00 0.00000e+00 0.00000e+00 0.00000e+00 0.00000e+00 0.00000e+00 0.00000e+00 0.00000e+00 
550.0 562.5 575.0 0.00000e+00 0.00000e+00 0.00000e+00 0.00000e+00 0.00000e+00 0.00000e+00 0.00000e+00 0.00000e+00 0.00000e+00 0.00000e+00 0.00000e+00 0.00000e+00 0.00000e+00 0.00000e+00 
575.0 587.5 600.0 0.00000e+00 0.00000e+00 0.00000e+00 0.00000e+00 0.00000e+00 0.00000e+00 0.00000e+00 0.00000e+00 0.00000e+00 0.00000e+00 0.00000e+00 0.00000e+00 0.00000e+00 0.00000e+00 
