0.0 50.0 100.0 0.00000e+00 0.00000e+00 0.00000e+00 0.00000e+00 0.00000e+00 0.00000e+00 0.00000e+00 0.00000e+00 0.00000e+00 0.00000e+00 0.00000e+00 0.00000e+00 0.00000e+00 0.00000e+00 
100.0 150.0 200.0 0.00000e+00 0.00000e+00 0.00000e+00 0.00000e+00 0.00000e+00 0.00000e+00 0.00000e+00 0.00000e+00 0.00000e+00 0.00000e+00 0.00000e+00 0.00000e+00 0.00000e+00 0.00000e+00 
200.0 250.0 300.0 0.00000e+00 0.00000e+00 0.00000e+00 0.00000e+00 0.00000e+00 0.00000e+00 0.00000e+00 0.00000e+00 0.00000e+00 0.00000e+00 0.00000e+00 0.00000e+00 0.00000e+00 0.00000e+00 
300.0 350.0 400.0 0.00000e+00 0.00000e+00 0.00000e+00 0.00000e+00 0.00000e+00 0.00000e+00 0.00000e+00 0.00000e+00 0.00000e+00 0.00000e+00 0.00000e+00 0.00000e+00 0.00000e+00 0.00000e+00 
400.0 450.0 500.0 -3.74313e-01 3.44242e-03 -2.98480e-01 3.07637e-03 -4.44776e-01 3.87590e-03 -3.40065e-01 3.13659e-03 -3.28662e-01 3.37639e-03 -4.16455e-01 3.81629e-03 -3.99854e-01 3.49628e-03 
500.0 550.0 600.0 -3.11187e-01 3.65357e-03 -2.28976e-01 3.23912e-03 -3.94157e-01 4.15182e-03 -2.82905e-01 3.33048e-03 -2.52024e-01 3.55341e-03 -3.45937e-01 4.04814e-03 -3.54708e-01 3.74725e-03 
600.0 650.0 700.0 -2.34284e-01 4.13894e-03 -1.54593e-01 3.63104e-03 -3.14845e-01 4.14841e-03 -2.13053e-01 3.77466e-03 -1.70180e-01 3.98151e-03 -2.60353e-01 4.58335e-03 -2.83479e-01 3.74557e-03 
700.0 750.0 800.0 -1.71737e-01 4.39289e-03 -9.91718e-02 3.84609e-03 -2.52010e-01 5.06430e-03 -1.56165e-01 4.00698e-03 -1.09258e-01 4.21657e-03 -1.90860e-01 4.86352e-03 -2.26975e-01 4.57435e-03 
800.0 850.0 900.0 -1.24642e-01 3.22042e-03 -5.94797e-02 3.20310e-03 -1.98808e-01 3.74975e-03 -1.13675e-01 2.92756e-03 -6.56159e-02 3.51155e-03 -1.38534e-01 3.56551e-03 -1.79119e-01 3.38700e-03 
900.0 950.0 1000.0 -8.35655e-02 3.06998e-03 -2.69300e-02 2.65373e-03 -1.49905e-01 3.59184e-03 -7.59512e-02 2.80050e-03 -2.98496e-02 2.90911e-03 -9.29256e-02 3.39856e-03 -1.35064e-01 3.24461e-03 
1000.0 1050.0 1100.0 -6.51437e-02 3.10786e-03 -1.44506e-02 2.67339e-03 -1.26019e-01 3.65663e-03 -5.92109e-02 2.83496e-03 -1.61042e-02 2.93075e-03 -7.24353e-02 3.44064e-03 -1.13581e-01 3.30298e-03 
1100.0 1150.0 1200.0 -4.52218e-02 3.32565e-03 1.53771e-03 3.27788e-03 -1.01908e-01 3.55305e-03 -3.85508e-02 3.48171e-03 1.45675e-03 3.59306e-03 -5.03485e-02 3.68011e-03 -9.18336e-02 3.21076e-03 
1200.0 1250.0 1300.0 -2.88491e-02 3.18960e-03 9.57453e-03 2.72034e-03 -7.68456e-02 3.78930e-03 -2.61550e-02 2.91145e-03 1.02874e-02 2.98023e-03 -3.21776e-02 3.52826e-03 -6.92384e-02 3.42558e-03 
1300.0 1350.0 1400.0 -1.68278e-02 2.48935e-03 1.73731e-02 2.47638e-03 -5.91759e-02 2.97590e-03 -1.52229e-02 2.27124e-03 1.78989e-02 2.31481e-03 -1.88189e-02 2.75518e-03 -5.33240e-02 2.68877e-03 
1400.0 1450.0 1500.0 -1.48926e-02 2.95083e-03 1.49702e-02 2.49636e-03 -5.25136e-02 3.55526e-03 -1.27840e-02 2.70387e-03 1.62568e-02 2.73655e-03 -1.66537e-02 3.26664e-03 -4.73332e-02 3.21098e-03 
1500.0 1550.0 1600.0 -8.90081e-03 2.28514e-03 1.89940e-02 2.20074e-03 -4.07567e-02 2.93269e-03 -6.09942e-03 2.38307e-03 2.06853e-02 2.41266e-03 -7.66594e-03 2.89242e-03 -3.67235e-02 2.64946e-03 
1600.0 1650.0 1700.0 -8.41029e-05 1.99050e-03 2.18979e-02 1.66786e-03 -3.10583e-02 2.68917e-03 7.45551e-06 1.81644e-03 2.25503e-02 2.03791e-03 -1.81083e-03 2.45515e-03 -2.64082e-02 2.18187e-03 
1700.0 1750.0 1800.0 3.09683e-03 2.13090e-03 2.22237e-02 1.77994e-03 -2.27412e-02 2.59362e-03 2.90164e-03 1.94429e-03 2.42519e-02 1.95077e-03 3.31447e-03 2.35832e-03 -2.04753e-02 2.34348e-03 
1800.0 1850.0 1900.0 5.41806e-03 1.67009e-03 2.20044e-02 1.38878e-03 -1.72889e-02 2.04367e-03 5.01419e-03 1.52422e-03 2.40187e-02 1.52170e-03 5.89161e-03 1.84778e-03 -1.55548e-02 1.84713e-03 
1900.0 1950.0 2000.0 3.46159e-03 1.94006e-03 1.79116e-02 1.62892e-03 -1.72821e-02 2.37799e-03 3.21060e-03 1.77040e-03 1.95551e-02 1.78506e-03 3.02547e-03 2.17101e-03 -1.55735e-02 2.14899e-03 
