0.0 2.5 5.0 1.17768e-01 2.67032e-03 1.20913e-01 2.77207e-03 1.15909e-01 2.54324e-03 1.20742e-01 2.62717e-03 1.17272e-01 2.81798e-03 1.14051e-01 2.72806e-03 1.18569e-01 2.49005e-03 
5.0 7.5 10.0 3.57319e-01 4.26789e-03 3.63697e-01 4.50171e-03 3.52108e-01 4.12235e-03 3.64060e-01 4.27943e-03 3.54626e-01 4.58666e-03 3.48001e-01 4.46243e-03 3.58390e-01 3.97756e-03 
10.0 12.5 15.0 5.87469e-01 5.73039e-03 5.99766e-01 5.86250e-03 5.83359e-01 5.51987e-03 5.96892e-01 5.62969e-03 5.87695e-01 5.96271e-03 5.75648e-01 5.86472e-03 5.90628e-01 5.39445e-03 
15.0 17.5 20.0 7.89517e-01 6.46996e-03 8.00493e-01 6.60968e-03 7.89281e-01 5.95412e-03 7.99521e-01 6.32493e-03 7.86873e-01 6.76066e-03 7.76920e-01 6.66228e-03 7.95827e-01 5.82878e-03 
20.0 22.5 25.0 9.81589e-01 6.88081e-03 9.92377e-01 7.04762e-03 9.80851e-01 6.81658e-03 9.90257e-01 6.76811e-03 9.79584e-01 7.16417e-03 9.70590e-01 7.03117e-03 9.85189e-01 6.65720e-03 
25.0 27.5 30.0 1.14152e+00 6.87814e-03 1.14825e+00 7.01742e-03 1.14614e+00 6.83969e-03 1.14788e+00 6.73789e-03 1.13718e+00 7.16168e-03 1.13333e+00 7.06423e-03 1.14692e+00 6.63689e-03 
30.0 32.5 35.0 1.28637e+00 7.45516e-03 1.28649e+00 7.48576e-03 1.30342e+00 7.22761e-03 1.28884e+00 7.21908e-03 1.27881e+00 7.72535e-03 1.28292e+00 7.76463e-03 1.29833e+00 6.95442e-03 
35.0 37.5 40.0 1.44793e+00 7.63064e-03 1.43996e+00 7.65156e-03 1.47018e+00 7.39906e-03 1.44422e+00 7.39555e-03 1.43811e+00 7.88936e-03 1.45204e+00 7.93887e-03 1.45747e+00 7.12680e-03 
40.0 42.5 45.0 1.56937e+00 7.67401e-03 1.55636e+00 7.68519e-03 1.60463e+00 7.71009e-03 1.55944e+00 7.41500e-03 1.56077e+00 7.94985e-03 1.58111e+00 8.01216e-03 1.58371e+00 7.37251e-03 
45.0 47.5 50.0 1.69199e+00 7.83935e-03 1.66685e+00 7.67676e-03 1.74047e+00 7.88629e-03 1.67411e+00 7.54250e-03 1.67883e+00 7.95798e-03 1.71346e+00 8.22501e-03 1.70948e+00 7.50904e-03 
50.0 52.5 55.0 1.80512e+00 7.84025e-03 1.77005e+00 7.72782e-03 1.86476e+00 8.01209e-03 1.78005e+00 7.54016e-03 1.78899e+00 8.02328e-03 1.83540e+00 8.22953e-03 1.82477e+00 7.61472e-03 
55.0 57.5 60.0 1.89064e+00 7.69461e-03 1.84488e+00 7.44296e-03 1.96274e+00 7.93797e-03 1.85848e+00 7.38431e-03 1.87071e+00 7.73079e-03 1.92960e+00 8.09600e-03 1.91387e+00 7.52338e-03 
60.0 62.5 65.0 1.96716e+00 7.95442e-03 1.91199e+00 7.68725e-03 2.05057e+00 8.44505e-03 1.92805e+00 7.59229e-03 1.94465e+00 8.03556e-03 2.01462e+00 8.41975e-03 1.99307e+00 7.94390e-03 
65.0 67.5 70.0 2.00453e+00 7.86070e-03 1.94197e+00 7.53127e-03 2.09762e+00 8.33863e-03 1.96079e+00 7.48369e-03 1.97920e+00 7.89046e-03 2.05764e+00 8.34346e-03 2.03431e+00 7.82793e-03 
70.0 72.5 75.0 2.03574e+00 7.64262e-03 1.96592e+00 7.34829e-03 2.13731e+00 8.07271e-03 1.98656e+00 7.26508e-03 2.00867e+00 7.71566e-03 2.09548e+00 8.12495e-03 2.06751e+00 7.57125e-03 
75.0 77.5 80.0 2.05230e+00 7.68513e-03 1.97673e+00 7.27573e-03 2.16021e+00 8.21258e-03 1.99849e+00 7.28281e-03 2.02430e+00 7.65708e-03 2.11769e+00 8.19720e-03 2.08507e+00 7.67526e-03 
80.0 82.5 85.0 2.02489e+00 7.38081e-03 1.94420e+00 6.95381e-03 2.13868e+00 7.96359e-03 1.96788e+00 6.98390e-03 1.99514e+00 7.32890e-03 2.09418e+00 7.88473e-03 2.05990e+00 7.42899e-03 
85.0 87.5 90.0 1.97049e+00 6.98048e-03 1.88863e+00 6.53332e-03 2.08610e+00 7.77400e-03 1.91237e+00 6.60574e-03 1.94108e+00 6.88232e-03 2.04111e+00 7.45569e-03 2.00645e+00 7.23949e-03 
90.0 92.5 95.0 1.91236e+00 6.83406e-03 1.82892e+00 6.41497e-03 2.02808e+00 7.47866e-03 1.85328e+00 6.45861e-03 1.88263e+00 6.77014e-03 1.98412e+00 7.30910e-03 1.94784e+00 6.96545e-03 
95.0 97.5 100.0 1.83597e+00 6.68847e-03 1.75213e+00 6.21885e-03 1.95391e+00 7.36999e-03 1.77750e+00 6.30471e-03 1.80550e+00 6.57954e-03 1.90697e+00 7.17203e-03 1.87463e+00 6.84922e-03 
100.0 105.0 110.0 1.69059e+00 4.53639e-03 1.60863e+00 4.19564e-03 1.80419e+00 5.02715e-03 1.63437e+00 4.26125e-03 1.66024e+00 4.45607e-03 1.75881e+00 4.88141e-03 1.72851e+00 4.65704e-03 
110.0 115.0 120.0 1.48663e+00 4.25340e-03 1.40950e+00 3.86476e-03 1.58905e+00 4.56349e-03 1.43472e+00 3.97961e-03 1.45745e+00 4.12008e-03 1.54955e+00 4.59469e-03 1.52004e+00 4.22076e-03 
120.0 125.0 130.0 1.28619e+00 3.82121e-03 1.21587e+00 3.46827e-03 1.38282e+00 4.43420e-03 1.23977e+00 3.56957e-03 1.25895e+00 3.70482e-03 1.34240e+00 4.13380e-03 1.32107e+00 4.08446e-03 
130.0 135.0 140.0 1.10070e+00 3.37982e-03 1.03799e+00 3.01455e-03 1.18490e+00 3.81681e-03 1.05964e+00 3.15381e-03 1.07629e+00 3.22208e-03 1.15037e+00 3.65964e-03 1.13076e+00 3.51687e-03 
140.0 145.0 150.0 9.24387e-01 2.96971e-03 8.69637e-01 2.66732e-03 9.97046e-01 3.37216e-03 8.89172e-01 2.76893e-03 9.02564e-01 2.85512e-03 9.66933e-01 3.21754e-03 9.50841e-01 3.10559e-03 
150.0 155.0 160.0 7.80674e-01 2.65697e-03 7.31848e-01 2.38026e-03 8.45102e-01 3.02033e-03 7.49838e-01 2.47354e-03 7.60738e-01 2.55242e-03 8.17892e-01 2.88267e-03 8.04787e-01 2.77864e-03 
160.0 165.0 170.0 6.48138e-01 2.33727e-03 6.06398e-01 2.08684e-03 7.02996e-01 2.66543e-03 6.22072e-01 2.17315e-03 6.30876e-01 2.24107e-03 6.79568e-01 2.53864e-03 6.69036e-01 2.44997e-03 
170.0 175.0 180.0 5.42099e-01 2.11088e-03 5.06002e-01 1.86617e-03 5.89478e-01 2.42495e-03 5.19784e-01 1.96060e-03 5.27001e-01 2.00614e-03 5.68981e-01 2.29474e-03 5.60491e-01 2.22720e-03 
180.0 185.0 190.0 4.53891e-01 1.80879e-03 4.22394e-01 1.58836e-03 4.94946e-01 2.08460e-03 4.34696e-01 1.67905e-03 4.40473e-01 1.70843e-03 4.76994e-01 1.96723e-03 4.70079e-01 1.91393e-03 
190.0 195.0 200.0 3.77055e-01 1.62718e-03 3.50093e-01 1.43101e-03 4.11729e-01 1.85357e-03 3.60800e-01 1.50852e-03 3.65418e-01 1.54172e-03 3.96600e-01 1.77168e-03 3.90754e-01 1.70084e-03 
200.0 212.5 225.0 2.79133e-01 8.88487e-04 2.57898e-01 7.79039e-04 3.06607e-01 1.02954e-03 2.66521e-01 8.22009e-04 2.69802e-01 8.41321e-04 2.94275e-01 9.69119e-04 2.90362e-01 9.43054e-04 
225.0 237.5 250.0 1.76700e-01 6.67562e-04 1.62339e-01 5.70707e-04 1.95220e-01 7.82060e-04 1.68371e-01 6.16847e-04 1.70205e-01 6.17074e-04 1.86680e-01 7.28791e-04 1.84523e-01 7.15861e-04 
250.0 262.5 275.0 1.15308e-01 5.14932e-04 1.05155e-01 4.49112e-04 1.28113e-01 5.97678e-04 1.09561e-01 4.75411e-04 1.10574e-01 4.86260e-04 1.22182e-01 5.62459e-04 1.20763e-01 5.46961e-04 
275.0 287.5 300.0 7.44180e-02 3.88757e-04 6.74903e-02 3.35601e-04 8.32849e-02 4.57120e-04 7.05626e-02 3.58822e-04 7.11227e-02 3.63479e-04 7.90223e-02 4.24656e-04 7.83470e-02 4.18340e-04 
300.0 312.5 325.0 4.93211e-02 3.25581e-04 4.44086e-02 2.78847e-04 5.55784e-02 3.82780e-04 4.66328e-02 3.00341e-04 4.69358e-02 3.02210e-04 5.25269e-02 3.55770e-04 5.21369e-02 3.50234e-04 
325.0 337.5 350.0 3.22422e-02 2.33385e-04 2.88547e-02 1.99495e-04 3.65656e-02 2.77282e-04 3.04176e-02 2.15388e-04 3.05661e-02 2.16124e-04 3.44147e-02 2.54865e-04 3.42283e-02 2.53867e-04 
350.0 362.5 375.0 2.18170e-02 2.02274e-04 1.93825e-02 1.72192e-04 2.49248e-02 2.41252e-04 2.05291e-02 1.86650e-04 2.05866e-02 1.86587e-04 2.33483e-02 2.20879e-04 2.32726e-02 2.20908e-04 
375.0 387.5 400.0 1.51706e-02 1.51360e-04 1.33890e-02 1.28925e-04 1.74238e-02 1.79946e-04 1.42421e-02 1.39716e-04 1.42543e-02 1.39656e-04 1.62731e-02 1.65205e-04 1.62329e-02 1.64853e-04 
400.0 412.5 425.0 1.05364e-02 1.32931e-04 9.25703e-03 1.13078e-04 1.21278e-02 1.54258e-04 9.87501e-03 1.22734e-04 9.87250e-03 1.22466e-04 1.13208e-02 1.45036e-04 1.12816e-02 1.41384e-04 
425.0 437.5 450.0 7.26897e-03 9.66131e-05 6.38030e-03 8.28915e-05 8.43087e-03 1.15438e-04 6.80537e-03 8.92490e-05 6.81242e-03 8.97278e-05 7.81826e-03 1.05345e-04 7.83453e-03 1.05865e-04 
450.0 462.5 475.0 5.23044e-03 8.58763e-05 4.55550e-03 7.29706e-05 6.09259e-03 1.02504e-04 4.88970e-03 7.93525e-05 4.87117e-03 7.89679e-05 5.63381e-03 9.36036e-05 5.65388e-03 9.40404e-05 
475.0 487.5 500.0 3.75887e-03 6.83369e-05 3.25995e-03 5.78195e-05 4.39713e-03 8.19659e-05 3.51052e-03 6.31723e-05 3.48942e-03 6.25453e-05 4.05257e-03 7.44478e-05 4.07685e-03 7.52365e-05 
500.0 512.5 525.0 2.67272e-03 5.59771e-05 2.30927e-03 4.72083e-05 3.12906e-03 6.63476e-05 2.49433e-03 5.17644e-05 2.47367e-03 5.10494e-05 2.88349e-03 6.09567e-05 2.89938e-03 6.09269e-05 
525.0 537.5 550.0 1.96886e-03 4.55561e-05 1.69938e-03 3.86529e-05 2.28646e-03 5.34631e-05 1.83638e-03 4.21442e-05 1.82152e-03 4.17817e-05 2.12525e-03 4.95851e-05 2.11778e-03 4.91182e-05 
550.0 562.5 575.0 1.45866e-03 3.74662e-05 1.25392e-03 3.17601e-05 1.72080e-03 4.49055e-05 1.35399e-03 3.44702e-05 1.34516e-03 3.43209e-05 1.57570e-03 4.07640e-05 1.59257e-03 4.12725e-05 
575.0 587.5 600.0 1.05449e-03 2.93256e-05 9.05029e-04 2.47657e-05 1.24548e-03 3.49878e-05 9.82566e-04 2.71471e-05 9.71083e-04 2.67529e-05 1.13924e-03 3.18929e-05 1.15256e-03 3.21711e-05 
