0.0 12.5 25.0 5.64689e-01 2.62321e-03 5.73758e-01 2.70785e-03 5.61975e-01 2.59425e-03 5.72539e-01 2.55809e-03 5.63231e-01 2.76972e-03 5.54818e-01 2.70942e-03 5.67635e-01 2.50755e-03 
25.0 37.5 50.0 1.42714e+00 3.40205e-03 1.41881e+00 3.40162e-03 1.45179e+00 3.69619e-03 1.42265e+00 3.29028e-03 1.41786e+00 3.51385e-03 1.43222e+00 3.54818e-03 1.43816e+00 3.50754e-03 
50.0 62.5 75.0 1.94290e+00 3.78993e-03 1.88920e+00 3.64629e-03 2.02554e+00 3.95788e-03 1.90484e+00 3.59634e-03 1.92090e+00 3.83546e-03 1.98906e+00 4.03714e-03 1.96936e+00 3.70810e-03 
75.0 87.5 100.0 1.96241e+00 3.44784e-03 1.88000e+00 3.17217e-03 2.07628e+00 3.72837e-03 1.90485e+00 3.24351e-03 1.93177e+00 3.36005e-03 2.03235e+00 3.70547e-03 1.99740e+00 3.46037e-03 
100.0 125.0 150.0 1.29910e+00 1.83295e-03 1.22931e+00 1.66530e-03 1.39293e+00 2.05654e-03 1.25282e+00 1.70984e-03 1.27217e+00 1.78165e-03 1.35515e+00 1.98574e-03 1.33146e+00 1.89394e-03 
150.0 175.0 200.0 5.60849e-01 9.95891e-04 5.23737e-01 8.82986e-04 6.09293e-01 1.12632e-03 5.37880e-01 9.24640e-04 5.45322e-01 9.49638e-04 5.88528e-01 1.08311e-03 5.79437e-01 1.03430e-03 
200.0 225.0 250.0 2.28071e-01 5.65031e-04 2.10234e-01 4.93114e-04 2.51108e-01 6.57921e-04 2.17586e-01 5.22367e-04 2.20131e-01 5.32970e-04 2.40650e-01 6.16683e-04 2.37618e-01 6.02337e-04 
250.0 275.0 300.0 9.50977e-02 3.39783e-04 8.65177e-02 2.91277e-04 1.05920e-01 3.98184e-04 9.02781e-02 3.13533e-04 9.10602e-02 3.15523e-04 1.00859e-01 3.71310e-04 9.97567e-02 3.64254e-04 
300.0 325.0 350.0 4.08576e-02 2.04520e-04 3.66818e-02 1.74386e-04 4.61803e-02 2.43316e-04 3.85952e-02 1.88678e-04 3.88054e-02 1.88986e-04 4.35538e-02 2.23452e-04 4.32816e-02 2.22655e-04 
350.0 375.0 400.0 1.85348e-02 1.27895e-04 1.64273e-02 1.08898e-04 2.12237e-02 1.52484e-04 1.74235e-02 1.18027e-04 1.74655e-02 1.17992e-04 1.98554e-02 1.39640e-04 1.97980e-02 1.39646e-04 
400.0 425.0 450.0 8.96181e-03 8.71669e-05 7.85960e-03 7.42117e-05 1.03679e-02 1.03870e-04 8.39470e-03 8.04890e-05 8.38688e-03 8.03655e-05 9.63414e-03 9.50913e-05 9.63916e-03 9.52107e-05 
450.0 475.0 500.0 4.54158e-03 5.72191e-05 3.94739e-03 4.84449e-05 5.30592e-03 6.86599e-05 4.24360e-03 5.28837e-05 4.22308e-03 5.24148e-05 4.89418e-03 6.23527e-05 4.92153e-03 6.30053e-05 
500.0 550.0 600.0 1.82850e-03 2.31516e-05 1.57638e-03 1.96001e-05 2.15109e-03 2.77387e-05 1.70501e-03 2.14170e-05 1.69013e-03 2.11873e-05 1.97424e-03 2.51998e-05 1.99170e-03 2.54839e-05 
600.0 700.0 800.0 3.79006e-04 7.01264e-06 3.22813e-04 5.87030e-06 4.49708e-04 8.31067e-06 3.52832e-04 6.49796e-06 3.46707e-04 6.33527e-06 4.09775e-04 7.61780e-06 4.15877e-04 7.65068e-06 
800.0 900.0 1000.0 3.98300e-05 1.35506e-06 3.36803e-05 1.13558e-06 4.77989e-05 1.64601e-06 3.70860e-05 1.25824e-06 3.60269e-05 1.21638e-06 4.30410e-05 1.46840e-06 4.42294e-05 1.51899e-06 
