0.0 12.5 25.0 1.78197e+00 5.60992e-03 1.94068e+00 5.00000e-03 1.57626e+00 6.39122e-03 1.88016e+00 5.23796e-03 1.85824e+00 5.35595e-03 1.66120e+00 6.07821e-03 1.71529e+00 5.89967e-03 
25.0 37.5 50.0 5.65810e+00 9.14814e-03 5.82929e+00 8.15557e-03 5.42627e+00 1.04215e-02 5.75485e+00 8.53614e-03 5.76374e+00 8.74244e-03 5.53893e+00 9.91696e-03 5.58089e+00 9.61577e-03 
50.0 62.5 75.0 8.15713e+00 1.01673e-02 8.28346e+00 9.08202e-03 7.97278e+00 1.15530e-02 8.22344e+00 9.52216e-03 8.25569e+00 9.69918e-03 8.07511e+00 1.09788e-02 8.09851e+00 1.07011e-02 
75.0 87.5 100.0 9.24226e+00 1.08268e-02 9.33217e+00 9.29213e-03 9.09580e+00 1.23120e-02 9.28738e+00 1.01457e-02 9.32910e+00 9.89403e-03 9.18613e+00 1.16818e-02 9.20015e+00 1.14123e-02 
100.0 125.0 150.0 7.06948e+00 5.75885e-03 7.12370e+00 5.00061e-03 6.96865e+00 6.22696e-03 7.10027e+00 5.44494e-03 7.12693e+00 5.27755e-03 7.03128e+00 6.15424e-03 7.04770e+00 5.99240e-03 
150.0 175.0 200.0 3.46215e+00 3.50922e-03 3.48174e+00 3.13921e-03 3.41453e+00 3.88567e-03 3.47748e+00 3.32319e-03 3.48444e+00 3.31607e-03 3.44331e+00 3.74206e-03 3.45549e+00 3.65106e-03 
200.0 225.0 250.0 1.45623e+00 1.93227e-03 1.46138e+00 1.71493e-03 1.43677e+00 2.21285e-03 1.46187e+00 1.82898e-03 1.46391e+00 1.81224e-03 1.44934e+00 2.06050e-03 1.45404e+00 2.07551e-03 
250.0 275.0 300.0 6.12773e-01 1.03523e-03 6.13536e-01 9.12138e-04 6.04782e-01 1.26904e-03 6.14701e-01 9.80988e-04 6.15230e-01 9.62614e-04 6.10425e-01 1.10221e-03 6.11885e-01 1.18795e-03 
300.0 325.0 350.0 2.72116e-01 6.07007e-04 2.71991e-01 5.45999e-04 2.69110e-01 7.12222e-04 2.72842e-01 5.74351e-04 2.72940e-01 5.77914e-04 2.71236e-01 6.47068e-04 2.72192e-01 6.67728e-04 
350.0 375.0 400.0 1.29273e-01 3.51596e-04 1.28880e-01 3.08218e-04 1.27985e-01 4.08262e-04 1.29500e-01 3.33931e-04 1.29461e-01 3.24533e-04 1.28997e-01 3.73238e-04 1.29348e-01 3.84538e-04 
400.0 425.0 450.0 6.50383e-02 2.30202e-04 6.47205e-02 2.00475e-04 6.46997e-02 2.54616e-04 6.50946e-02 2.18217e-04 6.50765e-02 2.11477e-04 6.49692e-02 2.44808e-04 6.53103e-02 2.40103e-04 
450.0 475.0 500.0 3.42057e-02 1.40055e-04 3.39873e-02 1.21367e-04 3.39348e-02 1.63066e-04 3.42252e-02 1.33316e-04 3.41877e-02 1.27452e-04 3.41815e-02 1.48275e-04 3.42613e-02 1.54025e-04 
500.0 550.0 600.0 1.48825e-02 4.99239e-05 1.47660e-02 4.35691e-05 1.47942e-02 5.76850e-05 1.48761e-02 4.79966e-05 1.48699e-02 4.53050e-05 1.48896e-02 5.22902e-05 1.49209e-02 5.50853e-05 
600.0 700.0 800.0 3.57836e-03 1.38778e-05 3.53279e-03 1.21910e-05 3.56788e-03 1.60836e-05 3.57175e-03 1.33864e-05 3.56264e-03 1.26451e-05 3.58605e-03 1.44799e-05 3.59305e-03 1.54181e-05 
800.0 900.0 1000.0 6.07107e-04 4.21378e-06 5.94931e-04 3.68594e-06 6.10676e-04 4.86989e-06 6.04535e-04 4.08288e-06 6.01342e-04 3.80636e-06 6.10105e-04 4.37373e-06 6.13153e-04 4.69569e-06 
