0.0 2.5 5.0 -1.66910e-01 2.52287e-03 -1.37351e-01 2.33316e-03 -1.89053e-01 2.80585e-03 -1.50648e-01 2.29014e-03 -1.52291e-01 2.57037e-03 -1.87212e-01 2.80991e-03 -1.68601e-01 2.51980e-03 
5.0 7.5 10.0 -3.92850e-01 4.28629e-03 -3.15323e-01 3.88755e-03 -4.50652e-01 4.86805e-03 -3.54265e-01 3.89027e-03 -3.50026e-01 4.28345e-03 -4.41097e-01 4.77488e-03 -4.01500e-01 4.37059e-03 
10.0 12.5 15.0 -5.32001e-01 5.63027e-03 -4.12700e-01 5.20436e-03 -6.20008e-01 6.34452e-03 -4.79417e-01 5.10995e-03 -4.58639e-01 5.73502e-03 -5.97838e-01 6.27225e-03 -5.52032e-01 5.69548e-03 
15.0 17.5 20.0 -6.29535e-01 6.34097e-03 -4.74278e-01 5.73862e-03 -7.44639e-01 7.14567e-03 -5.66987e-01 5.75774e-03 -5.27585e-01 6.32015e-03 -7.07928e-01 7.05976e-03 -6.62662e-01 6.41857e-03 
20.0 22.5 25.0 -6.87816e-01 7.40299e-03 -4.99878e-01 6.60125e-03 -8.29388e-01 8.35714e-03 -6.19145e-01 6.72219e-03 -5.56672e-01 7.26958e-03 -7.73968e-01 8.24200e-03 -7.37783e-01 7.50687e-03 
25.0 27.5 30.0 -7.03478e-01 7.15495e-03 -4.88356e-01 7.03638e-03 -8.66121e-01 8.03800e-03 -6.32764e-01 6.50103e-03 -5.44732e-01 7.74347e-03 -7.92311e-01 7.95967e-03 -7.70005e-01 7.22592e-03 
30.0 32.5 35.0 -7.09186e-01 8.39972e-03 -4.70220e-01 7.54275e-03 -8.93604e-01 9.54189e-03 -6.37463e-01 7.63073e-03 -5.25321e-01 8.30307e-03 -7.99389e-01 9.34639e-03 -7.94081e-01 8.57578e-03 
35.0 37.5 40.0 -6.85663e-01 8.70198e-03 -4.28995e-01 7.83132e-03 -8.86050e-01 9.94888e-03 -6.15693e-01 7.90611e-03 -4.80441e-01 8.62004e-03 -7.73808e-01 9.68153e-03 -7.86810e-01 8.94259e-03 
40.0 42.5 45.0 -6.54162e-01 9.41753e-03 -3.80136e-01 8.48017e-03 -8.64056e-01 9.88354e-03 -5.86830e-01 8.55693e-03 -4.26987e-01 9.33323e-03 -7.39118e-01 1.04765e-02 -7.66791e-01 8.88677e-03 
45.0 47.5 50.0 -6.14905e-01 9.55158e-03 -3.24289e-01 8.60100e-03 -8.39017e-01 1.03445e-02 -5.50967e-01 8.68081e-03 -3.65800e-01 9.46400e-03 -6.91058e-01 1.03081e-02 -7.44070e-01 9.30491e-03 
50.0 52.5 55.0 -5.45944e-01 1.11813e-02 -2.45416e-01 8.38461e-03 -7.86661e-01 1.22253e-02 -4.88104e-01 1.01598e-02 -2.79253e-01 9.22333e-03 -6.19308e-01 1.24381e-02 -6.96773e-01 1.09911e-02 
55.0 57.5 60.0 -5.38969e-01 1.01718e-02 -2.19896e-01 9.10007e-03 -7.98259e-01 1.15755e-02 -4.81534e-01 9.24681e-03 -2.51517e-01 1.00107e-02 -6.11890e-01 1.13086e-02 -7.06945e-01 1.04124e-02 
60.0 62.5 65.0 -6.36426e-01 1.09200e-02 -2.87166e-01 9.72875e-03 -9.27255e-01 1.24871e-02 -5.69693e-01 9.92586e-03 -3.26049e-01 1.07035e-02 -7.20894e-01 1.21422e-02 -8.22432e-01 1.12310e-02 
65.0 67.5 70.0 -6.77212e-01 1.03862e-02 -3.02034e-01 9.27665e-03 -9.96086e-01 1.18597e-02 -6.06637e-01 9.44494e-03 -3.42608e-01 1.02015e-02 -7.66435e-01 1.15423e-02 -8.84218e-01 1.06724e-02 
70.0 72.5 75.0 -6.12211e-01 1.06341e-02 -2.24639e-01 9.43208e-03 -9.45081e-01 1.25325e-02 -5.47657e-01 9.67460e-03 -2.57412e-01 1.03679e-02 -6.93988e-01 1.18113e-02 -8.38536e-01 1.12844e-02 
75.0 77.5 80.0 -5.10078e-01 1.05450e-02 -1.14149e-01 8.64901e-03 -8.56243e-01 1.18584e-02 -4.55138e-01 9.59426e-03 -1.35592e-01 9.50365e-03 -5.79929e-01 1.17111e-02 -7.59176e-01 1.06793e-02 
80.0 82.5 85.0 -4.51063e-01 9.78432e-03 -3.91969e-02 7.75996e-03 -8.18016e-01 1.12706e-02 -4.01850e-01 8.90743e-03 -5.27938e-02 8.52219e-03 -5.13753e-01 1.08584e-02 -7.27802e-01 1.00335e-02 
85.0 87.5 90.0 -3.15062e-01 9.58862e-03 8.93527e-02 8.51262e-03 -6.84501e-01 1.10423e-02 -2.78608e-01 8.73279e-03 8.88818e-02 9.34712e-03 -3.61946e-01 1.06358e-02 -6.05942e-01 9.95540e-03 
90.0 92.5 95.0 -2.33941e-01 8.77679e-03 1.69969e-01 7.67828e-03 -6.13358e-01 9.63273e-03 -2.06419e-01 7.60059e-03 1.77847e-01 8.42681e-03 -2.71223e-01 9.72988e-03 -5.42579e-01 8.69064e-03 
95.0 97.5 100.0 -1.71453e-01 8.87941e-03 2.31070e-01 7.82691e-03 -5.59266e-01 9.14732e-03 -1.48892e-01 8.09284e-03 2.45464e-01 8.58780e-03 -2.01002e-01 9.84023e-03 -4.94758e-01 8.25619e-03 
100.0 105.0 110.0 -7.21336e-02 5.74070e-03 3.16994e-01 5.07796e-03 -4.53453e-01 6.57839e-03 -5.91771e-02 5.23456e-03 3.40455e-01 5.56908e-03 -8.97126e-02 6.35832e-03 -4.00489e-01 5.93965e-03 
110.0 115.0 120.0 1.54422e-02 4.89943e-03 3.82082e-01 4.31971e-03 -3.55890e-01 5.71932e-03 1.96715e-02 4.47134e-03 4.12713e-01 4.73345e-03 8.79506e-03 5.42075e-03 -3.13983e-01 5.16941e-03 
120.0 125.0 130.0 7.82852e-02 4.35686e-03 4.13772e-01 3.84171e-03 -2.71125e-01 5.09715e-03 7.61273e-02 3.97922e-03 4.48195e-01 4.20645e-03 7.96559e-02 4.81592e-03 -2.38802e-01 4.61135e-03 
130.0 135.0 140.0 1.24827e-01 3.92498e-03 4.26548e-01 3.46429e-03 -1.97286e-01 4.58909e-03 1.17867e-01 3.58681e-03 4.62810e-01 3.79106e-03 1.32260e-01 4.33549e-03 -1.73277e-01 4.15468e-03 
140.0 145.0 150.0 1.39822e-01 3.29541e-03 4.08625e-01 2.91778e-03 -1.53939e-01 3.92178e-03 1.30947e-01 3.01340e-03 4.43688e-01 3.19098e-03 1.49767e-01 3.63722e-03 -1.35097e-01 3.55329e-03 
150.0 155.0 160.0 1.43629e-01 2.88804e-03 3.79469e-01 2.54286e-03 -1.18529e-01 3.39792e-03 1.33915e-01 2.64239e-03 4.12192e-01 2.77938e-03 1.54741e-01 3.18541e-03 -1.03912e-01 3.08077e-03 
160.0 165.0 170.0 1.45427e-01 2.59356e-03 3.50261e-01 2.28735e-03 -8.60471e-02 3.04609e-03 1.35146e-01 2.37435e-03 3.80573e-01 2.49863e-03 1.57344e-01 2.85856e-03 -7.51916e-02 2.76374e-03 
170.0 175.0 180.0 1.44083e-01 2.32663e-03 3.20408e-01 2.04072e-03 -5.79495e-02 2.74174e-03 1.33598e-01 2.13117e-03 3.48184e-01 2.22800e-03 1.56334e-01 2.56262e-03 -5.02740e-02 2.48935e-03 
180.0 185.0 190.0 1.32426e-01 1.93317e-03 2.84935e-01 1.70406e-03 -4.48398e-02 2.27939e-03 1.22664e-01 1.77156e-03 3.09627e-01 1.85959e-03 1.43873e-01 2.12809e-03 -3.88435e-02 2.07063e-03 
190.0 195.0 200.0 1.24510e-01 1.79968e-03 2.54487e-01 1.57196e-03 -2.90495e-02 2.07646e-03 1.15197e-01 1.64992e-03 2.76543e-01 1.71471e-03 1.35470e-01 1.98015e-03 -2.48903e-02 1.88732e-03 
200.0 212.5 225.0 1.05544e-01 9.26910e-04 2.04687e-01 8.13282e-04 -1.30355e-02 1.09576e-03 9.75619e-02 8.50458e-04 2.22381e-01 8.86425e-04 1.14959e-01 1.01886e-03 -1.07952e-02 9.96881e-04 
225.0 237.5 250.0 7.85068e-02 6.44500e-04 1.45267e-01 5.70605e-04 -3.21710e-03 7.61443e-04 7.25321e-02 5.91903e-04 1.57753e-01 6.21341e-04 8.55688e-02 7.07612e-04 -2.29738e-03 6.93534e-04 
250.0 262.5 275.0 5.94525e-02 4.86767e-04 1.04271e-01 4.27283e-04 3.75140e-03 5.76305e-04 5.49139e-02 4.47498e-04 1.13177e-01 4.64795e-04 6.48249e-02 5.33776e-04 3.80553e-03 5.25552e-04 
275.0 287.5 300.0 4.50863e-02 3.64330e-04 7.52242e-02 3.20134e-04 6.99738e-03 4.32187e-04 4.16416e-02 3.35192e-04 8.16092e-02 3.47977e-04 4.91667e-02 3.99155e-04 6.62344e-03 3.94484e-04 
300.0 312.5 325.0 3.37535e-02 2.97094e-04 5.42948e-02 2.59608e-04 7.48520e-03 3.52575e-04 3.11777e-02 2.73546e-04 5.88746e-02 2.81965e-04 3.68034e-02 3.25191e-04 6.98688e-03 3.22116e-04 
325.0 337.5 350.0 2.48920e-02 2.12091e-04 3.91701e-02 1.88160e-04 6.41334e-03 2.51794e-04 2.29980e-02 1.95424e-04 4.24535e-02 2.04215e-04 2.71325e-02 2.31941e-04 5.95962e-03 2.30246e-04 
350.0 362.5 375.0 1.85136e-02 1.63775e-04 2.84437e-02 1.43754e-04 5.51279e-03 1.94132e-04 1.71098e-02 1.50998e-04 3.08131e-02 1.55924e-04 2.01733e-02 1.78971e-04 5.10670e-03 1.77650e-04 
375.0 387.5 400.0 1.41588e-02 1.35266e-04 2.11848e-02 1.18724e-04 4.89505e-03 1.61920e-04 1.30890e-02 1.24781e-04 2.29389e-02 1.28704e-04 1.54229e-02 1.47719e-04 4.52396e-03 1.48272e-04 
400.0 412.5 425.0 1.06371e-02 1.09022e-04 1.57107e-02 9.71106e-05 3.90023e-03 1.28865e-04 9.83686e-03 1.00627e-04 1.70039e-02 1.05215e-04 1.15822e-02 1.18979e-04 3.60184e-03 1.18082e-04 
425.0 437.5 450.0 8.14707e-03 8.55885e-05 1.18152e-02 7.39084e-05 3.19998e-03 1.01379e-04 7.53656e-03 7.90435e-05 1.27822e-02 8.00300e-05 8.86785e-03 9.33427e-05 2.95300e-03 9.29587e-05 
450.0 462.5 475.0 6.38779e-03 7.02526e-05 9.02486e-03 6.17251e-05 2.80525e-03 8.31767e-05 5.91089e-03 6.49143e-05 9.75953e-03 6.68036e-05 6.95049e-03 7.65707e-05 2.58684e-03 7.63149e-05 
475.0 487.5 500.0 4.71154e-03 5.21339e-05 6.70254e-03 4.61494e-05 2.02880e-03 6.32748e-05 4.36134e-03 4.81969e-05 7.24531e-03 4.99211e-05 5.12432e-03 5.67883e-05 1.87151e-03 5.80872e-05 
500.0 512.5 525.0 3.70404e-03 4.20991e-05 5.18204e-03 3.77060e-05 1.66421e-03 4.90275e-05 3.42971e-03 3.89331e-05 5.59967e-03 4.07737e-05 4.02712e-03 4.58392e-05 1.53502e-03 4.50281e-05 
525.0 537.5 550.0 2.98121e-03 3.71431e-05 4.08706e-03 3.29267e-05 1.44962e-03 4.38184e-05 2.76117e-03 3.43620e-05 4.41494e-03 3.55929e-05 3.24014e-03 4.04255e-05 1.33681e-03 4.02614e-05 
550.0 562.5 575.0 2.36393e-03 3.00638e-05 3.20134e-03 2.68149e-05 1.18822e-03 3.45900e-05 2.19013e-03 2.78247e-05 3.45697e-03 2.89737e-05 2.56830e-03 3.27035e-05 1.09586e-03 3.17981e-05 
575.0 587.5 600.0 1.88874e-03 2.50268e-05 2.53386e-03 2.23056e-05 9.65752e-04 2.89114e-05 1.75029e-03 2.31703e-05 2.73540e-03 2.40936e-05 2.05145e-03 2.72137e-05 9.06131e-04 2.72978e-05 
