0.0 2.5 5.0 -2.10513e-04 7.00712e-05 -1.66479e-04 6.24743e-05 -1.82393e-04 8.31221e-05 -1.71314e-04 6.63765e-05 -1.84201e-04 6.81844e-05 -2.35238e-04 7.71462e-05 -1.62304e-04 7.55197e-05 
5.0 7.5 10.0 -1.78623e-04 1.68538e-04 -1.24373e-04 1.50930e-04 -1.20415e-04 1.89607e-04 -1.54264e-04 1.54365e-04 -1.45635e-04 1.64801e-04 -2.10354e-04 1.85655e-04 -9.65090e-05 1.72145e-04 
10.0 12.5 15.0 -3.80607e-04 2.48347e-04 -3.58223e-04 2.28726e-04 -3.34047e-04 2.71420e-04 -3.33026e-04 2.27401e-04 -4.07721e-04 2.49822e-04 -4.41932e-04 2.73659e-04 -2.82120e-04 2.46358e-04 
15.0 17.5 20.0 -6.17102e-04 3.09528e-04 -6.06922e-04 2.66623e-04 -9.64380e-04 3.13076e-04 -5.42969e-04 2.83459e-04 -5.73000e-04 2.97167e-04 -8.62518e-04 3.27904e-04 -8.88544e-04 2.60629e-04 
20.0 22.5 25.0 -1.65292e-04 4.34212e-04 -1.45721e-04 3.85947e-04 6.91332e-05 4.86759e-04 -1.22153e-04 3.97519e-04 -1.89782e-04 4.21593e-04 -2.24627e-04 4.78570e-04 1.03025e-04 4.41692e-04 
25.0 27.5 30.0 -5.94507e-04 4.74339e-04 -4.45970e-04 4.25003e-04 -2.45168e-04 5.42782e-04 -5.09541e-04 4.34443e-04 -5.23729e-04 4.64066e-04 -7.05773e-04 5.22524e-04 -1.73742e-04 4.92767e-04 
30.0 32.5 35.0 6.40597e-04 5.27333e-04 6.59596e-04 4.72918e-04 1.11081e-03 5.92495e-04 6.26449e-04 4.82854e-04 6.78502e-04 5.16522e-04 6.47875e-04 5.81084e-04 1.06326e-03 5.37752e-04 
35.0 37.5 40.0 1.28375e-03 5.69801e-04 1.44047e-03 5.38657e-04 1.80018e-03 6.38989e-04 1.21976e-03 5.21794e-04 1.52603e-03 5.88367e-04 1.35018e-03 6.27800e-04 1.59043e-03 5.98440e-04 
40.0 42.5 45.0 3.80442e-04 6.58221e-04 5.99920e-04 5.87600e-04 8.98272e-04 7.28840e-04 3.97572e-04 6.02776e-04 6.03629e-04 6.41624e-04 3.47647e-04 7.25202e-04 8.82194e-04 6.61542e-04 
45.0 47.5 50.0 5.54824e-04 6.28917e-04 6.40289e-04 5.64956e-04 1.30097e-03 6.44116e-04 5.63327e-04 5.75959e-04 6.40943e-04 6.16954e-04 5.30957e-04 6.92888e-04 1.25488e-03 5.84891e-04 
50.0 52.5 55.0 9.50023e-04 6.78669e-04 1.03924e-03 6.09063e-04 1.60743e-03 7.60138e-04 9.25489e-04 6.21654e-04 1.07649e-03 6.64969e-04 9.66020e-04 7.47509e-04 1.53669e-03 6.90171e-04 
55.0 57.5 60.0 1.66071e-03 6.53454e-04 1.65775e-03 5.83725e-04 2.71003e-03 7.94936e-04 1.58030e-03 5.98581e-04 1.74787e-03 6.37284e-04 1.74329e-03 7.19702e-04 2.54356e-03 7.21689e-04 
60.0 62.5 65.0 1.49667e-03 6.23802e-04 1.28768e-03 5.61157e-04 2.21005e-03 7.38516e-04 1.43484e-03 5.71574e-04 1.33819e-03 6.12518e-04 1.55564e-03 6.86819e-04 2.09633e-03 6.70696e-04 
65.0 67.5 70.0 2.80052e-03 6.98158e-04 2.67874e-03 6.23519e-04 4.59124e-03 8.17059e-04 2.63129e-03 6.39636e-04 2.85534e-03 6.80625e-04 2.98866e-03 7.68786e-04 4.26205e-03 7.42191e-04 
70.0 72.5 75.0 1.15208e-03 6.68819e-04 1.19433e-03 5.71137e-04 1.82237e-03 7.54688e-04 1.12137e-03 6.12815e-04 1.23408e-03 6.23281e-04 1.17298e-03 7.36390e-04 1.74613e-03 6.85509e-04 
75.0 77.5 80.0 2.73416e-03 7.73541e-04 2.48516e-03 6.93104e-04 3.64094e-03 8.71901e-04 2.57537e-03 7.08898e-04 2.63854e-03 7.56368e-04 2.90853e-03 8.51505e-04 3.40422e-03 7.92171e-04 
80.0 82.5 85.0 3.14113e-03 6.45670e-04 3.08679e-03 5.82530e-04 4.20349e-03 7.40402e-04 2.94958e-03 5.91798e-04 3.29428e-03 6.35593e-04 3.35471e-03 7.10621e-04 3.87604e-03 6.88615e-04 
85.0 87.5 90.0 3.12134e-03 7.35617e-04 2.93701e-03 6.25692e-04 3.88649e-03 8.58693e-04 2.93976e-03 6.84994e-04 3.13156e-03 6.82577e-04 3.33134e-03 8.09493e-04 3.63163e-03 7.80353e-04 
90.0 92.5 95.0 2.85606e-03 7.51115e-04 3.00381e-03 6.22851e-04 3.82813e-03 8.49136e-04 2.69085e-03 6.88528e-04 3.20234e-03 6.79385e-04 3.03732e-03 8.26555e-04 3.57965e-03 7.71736e-04 
95.0 97.5 100.0 4.83772e-03 6.99885e-04 4.58051e-03 6.22117e-04 6.09528e-03 8.39124e-04 4.50501e-03 6.41780e-04 4.92346e-03 6.78505e-04 5.22146e-03 7.69868e-04 5.63798e-03 7.62981e-04 
100.0 105.0 110.0 5.71270e-03 5.45724e-04 5.35303e-03 4.86378e-04 7.01136e-03 5.89763e-04 5.30748e-03 5.00363e-04 5.76586e-03 5.30515e-04 6.18378e-03 6.00371e-04 6.46991e-03 5.36255e-04 
110.0 115.0 120.0 5.89688e-03 5.65321e-04 5.52874e-03 5.03117e-04 7.14034e-03 6.21745e-04 5.47744e-03 5.18555e-04 5.85227e-03 5.33316e-04 6.38488e-03 6.21605e-04 6.58746e-03 5.65459e-04 
120.0 125.0 130.0 6.84824e-03 5.26992e-04 6.34157e-03 4.67256e-04 7.51690e-03 5.60839e-04 6.34775e-03 4.83564e-04 6.84500e-03 5.09268e-04 7.43445e-03 5.79220e-04 6.92609e-03 5.10395e-04 
130.0 135.0 140.0 6.59509e-03 4.77209e-04 6.15896e-03 4.21922e-04 7.60301e-03 5.52487e-04 6.10862e-03 4.40082e-04 6.64914e-03 4.59739e-04 7.16083e-03 5.24341e-04 7.00214e-03 5.02895e-04 
140.0 145.0 150.0 7.86922e-03 4.42696e-04 7.09028e-03 3.83700e-04 9.28213e-03 5.08890e-04 7.28014e-03 4.06462e-04 7.66611e-03 4.17966e-04 8.56325e-03 4.86208e-04 8.52808e-03 4.63411e-04 
150.0 155.0 160.0 7.62032e-03 3.92697e-04 7.08356e-03 3.46601e-04 8.88100e-03 4.51246e-04 7.04791e-03 3.60587e-04 7.66199e-03 3.77497e-04 8.29534e-03 4.31248e-04 8.15740e-03 4.10960e-04 
160.0 165.0 170.0 7.70720e-03 3.88657e-04 7.34603e-03 3.48367e-04 8.79270e-03 4.31774e-04 7.12622e-03 3.57018e-04 7.94938e-03 3.79247e-04 8.39296e-03 4.26608e-04 8.07378e-03 3.93372e-04 
170.0 175.0 180.0 7.07811e-03 3.75403e-04 6.57027e-03 3.31103e-04 8.29457e-03 4.32175e-04 6.54662e-03 3.44908e-04 7.10645e-03 3.60405e-04 7.70502e-03 4.11965e-04 7.61944e-03 3.93856e-04 
180.0 185.0 190.0 7.78951e-03 3.48210e-04 7.18828e-03 2.85554e-04 8.99097e-03 4.01551e-04 7.19746e-03 3.20010e-04 7.78179e-03 3.10684e-04 8.48978e-03 3.81999e-04 8.24965e-03 3.66081e-04 
190.0 195.0 200.0 7.47568e-03 3.20617e-04 6.87941e-03 2.76585e-04 8.57291e-03 3.69813e-04 6.90641e-03 2.94777e-04 7.44850e-03 3.00852e-04 8.14933e-03 3.51547e-04 7.86486e-03 3.37312e-04 
200.0 212.5 225.0 6.96689e-03 2.06134e-04 6.35776e-03 1.75928e-04 7.97342e-03 2.38131e-04 6.43677e-03 1.89599e-04 6.88297e-03 1.91297e-04 7.59420e-03 2.25910e-04 7.31552e-03 2.17308e-04 
225.0 237.5 250.0 6.03876e-03 1.70615e-04 5.57887e-03 1.48766e-04 6.89060e-03 2.01532e-04 5.57972e-03 1.57004e-04 6.03938e-03 1.61674e-04 6.58188e-03 1.86874e-04 6.32296e-03 1.84010e-04 
250.0 262.5 275.0 5.70757e-03 1.40146e-04 5.25342e-03 1.21494e-04 6.47921e-03 1.63691e-04 5.27211e-03 1.29062e-04 5.68849e-03 1.31936e-04 6.22317e-03 1.53365e-04 5.94317e-03 1.49595e-04 
275.0 287.5 300.0 5.08715e-03 1.23905e-04 4.66484e-03 1.07164e-04 5.74114e-03 1.44069e-04 4.69941e-03 1.14164e-04 5.05058e-03 1.16313e-04 5.54612e-03 1.35508e-04 5.26675e-03 1.31742e-04 
300.0 312.5 325.0 4.28390e-03 1.08791e-04 3.93749e-03 9.41918e-05 4.86384e-03 1.28100e-04 3.95829e-03 1.00278e-04 4.26209e-03 1.02194e-04 4.66912e-03 1.18922e-04 4.46297e-03 1.17193e-04 
325.0 337.5 350.0 3.43563e-03 9.13539e-05 3.16248e-03 7.87474e-05 3.86913e-03 1.07365e-04 3.17592e-03 8.42480e-05 3.42167e-03 8.53936e-05 3.74258e-03 9.98003e-05 3.55230e-03 9.82853e-05 
350.0 362.5 375.0 2.98061e-03 7.40079e-05 2.75560e-03 6.15782e-05 3.35085e-03 8.70713e-05 2.75566e-03 6.82929e-05 2.98104e-03 6.67280e-05 3.24643e-03 8.07913e-05 3.07688e-03 7.97648e-05 
375.0 387.5 400.0 2.51515e-03 6.50581e-05 2.33168e-03 5.57001e-05 2.83547e-03 7.68043e-05 2.32584e-03 6.00685e-05 2.52184e-03 6.03261e-05 2.73879e-03 7.09731e-05 2.60424e-03 7.04063e-05 
400.0 412.5 425.0 2.20557e-03 5.41706e-05 2.00131e-03 4.60152e-05 2.48570e-03 6.59191e-05 2.03995e-03 5.00475e-05 2.16399e-03 4.98071e-05 2.40114e-03 5.90518e-05 2.28349e-03 6.04692e-05 
425.0 437.5 450.0 1.87798e-03 4.72453e-05 1.69912e-03 4.00918e-05 2.13073e-03 5.64470e-05 1.73736e-03 4.36681e-05 1.83679e-03 4.33766e-05 2.04396e-03 5.14762e-05 1.95786e-03 5.18084e-05 
450.0 462.5 475.0 1.59783e-03 4.10721e-05 1.43724e-03 3.47570e-05 1.82107e-03 4.92232e-05 1.47856e-03 3.79780e-05 1.55328e-03 3.75889e-05 1.73852e-03 4.47281e-05 1.67381e-03 4.52000e-05 
475.0 487.5 500.0 1.30110e-03 3.33628e-05 1.16721e-03 2.81989e-05 1.48565e-03 4.00337e-05 1.20435e-03 3.08609e-05 1.26105e-03 3.04851e-05 1.41513e-03 3.63164e-05 1.36601e-03 3.67780e-05 
500.0 512.5 525.0 1.02018e-03 2.56639e-05 9.11205e-04 2.15817e-05 1.16478e-03 3.08702e-05 9.44644e-04 2.37486e-05 9.84120e-04 2.33226e-05 1.10912e-03 2.79229e-05 1.07143e-03 2.83732e-05 
525.0 537.5 550.0 9.36639e-04 2.63020e-05 8.29642e-04 2.18902e-05 1.05830e-03 3.12066e-05 8.67454e-04 2.43454e-05 8.95845e-04 2.36495e-05 1.01807e-03 2.86083e-05 9.73712e-04 2.86908e-05 
550.0 562.5 575.0 7.94459e-04 2.15180e-05 7.04557e-04 1.81472e-05 9.17518e-04 2.61749e-05 7.35984e-04 1.99248e-05 7.60562e-04 1.95984e-05 8.63240e-04 2.33941e-05 8.44444e-04 2.40758e-05 
575.0 587.5 600.0 6.41879e-04 1.85544e-05 5.67361e-04 1.56075e-05 7.48032e-04 2.25304e-05 5.94818e-04 1.71865e-05 6.12269e-04 1.68499e-05 6.97196e-04 2.01641e-05 6.88703e-04 2.07325e-05 
