0.0 12.5 25.0 1.53724e-02 1.92242e-04 1.53467e-02 1.71952e-04 1.54934e-02 2.12830e-04 1.54026e-02 1.77561e-04 1.53192e-02 1.86076e-04 1.50710e-02 1.71153e-04 1.55192e-02 1.94662e-04 
25.0 37.5 50.0 4.30435e-02 3.24059e-04 4.28592e-02 2.93981e-04 4.35323e-02 3.59822e-04 4.30393e-02 2.99092e-04 4.28713e-02 3.18463e-04 4.30376e-02 3.54458e-04 4.34970e-02 3.28901e-04 
50.0 62.5 75.0 6.04674e-02 4.18326e-04 6.00614e-02 3.78537e-04 6.12679e-02 3.95244e-04 6.04177e-02 3.85334e-04 6.01209e-02 4.10901e-04 6.05118e-02 4.58400e-04 6.11693e-02 3.61497e-04 
75.0 87.5 100.0 6.78185e-02 4.36286e-04 6.70723e-02 3.93046e-04 6.91423e-02 4.88176e-04 6.76119e-02 4.01870e-04 6.72886e-02 4.26662e-04 6.80498e-02 4.77999e-04 6.88443e-02 4.45536e-04 
100.0 125.0 150.0 6.47791e-02 2.90378e-04 6.35595e-02 2.60264e-04 6.65080e-02 3.42702e-04 6.42946e-02 2.67375e-04 6.40501e-02 2.82636e-04 6.53462e-02 3.18171e-04 6.58898e-02 3.12602e-04 
150.0 175.0 200.0 4.88694e-02 2.09868e-04 4.75565e-02 1.86431e-04 5.06755e-02 2.38043e-04 4.82844e-02 1.93410e-04 4.81478e-02 2.02267e-04 4.95606e-02 2.29678e-04 4.99467e-02 2.17495e-04 
200.0 225.0 250.0 3.23537e-02 1.38080e-04 3.12403e-02 1.21396e-04 3.39288e-02 1.60591e-04 3.18632e-02 1.27412e-04 3.17332e-02 1.31545e-04 3.29341e-02 1.50874e-04 3.33152e-02 1.46961e-04 
250.0 275.0 300.0 2.10681e-02 1.01530e-04 2.01725e-02 8.83883e-05 2.22425e-02 1.18072e-04 2.06599e-02 9.37268e-05 2.05800e-02 9.57378e-05 2.15514e-02 1.10854e-04 2.17406e-02 1.08133e-04 
300.0 325.0 350.0 1.35754e-02 7.71244e-05 1.29325e-02 6.69942e-05 1.44059e-02 8.99127e-05 1.32857e-02 7.12106e-05 1.32215e-02 7.25543e-05 1.39179e-02 8.41707e-05 1.40519e-02 8.23830e-05 
350.0 375.0 400.0 8.65093e-03 5.27757e-05 8.18423e-03 4.53908e-05 9.25260e-03 6.29565e-05 8.43929e-03 4.87772e-05 8.39420e-03 4.91085e-05 8.90102e-03 5.75247e-05 8.99372e-03 5.77535e-05 
400.0 425.0 450.0 5.44046e-03 3.83520e-05 5.09804e-03 3.26879e-05 5.87498e-03 4.56212e-05 5.28545e-03 3.54696e-05 5.25007e-03 3.53422e-05 5.62347e-03 4.17662e-05 5.68454e-03 4.18897e-05 
450.0 475.0 500.0 3.42766e-03 2.92650e-05 3.18376e-03 2.49321e-05 3.74066e-03 3.50199e-05 3.31661e-03 2.70799e-05 3.29177e-03 2.69430e-05 3.55862e-03 3.18476e-05 3.60330e-03 3.21789e-05 
500.0 550.0 600.0 1.77913e-03 1.43702e-05 1.63171e-03 1.21582e-05 1.96560e-03 1.72234e-05 1.71380e-03 1.33063e-05 1.69439e-03 1.31301e-05 1.85601e-03 1.56246e-05 1.88425e-03 1.58404e-05 
600.0 700.0 800.0 5.65057e-04 5.29895e-06 5.07124e-04 4.40280e-06 6.37549e-04 6.39329e-06 5.40372e-04 4.91300e-06 5.30329e-04 4.74867e-06 5.94023e-04 5.75233e-06 6.06430e-04 5.88935e-06 
800.0 900.0 1000.0 1.27393e-04 2.06843e-06 1.12062e-04 1.72978e-06 1.47359e-04 2.54281e-06 1.21058e-04 1.92157e-06 1.17931e-04 1.86199e-06 1.34796e-04 2.24012e-06 1.39250e-04 2.34796e-06 
