0.0 50.0 100.0 6.83307e-03 1.99102e-04 7.04402e-03 1.88124e-04 6.81676e-03 2.11592e-04 6.93535e-03 1.81318e-04 6.79231e-03 2.05553e-04 6.70412e-03 2.21119e-04 6.88494e-03 1.90507e-04 
100.0 150.0 200.0 7.72239e-01 1.52373e-03 7.98059e-01 1.41696e-03 7.50512e-01 1.64180e-03 7.88204e-01 1.39461e-03 7.80106e-01 1.54790e-03 7.52417e-01 1.68322e-03 7.66477e-01 1.48599e-03 
200.0 250.0 300.0 1.83778e+00 2.74159e-03 1.89861e+00 2.60248e-03 1.78192e+00 2.99600e-03 1.87089e+00 2.50617e-03 1.86494e+00 2.84768e-03 1.79800e+00 3.13578e-03 1.81899e+00 2.70993e-03 
300.0 350.0 400.0 1.74737e+00 2.87581e-03 1.79746e+00 2.61284e-03 1.69677e+00 3.39640e-03 1.77385e+00 2.72589e-03 1.77356e+00 2.85802e-03 1.71576e+00 3.29649e-03 1.72910e+00 3.07207e-03 
400.0 450.0 500.0 1.21186e+00 2.70121e-03 1.24113e+00 2.40851e-03 1.17989e+00 3.02224e-03 1.22692e+00 2.47004e-03 1.22891e+00 2.63365e-03 1.19340e+00 2.98324e-03 1.20047e+00 2.73652e-03 
500.0 550.0 600.0 7.49416e-01 1.93566e-03 7.64661e-01 1.72676e-03 7.31740e-01 2.18481e-03 7.57048e-01 1.77233e-03 7.59410e-01 1.88589e-03 7.40086e-01 2.13427e-03 7.43295e-01 1.98149e-03 
600.0 650.0 700.0 4.47608e-01 1.20748e-03 4.54655e-01 1.06932e-03 4.38224e-01 1.65068e-03 4.51074e-01 1.10720e-03 4.52855e-01 1.16615e-03 4.43377e-01 1.32912e-03 4.44225e-01 1.49816e-03 
700.0 750.0 800.0 2.63748e-01 8.43687e-04 2.66972e-01 7.42046e-04 2.59148e-01 9.67966e-04 2.65389e-01 7.74316e-04 2.66426e-01 8.08513e-04 2.61749e-01 9.27596e-04 2.62355e-01 8.80394e-04 
800.0 850.0 900.0 1.55769e-01 6.33630e-04 1.57272e-01 5.53808e-04 1.53498e-01 7.25075e-04 1.56580e-01 5.81767e-04 1.57167e-01 6.03173e-04 1.54781e-01 6.96213e-04 1.55278e-01 6.60008e-04 
900.0 950.0 1000.0 9.35428e-02 4.59172e-04 9.41574e-02 3.99537e-04 9.22829e-02 5.13117e-04 9.39154e-02 4.21866e-04 9.42326e-02 4.34869e-04 9.30888e-02 5.04089e-04 9.32686e-02 4.67479e-04 
1000.0 1050.0 1100.0 5.74481e-02 3.21702e-04 5.76111e-02 2.78942e-04 5.68687e-02 3.75057e-04 5.75773e-02 2.95789e-04 5.77653e-02 3.03379e-04 5.72897e-02 3.52835e-04 5.73712e-02 3.41965e-04 
1100.0 1150.0 1200.0 3.53580e-02 1.82965e-04 3.54056e-02 1.57813e-04 3.50218e-02 2.14583e-04 3.54231e-02 1.68463e-04 3.55238e-02 1.71396e-04 3.52778e-02 2.00357e-04 3.53296e-02 1.95955e-04 
1200.0 1250.0 1300.0 2.25673e-02 1.59531e-04 2.25060e-02 1.37179e-04 2.24451e-02 1.87705e-04 2.25667e-02 1.46870e-04 2.26240e-02 1.49005e-04 2.25665e-02 1.74689e-04 2.25940e-02 1.71418e-04 
1300.0 1350.0 1400.0 1.42551e-02 1.05456e-04 1.42116e-02 9.03208e-05 1.41662e-02 1.24631e-04 1.42571e-02 9.71768e-05 1.42876e-02 9.80151e-05 1.42520e-02 1.15349e-04 1.42694e-02 1.13942e-04 
1400.0 1450.0 1500.0 9.47137e-03 8.85510e-05 9.39148e-03 7.56571e-05 9.47010e-03 1.04933e-04 9.44982e-03 8.16153e-05 9.46336e-03 8.20870e-05 9.49650e-03 9.68269e-05 9.51030e-03 9.59649e-05 
1500.0 1550.0 1600.0 5.99207e-03 6.96745e-05 5.96171e-03 5.93989e-05 5.97786e-03 8.38261e-05 5.99232e-03 6.42108e-05 5.99646e-03 6.44538e-05 6.01049e-03 7.71261e-05 6.02289e-03 7.66586e-05 
1600.0 1650.0 1700.0 4.16525e-03 4.70276e-05 4.10310e-03 3.59498e-05 4.15796e-03 5.13624e-05 4.14968e-03 4.33818e-05 4.14052e-03 3.89649e-05 4.18356e-03 5.13681e-05 4.17160e-03 4.70292e-05 
1700.0 1750.0 1800.0 2.74327e-03 3.31860e-05 2.71298e-03 2.80453e-05 2.74401e-03 3.97975e-05 2.73629e-03 3.06323e-05 2.73589e-03 3.03834e-05 2.75144e-03 3.62224e-05 2.75723e-03 3.64616e-05 
1800.0 1850.0 1900.0 1.91684e-03 2.46310e-05 1.88582e-03 2.07844e-05 1.92902e-03 2.95905e-05 1.90742e-03 2.27412e-05 1.90594e-03 2.25117e-05 1.92795e-03 2.68766e-05 1.93238e-03 2.71184e-05 
1900.0 1950.0 2000.0 1.30478e-03 1.67585e-05 1.28389e-03 1.41136e-05 1.31286e-03 1.99696e-05 1.29933e-03 1.54870e-05 1.29689e-03 1.52724e-05 1.31115e-03 1.82667e-05 1.31671e-03 1.83202e-05 
