0.0 2.5 5.0 1.20388e-01 1.52732e-03 1.23154e-01 1.52461e-03 1.17927e-01 1.35908e-03 1.23229e-01 1.46121e-03 1.19625e-01 1.59246e-03 1.16837e-01 1.61287e-03 1.20475e-01 1.30207e-03 
5.0 7.5 10.0 3.59753e-01 2.77332e-03 3.67504e-01 2.71975e-03 3.55124e-01 2.81402e-03 3.66585e-01 2.63441e-03 3.58864e-01 2.85907e-03 3.51200e-01 2.95182e-03 3.60811e-01 2.63837e-03 
10.0 12.5 15.0 5.82740e-01 3.53122e-03 5.92763e-01 3.44438e-03 5.78367e-01 3.21281e-03 5.91555e-01 3.15147e-03 5.81131e-01 3.63963e-03 5.71618e-01 3.77802e-03 5.85075e-01 3.02932e-03 
15.0 17.5 20.0 7.82753e-01 4.35485e-03 7.96561e-01 3.59341e-03 7.80520e-01 4.53779e-03 7.92348e-01 4.08196e-03 7.83757e-01 3.78245e-03 7.70663e-01 4.70076e-03 7.86890e-01 4.19870e-03 
20.0 22.5 25.0 9.71075e-01 4.50685e-03 9.79749e-01 4.58207e-03 9.71819e-01 4.21570e-03 9.79421e-01 4.23858e-03 9.67130e-01 4.88390e-03 9.60474e-01 4.84747e-03 9.75711e-01 3.94233e-03 
25.0 27.5 30.0 1.14098e+00 4.66964e-03 1.14510e+00 5.03664e-03 1.14540e+00 5.52027e-03 1.14670e+00 4.39046e-03 1.13445e+00 5.38998e-03 1.13358e+00 5.02366e-03 1.14554e+00 5.08890e-03 
30.0 32.5 35.0 1.30303e+00 5.43715e-03 1.30225e+00 4.93245e-03 1.31844e+00 5.77423e-03 1.30413e+00 5.06902e-03 1.29597e+00 5.27042e-03 1.30126e+00 5.90004e-03 1.31199e+00 5.31379e-03 
35.0 37.5 40.0 1.44358e+00 5.45977e-03 1.43656e+00 5.16790e-03 1.46792e+00 5.82773e-03 1.43941e+00 5.09331e-03 1.43528e+00 5.53225e-03 1.44827e+00 5.92068e-03 1.45453e+00 5.36507e-03 
40.0 42.5 45.0 1.56693e+00 5.65627e-03 1.55193e+00 5.31732e-03 1.60102e+00 6.18959e-03 1.55657e+00 5.26426e-03 1.55664e+00 5.70550e-03 1.57921e+00 6.14797e-03 1.57977e+00 5.68159e-03 
45.0 47.5 50.0 1.67475e+00 6.12532e-03 1.64900e+00 5.57681e-03 1.72262e+00 6.53374e-03 1.65797e+00 5.67972e-03 1.65972e+00 6.00068e-03 1.69488e+00 6.68176e-03 1.69293e+00 5.98439e-03 
50.0 52.5 55.0 1.77339e+00 6.16414e-03 1.73993e+00 5.70959e-03 1.83209e+00 7.00596e-03 1.74960e+00 5.71178e-03 1.75769e+00 6.15318e-03 1.80211e+00 6.72828e-03 1.79370e+00 6.40087e-03 
55.0 57.5 60.0 1.86490e+00 6.62273e-03 1.82103e+00 6.07964e-03 1.93538e+00 7.31741e-03 1.83377e+00 6.11839e-03 1.84595e+00 6.57227e-03 1.90260e+00 7.24962e-03 1.88785e+00 6.67497e-03 
60.0 62.5 65.0 1.92300e+00 6.36867e-03 1.87482e+00 5.76663e-03 2.00105e+00 7.03245e-03 1.88762e+00 5.88698e-03 1.90406e+00 6.22763e-03 1.96588e+00 6.96741e-03 1.94822e+00 6.41909e-03 
65.0 67.5 70.0 1.95294e+00 6.67311e-03 1.89767e+00 6.08433e-03 2.03682e+00 7.33368e-03 1.91383e+00 6.15347e-03 1.93050e+00 6.59046e-03 2.00035e+00 7.31731e-03 1.97952e+00 6.68122e-03 
70.0 72.5 75.0 2.00796e+00 6.99184e-03 1.94563e+00 6.59647e-03 2.10506e+00 7.89039e-03 1.96190e+00 6.43722e-03 1.98565e+00 7.16434e-03 2.06386e+00 7.67712e-03 2.03911e+00 7.17729e-03 
75.0 77.5 80.0 1.99557e+00 6.67386e-03 1.92637e+00 6.03197e-03 2.09613e+00 7.49497e-03 1.94671e+00 6.14462e-03 1.96910e+00 6.54435e-03 2.05489e+00 7.32789e-03 2.02716e+00 6.81810e-03 
80.0 82.5 85.0 1.95577e+00 6.95734e-03 1.88428e+00 6.28781e-03 2.05504e+00 8.00818e-03 1.90575e+00 6.39679e-03 1.92843e+00 6.83311e-03 2.01650e+00 7.64790e-03 1.98538e+00 7.27551e-03 
85.0 87.5 90.0 1.91282e+00 6.77555e-03 1.83746e+00 6.08300e-03 2.01994e+00 7.69250e-03 1.86054e+00 6.22677e-03 1.88407e+00 6.61337e-03 1.97628e+00 7.45120e-03 1.94752e+00 6.98833e-03 
90.0 92.5 95.0 1.84389e+00 6.34194e-03 1.76674e+00 5.68171e-03 1.94708e+00 7.15734e-03 1.79165e+00 5.83152e-03 1.81352e+00 6.17296e-03 1.90729e+00 6.96989e-03 1.87557e+00 6.50613e-03 
95.0 97.5 100.0 1.75938e+00 6.42416e-03 1.68443e+00 5.73185e-03 1.86386e+00 7.30851e-03 1.70784e+00 5.90174e-03 1.73104e+00 6.23421e-03 1.82192e+00 7.06566e-03 1.79348e+00 6.63945e-03 
100.0 105.0 110.0 1.62611e+00 4.57085e-03 1.55244e+00 4.08513e-03 1.72775e+00 5.18340e-03 1.57611e+00 4.19523e-03 1.59799e+00 4.44830e-03 1.68674e+00 5.03105e-03 1.66004e+00 4.70643e-03 
110.0 115.0 120.0 1.42331e+00 4.08836e-03 1.35445e+00 3.52955e-03 1.51507e+00 4.53759e-03 1.37774e+00 3.75329e-03 1.39621e+00 3.84110e-03 1.47852e+00 4.49797e-03 1.45400e+00 4.12287e-03 
120.0 125.0 130.0 1.22804e+00 3.80051e-03 1.16522e+00 3.35806e-03 1.31324e+00 4.36342e-03 1.18706e+00 3.48835e-03 1.20302e+00 3.65671e-03 1.27763e+00 4.18125e-03 1.25855e+00 3.96409e-03 
130.0 135.0 140.0 1.05070e+00 3.42299e-03 9.94271e-01 3.00665e-03 1.12595e+00 4.00334e-03 1.01433e+00 3.14192e-03 1.02801e+00 3.27403e-03 1.09466e+00 3.76527e-03 1.07780e+00 3.63731e-03 
140.0 145.0 150.0 8.84492e-01 2.93211e-03 8.35128e-01 2.57152e-03 9.50513e-01 3.39161e-03 8.53076e-01 2.69290e-03 8.64390e-01 2.79866e-03 9.22430e-01 3.22293e-03 9.09089e-01 3.08419e-03 
150.0 155.0 160.0 7.42184e-01 2.63961e-03 6.99028e-01 2.33496e-03 7.99857e-01 3.06204e-03 7.14994e-01 2.42397e-03 7.24452e-01 2.54198e-03 7.74987e-01 2.90142e-03 7.64163e-01 2.78462e-03 
160.0 165.0 170.0 6.15485e-01 2.49403e-03 5.77851e-01 2.16589e-03 6.64981e-01 2.89022e-03 5.92542e-01 2.29003e-03 5.99289e-01 2.35791e-03 6.43139e-01 2.74125e-03 6.34934e-01 2.62876e-03 
170.0 175.0 180.0 5.11668e-01 2.29180e-03 4.79419e-01 1.99549e-03 5.53305e-01 2.61789e-03 4.92154e-01 2.10409e-03 4.97709e-01 2.17294e-03 5.35166e-01 2.51894e-03 5.27912e-01 2.38146e-03 
180.0 185.0 190.0 4.31623e-01 1.99019e-03 4.03201e-01 1.73021e-03 4.68943e-01 2.32156e-03 4.14491e-01 1.82773e-03 4.19306e-01 1.88355e-03 4.52234e-01 2.18651e-03 4.46678e-01 2.11262e-03 
190.0 195.0 200.0 3.56609e-01 1.84132e-03 3.32351e-01 1.58924e-03 3.88384e-01 2.16491e-03 3.42219e-01 1.69100e-03 3.45885e-01 1.73014e-03 3.73906e-01 2.02276e-03 3.69712e-01 1.97033e-03 
200.0 212.5 225.0 2.59881e-01 9.46186e-04 2.41390e-01 8.20943e-04 2.83952e-01 1.10533e-03 2.49009e-01 8.69433e-04 2.51645e-01 8.93275e-04 2.72931e-01 1.03862e-03 2.69916e-01 1.00681e-03 
225.0 237.5 250.0 1.64408e-01 7.06248e-04 1.51806e-01 6.10991e-04 1.80712e-01 8.27126e-04 1.57176e-01 6.49347e-04 1.58634e-01 6.64453e-04 1.73070e-01 7.74599e-04 1.71412e-01 7.54057e-04 
250.0 262.5 275.0 1.05034e-01 5.62808e-04 9.63820e-02 4.84968e-04 1.16363e-01 6.66199e-04 1.00174e-01 5.17713e-04 1.00969e-01 5.27171e-04 1.10846e-01 6.16846e-04 1.10112e-01 6.07806e-04 
275.0 287.5 300.0 6.86606e-02 4.19256e-04 6.26462e-02 3.61744e-04 7.65036e-02 4.95998e-04 6.53030e-02 3.85929e-04 6.58172e-02 3.92959e-04 7.26695e-02 4.59114e-04 7.21986e-02 4.52912e-04 
300.0 312.5 325.0 4.55193e-02 3.60683e-04 4.11550e-02 3.09277e-04 5.11105e-02 4.26300e-04 4.31546e-02 3.32181e-04 4.33783e-02 3.35804e-04 4.83385e-02 3.94707e-04 4.80800e-02 3.89542e-04 
325.0 337.5 350.0 2.91656e-02 2.49625e-04 2.62384e-02 2.14310e-04 3.29075e-02 2.94607e-04 2.75981e-02 2.30060e-04 2.77104e-02 2.32531e-04 3.10316e-02 2.72939e-04 3.09005e-02 2.69437e-04 
350.0 362.5 375.0 1.94246e-02 2.06590e-04 1.73548e-02 1.76398e-04 2.20699e-02 2.45245e-04 1.83340e-02 1.90468e-04 1.83759e-02 1.91325e-04 2.07210e-02 2.25775e-04 2.06720e-02 2.24402e-04 
375.0 387.5 400.0 1.36601e-02 1.78097e-04 1.20891e-02 1.50093e-04 1.56316e-02 2.10605e-04 1.28561e-02 1.64290e-04 1.28375e-02 1.62707e-04 1.46147e-02 1.94501e-04 1.46001e-02 1.92841e-04 
400.0 412.5 425.0 9.26078e-03 1.40503e-04 8.14995e-03 1.18147e-04 1.06809e-02 1.67930e-04 8.70184e-03 1.29685e-04 8.66864e-03 1.28003e-04 9.92364e-03 1.53338e-04 9.96050e-03 1.53871e-04 
425.0 437.5 450.0 6.10255e-03 9.69383e-05 5.36885e-03 8.25670e-05 7.04089e-03 1.15375e-04 5.73146e-03 8.95173e-05 5.71373e-03 8.94112e-05 6.54219e-03 1.05734e-04 6.56376e-03 1.05776e-04 
450.0 462.5 475.0 4.43475e-03 7.80969e-05 3.87840e-03 6.63701e-05 5.14695e-03 9.31461e-05 4.15705e-03 7.21548e-05 4.13570e-03 7.18355e-05 4.76346e-03 8.51326e-05 4.78921e-03 8.54477e-05 
475.0 487.5 500.0 2.99680e-03 6.15558e-05 2.59798e-03 5.13328e-05 3.48546e-03 7.34971e-05 2.80772e-03 5.68936e-05 2.77159e-03 5.55384e-05 3.22042e-03 6.70715e-05 3.24187e-03 6.74528e-05 
500.0 512.5 525.0 2.10513e-03 4.82038e-05 1.83052e-03 4.08165e-05 2.45708e-03 5.77269e-05 1.97092e-03 4.45720e-05 1.95445e-03 4.41422e-05 2.26369e-03 5.24961e-05 2.28395e-03 5.30068e-05 
525.0 537.5 550.0 1.53039e-03 3.93752e-05 1.32775e-03 3.34545e-05 1.79758e-03 4.77616e-05 1.43171e-03 3.64228e-05 1.41882e-03 3.61663e-05 1.64688e-03 4.28611e-05 1.66970e-03 4.38768e-05 
550.0 562.5 575.0 1.07179e-03 2.95429e-05 9.27342e-04 2.50623e-05 1.25698e-03 3.52920e-05 1.00236e-03 2.73387e-05 9.91276e-04 2.70830e-05 1.15367e-03 3.21426e-05 1.16734e-03 3.24375e-05 
575.0 587.5 600.0 8.12357e-04 2.51854e-05 7.00436e-04 2.13665e-05 9.56006e-04 3.00895e-05 7.59001e-04 2.33129e-05 7.49469e-04 2.30826e-05 8.75221e-04 2.73921e-05 8.87050e-04 2.76656e-05 
