0.0 50.0 100.0 0.00000e+00 0.00000e+00 0.00000e+00 0.00000e+00 0.00000e+00 0.00000e+00 0.00000e+00 0.00000e+00 0.00000e+00 0.00000e+00 0.00000e+00 0.00000e+00 0.00000e+00 0.00000e+00 
100.0 150.0 200.0 0.00000e+00 0.00000e+00 0.00000e+00 0.00000e+00 0.00000e+00 0.00000e+00 0.00000e+00 0.00000e+00 0.00000e+00 0.00000e+00 0.00000e+00 0.00000e+00 0.00000e+00 0.00000e+00 
200.0 250.0 300.0 -3.65514e-05 9.19091e-06 -3.16901e-05 8.32082e-06 -4.04680e-05 1.01991e-05 -3.33622e-05 8.40359e-06 -3.47214e-05 9.10043e-06 -4.04327e-05 1.01453e-05 -3.65826e-05 9.23970e-06 
300.0 350.0 400.0 -3.87188e-03 1.71644e-04 -3.35828e-03 1.55851e-04 -4.33242e-03 1.89775e-04 -3.53867e-03 1.57050e-04 -3.67469e-03 1.70334e-04 -4.27617e-03 1.89306e-04 -3.92282e-03 1.72070e-04 
400.0 450.0 500.0 -7.18688e-03 1.71082e-04 -6.00670e-03 1.53780e-04 -8.12548e-03 1.91474e-04 -6.57181e-03 1.56818e-04 -6.56996e-03 1.67769e-04 -7.93235e-03 1.88275e-04 -7.36189e-03 1.73991e-04 
500.0 550.0 600.0 4.15158e-03 1.52480e-04 3.98648e-03 1.35350e-04 4.74463e-03 1.73242e-04 3.82554e-03 1.40063e-04 4.32733e-03 1.47350e-04 4.53962e-03 1.67372e-04 4.33897e-03 1.57830e-04 
600.0 650.0 700.0 7.87117e-03 1.05895e-04 7.09066e-03 9.25471e-05 9.06459e-03 1.22514e-04 7.24759e-03 9.74244e-05 7.70091e-03 1.00595e-04 8.61515e-03 1.16019e-04 8.28179e-03 1.11824e-04 
700.0 750.0 800.0 6.75487e-03 6.63737e-05 6.01497e-03 5.73520e-05 7.79239e-03 8.03384e-05 6.22601e-03 6.11539e-05 6.52596e-03 6.22476e-05 7.38422e-03 7.25914e-05 7.12825e-03 7.34594e-05 
800.0 850.0 900.0 4.63119e-03 4.88515e-05 4.09897e-03 4.19462e-05 5.35917e-03 5.76341e-05 4.27325e-03 4.50642e-05 4.44234e-03 4.54717e-05 5.05603e-03 5.33494e-05 4.90888e-03 5.27753e-05 
900.0 950.0 1000.0 3.06792e-03 3.19222e-05 2.70194e-03 2.71956e-05 3.56027e-03 3.79831e-05 2.83365e-03 2.94792e-05 2.92533e-03 2.94494e-05 3.34541e-03 3.48170e-05 3.26497e-03 3.48251e-05 
1000.0 1100.0 1200.0 1.61182e-03 1.44764e-05 1.41201e-03 1.22660e-05 1.87782e-03 1.73250e-05 1.49051e-03 1.33842e-05 1.52694e-03 1.32669e-05 1.75515e-03 1.57673e-05 1.72448e-03 1.59066e-05 
1200.0 1300.0 1400.0 7.08528e-04 8.13735e-06 6.16214e-04 6.85748e-06 8.30114e-04 9.79395e-06 6.56155e-04 7.53485e-06 6.65401e-04 7.40583e-06 7.70175e-04 8.84676e-06 7.63672e-04 9.00860e-06 
1400.0 1500.0 1600.0 3.15683e-04 4.56837e-06 2.73221e-04 3.84212e-06 3.71347e-04 5.50870e-06 2.92711e-04 4.23566e-06 2.94664e-04 4.14393e-06 3.42654e-04 4.95906e-06 3.42117e-04 5.07472e-06 
1600.0 1700.0 1800.0 1.45356e-04 2.49940e-06 1.25347e-04 2.09800e-06 1.71526e-04 3.01953e-06 1.34921e-04 2.31983e-06 1.35043e-04 2.26040e-06 1.57582e-04 2.70981e-06 1.58218e-04 2.78507e-06 
1800.0 1900.0 2000.0 6.95267e-05 1.44643e-06 5.97386e-05 1.20728e-06 8.25229e-05 1.75415e-06 6.45927e-05 1.34374e-06 6.43019e-05 1.29954e-06 7.52931e-05 1.56645e-06 7.62031e-05 1.61976e-06 
