0.0 2.5 5.0 -2.26449e-02 2.00467e-03 2.70898e-03 1.80755e-03 -4.94555e-02 2.13818e-03 -2.02269e-02 1.82015e-03 2.60481e-03 1.99097e-03 -2.57209e-02 2.23212e-03 -4.39794e-02 1.92096e-03 
5.0 7.5 10.0 -3.44028e-02 2.98765e-03 3.47853e-02 3.24177e-03 -1.10342e-01 4.18667e-03 -2.98808e-02 3.28608e-03 3.72586e-02 3.57125e-03 -3.76553e-02 3.81231e-03 -9.78709e-02 3.75980e-03 
10.0 12.5 15.0 -4.22829e-02 4.83313e-03 7.54387e-02 3.45578e-03 -1.63976e-01 5.62370e-03 -3.47871e-02 4.38691e-03 7.87160e-02 4.09932e-03 -4.66425e-02 5.38179e-03 -1.45375e-01 5.05018e-03 
15.0 17.5 20.0 -4.67667e-02 5.57179e-03 1.00732e-01 4.88523e-03 -2.08459e-01 6.49003e-03 -4.05972e-02 5.06046e-03 1.08780e-01 5.37897e-03 -5.49028e-02 6.20162e-03 -1.84813e-01 5.83111e-03 
20.0 22.5 25.0 -3.16209e-02 5.52909e-03 1.42961e-01 5.53683e-03 -2.26472e-01 6.42877e-03 -2.65162e-02 5.02351e-03 1.56599e-01 5.86697e-03 -3.85373e-02 6.15130e-03 -2.00611e-01 5.77879e-03 
25.0 27.5 30.0 -2.92741e-02 5.50198e-03 1.76029e-01 4.86255e-03 -2.57002e-01 8.16812e-03 -2.40996e-02 5.00023e-03 1.90912e-01 5.35067e-03 -3.63559e-02 6.11908e-03 -2.27667e-01 7.34125e-03 
30.0 32.5 35.0 -3.84392e-02 6.83762e-03 1.93582e-01 5.99729e-03 -2.94302e-01 7.81150e-03 -3.21558e-02 6.21279e-03 2.09877e-01 6.60060e-03 -4.69598e-02 7.60645e-03 -2.60952e-01 7.02305e-03 
35.0 37.5 40.0 -2.29204e-02 6.54573e-03 2.26998e-01 6.21296e-03 -2.97731e-01 7.76282e-03 -1.54166e-02 6.04006e-03 2.46369e-01 6.83586e-03 -2.99808e-02 7.27814e-03 -2.63842e-01 6.98189e-03 
40.0 42.5 45.0 -2.19987e-02 6.93890e-03 2.46960e-01 5.54798e-03 -3.22780e-01 7.94110e-03 -1.69054e-02 6.30744e-03 2.68178e-01 6.10280e-03 -2.91350e-02 7.71514e-03 -2.86287e-01 7.14265e-03 
45.0 47.5 50.0 -4.04818e-02 7.31329e-03 2.48233e-01 6.46161e-03 -3.64942e-01 8.50864e-03 -3.35941e-02 6.64815e-03 2.69628e-01 7.11314e-03 -4.98507e-02 8.13082e-03 -3.24113e-01 7.65341e-03 
50.0 52.5 55.0 -3.31625e-02 8.11270e-03 2.67182e-01 7.33829e-03 -3.73735e-01 9.45097e-03 -2.68330e-02 7.37573e-03 2.90038e-01 8.07151e-03 -4.18713e-02 9.01826e-03 -3.31957e-01 8.50222e-03 
55.0 57.5 60.0 -4.11100e-02 8.65015e-03 2.73901e-01 8.07001e-03 -4.03707e-01 1.00304e-02 -3.29904e-02 7.12529e-03 2.97214e-01 8.87631e-03 -5.08781e-02 9.61410e-03 -3.58831e-01 9.02492e-03 
60.0 62.5 65.0 -8.46435e-02 9.40444e-03 2.59309e-01 8.20227e-03 -4.75355e-01 1.09335e-02 -7.33362e-02 8.54855e-03 2.80937e-01 9.02318e-03 -9.95471e-02 1.04566e-02 -4.23097e-01 9.83364e-03 
65.0 67.5 70.0 -1.01514e-01 8.68685e-03 2.56988e-01 8.00701e-03 -5.14532e-01 1.00791e-02 -8.86212e-02 7.89964e-03 2.78255e-01 8.80641e-03 -1.20300e-01 9.93726e-03 -4.58344e-01 9.07016e-03 
70.0 72.5 75.0 -1.19352e-01 8.88665e-03 2.59590e-01 7.80876e-03 -5.51536e-01 1.03416e-02 -1.04824e-01 8.08253e-03 2.81033e-01 8.58584e-03 -1.38226e-01 9.87377e-03 -4.91704e-01 9.30812e-03 
75.0 77.5 80.0 -9.01730e-02 8.77855e-03 2.95490e-01 7.37147e-03 -5.32184e-01 1.02249e-02 -7.83722e-02 7.98768e-03 3.20517e-01 8.10100e-03 -1.05667e-01 9.74839e-03 -4.74515e-01 9.20790e-03 
80.0 82.5 85.0 -9.73215e-02 8.61808e-03 2.96238e-01 7.56760e-03 -5.52070e-01 1.05054e-02 -8.50078e-02 7.84572e-03 3.21379e-01 8.31275e-03 -1.13398e-01 9.56406e-03 -4.92711e-01 9.46636e-03 
85.0 87.5 90.0 -6.70370e-02 8.06244e-03 3.23118e-01 6.73304e-03 -5.19797e-01 9.38738e-03 -5.76210e-02 7.34209e-03 3.51015e-01 7.39346e-03 -7.95050e-02 8.94408e-03 -4.64018e-01 8.46231e-03 
90.0 92.5 95.0 -4.50564e-02 8.39394e-03 3.44093e-01 7.20153e-03 -4.94200e-01 9.45261e-03 -3.77577e-02 7.64629e-03 3.74097e-01 7.90588e-03 -5.28866e-02 9.06527e-03 -4.41280e-01 8.52444e-03 
95.0 97.5 100.0 -1.24683e-02 7.84912e-03 3.66998e-01 6.88483e-03 -4.54133e-01 8.82756e-03 -8.32474e-03 7.15264e-03 3.99402e-01 7.55542e-03 -1.83574e-02 8.70021e-03 -4.05622e-01 7.96500e-03 
100.0 105.0 110.0 3.56218e-02 5.17586e-03 3.94100e-01 4.55158e-03 -3.89835e-01 6.09694e-03 3.51858e-02 4.71851e-03 4.29315e-01 4.99288e-03 3.54227e-02 5.73421e-03 -3.48253e-01 5.50340e-03 
110.0 115.0 120.0 8.78018e-02 4.01089e-03 4.13436e-01 3.52801e-03 -3.07056e-01 5.54482e-03 8.23412e-02 3.65996e-03 4.50761e-01 3.86643e-03 9.38536e-02 4.43837e-03 -2.74351e-01 5.00950e-03 
120.0 125.0 130.0 1.13235e-01 4.21646e-03 4.01070e-01 3.48878e-03 -2.39934e-01 4.94760e-03 1.05221e-01 3.84931e-03 4.37364e-01 3.82139e-03 1.22482e-01 4.66321e-03 -2.14390e-01 4.47376e-03 
130.0 135.0 140.0 1.21973e-01 3.24607e-03 3.76556e-01 2.86228e-03 -1.91986e-01 3.81831e-03 1.12909e-01 2.96564e-03 4.10650e-01 3.13305e-03 1.32583e-01 3.58669e-03 -1.71650e-01 3.45576e-03 
140.0 145.0 150.0 1.26767e-01 2.68879e-03 3.47243e-01 2.37755e-03 -1.48214e-01 3.17148e-03 1.17064e-01 2.45810e-03 3.78655e-01 2.60080e-03 1.38223e-01 2.96854e-03 -1.32542e-01 2.87265e-03 
150.0 155.0 160.0 1.13892e-01 2.61425e-03 3.03603e-01 2.30159e-03 -1.25100e-01 3.08175e-03 1.05125e-01 2.39118e-03 3.30967e-01 2.51638e-03 1.24263e-01 2.88444e-03 -1.12010e-01 2.79312e-03 
160.0 165.0 170.0 1.10659e-01 2.06170e-03 2.71746e-01 1.82312e-03 -9.42522e-02 2.45320e-03 1.02028e-01 1.88688e-03 2.96179e-01 1.99212e-03 1.20907e-01 2.27317e-03 -8.43845e-02 2.22503e-03 
170.0 175.0 180.0 1.02796e-01 1.77343e-03 2.38958e-01 1.57213e-03 -7.18951e-02 2.10006e-03 9.47305e-02 1.62393e-03 2.60370e-01 1.71694e-03 1.12389e-01 1.95405e-03 -6.43649e-02 1.90598e-03 
180.0 185.0 190.0 8.45633e-02 1.81791e-03 2.01910e-01 1.56232e-03 -6.61522e-02 2.22796e-03 7.79534e-02 1.66541e-03 2.19923e-01 1.70544e-03 9.24203e-02 2.00198e-03 -5.92963e-02 2.02252e-03 
190.0 195.0 200.0 7.91589e-02 1.42348e-03 1.75376e-01 1.42675e-03 -4.77898e-02 1.68713e-03 7.30512e-02 1.22600e-03 1.90966e-01 1.55680e-03 8.65638e-02 1.56666e-03 -4.28565e-02 1.53295e-03 
200.0 212.5 225.0 6.19979e-02 7.49106e-04 1.34640e-01 6.62107e-04 -3.37140e-02 8.78150e-04 5.71271e-02 6.87071e-04 1.46537e-01 7.21911e-04 6.77930e-02 8.23776e-04 -3.02731e-02 7.98568e-04 
225.0 237.5 250.0 4.11745e-02 6.17565e-04 8.88308e-02 5.35820e-04 -2.24575e-02 7.30000e-04 3.79554e-02 5.66960e-04 9.66036e-02 5.83656e-04 4.50016e-02 6.78336e-04 -2.02241e-02 6.64607e-04 
250.0 262.5 275.0 2.92857e-02 4.32940e-04 6.04280e-02 3.81063e-04 -1.28262e-02 5.12736e-04 2.69433e-02 4.00690e-04 6.56675e-02 4.14663e-04 3.19986e-02 4.74956e-04 -1.15589e-02 4.67384e-04 
275.0 287.5 300.0 2.00428e-02 3.39780e-04 4.07563e-02 2.99270e-04 -8.23692e-03 4.03511e-04 1.84893e-02 3.12487e-04 4.42589e-02 3.25416e-04 2.18883e-02 3.72425e-04 -7.43623e-03 3.68144e-04 
300.0 312.5 325.0 1.41599e-02 2.66350e-04 2.79362e-02 2.33045e-04 -4.91961e-03 3.16465e-04 1.30666e-02 2.45166e-04 3.03182e-02 2.53186e-04 1.54578e-02 2.91641e-04 -4.44515e-03 2.89025e-04 
325.0 337.5 350.0 1.06632e-02 1.72758e-04 2.00049e-02 1.52691e-04 -2.45151e-03 2.19217e-04 9.84223e-03 1.59133e-04 2.16986e-02 1.65768e-04 1.16367e-02 1.88996e-04 -2.21070e-03 2.00365e-04 
350.0 362.5 375.0 7.58652e-03 1.45591e-04 1.39385e-02 1.26772e-04 -1.38241e-03 1.72939e-04 7.00564e-03 1.34181e-04 1.51098e-02 1.37550e-04 8.27457e-03 1.59171e-04 -1.24520e-03 1.58184e-04 
375.0 387.5 400.0 5.31520e-03 1.08269e-04 9.84679e-03 9.56821e-05 -1.07013e-03 1.28303e-04 4.91058e-03 9.98468e-05 1.06685e-02 1.03754e-04 5.79401e-03 1.18278e-04 -9.67018e-04 1.17447e-04 
400.0 412.5 425.0 3.97831e-03 9.32003e-05 7.17621e-03 8.18500e-05 -5.61402e-04 1.09633e-04 3.67679e-03 8.60002e-05 7.77125e-03 8.87039e-05 4.33491e-03 1.01745e-04 -5.06021e-04 1.00425e-04 
425.0 437.5 450.0 3.00520e-03 6.52559e-05 5.30153e-03 5.79797e-05 -3.05513e-04 7.87725e-05 2.77840e-03 6.02451e-05 5.73847e-03 6.28028e-05 3.27330e-03 7.11965e-05 -2.74619e-04 7.22010e-05 
450.0 462.5 475.0 2.26020e-03 5.86142e-05 3.90909e-03 5.20245e-05 -1.06319e-04 6.90983e-05 2.09040e-03 5.41434e-05 4.22937e-03 5.63214e-05 2.46078e-03 6.39089e-05 -9.38165e-05 6.33746e-05 
475.0 487.5 500.0 1.67843e-03 4.35382e-05 2.89193e-03 3.86326e-05 -6.92802e-05 5.15600e-05 1.55293e-03 4.02344e-05 3.12753e-03 4.18053e-05 1.82654e-03 4.74475e-05 -6.09903e-05 4.73122e-05 
500.0 512.5 525.0 1.32923e-03 3.30904e-05 2.21282e-03 2.96969e-05 4.82493e-05 3.89391e-05 1.23020e-03 3.05937e-05 2.39218e-03 3.21209e-05 1.44600e-03 3.60417e-05 4.61182e-05 3.57509e-05 
525.0 537.5 550.0 1.02350e-03 2.80225e-05 1.68613e-03 2.54423e-05 3.66552e-05 3.40891e-05 9.47540e-04 2.59178e-05 1.82213e-03 2.75088e-05 1.11297e-03 3.05081e-05 3.49643e-05 3.13108e-05 
550.0 562.5 575.0 8.38637e-04 2.10507e-05 1.33497e-03 1.94471e-05 1.16533e-04 2.45403e-05 7.76601e-04 1.94774e-05 1.44216e-03 2.10180e-05 9.11664e-04 2.29066e-05 1.08011e-04 2.25522e-05 
575.0 587.5 600.0 6.51348e-04 1.62776e-05 1.03314e-03 1.51333e-05 8.99295e-05 1.87551e-05 6.03368e-04 1.50668e-05 1.11571e-03 1.63496e-05 7.07782e-04 1.77046e-05 8.33627e-05 1.72436e-05 
