0.0 2.5 5.0 -1.32347e-02 1.43801e-03 1.15384e-02 1.26709e-03 -4.01760e-02 1.65625e-03 -1.16840e-02 1.30632e-03 1.23362e-02 1.39488e-03 -1.52414e-02 1.60013e-03 -3.56373e-02 1.48854e-03 
5.0 7.5 10.0 -1.77308e-02 2.17560e-03 5.24834e-02 2.16610e-03 -9.11404e-02 2.83219e-03 -1.51997e-02 1.97574e-03 5.67760e-02 2.38541e-03 -2.11078e-02 2.42182e-03 -8.00747e-02 2.59857e-03 
10.0 12.5 15.0 -9.59036e-03 3.12830e-03 9.80722e-02 2.76821e-03 -1.26693e-01 3.58594e-03 -7.29428e-03 2.84155e-03 1.06395e-01 3.04768e-03 -1.28239e-02 3.48139e-03 -1.11937e-01 3.22243e-03 
15.0 17.5 20.0 1.62760e-03 3.92207e-03 1.45795e-01 3.37832e-03 -1.53044e-01 4.50090e-03 3.32328e-03 3.56259e-03 1.58434e-01 3.71939e-03 -9.88792e-04 4.36474e-03 -1.35068e-01 4.04461e-03 
20.0 22.5 25.0 1.33082e-02 4.31099e-03 1.85244e-01 3.80058e-03 -1.75048e-01 4.51586e-03 1.43016e-02 3.91680e-03 2.01414e-01 4.18317e-03 1.14518e-02 4.79609e-03 -1.54411e-01 4.05952e-03 
25.0 27.5 30.0 2.12122e-02 4.72294e-03 2.21399e-01 4.11885e-03 -1.98981e-01 5.45228e-03 2.17595e-02 4.29077e-03 2.40861e-01 4.53354e-03 1.98274e-02 5.25488e-03 -1.75578e-01 4.90057e-03 
30.0 32.5 35.0 3.67181e-02 5.11286e-03 2.60194e-01 4.50691e-03 -2.10866e-01 5.89400e-03 3.61091e-02 4.64728e-03 2.83218e-01 4.95855e-03 3.66847e-02 5.68528e-03 -1.85968e-01 5.30073e-03 
35.0 37.5 40.0 3.70166e-02 4.59268e-03 2.83546e-01 5.02817e-03 -2.33318e-01 5.30618e-03 3.65366e-02 4.17501e-03 3.08665e-01 5.53176e-03 3.67846e-02 5.10603e-03 -2.06016e-01 4.77292e-03 
40.0 42.5 45.0 3.46728e-02 5.60325e-03 2.98516e-01 4.95690e-03 -2.60123e-01 6.43179e-03 3.45930e-02 5.09370e-03 3.24892e-01 5.45287e-03 3.38999e-02 6.22952e-03 -2.29935e-01 5.78536e-03 
45.0 47.5 50.0 2.78676e-02 5.81744e-03 3.08911e-01 5.17963e-03 -2.87027e-01 6.69876e-03 2.85178e-02 5.28867e-03 3.36141e-01 5.69794e-03 2.61706e-02 6.46726e-03 -2.54060e-01 6.02587e-03 
50.0 52.5 55.0 4.45744e-02 5.73994e-03 3.38210e-01 5.30814e-03 -2.86422e-01 6.62761e-03 4.38137e-02 5.21939e-03 3.68192e-01 5.83734e-03 4.45854e-02 6.37930e-03 -2.53444e-01 5.96352e-03 
55.0 57.5 60.0 5.58206e-02 6.36870e-03 3.64594e-01 5.61189e-03 -2.95996e-01 7.64914e-03 5.41341e-02 5.79149e-03 3.97049e-01 6.17129e-03 5.69456e-02 7.07758e-03 -2.61999e-01 6.88250e-03 
60.0 62.5 65.0 1.19415e-02 5.78728e-03 3.44014e-01 5.08253e-03 -3.64225e-01 6.69533e-03 1.44170e-02 5.26343e-03 3.74169e-01 5.58848e-03 7.90516e-03 6.43041e-03 -3.23204e-01 6.02590e-03 
65.0 67.5 70.0 -2.04067e-02 6.21405e-03 3.33636e-01 5.46477e-03 -4.20405e-01 6.95229e-03 -1.48757e-02 5.65210e-03 3.62566e-01 6.00825e-03 -2.82287e-02 6.90380e-03 -3.73671e-01 6.25839e-03 
70.0 72.5 75.0 -2.28604e-02 7.26939e-03 3.46335e-01 6.36333e-03 -4.41930e-01 8.57530e-03 -1.71173e-02 6.61337e-03 3.76466e-01 6.99478e-03 -3.09359e-02 8.07421e-03 -3.93138e-01 7.72086e-03 
75.0 77.5 80.0 -7.63043e-03 6.32137e-03 3.72146e-01 5.35954e-03 -4.43230e-01 7.73034e-03 -3.29232e-03 5.75263e-03 4.04784e-01 5.88904e-03 -1.39659e-02 7.01859e-03 -3.94440e-01 6.96155e-03 
80.0 82.5 85.0 -3.08539e-03 6.36079e-03 3.79212e-01 5.61172e-03 -4.42404e-01 7.31931e-03 7.35920e-04 5.79014e-03 4.12573e-01 6.16493e-03 -8.74801e-03 7.05988e-03 -3.93968e-01 6.59477e-03 
85.0 87.5 90.0 2.97161e-02 5.85900e-03 4.12304e-01 5.18348e-03 -4.09201e-01 5.97439e-03 3.04869e-02 5.33550e-03 4.48941e-01 5.69227e-03 2.78291e-02 6.49971e-03 -3.64336e-01 5.38661e-03 
90.0 92.5 95.0 3.10747e-02 6.03328e-03 4.11620e-01 4.96524e-03 -4.08068e-01 6.88394e-03 3.15464e-02 5.49603e-03 4.48291e-01 5.45052e-03 2.96114e-02 6.69032e-03 -3.63675e-01 6.20793e-03 
95.0 97.5 100.0 5.95457e-02 5.29080e-03 4.33031e-01 4.80788e-03 -3.73431e-01 5.47121e-03 5.73049e-02 4.82197e-03 4.71858e-01 5.27605e-03 6.14564e-02 5.86353e-03 -3.32816e-01 4.93743e-03 
100.0 105.0 110.0 9.86871e-02 3.37972e-03 4.50177e-01 2.96705e-03 -3.17792e-01 3.75271e-03 9.26727e-02 3.08202e-03 4.90834e-01 3.25373e-03 1.05300e-01 3.74291e-03 -2.83234e-01 3.38883e-03 
110.0 115.0 120.0 1.34895e-01 3.33150e-03 4.54656e-01 2.91327e-03 -2.51042e-01 3.84482e-03 1.25324e-01 3.03978e-03 4.95924e-01 3.19292e-03 1.45952e-01 3.68691e-03 -2.23727e-01 3.47409e-03 
120.0 125.0 130.0 1.54137e-01 2.73440e-03 4.39023e-01 2.40023e-03 -1.92412e-01 3.58999e-03 1.42555e-01 2.49673e-03 4.78943e-01 2.62879e-03 1.67728e-01 3.02349e-03 -1.71424e-01 3.24655e-03 
130.0 135.0 140.0 1.58782e-01 2.54211e-03 4.09047e-01 2.23256e-03 -1.49808e-01 2.95917e-03 1.46538e-01 2.32243e-03 4.46215e-01 2.44382e-03 1.73255e-01 2.80896e-03 -1.33477e-01 2.67815e-03 
140.0 145.0 150.0 1.46880e-01 1.91913e-03 3.64573e-01 1.68352e-03 -1.24180e-01 2.35524e-03 1.35456e-01 1.75443e-03 3.97606e-01 1.84161e-03 1.60422e-01 2.11888e-03 -1.10763e-01 2.13315e-03 
150.0 155.0 160.0 1.34250e-01 1.88915e-03 3.21517e-01 1.65062e-03 -1.00971e-01 2.03817e-03 1.23748e-01 1.72796e-03 3.50551e-01 1.80465e-03 1.46724e-01 2.08440e-03 -9.01427e-02 1.84743e-03 
160.0 165.0 170.0 1.25431e-01 1.48260e-03 2.84660e-01 1.29756e-03 -7.71202e-02 1.74467e-03 1.15553e-01 1.35684e-03 3.10284e-01 1.41786e-03 1.37186e-01 1.63472e-03 -6.88379e-02 1.58234e-03 
170.0 175.0 180.0 1.12072e-01 1.43466e-03 2.46962e-01 1.25585e-03 -6.10704e-02 1.68143e-03 1.03228e-01 1.31359e-03 2.69107e-01 1.37163e-03 1.22604e-01 1.58096e-03 -5.45349e-02 1.52586e-03 
180.0 185.0 190.0 9.95426e-02 1.17623e-03 2.13782e-01 1.02676e-03 -4.81318e-02 1.38760e-03 9.16782e-02 1.07760e-03 2.32880e-01 1.12079e-03 1.08913e-01 1.29527e-03 -4.29961e-02 1.26011e-03 
190.0 195.0 200.0 8.76581e-02 9.78551e-04 1.83933e-01 8.55596e-04 -3.76445e-02 1.21546e-03 8.07273e-02 8.96909e-04 2.00303e-01 9.33503e-04 9.59181e-02 1.07698e-03 -3.36384e-02 1.10438e-03 
200.0 212.5 225.0 6.87707e-02 5.41921e-04 1.40473e-01 5.02145e-04 -2.60876e-02 7.08054e-04 6.33385e-02 4.97035e-04 1.52896e-01 5.47531e-04 7.52415e-02 5.95952e-04 -2.33371e-02 6.43827e-04 
225.0 237.5 250.0 4.73985e-02 4.26891e-04 9.40985e-02 3.70860e-04 -1.50458e-02 5.04974e-04 4.36710e-02 3.91930e-04 1.02340e-01 4.03950e-04 5.18357e-02 4.68873e-04 -1.34739e-02 4.59769e-04 
250.0 262.5 275.0 3.30632e-02 2.73235e-04 6.35824e-02 2.37316e-04 -8.23776e-03 3.24848e-04 3.04744e-02 2.51089e-04 6.91006e-02 2.58252e-04 3.61435e-02 2.99769e-04 -7.37717e-03 2.96096e-04 
275.0 287.5 300.0 2.28556e-02 2.11771e-04 4.31344e-02 1.83660e-04 -4.88313e-03 2.52333e-04 2.10761e-02 1.94784e-04 4.68448e-02 1.99680e-04 2.49715e-02 2.32083e-04 -4.37656e-03 2.30251e-04 
300.0 312.5 325.0 1.60646e-02 1.58237e-04 2.96513e-02 1.36920e-04 -2.69188e-03 1.88906e-04 1.48199e-02 1.45657e-04 3.21814e-02 1.48749e-04 1.75431e-02 1.73255e-04 -2.41037e-03 1.72533e-04 
325.0 337.5 350.0 1.13267e-02 1.26880e-04 2.05544e-02 1.09544e-04 -1.52204e-03 1.51555e-04 1.04536e-02 1.16873e-04 2.22950e-02 1.18924e-04 1.23623e-02 1.38807e-04 -1.36101e-03 1.38533e-04 
350.0 362.5 375.0 8.30924e-03 9.68334e-05 1.46246e-02 8.36946e-05 -5.08802e-04 1.13588e-04 7.67170e-03 8.92446e-05 1.58543e-02 9.08123e-05 9.06475e-03 1.05866e-04 -4.46225e-04 1.03899e-04 
375.0 387.5 400.0 5.98026e-03 7.35101e-05 1.04282e-02 6.35363e-05 -2.86548e-04 8.88315e-05 5.52385e-03 6.77951e-05 1.12990e-02 6.88930e-05 6.52061e-03 8.03012e-05 -2.49798e-04 8.13211e-05 
400.0 412.5 425.0 4.31592e-03 5.54744e-05 7.46154e-03 4.78247e-05 -1.47506e-04 6.63429e-05 3.98834e-03 5.11901e-05 8.08046e-03 5.18280e-05 4.70344e-03 6.05589e-05 -1.26864e-04 6.07732e-05 
425.0 437.5 450.0 3.22548e-03 4.88170e-05 5.47252e-03 4.17381e-05 4.20183e-06 5.90638e-05 2.98185e-03 4.50729e-05 5.92362e-03 4.52061e-05 3.51353e-03 5.32550e-05 9.36200e-06 5.41418e-05 
450.0 462.5 475.0 2.41764e-03 3.74093e-05 4.03575e-03 3.23641e-05 8.80808e-05 4.47099e-05 2.23591e-03 3.45548e-05 4.36641e-03 3.50379e-05 2.63234e-03 4.07901e-05 8.45859e-05 4.10044e-05 
475.0 487.5 500.0 1.83926e-03 3.13754e-05 3.02846e-03 2.70803e-05 1.34013e-04 3.72438e-05 1.70158e-03 2.89958e-05 3.27525e-03 2.93030e-05 2.00177e-03 3.41910e-05 1.25593e-04 3.41773e-05 
500.0 512.5 525.0 1.41076e-03 2.71732e-05 2.29031e-03 2.34702e-05 1.32728e-04 3.24567e-05 1.30559e-03 2.51219e-05 2.47598e-03 2.53867e-05 1.53477e-03 2.95981e-05 1.23704e-04 2.97975e-05 
525.0 537.5 550.0 1.10355e-03 2.12981e-05 1.75336e-03 1.84146e-05 1.58326e-04 2.57117e-05 1.02160e-03 1.96993e-05 1.89480e-03 1.99093e-05 1.20009e-03 2.31860e-05 1.46762e-04 2.36188e-05 
550.0 562.5 575.0 8.10890e-04 1.92649e-05 1.30779e-03 1.65803e-05 8.84344e-05 2.26388e-05 7.50960e-04 1.78255e-05 1.41276e-03 1.79193e-05 8.81425e-04 2.09629e-05 8.22344e-05 2.08049e-05 
575.0 587.5 600.0 6.50913e-04 1.43531e-05 1.02799e-03 1.20520e-05 1.00650e-04 1.68539e-05 6.02552e-04 1.31005e-05 1.11014e-03 1.30210e-05 7.07302e-04 1.56115e-05 9.32274e-05 1.54953e-05 
