0.0 12.5 25.0 -6.68565e-02 1.16348e-03 -8.57697e-02 1.14251e-03 -3.50929e-02 1.32144e-03 -6.00251e-02 1.05727e-03 -9.51995e-02 1.25756e-03 -7.54667e-02 1.29414e-03 -3.05732e-02 1.18802e-03 
25.0 37.5 50.0 7.43236e-02 2.27259e-03 1.26372e-02 1.82541e-03 1.66022e-01 2.48168e-03 6.91152e-02 2.06665e-03 1.22246e-02 2.00703e-03 8.02900e-02 2.52552e-03 1.51471e-01 2.23346e-03 
50.0 62.5 75.0 3.87038e-01 2.56946e-03 2.91446e-01 2.32591e-03 5.25710e-01 2.87368e-03 3.53988e-01 2.33876e-03 3.18340e-01 2.55551e-03 4.27063e-01 2.85216e-03 4.75929e-01 2.58908e-03 
75.0 87.5 100.0 5.43765e-01 2.46510e-03 4.41491e-01 2.20695e-03 6.87887e-01 2.85296e-03 4.97035e-01 2.24693e-03 4.82840e-01 2.42133e-03 6.00455e-01 2.73155e-03 6.22686e-01 2.57469e-03 
100.0 125.0 150.0 4.34612e-01 1.47688e-03 3.64649e-01 1.29875e-03 5.31129e-01 1.78882e-03 3.97739e-01 1.34877e-03 3.98249e-01 1.33028e-03 4.79219e-01 1.63265e-03 4.81599e-01 1.61797e-03 
150.0 175.0 200.0 2.18280e-01 7.72854e-04 1.87101e-01 6.56127e-04 2.60547e-01 9.12025e-04 2.00016e-01 7.19439e-04 2.04019e-01 7.16375e-04 2.40086e-01 8.51372e-04 2.36867e-01 8.27898e-04 
200.0 225.0 250.0 9.93132e-02 4.32305e-04 8.59987e-02 3.71048e-04 1.17126e-01 5.12830e-04 9.12380e-02 3.96804e-04 9.36095e-02 4.04246e-04 1.08995e-01 4.74961e-04 1.06720e-01 4.66774e-04 
250.0 275.0 300.0 4.56769e-02 2.43288e-04 3.96407e-02 2.09196e-04 5.37370e-02 2.87001e-04 4.20275e-02 2.23710e-04 4.30831e-02 2.27507e-04 5.00374e-02 2.66715e-04 4.90538e-02 2.61796e-04 
300.0 325.0 350.0 2.16682e-02 1.41599e-04 1.87633e-02 1.20821e-04 2.54927e-02 1.68363e-04 1.99631e-02 1.30400e-04 2.03661e-02 1.31198e-04 2.36997e-02 1.54954e-04 2.33076e-02 1.53853e-04 
350.0 375.0 400.0 1.04825e-02 8.80251e-05 9.04318e-03 7.47979e-05 1.23589e-02 1.05103e-04 9.66852e-03 8.11657e-05 9.80462e-03 8.11193e-05 1.14497e-02 9.61800e-05 1.13150e-02 9.61914e-05 
400.0 425.0 450.0 5.35141e-03 5.59960e-05 4.59813e-03 4.73153e-05 6.32655e-03 6.69619e-05 4.94090e-03 5.16919e-05 4.98018e-03 5.12549e-05 5.83801e-03 6.10997e-05 5.79925e-03 6.13687e-05 
450.0 475.0 500.0 2.72040e-03 3.59533e-05 2.32901e-03 3.04250e-05 3.22655e-03 4.31098e-05 2.51400e-03 3.32197e-05 2.52023e-03 3.29288e-05 2.96462e-03 3.91889e-05 2.96076e-03 3.95507e-05 
500.0 550.0 600.0 1.08562e-03 1.41633e-05 9.25675e-04 1.19507e-05 1.29213e-03 1.70291e-05 1.00432e-03 1.31004e-05 1.00061e-03 1.29204e-05 1.18157e-03 1.54184e-05 1.18720e-03 1.56431e-05 
600.0 700.0 800.0 2.16714e-04 4.03400e-06 1.83976e-04 3.42198e-06 2.58601e-04 4.80421e-06 2.00812e-04 3.73761e-06 1.98545e-04 3.69342e-06 2.35408e-04 4.38252e-06 2.38067e-04 4.42228e-06 
800.0 900.0 1000.0 2.24299e-05 7.62430e-07 1.86672e-05 6.29899e-07 2.70450e-05 9.24669e-07 2.08289e-05 7.07980e-07 2.01024e-05 6.78365e-07 2.43034e-05 8.26154e-07 2.49603e-05 8.53350e-07 
