0.0 12.5 25.0 2.72158e+00 4.80856e-03 2.72434e+00 4.30816e-03 2.71210e+00 5.45414e-03 2.71739e+00 4.52328e-03 2.73850e+00 4.58092e-03 2.72633e+00 5.17074e-03 2.71814e+00 5.07320e-03 
25.0 37.5 50.0 6.11012e+00 7.14838e-03 6.12171e+00 6.43876e-03 6.07934e+00 8.07180e-03 6.10570e+00 6.75081e-03 6.15026e+00 6.82067e-03 6.11469e+00 7.65476e-03 6.10164e+00 7.54234e-03 
50.0 62.5 75.0 7.97759e+00 9.26830e-03 7.98512e+00 8.05829e-03 7.93731e+00 1.03396e-02 7.97037e+00 8.70797e-03 8.02451e+00 8.56275e-03 7.98543e+00 9.97663e-03 7.96623e+00 9.61773e-03 
75.0 87.5 100.0 8.62839e+00 9.55204e-03 8.63713e+00 8.54967e-03 8.58467e+00 1.08718e-02 8.62364e+00 8.99703e-03 8.67851e+00 9.07860e-03 8.63318e+00 1.02533e-02 8.62195e+00 1.01275e-02 
100.0 125.0 150.0 5.98899e+00 4.50614e-03 5.98063e+00 4.08248e-03 5.96214e+00 5.05361e-03 5.98430e+00 4.32247e-03 6.01387e+00 4.25775e-03 5.99408e+00 4.74125e-03 5.99177e+00 4.80426e-03 
150.0 175.0 200.0 2.62604e+00 2.89180e-03 2.61126e+00 2.57558e-03 2.62052e+00 3.30355e-03 2.62159e+00 2.75490e-03 2.62968e+00 2.70459e-03 2.63122e+00 3.06432e-03 2.63323e+00 3.11834e-03 
200.0 225.0 250.0 1.04938e+00 1.44966e-03 1.03955e+00 1.28932e-03 1.04973e+00 1.65965e-03 1.04649e+00 1.38835e-03 1.04834e+00 1.34679e-03 1.05280e+00 1.52670e-03 1.05436e+00 1.60581e-03 
250.0 275.0 300.0 4.29779e-01 7.63656e-04 4.24381e-01 6.82915e-04 4.30825e-01 8.80598e-04 4.28225e-01 7.32619e-04 4.28423e-01 7.12673e-04 4.31619e-01 8.02478e-04 4.32352e-01 8.37830e-04 
300.0 325.0 350.0 1.86850e-01 4.42564e-04 1.84044e-01 3.88733e-04 1.87660e-01 5.13954e-04 1.86049e-01 4.23693e-04 1.85947e-01 4.06080e-04 1.87798e-01 4.65993e-04 1.88225e-01 4.87991e-04 
350.0 375.0 400.0 8.66524e-02 2.59856e-04 8.51583e-02 2.29028e-04 8.71559e-02 3.00677e-04 8.62399e-02 2.50015e-04 8.60866e-02 2.38048e-04 8.71399e-02 2.72081e-04 8.73866e-02 2.87056e-04 
400.0 425.0 450.0 4.26527e-02 1.55847e-04 4.18435e-02 1.37125e-04 4.30341e-02 1.71897e-04 4.24147e-02 1.50254e-04 4.23375e-02 1.42243e-04 4.29338e-02 1.62783e-04 4.31061e-02 1.65247e-04 
450.0 475.0 500.0 2.22842e-02 9.76886e-05 2.17916e-02 8.62742e-05 2.25150e-02 1.12774e-04 2.21406e-02 9.44864e-05 2.20664e-02 8.92391e-05 2.24537e-02 1.01659e-04 2.25318e-02 1.08367e-04 
500.0 550.0 600.0 9.39980e-03 3.76942e-05 9.18236e-03 3.34341e-05 9.49929e-03 4.33130e-05 9.33891e-03 3.67044e-05 9.29964e-03 3.43635e-05 9.47146e-03 3.89260e-05 9.50838e-03 4.19519e-05 
600.0 700.0 800.0 2.19973e-03 1.01282e-05 2.13796e-03 9.01408e-06 2.23059e-03 1.16171e-05 2.18181e-03 9.92948e-06 2.16870e-03 9.20569e-06 2.22077e-03 1.03759e-05 2.22848e-03 1.13429e-05 
800.0 900.0 1000.0 3.59586e-04 3.09731e-06 3.46341e-04 2.77405e-06 3.67686e-04 3.53602e-06 3.55963e-04 3.05666e-06 3.51910e-04 2.81729e-06 3.63820e-04 3.14798e-06 3.66433e-04 3.48221e-06 
