0.0 2.5 5.0 3.82196e-02 9.76890e-04 4.10512e-02 8.30986e-04 3.59340e-02 8.95265e-04 3.97281e-02 9.23157e-04 3.95825e-02 8.68682e-04 3.63453e-02 1.04611e-03 3.76900e-02 8.45410e-04 
5.0 7.5 10.0 1.01373e-01 1.73650e-03 1.06373e-01 1.62810e-03 9.64074e-02 1.86345e-03 1.04222e-01 1.62061e-03 1.03517e-01 1.74329e-03 9.78292e-02 1.88385e-03 9.97309e-02 1.71630e-03 
10.0 12.5 15.0 1.41064e-01 2.21408e-03 1.47614e-01 2.13724e-03 1.34897e-01 2.37871e-03 1.44439e-01 2.06113e-03 1.44271e-01 2.29834e-03 1.36865e-01 2.40797e-03 1.38817e-01 2.18573e-03 
15.0 17.5 20.0 1.64862e-01 2.60692e-03 1.71019e-01 2.42399e-03 1.58375e-01 2.66437e-03 1.67919e-01 2.41785e-03 1.67964e-01 2.61198e-03 1.61052e-01 2.84563e-03 1.61933e-01 2.44510e-03 
20.0 22.5 25.0 1.76665e-01 2.65059e-03 1.82918e-01 2.46989e-03 1.70588e-01 2.86164e-03 1.79582e-01 2.46344e-03 1.80017e-01 2.65587e-03 1.73028e-01 2.88715e-03 1.74508e-01 2.64811e-03 
25.0 27.5 30.0 1.74117e-01 2.86272e-03 1.80387e-01 2.66160e-03 1.68062e-01 3.09815e-03 1.77207e-01 2.65594e-03 1.77304e-01 2.86713e-03 1.70265e-01 3.12360e-03 1.71606e-01 2.83743e-03 
30.0 32.5 35.0 1.75576e-01 2.91364e-03 1.80751e-01 2.81022e-03 1.71487e-01 2.64768e-03 1.78479e-01 2.70594e-03 1.77768e-01 3.02915e-03 1.71954e-01 3.17585e-03 1.74627e-01 2.44830e-03 
35.0 37.5 40.0 1.73266e-01 2.81318e-03 1.80452e-01 2.81186e-03 1.67346e-01 3.02821e-03 1.76254e-01 2.62089e-03 1.77589e-01 3.02667e-03 1.69542e-01 3.05664e-03 1.70781e-01 2.78498e-03 
40.0 42.5 45.0 1.77654e-01 2.62161e-03 1.83693e-01 2.46282e-03 1.71635e-01 3.31124e-03 1.80710e-01 2.45835e-03 1.80633e-01 2.62419e-03 1.73846e-01 2.82963e-03 1.75104e-01 2.59286e-03 
45.0 47.5 50.0 1.88783e-01 2.93039e-03 1.96459e-01 3.05569e-03 1.83140e-01 3.14772e-03 1.91523e-01 2.73557e-03 1.93912e-01 3.28991e-03 1.85363e-01 3.17745e-03 1.86256e-01 2.90079e-03 
50.0 52.5 55.0 2.03028e-01 3.10696e-03 2.09781e-01 2.90986e-03 1.94615e-01 2.95008e-03 2.06197e-01 2.89982e-03 2.06649e-01 3.11593e-03 1.99077e-01 3.36944e-03 1.98448e-01 2.73746e-03 
55.0 57.5 60.0 2.22123e-01 3.22406e-03 2.30037e-01 3.02041e-03 2.14468e-01 3.46165e-03 2.26085e-01 3.01191e-03 2.26120e-01 3.23122e-03 2.17192e-01 3.49311e-03 2.19054e-01 3.19270e-03 
60.0 62.5 65.0 2.58077e-01 3.67603e-03 2.69737e-01 3.43330e-03 2.46323e-01 3.96027e-03 2.64527e-01 3.42583e-03 2.63375e-01 3.68190e-03 2.50070e-01 3.99253e-03 2.53942e-01 3.64376e-03 
65.0 67.5 70.0 2.76791e-01 3.21708e-03 2.90279e-01 3.04229e-03 2.62970e-01 3.42159e-03 2.84328e-01 3.03346e-03 2.82902e-01 3.22413e-03 2.67449e-01 3.45189e-03 2.71974e-01 3.18596e-03 
70.0 72.5 75.0 2.68511e-01 3.38845e-03 2.80136e-01 3.18272e-03 2.56647e-01 3.62936e-03 2.74724e-01 3.17918e-03 2.74104e-01 3.39004e-03 2.60813e-01 3.65443e-03 2.64082e-01 3.36254e-03 
75.0 77.5 80.0 2.29556e-01 3.04393e-03 2.42608e-01 3.32048e-03 2.26077e-01 4.01062e-03 2.33670e-01 2.86213e-03 2.39142e-01 3.56186e-03 2.24458e-01 3.27525e-03 2.30511e-01 3.68423e-03 
80.0 82.5 85.0 1.76386e-01 3.18765e-03 1.81590e-01 2.95500e-03 1.72737e-01 3.75657e-03 1.78600e-01 2.96568e-03 1.79524e-01 3.17443e-03 1.73639e-01 3.46677e-03 1.75247e-01 3.44082e-03 
85.0 87.5 90.0 1.23888e-01 2.66852e-03 1.25737e-01 2.49900e-03 1.22075e-01 3.03398e-03 1.24075e-01 2.47905e-03 1.25639e-01 2.69020e-03 1.23643e-01 2.90618e-03 1.22296e-01 2.77976e-03 
90.0 92.5 95.0 7.29780e-02 2.02017e-03 7.27534e-02 1.83278e-03 7.33496e-02 2.04379e-03 7.14225e-02 2.00903e-03 7.41791e-02 1.97796e-03 7.45976e-02 2.30110e-03 7.17671e-02 1.87463e-03 
95.0 97.5 100.0 4.01660e-02 1.26830e-03 3.75784e-02 1.14658e-03 4.35276e-02 1.38230e-03 3.78966e-02 1.16781e-03 3.98117e-02 1.24456e-03 4.29449e-02 1.39295e-03 4.06744e-02 1.25848e-03 
100.0 105.0 110.0 1.48421e-02 2.70748e-04 1.32856e-02 2.44506e-04 1.67126e-02 3.01904e-04 1.36060e-02 2.48359e-04 1.44900e-02 2.66478e-04 1.63549e-02 2.98363e-04 1.51635e-02 2.73885e-04 
110.0 115.0 120.0 3.32538e-03 7.65803e-05 2.93610e-03 6.79886e-05 3.79589e-03 8.68744e-05 3.03022e-03 6.97851e-05 3.22210e-03 7.46089e-05 3.68606e-03 8.48835e-05 3.42447e-03 7.83765e-05 
120.0 125.0 130.0 4.90436e-04 2.08390e-05 4.28017e-04 1.82953e-05 5.71447e-04 2.43507e-05 4.47193e-04 1.90018e-05 4.69407e-04 2.00643e-05 5.43202e-04 2.30807e-05 5.15942e-04 2.19860e-05 
130.0 135.0 140.0 1.98504e-05 1.52607e-06 1.55300e-05 1.19405e-06 2.30293e-05 1.72693e-06 1.81142e-05 1.39253e-06 1.70183e-05 1.30853e-06 2.19649e-05 1.68873e-06 2.08129e-05 1.56065e-06 
140.0 145.0 150.0 0.00000e+00 0.00000e+00 0.00000e+00 0.00000e+00 0.00000e+00 0.00000e+00 0.00000e+00 0.00000e+00 0.00000e+00 0.00000e+00 0.00000e+00 0.00000e+00 0.00000e+00 0.00000e+00 
150.0 155.0 160.0 0.00000e+00 0.00000e+00 0.00000e+00 0.00000e+00 0.00000e+00 0.00000e+00 0.00000e+00 0.00000e+00 0.00000e+00 0.00000e+00 0.00000e+00 0.00000e+00 0.00000e+00 0.00000e+00 
160.0 165.0 170.0 0.00000e+00 0.00000e+00 0.00000e+00 0.00000e+00 0.00000e+00 0.00000e+00 0.00000e+00 0.00000e+00 0.00000e+00 0.00000e+00 0.00000e+00 0.00000e+00 0.00000e+00 0.00000e+00 
170.0 175.0 180.0 0.00000e+00 0.00000e+00 0.00000e+00 0.00000e+00 0.00000e+00 0.00000e+00 0.00000e+00 0.00000e+00 0.00000e+00 0.00000e+00 0.00000e+00 0.00000e+00 0.00000e+00 0.00000e+00 
180.0 185.0 190.0 0.00000e+00 0.00000e+00 0.00000e+00 0.00000e+00 0.00000e+00 0.00000e+00 0.00000e+00 0.00000e+00 0.00000e+00 0.00000e+00 0.00000e+00 0.00000e+00 0.00000e+00 0.00000e+00 
190.0 195.0 200.0 0.00000e+00 0.00000e+00 0.00000e+00 0.00000e+00 0.00000e+00 0.00000e+00 0.00000e+00 0.00000e+00 0.00000e+00 0.00000e+00 0.00000e+00 0.00000e+00 0.00000e+00 0.00000e+00 
200.0 212.5 225.0 0.00000e+00 0.00000e+00 0.00000e+00 0.00000e+00 0.00000e+00 0.00000e+00 0.00000e+00 0.00000e+00 0.00000e+00 0.00000e+00 0.00000e+00 0.00000e+00 0.00000e+00 0.00000e+00 
225.0 237.5 250.0 0.00000e+00 0.00000e+00 0.00000e+00 0.00000e+00 0.00000e+00 0.00000e+00 0.00000e+00 0.00000e+00 0.00000e+00 0.00000e+00 0.00000e+00 0.00000e+00 0.00000e+00 0.00000e+00 
250.0 262.5 275.0 0.00000e+00 0.00000e+00 0.00000e+00 0.00000e+00 0.00000e+00 0.00000e+00 0.00000e+00 0.00000e+00 0.00000e+00 0.00000e+00 0.00000e+00 0.00000e+00 0.00000e+00 0.00000e+00 
275.0 287.5 300.0 0.00000e+00 0.00000e+00 0.00000e+00 0.00000e+00 0.00000e+00 0.00000e+00 0.00000e+00 0.00000e+00 0.00000e+00 0.00000e+00 0.00000e+00 0.00000e+00 0.00000e+00 0.00000e+00 
300.0 312.5 325.0 0.00000e+00 0.00000e+00 0.00000e+00 0.00000e+00 0.00000e+00 0.00000e+00 0.00000e+00 0.00000e+00 0.00000e+00 0.00000e+00 0.00000e+00 0.00000e+00 0.00000e+00 0.00000e+00 
325.0 337.5 350.0 0.00000e+00 0.00000e+00 0.00000e+00 0.00000e+00 0.00000e+00 0.00000e+00 0.00000e+00 0.00000e+00 0.00000e+00 0.00000e+00 0.00000e+00 0.00000e+00 0.00000e+00 0.00000e+00 
350.0 362.5 375.0 0.00000e+00 0.00000e+00 0.00000e+00 0.00000e+00 0.00000e+00 0.00000e+00 0.00000e+00 0.00000e+00 0.00000e+00 0.00000e+00 0.00000e+00 0.00000e+00 0.00000e+00 0.00000e+00 
375.0 387.5 400.0 0.00000e+00 0.00000e+00 0.00000e+00 0.00000e+00 0.00000e+00 0.00000e+00 0.00000e+00 0.00000e+00 0.00000e+00 0.00000e+00 0.00000e+00 0.00000e+00 0.00000e+00 0.00000e+00 
400.0 412.5 425.0 0.00000e+00 0.00000e+00 0.00000e+00 0.00000e+00 0.00000e+00 0.00000e+00 0.00000e+00 0.00000e+00 0.00000e+00 0.00000e+00 0.00000e+00 0.00000e+00 0.00000e+00 0.00000e+00 
425.0 437.5 450.0 0.00000e+00 0.00000e+00 0.00000e+00 0.00000e+00 0.00000e+00 0.00000e+00 0.00000e+00 0.00000e+00 0.00000e+00 0.00000e+00 0.00000e+00 0.00000e+00 0.00000e+00 0.00000e+00 
450.0 462.5 475.0 0.00000e+00 0.00000e+00 0.00000e+00 0.00000e+00 0.00000e+00 0.00000e+00 0.00000e+00 0.00000e+00 0.00000e+00 0.00000e+00 0.00000e+00 0.00000e+00 0.00000e+00 0.00000e+00 
475.0 487.5 500.0 0.00000e+00 0.00000e+00 0.00000e+00 0.00000e+00 0.00000e+00 0.00000e+00 0.00000e+00 0.00000e+00 0.00000e+00 0.00000e+00 0.00000e+00 0.00000e+00 0.00000e+00 0.00000e+00 
500.0 512.5 525.0 0.00000e+00 0.00000e+00 0.00000e+00 0.00000e+00 0.00000e+00 0.00000e+00 0.00000e+00 0.00000e+00 0.00000e+00 0.00000e+00 0.00000e+00 0.00000e+00 0.00000e+00 0.00000e+00 
525.0 537.5 550.0 0.00000e+00 0.00000e+00 0.00000e+00 0.00000e+00 0.00000e+00 0.00000e+00 0.00000e+00 0.00000e+00 0.00000e+00 0.00000e+00 0.00000e+00 0.00000e+00 0.00000e+00 0.00000e+00 
550.0 562.5 575.0 0.00000e+00 0.00000e+00 0.00000e+00 0.00000e+00 0.00000e+00 0.00000e+00 0.00000e+00 0.00000e+00 0.00000e+00 0.00000e+00 0.00000e+00 0.00000e+00 0.00000e+00 0.00000e+00 
575.0 587.5 600.0 0.00000e+00 0.00000e+00 0.00000e+00 0.00000e+00 0.00000e+00 0.00000e+00 0.00000e+00 0.00000e+00 0.00000e+00 0.00000e+00 0.00000e+00 0.00000e+00 0.00000e+00 0.00000e+00 
