0.0 0.5 1.0 5.95362e+01 1.11070e-01 5.04185e+01 9.88775e-02 7.14503e+01 1.23612e-01 5.44700e+01 1.01253e-01 5.51007e+01 1.08485e-01 6.56714e+01 1.23059e-01 6.47642e+01 1.11602e-01 
1.0 1.5 2.0 8.39066e+00 1.48526e-01 4.13957e+00 1.36876e-01 1.57571e+01 1.59569e-01 7.82137e+00 1.35345e-01 4.34919e+00 1.50231e-01 9.03958e+00 1.64639e-01 1.44514e+01 1.43999e-01 
2.0 2.5 3.0 -5.25759e+01 1.60740e-01 -4.70505e+01 1.47279e-01 -5.49938e+01 1.76075e-01 -4.77542e+01 1.46492e-01 -5.18275e+01 1.61618e-01 -5.85118e+01 1.78152e-01 -4.94296e+01 1.58886e-01 
3.0 3.5 4.0 -5.59591e+01 2.19120e-01 -4.09184e+01 1.97620e-01 -6.91119e+01 2.06746e-01 -5.07784e+01 1.99663e-01 -4.51822e+01 2.16898e-01 -6.23499e+01 2.42909e-01 -6.21138e+01 1.86545e-01 
4.0 4.5 5.0 -2.26841e+01 1.77675e-01 -2.06295e+00 1.49956e-01 -4.42262e+01 2.02586e-01 -2.04311e+01 1.61894e-01 -2.60440e+00 1.72596e-01 -2.55033e+01 1.96970e-01 -3.96362e+01 1.82763e-01 
5.0 5.5 6.0 9.05556e+00 1.48389e-01 2.74971e+01 1.28607e-01 -1.29653e+01 1.73873e-01 8.43587e+00 1.35180e-01 2.99474e+01 1.41185e-01 9.76275e+00 1.64546e-01 -1.14881e+01 1.56823e-01 
6.0 6.5 7.0 1.85151e+01 1.15130e-01 2.92188e+01 9.77459e-02 4.14826e+00 1.39441e-01 1.69595e+01 1.04875e-01 3.19649e+01 1.07310e-01 2.03922e+01 1.27677e-01 3.85197e+00 1.25755e-01 
7.0 7.5 8.0 1.05857e+01 7.41728e-02 1.40206e+01 6.47372e-02 5.38189e+00 9.28543e-02 9.66213e+00 6.75370e-02 1.53729e+01 7.11047e-02 1.17100e+01 8.22985e-02 4.88188e+00 8.36892e-02 
8.0 8.5 9.0 1.57187e+00 3.46516e-02 1.88144e+00 3.00119e-02 1.02150e+00 4.47828e-02 1.43169e+00 3.15140e-02 2.06647e+00 3.29987e-02 1.74336e+00 3.85040e-02 9.22174e-01 4.02939e-02 
9.0 9.5 10.0 0.00000e+00 0.00000e+00 0.00000e+00 0.00000e+00 0.00000e+00 0.00000e+00 0.00000e+00 0.00000e+00 0.00000e+00 0.00000e+00 0.00000e+00 0.00000e+00 0.00000e+00 0.00000e+00 
