0.0 0.05 0.1 5.52987e+02 1.47986e+01 6.52805e+02 1.02357e+01 7.31586e+01 2.27119e+01 6.31822e+02 1.04935e+01 6.03385e+02 1.44316e+01 1.71431e+02 2.19595e+01 5.09262e+02 1.52753e+01 
0.1 0.15 0.2 5.25002e+02 1.90516e+01 6.42299e+02 1.25942e+01 4.78478e+00 3.09858e+01 6.21000e+02 1.29324e+01 5.78316e+02 1.85808e+01 1.07122e+02 2.98871e+01 4.79608e+02 1.97286e+01 
0.2 0.25 0.3 5.86908e+02 1.96428e+01 7.24829e+02 1.27948e+01 -3.15429e-01 3.26503e+01 6.95478e+02 1.33948e+01 6.46868e+02 1.90763e+01 1.17352e+02 3.05655e+01 5.35661e+02 2.03050e+01 
0.3 0.35 0.4 6.72001e+02 1.80150e+01 7.94101e+02 1.35296e+01 5.53282e+01 2.83978e+01 7.78557e+02 1.25239e+01 7.18047e+02 1.99143e+01 1.49648e+02 3.20985e+01 6.16734e+02 1.86199e+01 
0.4 0.45 0.5 5.77174e+02 1.79337e+01 6.93647e+02 1.08444e+01 6.16302e+01 2.95622e+01 6.71337e+02 1.22654e+01 6.36527e+02 1.57005e+01 1.56743e+02 2.81103e+01 5.36863e+02 1.87851e+01 
0.5 0.55 0.6 5.07782e+02 1.55261e+01 6.17949e+02 1.03162e+01 1.79493e+01 2.48787e+01 5.95124e+02 1.06265e+01 5.58548e+02 1.50843e+01 1.17779e+02 2.40477e+01 4.63238e+02 1.60392e+01 
0.6 0.65 0.7 4.83432e+02 1.50313e+01 5.76301e+02 9.64746e+00 2.00547e+01 2.70779e+01 5.56849e+02 9.90632e+00 5.26534e+02 1.40242e+01 1.32337e+02 2.33663e+01 4.30264e+02 1.70962e+01 
0.7 0.75 0.8 4.35660e+02 1.50714e+01 5.35947e+02 9.30433e+00 2.97657e+01 2.61548e+01 5.11572e+02 1.01886e+01 4.88920e+02 1.35787e+01 9.79604e+01 2.36625e+01 4.07595e+02 1.64944e+01 
0.8 0.85 0.9 4.22584e+02 1.49173e+01 5.11940e+02 9.80847e+00 1.79148e+01 2.42169e+01 4.94478e+02 1.01002e+01 4.64163e+02 1.44681e+01 9.93061e+01 2.33731e+01 3.85170e+02 1.63317e+01 
0.9 0.95 1.0 4.33824e+02 1.54678e+01 5.04960e+02 1.00675e+01 5.69509e+01 2.28361e+01 4.90757e+02 1.03794e+01 4.69687e+02 1.49844e+01 1.29413e+02 2.20313e+01 4.03324e+02 1.60096e+01 
1.0 1.05 1.1 3.89809e+02 1.42142e+01 4.67872e+02 9.77774e+00 2.16082e+01 2.30994e+01 4.56711e+02 9.65825e+00 4.23999e+02 1.45366e+01 9.49782e+01 2.22457e+01 3.59430e+02 1.52388e+01 
1.1 1.15 1.2 3.99559e+02 1.42342e+01 4.63198e+02 9.34508e+00 6.07725e+01 2.32301e+01 4.54100e+02 9.61994e+00 4.26177e+02 1.38126e+01 1.29234e+02 2.23436e+01 3.69840e+02 1.47702e+01 
1.2 1.25 1.3 3.66931e+02 1.42971e+01 4.42856e+02 9.45564e+00 2.70014e+01 2.34209e+01 4.26029e+02 9.64250e+00 4.05894e+02 1.40355e+01 1.03803e+02 2.29466e+01 3.37585e+02 1.48654e+01 
1.3 1.35 1.4 3.73158e+02 1.48657e+01 4.37243e+02 9.62715e+00 5.37652e+01 2.42482e+01 4.24954e+02 9.95075e+00 4.05824e+02 1.43545e+01 1.18111e+02 2.35783e+01 3.44654e+02 1.54397e+01 
1.4 1.45 1.5 3.44778e+02 1.48936e+01 4.12677e+02 9.25635e+00 3.78814e+01 2.45896e+01 4.08317e+02 9.96926e+00 3.73820e+02 1.37265e+01 7.89896e+01 2.23762e+01 3.27757e+02 1.54764e+01 
1.5 1.55 1.6 3.57029e+02 1.43497e+01 4.14056e+02 9.39187e+00 5.11540e+01 2.18820e+01 4.03124e+02 9.64279e+00 3.86008e+02 1.39786e+01 1.21904e+02 2.26483e+01 3.25244e+02 1.39872e+01 
1.6 1.65 1.7 3.35229e+02 1.28050e+01 3.94008e+02 9.43413e+00 3.45704e+01 2.38703e+01 3.83172e+02 8.74077e+00 3.69109e+02 1.23141e+01 1.01947e+02 1.98638e+01 3.06209e+02 1.50625e+01 
1.7 1.75 1.8 3.34247e+02 1.45334e+01 3.88447e+02 9.12225e+00 5.17836e+01 2.40436e+01 3.76806e+02 8.93858e+00 3.61784e+02 1.35516e+01 1.11817e+02 2.30405e+01 3.06211e+02 1.36890e+01 
1.8 1.85 1.9 3.26745e+02 1.38114e+01 3.81595e+02 8.96494e+00 5.91288e+01 2.10086e+01 3.69793e+02 9.29558e+00 3.56636e+02 1.33036e+01 1.09008e+02 2.17641e+01 3.07294e+02 1.34655e+01 
1.9 1.95 2.0 3.16104e+02 1.24117e+01 3.69535e+02 8.20291e+00 4.86311e+01 2.00507e+01 3.57515e+02 8.49340e+00 3.44343e+02 1.19634e+01 1.05844e+02 1.91843e+01 2.92380e+02 1.29519e+01 
2.0 2.05 2.1 3.02376e+02 1.39622e+01 3.50675e+02 9.01535e+00 5.12377e+01 2.07386e+01 3.46040e+02 8.62603e+00 3.25431e+02 1.34567e+01 9.87128e+01 2.21131e+01 2.84113e+02 1.32705e+01 
2.1 2.15 2.2 2.78356e+02 1.33487e+01 3.36210e+02 8.61355e+00 3.97758e+01 1.90694e+01 3.33217e+02 8.11214e+00 3.09332e+02 1.27970e+01 6.98357e+01 2.10518e+01 2.70057e+02 1.23413e+01 
2.2 2.25 2.3 2.97130e+02 1.28352e+01 3.36973e+02 8.46693e+00 6.30512e+01 2.11150e+01 3.25644e+02 8.25049e+00 3.19539e+02 1.22252e+01 1.08574e+02 1.85893e+01 2.68618e+02 1.26511e+01 
2.3 2.35 2.4 3.05199e+02 1.28370e+01 3.33640e+02 7.66256e+00 1.00108e+02 2.12794e+01 3.32413e+02 8.75985e+00 3.20471e+02 1.11665e+01 1.40710e+02 2.01475e+01 2.91005e+02 1.35273e+01 
2.4 2.45 2.5 2.49715e+02 1.24964e+01 2.97955e+02 8.10638e+00 1.18401e+01 2.05350e+01 2.88609e+02 8.43763e+00 2.74515e+02 1.19935e+01 6.65459e+01 1.95966e+01 2.26724e+02 1.30740e+01 
2.5 2.55 2.6 2.43112e+02 1.10192e+01 2.86974e+02 7.26250e+00 2.36654e+01 1.76980e+01 2.78342e+02 7.55891e+00 2.66574e+02 1.05785e+01 6.50136e+01 1.89945e+01 2.23484e+02 1.14864e+01 
2.6 2.65 2.7 2.25412e+02 1.13896e+01 2.71046e+02 7.14000e+00 -6.63829e+00 1.93292e+01 2.59484e+02 7.92724e+00 2.46076e+02 1.17110e+01 6.12442e+01 1.67944e+01 1.97527e+02 1.23284e+01 
2.7 2.75 2.8 2.33517e+02 1.15775e+01 2.68068e+02 7.02644e+00 2.79564e+01 1.95997e+01 2.62537e+02 7.97036e+00 2.50261e+02 1.02610e+01 7.59029e+01 1.66485e+01 2.12055e+02 1.24542e+01 
2.8 2.85 2.9 2.14061e+02 1.21039e+01 2.56752e+02 7.00511e+00 1.20501e+01 2.05771e+01 2.50087e+02 7.33352e+00 2.34140e+02 1.15423e+01 5.84060e+01 1.95098e+01 2.00417e+02 1.30665e+01 
2.9 2.95 3.0 2.05010e+02 1.22033e+01 2.46747e+02 7.04236e+00 1.26544e+01 2.02049e+01 2.34717e+02 8.15381e+00 2.33061e+02 1.03581e+01 5.57848e+01 1.91277e+01 1.86101e+02 1.27532e+01 
3.0 3.05 3.1 1.88382e+02 1.20028e+01 2.29520e+02 7.64363e+00 -6.48561e+00 2.01064e+01 2.20811e+02 8.03392e+00 2.11121e+02 1.14093e+01 4.58246e+01 1.89744e+01 1.70364e+02 1.26755e+01 
3.1 3.15 3.2 2.13215e+02 1.05996e+01 2.39172e+02 6.88910e+00 6.41432e+01 1.91682e+01 2.37587e+02 7.75787e+00 2.28770e+02 1.01469e+01 9.06546e+01 1.64243e+01 2.06384e+02 1.21781e+01 
3.2 3.25 3.3 1.80606e+02 1.10540e+01 2.08292e+02 7.11687e+00 1.14454e+01 1.61005e+01 2.05678e+02 6.75252e+00 1.95397e+02 1.07305e+01 5.36132e+01 1.72679e+01 1.65073e+02 1.02993e+01 
3.3 3.35 3.4 1.77056e+02 1.06842e+01 2.05508e+02 6.85207e+00 2.28302e+01 1.81561e+01 2.01722e+02 7.31791e+00 1.94320e+02 1.01568e+01 5.95913e+01 1.67538e+01 1.63426e+02 1.15250e+01 
3.4 3.45 3.5 1.54682e+02 9.42483e+00 1.88105e+02 6.35121e+00 -5.48150e+00 1.62055e+01 1.80614e+02 6.68566e+00 1.74780e+02 9.32935e+00 4.21344e+01 1.52144e+01 1.35807e+02 9.95416e+00 
3.5 3.55 3.6 1.55500e+02 9.40154e+00 1.82943e+02 6.39751e+00 3.53036e+00 1.62006e+01 1.78136e+02 6.44670e+00 1.73197e+02 1.00796e+01 4.50414e+01 1.69257e+01 1.38799e+02 9.92339e+00 
3.6 3.65 3.7 1.59264e+02 1.02907e+01 1.78309e+02 6.61768e+00 3.04554e+01 1.72583e+01 1.74798e+02 6.90261e+00 1.72069e+02 9.87823e+00 6.25928e+01 1.64048e+01 1.43151e+02 1.09803e+01 
3.7 3.75 3.8 1.18578e+02 1.00450e+01 1.50885e+02 6.38059e+00 -3.63954e+01 1.70422e+01 1.45442e+02 6.73253e+00 1.34241e+02 9.51105e+00 1.45718e+01 1.57860e+01 1.12003e+02 9.35967e+00 
3.8 3.85 3.9 1.16676e+02 9.58575e+00 1.47057e+02 5.98160e+00 -2.35728e+01 1.65004e+01 1.39869e+02 6.45506e+00 1.34699e+02 8.84522e+00 1.68075e+01 1.50331e+01 9.99714e+01 1.04684e+01 
3.9 3.95 4.0 1.28990e+02 9.06428e+00 1.48054e+02 6.35493e+00 9.49083e+00 1.66787e+01 1.44030e+02 6.71215e+00 1.40714e+02 9.49742e+00 4.51369e+01 1.40987e+01 1.15543e+02 9.61647e+00 
4.0 4.05 4.1 8.48390e+01 9.80630e+00 1.15438e+02 6.23965e+00 -5.63824e+01 1.67882e+01 1.11234e+02 6.56237e+00 9.56977e+01 9.34277e+00 -1.65555e+01 1.56779e+01 7.33946e+01 1.02029e+01 
4.1 4.15 4.2 9.80324e+01 8.63192e+00 1.20360e+02 5.97653e+00 -1.49332e+01 1.61102e+01 1.17970e+02 6.37916e+00 1.09913e+02 8.93288e+00 1.61233e+01 1.34403e+01 8.59547e+01 1.01883e+01 
4.2 4.25 4.3 8.87013e+01 9.37612e+00 1.11514e+02 5.91736e+00 -2.21063e+01 1.58199e+01 1.07890e+02 6.28853e+00 1.00207e+02 8.81808e+00 6.68060e+00 1.46164e+01 7.77336e+01 9.88775e+00 
4.3 4.35 4.4 1.00317e+02 8.66569e+00 1.13991e+02 5.50816e+00 7.32890e+00 1.35203e+01 1.11207e+02 5.84260e+00 1.10172e+02 8.16507e+00 3.84329e+01 1.35570e+01 8.64985e+01 9.05312e+00 
4.4 4.45 4.5 8.61760e+01 8.27356e+00 1.02698e+02 5.37812e+00 -5.75874e+00 1.37644e+01 9.86956e+01 5.69280e+00 9.50971e+01 8.11433e+00 1.93620e+01 1.36206e+01 7.49219e+01 8.82534e+00 
4.5 4.55 4.6 5.58691e+01 8.36180e+00 8.00236e+01 5.26088e+00 -4.28355e+01 1.36929e+01 7.64250e+01 5.61408e+00 6.67724e+01 7.85715e+00 -1.77148e+01 1.31431e+01 4.61811e+01 8.73525e+00 
4.6 4.65 4.7 8.31519e+01 7.22497e+00 9.26278e+01 5.19203e+00 7.52221e+00 1.32957e+01 9.18873e+01 4.95400e+00 8.95450e+01 7.62009e+00 2.95088e+01 1.25762e+01 7.36792e+01 8.50637e+00 
4.7 4.75 4.8 5.93177e+01 7.97948e+00 7.79068e+01 5.03852e+00 -1.55416e+01 1.35778e+01 7.36773e+01 5.37357e+00 6.81505e+01 7.47333e+00 1.16767e+00 1.24941e+01 5.32323e+01 8.53153e+00 
4.8 4.85 4.9 5.44263e+01 7.41232e+00 7.02026e+01 4.74142e+00 -2.60796e+01 1.29890e+01 6.76278e+01 5.04146e+00 6.27433e+01 6.97127e+00 9.18116e-01 1.14650e+01 4.17686e+01 8.10436e+00 
4.9 4.95 5.0 5.26574e+01 7.57608e+00 6.43721e+01 4.83334e+00 -2.83688e+01 1.29267e+01 6.02094e+01 5.13331e+00 5.70497e+01 7.14998e+00 -9.45734e-01 1.20103e+01 4.15232e+01 7.78071e+00 
5.0 5.05 5.1 6.06252e+01 7.45443e+00 6.87285e+01 4.72395e+00 1.84234e+00 1.21591e+01 6.73909e+01 5.05069e+00 6.65472e+01 6.98956e+00 2.22862e+01 1.16121e+01 5.24129e+01 7.45641e+00 
5.1 5.15 5.2 4.13943e+01 7.32353e+00 5.49329e+01 4.63560e+00 -2.17853e+01 1.23309e+01 5.23402e+01 4.94272e+00 5.04813e+01 6.80958e+00 -1.94984e+00 1.14253e+01 3.53318e+01 7.98068e+00 
5.2 5.25 5.3 5.06420e+01 6.75465e+00 5.71447e+01 4.46496e+00 4.73405e+00 1.12280e+01 5.64050e+01 4.59559e+00 5.34512e+01 6.56580e+00 1.58008e+01 1.07509e+01 4.54521e+01 7.32002e+00 
5.3 5.35 5.4 3.88161e+01 6.55845e+00 4.68062e+01 4.35208e+00 -1.32867e+01 1.13868e+01 4.57680e+01 4.65000e+00 4.27285e+01 6.45213e+00 5.80559e+00 1.01325e+01 3.06984e+01 7.40678e+00 
5.4 5.45 5.5 3.74530e+01 6.45068e+00 4.40126e+01 4.14102e+00 -1.03954e+01 1.06168e+01 4.26946e+01 4.18817e+00 4.12442e+01 6.11890e+00 6.44071e+00 1.01234e+01 3.09306e+01 6.94362e+00 
5.5 5.55 5.6 3.01694e+01 6.42151e+00 3.85501e+01 4.03517e+00 -1.36553e+01 1.08365e+01 3.74351e+01 4.35525e+00 3.46801e+01 5.95301e+00 -1.86429e+00 1.01613e+01 2.51121e+01 6.91001e+00 
5.6 5.65 5.7 1.54707e+01 6.16273e+00 2.76416e+01 3.83396e+00 -3.27340e+01 1.04232e+01 2.58834e+01 4.15783e+00 2.06868e+01 5.68005e+00 -1.81709e+01 9.55595e+00 9.38512e+00 6.71361e+00 
5.7 5.75 5.8 3.81148e+01 6.24961e+00 4.04348e+01 3.91459e+00 1.27191e+01 1.05825e+01 3.88701e+01 4.21324e+00 4.08045e+01 5.79084e+00 2.24880e+01 9.71543e+00 3.50438e+01 6.80580e+00 
5.8 5.85 5.9 4.08997e+00 6.07412e+00 1.67357e+01 3.72743e+00 -3.14093e+01 9.74700e+00 1.54513e+01 4.06506e+00 8.31958e+00 5.53501e+00 -2.81036e+01 9.52479e+00 -1.27131e+00 6.64709e+00 
5.9 5.95 6.0 2.70789e+01 5.77589e+00 2.96977e+01 3.83365e+00 2.51865e+00 1.06003e+01 2.86217e+01 4.15087e+00 3.00613e+01 5.65275e+00 1.16159e+01 9.54297e+00 2.33349e+01 6.82508e+00 
6.0 6.05 6.1 1.68139e+01 5.63392e+00 2.26907e+01 3.50779e+00 -5.91634e+00 9.66277e+00 2.20581e+01 3.81278e+00 2.20448e+01 4.97943e+00 3.72600e-02 8.79174e+00 1.66691e+01 6.12744e+00 
6.1 6.15 6.2 1.78447e+01 5.86472e+00 2.07702e+01 3.67104e+00 -8.89897e-01 9.74268e+00 2.01518e+01 3.92660e+00 2.01654e+01 5.39778e+00 3.10581e+00 9.03283e+00 1.37221e+01 6.42843e+00 
6.2 6.25 6.3 1.79328e+01 5.50931e+00 1.99668e+01 3.41276e+00 -1.08138e+00 9.46232e+00 1.94320e+01 3.74293e+00 1.98860e+01 5.09095e+00 4.58656e+00 8.64598e+00 1.38374e+01 6.07715e+00 
6.3 6.35 6.4 1.89984e+01 5.37150e+00 1.94446e+01 3.35378e+00 9.64173e+00 9.10483e+00 1.92311e+01 3.63872e+00 2.05794e+01 4.95814e+00 1.21624e+01 8.29426e+00 1.92068e+01 5.88332e+00 
6.4 6.45 6.5 1.43080e+01 5.26485e+00 1.48698e+01 3.35353e+00 2.96157e+00 8.95449e+00 1.50227e+01 3.59274e+00 1.49808e+01 4.93648e+00 7.00014e+00 8.14485e+00 1.27355e+01 5.85628e+00 
6.5 6.55 6.6 4.76798e+00 5.10041e+00 9.74452e+00 3.19085e+00 -1.29096e+01 8.62591e+00 8.36282e+00 3.46558e+00 7.89755e+00 4.70333e+00 -6.79740e+00 7.86838e+00 3.31113e+00 5.60811e+00 
6.6 6.65 6.7 6.91854e+00 4.67179e+00 8.61415e+00 2.88054e+00 -4.84413e+00 8.06958e+00 8.41513e+00 3.19410e+00 7.48685e+00 4.24013e+00 -4.88419e-01 7.21108e+00 5.38809e+00 5.24567e+00 
6.7 6.75 6.8 8.02013e+00 4.67169e+00 8.98819e+00 2.92087e+00 -5.09049e-01 7.96567e+00 8.69797e+00 3.18239e+00 8.44452e+00 4.23681e+00 2.63795e+00 7.16149e+00 7.78425e+00 5.18293e+00 
6.8 6.85 6.9 4.19272e+00 4.36644e+00 5.86477e+00 2.72655e+00 -2.63587e+00 7.32289e+00 5.57830e+00 2.98325e+00 5.16524e+00 4.00553e+00 -1.17529e+00 6.69802e+00 2.09144e+00 4.82008e+00 
6.9 6.95 7.0 -5.53669e-01 3.45041e+00 1.80628e+00 2.13332e+00 -1.11985e+01 5.93983e+00 1.43613e+00 2.35107e+00 -2.42175e-02 3.14764e+00 -7.79066e+00 5.36805e+00 -2.39658e+00 3.86090e+00 
7.0 7.05 7.1 1.12629e+01 4.80146e+00 9.26653e+00 3.00099e+00 1.19563e+01 8.06987e+00 1.00478e+01 3.27831e+00 1.12490e+01 4.39885e+00 1.25675e+01 7.34075e+00 1.21451e+01 5.28786e+00 
7.1 7.15 7.2 4.55419e+00 3.41774e+00 5.15576e+00 2.09434e+00 1.60189e+00 5.82180e+00 4.59310e+00 2.31477e+00 4.81508e+00 3.10334e+00 2.94941e+00 5.26000e+00 4.17806e+00 3.79275e+00 
7.2 7.25 7.3 7.46491e+00 4.26902e+00 6.11436e+00 2.65303e+00 6.91019e+00 7.23241e+00 6.44859e+00 2.90767e+00 7.46751e+00 3.90558e+00 8.02966e+00 6.55261e+00 7.18117e+00 4.71596e+00 
7.3 7.35 7.4 -3.68964e-01 2.69841e+00 1.60649e+00 1.89809e+00 -4.34514e+00 4.65089e+00 1.56825e+00 2.10713e+00 2.55880e-03 2.43028e+00 -2.91526e+00 4.14782e+00 -1.00202e+00 3.03375e+00 
7.4 7.45 7.5 -6.04476e-01 2.02994e+00 -3.15891e-01 1.09288e+00 -5.35423e+00 3.10582e+00 1.28143e-01 1.37091e+00 -9.34745e-01 1.62551e+00 -3.91512e+00 2.78907e+00 -2.23182e+00 2.00249e+00 
7.5 7.55 7.6 -3.30715e-01 1.35251e+00 2.87261e-01 8.22903e-01 -2.31103e+00 2.35012e+00 1.71175e-01 9.08187e-01 -6.86130e-02 1.22841e+00 -1.47713e+00 2.10371e+00 -5.94453e-01 1.50206e+00 
7.6 7.65 7.7 -3.96109e+00 2.50575e-01 -2.05123e+00 1.30438e-01 -7.58732e+00 4.84750e-01 -2.33985e+00 1.52637e-01 -3.39073e+00 2.18235e-01 -6.82788e+00 4.30056e-01 -4.39950e+00 2.82502e-01 
7.7 7.75 7.8 -2.36735e+00 1.52902e-01 -1.28567e+00 7.93493e-02 -4.83681e+00 3.10461e-01 -1.43598e+00 9.10797e-02 -2.05842e+00 1.31212e-01 -4.08312e+00 2.62634e-01 -2.80467e+00 1.80747e-01 
7.8 7.85 7.9 -1.35539e+00 9.89549e-02 -7.33716e-01 5.20820e-02 -2.73706e+00 1.98545e-01 -8.30097e-01 6.08235e-02 -1.19798e+00 8.47508e-02 -2.34122e+00 1.70183e-01 -1.58457e+00 1.15449e-01 
7.9 7.95 8.0 -5.86308e-01 4.28390e-02 -3.15361e-01 2.28621e-02 -1.20366e+00 8.72115e-02 -3.58896e-01 2.62572e-02 -5.15196e-01 3.72995e-02 -1.01341e+00 7.39278e-02 -6.96354e-01 5.05389e-02 
8.0 8.05 8.1 -1.26595e-01 1.15536e-02 -6.81222e-02 6.30428e-03 -2.76540e-01 2.51899e-02 -7.63609e-02 7.06458e-03 -1.11458e-01 1.02942e-02 -2.19168e-01 1.99591e-02 -1.59720e-01 1.45839e-02 
8.1 8.15 8.2 0.00000e+00 0.00000e+00 0.00000e+00 0.00000e+00 0.00000e+00 0.00000e+00 0.00000e+00 0.00000e+00 0.00000e+00 0.00000e+00 0.00000e+00 0.00000e+00 0.00000e+00 0.00000e+00 
8.2 8.25 8.3 0.00000e+00 0.00000e+00 0.00000e+00 0.00000e+00 0.00000e+00 0.00000e+00 0.00000e+00 0.00000e+00 0.00000e+00 0.00000e+00 0.00000e+00 0.00000e+00 0.00000e+00 0.00000e+00 
8.3 8.35 8.4 0.00000e+00 0.00000e+00 0.00000e+00 0.00000e+00 0.00000e+00 0.00000e+00 0.00000e+00 0.00000e+00 0.00000e+00 0.00000e+00 0.00000e+00 0.00000e+00 0.00000e+00 0.00000e+00 
8.4 8.45 8.5 0.00000e+00 0.00000e+00 0.00000e+00 0.00000e+00 0.00000e+00 0.00000e+00 0.00000e+00 0.00000e+00 0.00000e+00 0.00000e+00 0.00000e+00 0.00000e+00 0.00000e+00 0.00000e+00 
8.5 8.55 8.6 0.00000e+00 0.00000e+00 0.00000e+00 0.00000e+00 0.00000e+00 0.00000e+00 0.00000e+00 0.00000e+00 0.00000e+00 0.00000e+00 0.00000e+00 0.00000e+00 0.00000e+00 0.00000e+00 
8.6 8.65 8.7 0.00000e+00 0.00000e+00 0.00000e+00 0.00000e+00 0.00000e+00 0.00000e+00 0.00000e+00 0.00000e+00 0.00000e+00 0.00000e+00 0.00000e+00 0.00000e+00 0.00000e+00 0.00000e+00 
8.7 8.75 8.8 0.00000e+00 0.00000e+00 0.00000e+00 0.00000e+00 0.00000e+00 0.00000e+00 0.00000e+00 0.00000e+00 0.00000e+00 0.00000e+00 0.00000e+00 0.00000e+00 0.00000e+00 0.00000e+00 
8.8 8.85 8.9 0.00000e+00 0.00000e+00 0.00000e+00 0.00000e+00 0.00000e+00 0.00000e+00 0.00000e+00 0.00000e+00 0.00000e+00 0.00000e+00 0.00000e+00 0.00000e+00 0.00000e+00 0.00000e+00 
8.9 8.95 9.0 0.00000e+00 0.00000e+00 0.00000e+00 0.00000e+00 0.00000e+00 0.00000e+00 0.00000e+00 0.00000e+00 0.00000e+00 0.00000e+00 0.00000e+00 0.00000e+00 0.00000e+00 0.00000e+00 
9.0 9.05 9.1 0.00000e+00 0.00000e+00 0.00000e+00 0.00000e+00 0.00000e+00 0.00000e+00 0.00000e+00 0.00000e+00 0.00000e+00 0.00000e+00 0.00000e+00 0.00000e+00 0.00000e+00 0.00000e+00 
9.1 9.15 9.2 0.00000e+00 0.00000e+00 0.00000e+00 0.00000e+00 0.00000e+00 0.00000e+00 0.00000e+00 0.00000e+00 0.00000e+00 0.00000e+00 0.00000e+00 0.00000e+00 0.00000e+00 0.00000e+00 
9.2 9.25 9.3 0.00000e+00 0.00000e+00 0.00000e+00 0.00000e+00 0.00000e+00 0.00000e+00 0.00000e+00 0.00000e+00 0.00000e+00 0.00000e+00 0.00000e+00 0.00000e+00 0.00000e+00 0.00000e+00 
9.3 9.35 9.4 0.00000e+00 0.00000e+00 0.00000e+00 0.00000e+00 0.00000e+00 0.00000e+00 0.00000e+00 0.00000e+00 0.00000e+00 0.00000e+00 0.00000e+00 0.00000e+00 0.00000e+00 0.00000e+00 
9.4 9.45 9.5 0.00000e+00 0.00000e+00 0.00000e+00 0.00000e+00 0.00000e+00 0.00000e+00 0.00000e+00 0.00000e+00 0.00000e+00 0.00000e+00 0.00000e+00 0.00000e+00 0.00000e+00 0.00000e+00 
9.5 9.55 9.6 0.00000e+00 0.00000e+00 0.00000e+00 0.00000e+00 0.00000e+00 0.00000e+00 0.00000e+00 0.00000e+00 0.00000e+00 0.00000e+00 0.00000e+00 0.00000e+00 0.00000e+00 0.00000e+00 
9.6 9.65 9.7 0.00000e+00 0.00000e+00 0.00000e+00 0.00000e+00 0.00000e+00 0.00000e+00 0.00000e+00 0.00000e+00 0.00000e+00 0.00000e+00 0.00000e+00 0.00000e+00 0.00000e+00 0.00000e+00 
9.7 9.75 9.8 0.00000e+00 0.00000e+00 0.00000e+00 0.00000e+00 0.00000e+00 0.00000e+00 0.00000e+00 0.00000e+00 0.00000e+00 0.00000e+00 0.00000e+00 0.00000e+00 0.00000e+00 0.00000e+00 
9.8 9.85 9.9 0.00000e+00 0.00000e+00 0.00000e+00 0.00000e+00 0.00000e+00 0.00000e+00 0.00000e+00 0.00000e+00 0.00000e+00 0.00000e+00 0.00000e+00 0.00000e+00 0.00000e+00 0.00000e+00 
9.9 9.95 10.0 0.00000e+00 0.00000e+00 0.00000e+00 0.00000e+00 0.00000e+00 0.00000e+00 0.00000e+00 0.00000e+00 0.00000e+00 0.00000e+00 0.00000e+00 0.00000e+00 0.00000e+00 0.00000e+00 
