-3.5 -3.45 -3.4 1.54313e-01 1.84113e-02 1.12043e-01 1.30031e-02 1.82857e-01 2.27196e-02 1.25180e-01 1.46243e-02 1.41114e-01 1.67185e-02 1.86140e-01 2.32155e-02 1.68272e-01 2.04233e-02 
-3.4 -3.35 -3.3 3.93129e-01 3.88785e-02 2.87342e-01 2.72135e-02 4.96504e-01 5.65916e-02 3.17912e-01 3.01894e-02 3.64757e-01 3.54774e-02 4.78809e-01 5.09016e-02 4.30164e-01 4.34877e-02 
-3.3 -3.25 -3.2 6.71961e-01 6.34724e-02 4.97662e-01 4.38667e-02 8.35359e-01 9.57882e-02 5.46319e-01 4.88014e-02 6.23045e-01 5.76130e-02 8.12138e-01 8.53018e-02 7.26104e-01 7.22859e-02 
-3.2 -3.15 -3.1 1.15238e+00 8.25674e-02 8.81305e-01 5.89594e-02 1.34105e+00 1.16009e-01 9.52924e-01 6.46565e-02 1.09230e+00 7.62951e-02 1.35113e+00 1.06870e-01 1.20913e+00 9.06215e-02 
-3.1 -3.05 -3.0 2.16789e+00 1.24560e-01 1.66586e+00 8.81875e-02 2.55923e+00 1.79486e-01 1.79234e+00 9.64588e-02 2.05921e+00 1.14794e-01 2.53219e+00 1.63933e-01 2.29611e+00 1.37087e-01 
-3.0 -2.95 -2.9 3.38071e+00 1.75945e-01 2.64921e+00 1.25117e-01 3.84219e+00 2.52331e-01 2.82124e+00 1.35865e-01 3.25111e+00 1.63360e-01 3.90818e+00 2.32001e-01 3.52089e+00 1.92168e-01 
-2.9 -2.85 -2.8 4.37618e+00 1.98189e-01 3.49920e+00 1.39880e-01 4.78029e+00 2.91882e-01 3.70073e+00 1.52200e-01 4.22332e+00 1.83142e-01 4.89931e+00 2.64976e-01 4.51175e+00 2.18233e-01 
-2.8 -2.75 -2.7 6.51358e+00 2.55932e-01 5.23957e+00 1.80819e-01 7.08992e+00 3.79392e-01 5.53202e+00 1.95538e-01 6.30918e+00 2.37371e-01 7.24502e+00 3.44573e-01 6.71047e+00 2.81106e-01 
-2.7 -2.65 -2.6 9.42333e+00 3.09339e-01 7.56192e+00 2.20166e-01 1.04053e+01 4.52170e-01 7.94802e+00 2.36131e-01 9.16712e+00 2.89962e-01 1.06589e+01 4.17743e-01 9.67675e+00 3.35273e-01 
-2.6 -2.55 -2.5 1.19483e+01 3.55630e-01 9.71789e+00 2.57257e-01 1.29655e+01 5.06120e-01 1.01796e+01 2.74318e-01 1.16688e+01 3.34919e-01 1.32779e+01 4.72684e-01 1.22539e+01 3.81945e-01 
-2.5 -2.45 -2.4 1.47624e+01 4.11800e-01 1.20603e+01 2.93510e-01 1.57682e+01 6.03900e-01 1.26590e+01 3.14685e-01 1.43486e+01 3.85544e-01 1.61727e+01 5.54610e-01 1.51158e+01 4.47670e-01 
-2.4 -2.35 -2.3 1.83638e+01 4.68736e-01 1.51970e+01 3.37042e-01 1.93348e+01 6.78048e-01 1.57627e+01 3.57881e-01 1.80687e+01 4.42783e-01 2.00022e+01 6.29379e-01 1.86276e+01 5.02687e-01 
-2.3 -2.25 -2.2 2.37173e+01 5.36763e-01 1.95970e+01 3.88287e-01 2.53072e+01 7.73122e-01 2.02928e+01 4.11428e-01 2.33192e+01 5.08608e-01 2.61064e+01 7.19956e-01 2.41363e+01 5.74282e-01 
-2.2 -2.15 -2.1 2.87738e+01 5.80777e-01 2.37031e+01 4.20673e-01 3.07119e+01 8.31717e-01 2.45500e+01 4.45053e-01 2.82633e+01 5.51449e-01 3.18710e+01 7.76792e-01 2.92430e+01 6.18277e-01 
-2.1 -2.05 -2.0 3.35478e+01 6.63758e-01 2.79207e+01 4.87607e-01 3.52974e+01 9.32811e-01 2.88729e+01 5.12332e-01 3.30913e+01 6.35413e-01 3.65383e+01 8.82490e-01 3.39469e+01 7.02808e-01 
-2.0 -1.95 -1.9 3.96582e+01 7.22014e-01 3.29883e+01 5.24009e-01 4.22505e+01 1.03642e+00 3.40974e+01 5.52590e-01 3.91095e+01 6.86748e-01 4.33222e+01 9.72783e-01 4.02917e+01 7.67623e-01 
-1.9 -1.85 -1.8 4.45278e+01 7.49690e-01 3.73145e+01 5.45626e-01 4.70783e+01 1.07037e+00 3.84880e+01 5.74378e-01 4.40009e+01 7.14026e-01 4.81286e+01 1.00793e+00 4.51739e+01 7.97420e-01 
-1.8 -1.75 -1.7 5.08286e+01 8.10982e-01 4.24741e+01 5.88002e-01 5.40236e+01 1.16176e+00 4.38638e+01 6.19155e-01 5.00801e+01 7.70180e-01 5.50462e+01 1.09440e+00 5.15773e+01 8.61062e-01 
-1.7 -1.65 -1.6 5.96651e+01 8.76378e-01 4.96816e+01 6.40203e-01 6.40750e+01 1.24347e+00 5.12334e+01 6.71391e-01 5.88822e+01 8.38054e-01 6.55374e+01 1.17525e+00 6.05771e+01 9.22949e-01 
-1.6 -1.55 -1.5 6.47654e+01 9.18864e-01 5.42168e+01 6.65542e-01 6.90675e+01 1.31735e+00 5.57610e+01 7.01138e-01 6.41010e+01 8.72774e-01 7.06131e+01 1.24074e+00 6.55779e+01 9.74261e-01 
-1.5 -1.45 -1.4 7.07373e+01 9.63985e-01 5.93326e+01 7.02470e-01 7.49638e+01 1.38040e+00 6.10638e+01 7.38337e-01 6.99721e+01 9.20015e-01 7.68022e+01 1.29831e+00 7.16621e+01 1.02277e+00 
-1.4 -1.35 -1.3 7.82524e+01 1.00598e+00 6.56590e+01 7.34859e-01 8.31846e+01 1.42904e+00 6.75649e+01 7.69518e-01 7.74225e+01 9.62123e-01 8.51169e+01 1.35129e+00 7.93384e+01 1.06099e+00 
-1.3 -1.25 -1.2 8.33564e+01 1.04385e+00 7.00581e+01 7.61846e-01 8.82438e+01 1.48736e+00 7.19733e+01 7.98209e-01 8.24541e+01 9.97286e-01 9.02831e+01 1.40562e+00 8.43500e+01 1.10140e+00 
-1.2 -1.15 -1.1 8.87520e+01 1.08345e+00 7.49786e+01 7.93589e-01 9.29749e+01 1.53728e+00 7.68704e+01 8.28982e-01 8.80949e+01 1.03989e+00 9.57045e+01 1.45991e+00 8.95484e+01 1.13956e+00 
-1.1 -1.05 -1.0 9.39218e+01 1.12926e+00 7.92492e+01 8.22564e-01 9.92604e+01 1.60374e+00 8.13070e+01 8.58464e-01 9.30846e+01 1.08043e+00 1.01459e+02 1.52495e+00 9.49718e+01 1.18710e+00 
-1.0 -0.95 -0.9 1.00812e+02 1.13929e+00 8.48539e+01 8.37090e-01 1.06523e+02 1.61084e+00 8.71486e+01 8.73030e-01 9.97578e+01 1.09594e+00 1.08874e+02 1.53646e+00 1.01907e+02 1.19737e+00 
-0.9 -0.85 -0.8 1.08182e+02 1.17410e+00 9.10015e+01 8.64362e-01 1.15066e+02 1.65080e+00 9.33411e+01 9.02369e-01 1.07198e+02 1.12777e+00 1.17579e+02 1.57321e+00 1.09432e+02 1.23419e+00 
-0.8 -0.75 -0.7 1.12231e+02 1.21819e+00 9.46261e+01 8.91805e-01 1.18713e+02 1.72941e+00 9.70510e+01 9.32283e-01 1.11212e+02 1.16789e+00 1.21449e+02 1.64165e+00 1.13506e+02 1.28187e+00 
-0.7 -0.65 -0.6 1.17640e+02 1.25371e+00 9.93194e+01 9.21694e-01 1.24533e+02 1.75464e+00 1.01826e+02 9.62430e-01 1.16610e+02 1.20366e+00 1.27079e+02 1.68294e+00 1.19153e+02 1.30929e+00 
-0.6 -0.55 -0.5 1.20915e+02 1.25926e+00 1.01954e+02 9.25523e-01 1.28234e+02 1.78157e+00 1.04637e+02 9.65077e-01 1.19630e+02 1.21065e+00 1.30892e+02 1.69303e+00 1.22599e+02 1.32050e+00 
-0.5 -0.45 -0.4 1.26502e+02 1.26687e+00 1.06439e+02 9.34540e-01 1.34736e+02 1.77786e+00 1.09093e+02 9.74211e-01 1.25373e+02 1.21874e+00 1.37652e+02 1.69549e+00 1.27914e+02 1.32800e+00 
-0.4 -0.35 -0.3 1.26299e+02 1.27899e+00 1.06678e+02 9.41034e-01 1.33515e+02 1.80046e+00 1.09296e+02 9.80850e-01 1.25326e+02 1.22887e+00 1.36633e+02 1.71611e+00 1.27627e+02 1.34077e+00 
-0.3 -0.25 -0.2 1.28911e+02 1.27817e+00 1.08771e+02 9.44965e-01 1.36500e+02 1.79253e+00 1.11481e+02 9.85064e-01 1.28179e+02 1.22463e+00 1.39484e+02 1.70884e+00 1.30318e+02 1.34252e+00 
-0.2 -0.15 -0.1 1.32780e+02 1.29740e+00 1.11693e+02 9.55347e-01 1.41112e+02 1.83282e+00 1.14481e+02 9.96247e-01 1.31560e+02 1.24715e+00 1.44575e+02 1.74027e+00 1.34103e+02 1.36471e+00 
-0.1 -0.05 0.0 1.31904e+02 1.30152e+00 1.11031e+02 9.55626e-01 1.40490e+02 1.84089e+00 1.13816e+02 9.96823e-01 1.30539e+02 1.25551e+00 1.43137e+02 1.76308e+00 1.33442e+02 1.36589e+00 
0.0 0.05 0.1 1.31250e+02 1.29908e+00 1.10692e+02 9.55090e-01 1.39205e+02 1.82507e+00 1.13383e+02 9.95308e-01 1.30173e+02 1.24957e+00 1.42370e+02 1.74021e+00 1.32604e+02 1.35679e+00 
0.1 0.15 0.2 1.31630e+02 1.30313e+00 1.10714e+02 9.61902e-01 1.40119e+02 1.83233e+00 1.13639e+02 1.00190e+00 1.30194e+02 1.25499e+00 1.42716e+02 1.74933e+00 1.33559e+02 1.36294e+00 
0.2 0.25 0.3 1.28788e+02 1.30626e+00 1.08808e+02 9.59862e-01 1.36253e+02 1.85012e+00 1.11574e+02 1.00189e+00 1.27717e+02 1.25600e+00 1.39150e+02 1.75847e+00 1.30309e+02 1.37220e+00 
0.3 0.35 0.4 1.27306e+02 1.28278e+00 1.07307e+02 9.43960e-01 1.34762e+02 1.79969e+00 1.10098e+02 9.86496e-01 1.26014e+02 1.22928e+00 1.37581e+02 1.70895e+00 1.28697e+02 1.34352e+00 
0.4 0.45 0.5 1.24068e+02 1.26789e+00 1.04514e+02 9.32193e-01 1.31620e+02 1.78939e+00 1.07141e+02 9.72160e-01 1.22968e+02 1.21885e+00 1.34588e+02 1.70405e+00 1.25368e+02 1.32989e+00 
0.5 0.55 0.6 1.20145e+02 1.25030e+00 1.01200e+02 9.20911e-01 1.27447e+02 1.75173e+00 1.03839e+02 9.61799e-01 1.18941e+02 1.20008e+00 1.30176e+02 1.67336e+00 1.21657e+02 1.30910e+00 
0.6 0.65 0.7 1.16255e+02 1.21700e+00 9.79536e+01 8.94865e-01 1.23141e+02 1.71244e+00 1.00500e+02 9.34984e-01 1.15123e+02 1.16752e+00 1.25731e+02 1.63084e+00 1.17430e+02 1.27618e+00 
0.7 0.75 0.8 1.12295e+02 1.20405e+00 9.47661e+01 8.87082e-01 1.18868e+02 1.69378e+00 9.71549e+01 9.25597e-01 1.11343e+02 1.15710e+00 1.21408e+02 1.61207e+00 1.13704e+02 1.26413e+00 
0.8 0.85 0.9 1.07280e+02 1.18685e+00 9.02278e+01 8.70906e-01 1.14281e+02 1.67901e+00 9.26659e+01 9.08286e-01 1.06114e+02 1.13848e+00 1.16818e+02 1.59606e+00 1.08730e+02 1.24652e+00 
0.9 0.95 1.0 1.01530e+02 1.15276e+00 8.53133e+01 8.46602e-01 1.07760e+02 1.62966e+00 8.75265e+01 8.84014e-01 1.00597e+02 1.10697e+00 1.10502e+02 1.54799e+00 1.02552e+02 1.21227e+00 
1.0 1.05 1.1 9.48575e+01 1.09682e+00 7.98857e+01 8.05453e-01 1.00198e+02 1.55011e+00 8.20011e+01 8.41690e-01 9.39674e+01 1.05229e+00 1.02690e+02 1.47222e+00 9.59196e+01 1.15353e+00 
1.1 1.15 1.2 9.17263e+01 1.07538e+00 7.68334e+01 7.89990e-01 9.78964e+01 1.51512e+00 7.89293e+01 8.25377e-01 9.07637e+01 1.03191e+00 1.00080e+02 1.44104e+00 9.28193e+01 1.12936e+00 
1.2 1.25 1.3 8.30936e+01 1.03233e+00 6.99044e+01 7.57017e-01 8.77601e+01 1.46226e+00 7.17843e+01 7.91983e-01 8.23105e+01 9.89162e-01 9.00295e+01 1.38563e+00 8.40227e+01 1.08787e+00 
1.3 1.35 1.4 7.60702e+01 9.88519e-01 6.38697e+01 7.23527e-01 8.03985e+01 1.40167e+00 6.56933e+01 7.58439e-01 7.52315e+01 9.45406e-01 8.24616e+01 1.32614e+00 7.70810e+01 1.04462e+00 
1.4 1.45 1.5 7.05726e+01 9.57572e-01 5.90527e+01 6.99749e-01 7.50087e+01 1.35572e+00 6.07560e+01 7.32650e-01 6.98051e+01 9.17663e-01 7.68556e+01 1.28020e+00 7.15091e+01 1.00651e+00 
1.5 1.55 1.6 6.45623e+01 8.90744e-01 5.39638e+01 6.53166e-01 6.87507e+01 1.25868e+00 5.55621e+01 6.84770e-01 6.38048e+01 8.52245e-01 7.04285e+01 1.19127e+00 6.54577e+01 9.41307e-01 
1.6 1.65 1.7 5.57771e+01 8.44895e-01 4.67213e+01 6.13423e-01 5.88929e+01 1.21221e+00 4.81205e+01 6.45170e-01 5.51455e+01 8.05333e-01 6.06642e+01 1.13876e+00 5.64666e+01 8.96617e-01 
1.7 1.75 1.8 5.02990e+01 8.11656e-01 4.21268e+01 5.94891e-01 5.28911e+01 1.14465e+00 4.34435e+01 6.24282e-01 4.96771e+01 7.76069e-01 5.44618e+01 1.08447e+00 5.10071e+01 8.55587e-01 
1.8 1.85 1.9 4.41317e+01 7.45753e-01 3.69129e+01 5.45619e-01 4.65290e+01 1.05753e+00 3.80691e+01 5.74191e-01 4.36073e+01 7.10674e-01 4.78883e+01 9.95317e-01 4.47118e+01 7.91294e-01 
1.9 1.95 2.0 3.77249e+01 6.89311e-01 3.16148e+01 5.01442e-01 3.95563e+01 9.83885e-01 3.26106e+01 5.29193e-01 3.73063e+01 6.55177e-01 4.08268e+01 9.23044e-01 3.82488e+01 7.34138e-01 
2.0 2.05 2.1 3.55381e+01 6.51974e-01 2.91964e+01 4.79242e-01 3.83874e+01 9.21843e-01 3.02955e+01 5.04384e-01 3.48227e+01 6.23916e-01 3.91683e+01 8.69482e-01 3.61839e+01 6.91535e-01 
2.1 2.15 2.2 2.79477e+01 5.78074e-01 2.31126e+01 4.21715e-01 2.98467e+01 8.18798e-01 2.39822e+01 4.44995e-01 2.74718e+01 5.49527e-01 3.06127e+01 7.69746e-01 2.84538e+01 6.14797e-01 
2.2 2.25 2.3 2.37827e+01 5.15608e-01 1.94340e+01 3.74077e-01 2.59973e+01 7.35180e-01 2.02385e+01 3.95793e-01 2.32741e+01 4.89021e-01 2.64503e+01 6.89513e-01 2.43210e+01 5.50719e-01 
2.3 2.35 2.4 1.82437e+01 4.44782e-01 1.50603e+01 3.21085e-01 1.94603e+01 6.38661e-01 1.56612e+01 3.42183e-01 1.79073e+01 4.18665e-01 1.99406e+01 5.92046e-01 1.86761e+01 4.78230e-01 
2.4 2.45 2.5 1.51983e+01 4.25438e-01 1.25055e+01 3.05361e-01 1.60688e+01 6.10707e-01 1.30211e+01 3.27883e-01 1.49225e+01 3.97325e-01 1.65564e+01 5.61765e-01 1.55298e+01 4.61513e-01 
2.5 2.55 2.6 1.18368e+01 3.61082e-01 9.66281e+00 2.63098e-01 1.28061e+01 5.08901e-01 1.01004e+01 2.79519e-01 1.15744e+01 3.41596e-01 1.30780e+01 4.75953e-01 1.21644e+01 3.86682e-01 
2.6 2.65 2.7 9.02796e+00 2.96706e-01 7.32732e+00 2.14763e-01 9.63342e+00 4.22817e-01 7.68792e+00 2.29740e-01 8.80040e+00 2.78872e-01 1.00123e+01 3.91530e-01 9.19021e+00 3.20486e-01 
2.7 2.75 2.8 5.99473e+00 2.35707e-01 4.88669e+00 1.69352e-01 6.25407e+00 3.38482e-01 5.13122e+00 1.81829e-01 5.84055e+00 2.20976e-01 6.55557e+00 3.12677e-01 6.09301e+00 2.55481e-01 
2.8 2.85 2.9 4.49255e+00 2.00779e-01 3.57768e+00 1.43757e-01 4.94776e+00 2.86864e-01 3.79283e+00 1.55245e-01 4.33793e+00 1.87463e-01 5.05893e+00 2.65031e-01 4.64623e+00 2.18407e-01 
2.9 2.95 3.0 3.03273e+00 1.58942e-01 2.40520e+00 1.13741e-01 3.37384e+00 2.26846e-01 2.56461e+00 1.22405e-01 2.93033e+00 1.49000e-01 3.44258e+00 2.11066e-01 3.14693e+00 1.71806e-01 
3.0 3.05 3.1 2.01875e+00 1.19211e-01 1.56946e+00 8.53074e-02 2.29403e+00 1.69709e-01 1.68503e+00 9.27746e-02 1.92366e+00 1.10551e-01 2.31965e+00 1.55707e-01 2.11069e+00 1.30544e-01 
3.1 3.15 3.2 1.26907e+00 9.05266e-02 9.64941e-01 6.45630e-02 1.50171e+00 1.28880e-01 1.05155e+00 7.13185e-02 1.19056e+00 8.27028e-02 1.47699e+00 1.16114e-01 1.35665e+00 1.00906e-01 
3.2 3.25 3.3 7.31779e-01 6.60798e-02 5.55107e-01 4.84729e-02 8.47220e-01 8.72863e-02 6.07225e-01 5.29271e-02 6.85745e-01 6.16908e-02 8.48844e-01 8.25851e-02 7.75828e-01 7.13446e-02 
3.3 3.35 3.4 3.48636e-01 3.49799e-02 2.62418e-01 2.49758e-02 4.10214e-01 4.87526e-02 2.87194e-01 2.74563e-02 3.27458e-01 3.22865e-02 4.10935e-01 4.49638e-02 3.70196e-01 3.84559e-02 
3.4 3.45 3.5 1.47617e-01 1.92987e-02 9.97610e-02 1.21974e-02 1.89939e-01 2.62506e-02 1.15446e-01 1.45851e-02 1.25340e-01 1.57590e-02 1.78060e-01 2.42087e-02 1.60737e-01 2.11348e-02 
