-3.5 -3.45 -3.4 4.55294e+01 3.62690e+00 4.80491e+01 2.62784e+00 1.86514e+01 5.83641e+00 4.71321e+01 2.59338e+00 4.85365e+01 3.74238e+00 2.61923e+01 5.30060e+00 4.29333e+01 3.94872e+00 
-3.4 -3.35 -3.3 5.17695e+01 3.80836e+00 5.43501e+01 2.58199e+00 2.22240e+01 5.96930e+00 5.32871e+01 2.69490e+00 5.51421e+01 3.64714e+00 3.01392e+01 5.64066e+00 4.87587e+01 4.01841e+00 
-3.3 -3.25 -3.2 5.78835e+01 3.95585e+00 6.19744e+01 2.69511e+00 2.58692e+01 6.43389e+00 6.18710e+01 2.87032e+00 6.50642e+01 3.95432e+00 3.14461e+01 5.84444e+00 5.64092e+01 4.29913e+00 
-3.2 -3.15 -3.1 6.53102e+01 4.04479e+00 6.88896e+01 2.82324e+00 2.59941e+01 6.81578e+00 6.76765e+01 2.86404e+00 6.92672e+01 4.01740e+00 3.70279e+01 5.99257e+00 6.08874e+01 4.51114e+00 
-3.1 -3.05 -3.0 6.73871e+01 4.33805e+00 7.34996e+01 2.92737e+00 2.29578e+01 6.94413e+00 7.18226e+01 3.05228e+00 7.22735e+01 4.15818e+00 3.28707e+01 6.48242e+00 6.28226e+01 4.60673e+00 
-3.0 -2.95 -2.9 9.08106e+01 4.32218e+00 9.21359e+01 2.93946e+00 4.93802e+01 6.82176e+00 9.08087e+01 3.06053e+00 9.54412e+01 4.14821e+00 6.07441e+01 6.40469e+00 8.65671e+01 4.57824e+00 
-2.9 -2.85 -2.8 8.37254e+01 4.44886e+00 9.00771e+01 2.98608e+00 3.15230e+01 6.42154e+00 8.81296e+01 3.12156e+00 8.98405e+01 4.26228e+00 4.43375e+01 6.67913e+00 7.88429e+01 4.36223e+00 
-2.8 -2.75 -2.7 9.15457e+01 4.52702e+00 9.79167e+01 3.02031e+00 3.14075e+01 7.45989e+00 9.64158e+01 3.18628e+00 9.66966e+01 4.27090e+00 4.53532e+01 7.05577e+00 8.60217e+01 4.75879e+00 
-2.7 -2.65 -2.6 1.06866e+02 4.70431e+00 1.12765e+02 3.18403e+00 4.77770e+01 7.37912e+00 1.09896e+02 3.18933e+00 1.13891e+02 4.53081e+00 6.26287e+01 7.05146e+00 9.90785e+01 4.90382e+00 
-2.6 -2.55 -2.5 1.07362e+02 4.49982e+00 1.16170e+02 3.07817e+00 4.30041e+01 6.69713e+00 1.13244e+02 3.18390e+00 1.15216e+02 4.34813e+00 5.62707e+01 6.68101e+00 1.02398e+02 4.54456e+00 
-2.5 -2.45 -2.4 1.18663e+02 4.47525e+00 1.27167e+02 3.09188e+00 4.75160e+01 6.86775e+00 1.24121e+02 3.19091e+00 1.26897e+02 4.33828e+00 6.51952e+01 6.58464e+00 1.11323e+02 4.65531e+00 
-2.4 -2.35 -2.3 1.27205e+02 4.90543e+00 1.37210e+02 3.32939e+00 5.15975e+01 7.48875e+00 1.33545e+02 3.43297e+00 1.37927e+02 4.67717e+00 6.86369e+01 7.39322e+00 1.20458e+02 4.98919e+00 
-2.3 -2.25 -2.2 1.33763e+02 4.86246e+00 1.43715e+02 3.33406e+00 5.31643e+01 7.61680e+00 1.40611e+02 3.41439e+00 1.42467e+02 4.75852e+00 7.17944e+01 7.29483e+00 1.26212e+02 5.06466e+00 
-2.2 -2.15 -2.1 1.51732e+02 4.99886e+00 1.60751e+02 3.42702e+00 6.69765e+01 7.84611e+00 1.56922e+02 3.39166e+00 1.61861e+02 4.85713e+00 8.86394e+01 7.45959e+00 1.43610e+02 4.91988e+00 
-2.1 -2.05 -2.0 1.55888e+02 5.20320e+00 1.66725e+02 3.54017e+00 6.51270e+01 8.14401e+00 1.63042e+02 3.65182e+00 1.65969e+02 5.03951e+00 8.62230e+01 7.81294e+00 1.47231e+02 5.40858e+00 
-2.0 -1.95 -1.9 1.72998e+02 5.36322e+00 1.80662e+02 3.61446e+00 8.50115e+01 8.48356e+00 1.77014e+02 3.73389e+00 1.83187e+02 5.18719e+00 1.06336e+02 8.13573e+00 1.63110e+02 5.24521e+00 
-1.9 -1.85 -1.8 1.80287e+02 5.04974e+00 1.90399e+02 3.47859e+00 8.31461e+01 7.78653e+00 1.86274e+02 3.57940e+00 1.91460e+02 4.90439e+00 1.06117e+02 7.48781e+00 1.70823e+02 5.23644e+00 
-1.8 -1.75 -1.7 1.86246e+02 5.01391e+00 1.97706e+02 3.47266e+00 8.25089e+01 7.66273e+00 1.93296e+02 3.56426e+00 1.97981e+02 4.88356e+00 1.07355e+02 7.40634e+00 1.75743e+02 5.17560e+00 
-1.7 -1.65 -1.6 1.88065e+02 5.21025e+00 2.02526e+02 3.58816e+00 7.61795e+01 8.02299e+00 1.97278e+02 3.67861e+00 2.01247e+02 5.08070e+00 1.02846e+02 7.76515e+00 1.76465e+02 5.37141e+00 
-1.6 -1.55 -1.5 2.10200e+02 5.58120e+00 2.21205e+02 3.80743e+00 9.99481e+01 8.71594e+00 2.15953e+02 3.90480e+00 2.23680e+02 5.43842e+00 1.27243e+02 8.41868e+00 1.98552e+02 5.76376e+00 
-1.5 -1.45 -1.4 2.06136e+02 5.44699e+00 2.20085e+02 3.75465e+00 8.72729e+01 8.56695e+00 2.14898e+02 3.84784e+00 2.18172e+02 5.33670e+00 1.14217e+02 8.15309e+00 1.94759e+02 5.68987e+00 
-1.4 -1.35 -1.3 2.32065e+02 5.57922e+00 2.41254e+02 3.76222e+00 1.21643e+02 8.63764e+00 2.35582e+02 3.91816e+00 2.46314e+02 5.32730e+00 1.48305e+02 8.37542e+00 2.20833e+02 5.74107e+00 
-1.3 -1.25 -1.2 2.28998e+02 5.61941e+00 2.42883e+02 3.85102e+00 1.04988e+02 8.71914e+00 2.37107e+02 3.94411e+00 2.43652e+02 5.48277e+00 1.33883e+02 8.44523e+00 2.16596e+02 5.78778e+00 
-1.2 -1.15 -1.1 2.42295e+02 5.55103e+00 2.52975e+02 3.80670e+00 1.22797e+02 8.59765e+00 2.47515e+02 3.89522e+00 2.56526e+02 5.42289e+00 1.50868e+02 8.34749e+00 2.30432e+02 5.70702e+00 
-1.1 -1.05 -1.0 2.51207e+02 5.66694e+00 2.62625e+02 3.89888e+00 1.26837e+02 8.73560e+00 2.57184e+02 3.98603e+00 2.65565e+02 5.54184e+00 1.54852e+02 8.49580e+00 2.39479e+02 5.81807e+00 
-1.0 -0.95 -0.9 2.44953e+02 5.71311e+00 2.62406e+02 3.92066e+00 1.11603e+02 8.91639e+00 2.54672e+02 4.00617e+00 2.62996e+02 5.58895e+00 1.45361e+02 8.59771e+00 2.32309e+02 5.86157e+00 
-0.9 -0.85 -0.8 2.58895e+02 5.44678e+00 2.72236e+02 3.78439e+00 1.27272e+02 8.27690e+00 2.65139e+02 4.03959e+00 2.74313e+02 5.31603e+00 1.56790e+02 8.04751e+00 2.46398e+02 5.59252e+00 
-0.8 -0.75 -0.7 2.71786e+02 5.74453e+00 2.82257e+02 3.95654e+00 1.43299e+02 8.85060e+00 2.76359e+02 4.03431e+00 2.87107e+02 5.63237e+00 1.72831e+02 8.62905e+00 2.59297e+02 5.88190e+00 
-0.7 -0.65 -0.6 2.79141e+02 5.69050e+00 2.89975e+02 3.94571e+00 1.47236e+02 8.69534e+00 2.83714e+02 4.02254e+00 2.95086e+02 5.57960e+00 1.77857e+02 8.47536e+00 2.65999e+02 5.82659e+00 
-0.6 -0.55 -0.5 2.68498e+02 5.75026e+00 2.83637e+02 3.95846e+00 1.28734e+02 8.87353e+00 2.77495e+02 4.03787e+00 2.84300e+02 5.63415e+00 1.58896e+02 8.64604e+00 2.56383e+02 5.91865e+00 
-0.5 -0.45 -0.4 2.83621e+02 5.77590e+00 2.94538e+02 3.97901e+00 1.50346e+02 8.90744e+00 2.88629e+02 4.06446e+00 2.99080e+02 5.65081e+00 1.79843e+02 8.65827e+00 2.71187e+02 5.92911e+00 
-0.4 -0.35 -0.3 2.91466e+02 5.62359e+00 3.01164e+02 3.92788e+00 1.58685e+02 8.51866e+00 2.95059e+02 4.00306e+00 3.07328e+02 5.51560e+00 1.88964e+02 8.29808e+00 2.78649e+02 5.75949e+00 
-0.3 -0.25 -0.2 2.81066e+02 5.98293e+00 2.95145e+02 4.12014e+00 1.40169e+02 9.21805e+00 2.88801e+02 4.19839e+00 2.98422e+02 5.58271e+00 1.70779e+02 8.99454e+00 2.67988e+02 6.12054e+00 
-0.2 -0.15 -0.1 2.89130e+02 5.57310e+00 3.00479e+02 3.89777e+00 1.48184e+02 9.13277e+00 2.93783e+02 3.96040e+00 3.04154e+02 5.80423e+00 1.82703e+02 8.23348e+00 2.73930e+02 6.05878e+00 
-0.1 -0.05 0.0 2.91876e+02 5.78740e+00 3.03702e+02 4.04300e+00 1.53738e+02 8.89354e+00 2.97476e+02 4.07924e+00 3.08015e+02 5.75236e+00 1.83918e+02 8.65452e+00 2.79157e+02 5.93524e+00 
0.0 0.05 0.1 2.94229e+02 5.96725e+00 3.04890e+02 4.06740e+00 1.59084e+02 8.73473e+00 2.99303e+02 4.19090e+00 3.09296e+02 5.77349e+00 1.84995e+02 8.83726e+00 2.82950e+02 5.87396e+00 
0.1 0.15 0.2 2.99222e+02 5.83134e+00 3.09106e+02 4.08779e+00 1.64783e+02 8.82803e+00 3.02067e+02 4.13595e+00 3.16623e+02 5.76660e+00 1.96250e+02 8.64364e+00 2.85654e+02 5.94265e+00 
0.2 0.25 0.3 2.85798e+02 5.83780e+00 3.00215e+02 3.93742e+00 1.46017e+02 9.18846e+00 2.92412e+02 4.12689e+00 3.04318e+02 5.52134e+00 1.77054e+02 8.69438e+00 2.72595e+02 6.11617e+00 
0.3 0.35 0.4 2.82060e+02 5.50823e+00 2.94815e+02 3.84634e+00 1.43526e+02 8.95677e+00 2.88667e+02 3.92009e+00 2.97012e+02 5.64758e+00 1.73119e+02 8.63691e+00 2.69458e+02 5.62781e+00 
0.4 0.45 0.5 2.79366e+02 5.74647e+00 2.92510e+02 4.03613e+00 1.36861e+02 9.02269e+00 2.86333e+02 4.05463e+00 2.95230e+02 5.73704e+00 1.71472e+02 8.57317e+00 2.63985e+02 6.05105e+00 
0.5 0.55 0.6 2.77739e+02 5.69401e+00 2.90144e+02 3.95025e+00 1.42674e+02 8.53159e+00 2.83891e+02 4.02816e+00 2.93707e+02 5.58121e+00 1.72697e+02 8.47362e+00 2.64865e+02 5.74721e+00 
0.6 0.65 0.7 2.80023e+02 5.91987e+00 2.89007e+02 4.05213e+00 1.50650e+02 9.39394e+00 2.83387e+02 4.14127e+00 2.95489e+02 5.42840e+00 1.81705e+02 8.93882e+00 2.66688e+02 6.17870e+00 
0.7 0.75 0.8 2.63366e+02 5.92311e+00 2.77773e+02 4.05329e+00 1.27321e+02 9.12682e+00 2.71409e+02 4.14374e+00 2.79420e+02 5.78834e+00 1.58332e+02 8.86393e+00 2.50065e+02 5.89536e+00 
0.8 0.85 0.9 2.70050e+02 5.78781e+00 2.79958e+02 3.93251e+00 1.44763e+02 9.01975e+00 2.73517e+02 4.08169e+00 2.86151e+02 5.54439e+00 1.74485e+02 8.64676e+00 2.57328e+02 6.00498e+00 
0.9 0.95 1.0 2.49718e+02 5.53200e+00 2.63866e+02 3.82123e+00 1.18593e+02 8.49064e+00 2.58016e+02 3.90597e+00 2.66095e+02 5.21679e+00 1.47709e+02 8.25110e+00 2.37311e+02 5.68201e+00 
1.0 1.05 1.1 2.51181e+02 5.39504e+00 2.62711e+02 3.74085e+00 1.27159e+02 8.69750e+00 2.56908e+02 3.82486e+00 2.65416e+02 5.44027e+00 1.56541e+02 8.41089e+00 2.38745e+02 5.54716e+00 
1.1 1.15 1.2 2.42031e+02 5.47994e+00 2.53930e+02 3.81973e+00 1.22350e+02 8.37800e+00 2.48095e+02 3.86357e+00 2.56876e+02 5.43193e+00 1.48416e+02 8.19216e+00 2.30151e+02 5.62987e+00 
1.2 1.25 1.3 2.45195e+02 5.33826e+00 2.53382e+02 3.71055e+00 1.31582e+02 8.13920e+00 2.48012e+02 3.78949e+00 2.59194e+02 5.22542e+00 1.59170e+02 7.90375e+00 2.33538e+02 5.48388e+00 
1.3 1.35 1.4 2.23502e+02 5.15667e+00 2.34702e+02 3.77019e+00 1.05274e+02 7.80053e+00 2.30490e+02 3.68297e+00 2.35491e+02 5.35080e+00 1.33156e+02 7.57233e+00 2.11609e+02 5.29889e+00 
1.4 1.45 1.5 2.21350e+02 5.49488e+00 2.33289e+02 3.60675e+00 1.10797e+02 7.89976e+00 2.26681e+02 3.85299e+00 2.36666e+02 5.06585e+00 1.35105e+02 8.24278e+00 2.11472e+02 5.34582e+00 
1.5 1.55 1.6 2.02984e+02 5.34705e+00 2.14780e+02 3.66825e+00 9.36132e+01 8.27746e+00 2.10263e+02 3.75777e+00 2.16074e+02 5.11421e+00 1.18283e+02 8.02429e+00 1.92812e+02 5.50606e+00 
1.6 1.65 1.7 1.94076e+02 5.24694e+00 2.06105e+02 3.59185e+00 8.70016e+01 8.15318e+00 2.01582e+02 3.69200e+00 2.06188e+02 5.10210e+00 1.11583e+02 7.85952e+00 1.83871e+02 5.43059e+00 
1.7 1.75 1.8 1.83491e+02 5.33259e+00 1.97890e+02 3.48860e+00 7.87374e+01 8.38928e+00 1.91342e+02 3.73307e+00 1.98673e+02 4.91959e+00 1.03336e+02 8.04210e+00 1.73124e+02 5.54239e+00 
1.8 1.85 1.9 1.82430e+02 5.17862e+00 1.92326e+02 3.55353e+00 8.30116e+01 8.47763e+00 1.87234e+02 3.77269e+00 1.93799e+02 5.03443e+00 1.08415e+02 7.72925e+00 1.71448e+02 5.59660e+00 
1.9 1.95 2.0 1.64091e+02 5.08235e+00 1.75126e+02 3.46258e+00 6.96102e+01 7.39117e+00 1.70801e+02 3.42421e+00 1.74691e+02 4.91909e+00 9.21104e+01 7.61633e+00 1.54554e+02 4.99830e+00 
2.0 2.05 2.1 1.56068e+02 4.96697e+00 1.66508e+02 3.38480e+00 6.55552e+01 7.73465e+00 1.62686e+02 3.49010e+00 1.66324e+02 4.81274e+00 8.77782e+01 7.44911e+00 1.46366e+02 5.12032e+00 
2.1 2.15 2.2 1.45817e+02 5.04496e+00 1.58389e+02 3.28404e+00 5.83510e+01 7.94325e+00 1.52973e+02 3.53191e+00 1.58469e+02 4.63045e+00 8.44533e+01 7.08599e+00 1.37084e+02 5.25591e+00 
2.2 2.25 2.3 1.41494e+02 4.96008e+00 1.50578e+02 3.37399e+00 6.03970e+01 7.76568e+00 1.47127e+02 3.48563e+00 1.50865e+02 4.79737e+00 8.02730e+01 7.43664e+00 1.33004e+02 5.04810e+00 
2.3 2.35 2.4 1.29037e+02 4.64954e+00 1.38105e+02 3.18922e+00 5.17821e+01 7.39411e+00 1.34879e+02 3.29119e+00 1.37839e+02 4.49891e+00 7.12559e+01 6.90382e+00 1.20943e+02 4.93615e+00 
2.4 2.45 2.5 1.18035e+02 4.57464e+00 1.27348e+02 3.13144e+00 4.25360e+01 7.25254e+00 1.24315e+02 3.23904e+00 1.26283e+02 4.42077e+00 6.24857e+01 6.78825e+00 1.10745e+02 4.77159e+00 
2.5 2.55 2.6 1.05405e+02 4.78828e+00 1.17819e+02 3.00699e+00 3.55964e+01 7.61447e+00 1.12052e+02 3.33359e+00 1.17869e+02 4.22971e+00 6.07537e+01 6.45609e+00 9.81481e+01 5.00571e+00 
2.6 2.65 2.7 1.10548e+02 4.46368e+00 1.14513e+02 3.05200e+00 5.35799e+01 6.97739e+00 1.13010e+02 3.15179e+00 1.16893e+02 4.30344e+00 6.75711e+01 6.64746e+00 1.04227e+02 4.69230e+00 
2.7 2.75 2.8 9.65273e+01 4.23227e+00 1.02992e+02 2.91732e+00 3.80096e+01 6.62100e+00 1.00360e+02 3.02079e+00 1.03579e+02 4.08677e+00 5.43512e+01 6.20649e+00 8.95439e+01 4.48317e+00 
2.8 2.85 2.9 9.42911e+01 4.09762e+00 9.73798e+01 2.83789e+00 4.95098e+01 6.66960e+00 9.56125e+01 2.94233e+00 9.96534e+01 3.94883e+00 6.14733e+01 6.31728e+00 9.11380e+01 4.50893e+00 
2.9 2.95 3.0 7.43176e+01 4.01508e+00 8.02777e+01 2.76388e+00 2.34274e+01 6.84084e+00 7.83281e+01 2.86985e+00 7.97879e+01 3.86704e+00 3.88162e+01 6.07446e+00 6.76289e+01 4.55289e+00 
3.0 3.05 3.1 6.81384e+01 4.02842e+00 7.30925e+01 2.86063e+00 2.25945e+01 6.06289e+00 7.19966e+01 2.86768e+00 7.18312e+01 3.90537e+00 3.49904e+01 5.92447e+00 6.29518e+01 4.13874e+00 
3.1 3.15 3.2 6.44310e+01 3.99086e+00 6.86737e+01 2.73629e+00 2.52067e+01 6.35937e+00 6.72549e+01 2.84830e+00 6.88086e+01 3.83513e+00 3.49206e+01 5.84283e+00 6.07776e+01 4.29995e+00 
3.2 3.25 3.3 5.60659e+01 3.65954e+00 6.03813e+01 2.62832e+00 2.17525e+01 6.06395e+00 5.88153e+01 2.62720e+00 6.04024e+01 3.70837e+00 2.97473e+01 5.31907e+00 5.32071e+01 4.07625e+00 
3.3 3.35 3.4 5.04791e+01 3.85024e+00 5.38927e+01 2.65424e+00 1.92272e+01 6.05684e+00 5.27465e+01 2.74027e+00 5.40099e+01 3.73668e+00 2.68098e+01 5.74105e+00 4.68503e+01 4.10078e+00 
3.4 3.45 3.5 5.01141e+01 3.92259e+00 5.10109e+01 2.65610e+00 2.39087e+01 6.12745e+00 5.05456e+01 2.78343e+00 5.24526e+01 3.73890e+00 3.09399e+01 5.75489e+00 4.79947e+01 3.96960e+00 
