0.0 0.05 0.1 0.00000e+00 0.00000e+00 0.00000e+00 0.00000e+00 0.00000e+00 0.00000e+00 0.00000e+00 0.00000e+00 0.00000e+00 0.00000e+00 0.00000e+00 0.00000e+00 0.00000e+00 0.00000e+00 
0.1 0.15 0.2 0.00000e+00 0.00000e+00 0.00000e+00 0.00000e+00 0.00000e+00 0.00000e+00 0.00000e+00 0.00000e+00 0.00000e+00 0.00000e+00 0.00000e+00 0.00000e+00 0.00000e+00 0.00000e+00 
0.2 0.25 0.3 0.00000e+00 0.00000e+00 0.00000e+00 0.00000e+00 0.00000e+00 0.00000e+00 0.00000e+00 0.00000e+00 0.00000e+00 0.00000e+00 0.00000e+00 0.00000e+00 0.00000e+00 0.00000e+00 
0.3 0.35 0.4 0.00000e+00 0.00000e+00 0.00000e+00 0.00000e+00 0.00000e+00 0.00000e+00 0.00000e+00 0.00000e+00 0.00000e+00 0.00000e+00 0.00000e+00 0.00000e+00 0.00000e+00 0.00000e+00 
0.4 0.45 0.5 0.00000e+00 0.00000e+00 0.00000e+00 0.00000e+00 0.00000e+00 0.00000e+00 0.00000e+00 0.00000e+00 0.00000e+00 0.00000e+00 0.00000e+00 0.00000e+00 0.00000e+00 0.00000e+00 
0.5 0.55 0.6 0.00000e+00 0.00000e+00 0.00000e+00 0.00000e+00 0.00000e+00 0.00000e+00 0.00000e+00 0.00000e+00 0.00000e+00 0.00000e+00 0.00000e+00 0.00000e+00 0.00000e+00 0.00000e+00 
0.6 0.65 0.7 0.00000e+00 0.00000e+00 0.00000e+00 0.00000e+00 0.00000e+00 0.00000e+00 0.00000e+00 0.00000e+00 0.00000e+00 0.00000e+00 0.00000e+00 0.00000e+00 0.00000e+00 0.00000e+00 
0.7 0.75 0.8 7.80878e-01 2.76058e-02 4.71990e-01 1.66555e-02 1.35261e+00 4.79346e-02 5.17545e-01 1.82852e-02 7.19445e-01 2.54792e-02 1.23448e+00 4.36703e-02 8.54118e-01 3.01584e-02 
0.8 0.85 0.9 1.57653e+02 2.25351e+00 1.32820e+02 1.58930e+00 1.66220e+02 3.37743e+00 1.36283e+02 1.67423e+00 1.56261e+02 2.13898e+00 1.70553e+02 3.16639e+00 1.59309e+02 2.39577e+00 
0.9 0.95 1.0 1.72826e+02 2.13030e+00 1.40940e+02 1.52231e+00 1.95732e+02 3.07411e+00 1.45367e+02 1.60073e+00 1.69865e+02 2.02769e+00 1.96448e+02 2.94138e+00 1.76761e+02 2.25237e+00 
1.0 1.05 1.1 1.70476e+02 2.02656e+00 1.37766e+02 1.41672e+00 1.95910e+02 2.89767e+00 1.42629e+02 1.51988e+00 1.66950e+02 1.88457e+00 1.97011e+02 2.79324e+00 1.74267e+02 2.09258e+00 
1.1 1.15 1.2 1.71041e+02 1.96918e+00 1.37828e+02 1.40310e+00 1.99173e+02 2.92367e+00 1.42151e+02 1.48637e+00 1.67203e+02 1.87456e+00 1.99085e+02 2.74813e+00 1.75108e+02 2.08904e+00 
1.2 1.25 1.3 1.65978e+02 1.96912e+00 1.34149e+02 1.39602e+00 1.91214e+02 2.93085e+00 1.38655e+02 1.46965e+00 1.62635e+02 1.87085e+00 1.91344e+02 2.74966e+00 1.69890e+02 2.09200e+00 
1.3 1.35 1.4 1.66213e+02 1.93425e+00 1.34255e+02 1.37679e+00 1.91651e+02 2.86348e+00 1.38630e+02 1.44749e+00 1.63066e+02 1.84072e+00 1.92170e+02 2.69094e+00 1.69867e+02 2.05174e+00 
1.4 1.45 1.5 1.59573e+02 1.91876e+00 1.29366e+02 1.35481e+00 1.81451e+02 2.61696e+00 1.33175e+02 1.36098e+00 1.56501e+02 1.81926e+00 1.82095e+02 2.46513e+00 1.63842e+02 2.05418e+00 
1.5 1.55 1.6 1.56747e+02 1.81881e+00 1.26940e+02 1.26967e+00 1.79347e+02 2.69551e+00 1.31296e+02 1.36149e+00 1.53510e+02 1.68749e+00 1.79528e+02 2.44715e+00 1.60222e+02 1.93332e+00 
1.6 1.65 1.7 1.58982e+02 1.91354e+00 1.28000e+02 1.36074e+00 1.83767e+02 2.88146e+00 1.32667e+02 1.41872e+00 1.55588e+02 1.83352e+00 1.83686e+02 2.69208e+00 1.62643e+02 2.07563e+00 
1.7 1.75 1.8 1.50156e+02 1.88738e+00 1.22326e+02 1.31704e+00 1.70145e+02 2.88318e+00 1.26444e+02 1.39381e+00 1.47391e+02 1.78314e+00 1.71029e+02 2.66982e+00 1.53418e+02 2.00428e+00 
1.8 1.85 1.9 1.50055e+02 1.91606e+00 1.21960e+02 1.33894e+00 1.71573e+02 2.95542e+00 1.25946e+02 1.41572e+00 1.47298e+02 1.81166e+00 1.71655e+02 2.70766e+00 1.53559e+02 2.06854e+00 
1.9 1.95 2.0 1.44433e+02 1.86834e+00 1.17743e+02 1.35368e+00 1.65136e+02 2.94394e+00 1.22042e+02 1.42903e+00 1.42231e+02 1.84345e+00 1.65266e+02 2.73580e+00 1.48894e+02 1.94393e+00 
2.0 2.05 2.1 1.44014e+02 1.91071e+00 1.16886e+02 1.32111e+00 1.64083e+02 2.59067e+00 1.20802e+02 1.40079e+00 1.41253e+02 1.80087e+00 1.65440e+02 2.67485e+00 1.47126e+02 1.85774e+00 
2.1 2.15 2.2 1.37295e+02 1.88369e+00 1.11347e+02 1.30224e+00 1.56869e+02 2.89386e+00 1.15219e+02 1.38102e+00 1.34534e+02 1.77749e+00 1.56931e+02 2.64581e+00 1.40786e+02 2.02896e+00 
2.2 2.25 2.3 1.30611e+02 1.84901e+00 1.06430e+02 1.27627e+00 1.47635e+02 2.83411e+00 1.09957e+02 1.35549e+00 1.28206e+02 1.74009e+00 1.48605e+02 2.63502e+00 1.33386e+02 1.98243e+00 
2.3 2.35 2.4 1.22851e+02 1.74251e+00 1.00290e+02 1.21599e+00 1.38294e+02 2.63351e+00 1.03776e+02 1.34121e+00 1.20592e+02 1.64389e+00 1.39339e+02 2.45459e+00 1.25635e+02 1.96563e+00 
2.4 2.45 2.5 1.17517e+02 1.82458e+00 9.55819e+01 1.25421e+00 1.33678e+02 2.79512e+00 9.88131e+01 1.33133e+00 1.15263e+02 1.71780e+00 1.34398e+02 2.60197e+00 1.20380e+02 1.94673e+00 
2.5 2.55 2.6 1.09408e+02 1.79449e+00 8.87592e+01 1.19488e+00 1.23167e+02 2.76297e+00 9.21229e+01 1.30428e+00 1.06800e+02 1.63284e+00 1.23351e+02 2.48490e+00 1.11496e+02 1.91690e+00 
2.6 2.65 2.7 1.06122e+02 1.78674e+00 8.59477e+01 1.21752e+00 1.20772e+02 2.78828e+00 8.89292e+01 1.29699e+00 1.03975e+02 1.67621e+00 1.21712e+02 2.57505e+00 1.08583e+02 1.92127e+00 
2.7 2.75 2.8 9.60456e+01 1.72555e+00 7.83796e+01 1.11109e+00 1.07228e+02 2.67049e+00 8.12292e+01 1.25601e+00 9.43964e+01 1.64043e+00 1.08326e+02 2.47653e+00 9.74816e+01 1.69980e+00 
2.8 2.85 2.9 8.74009e+01 1.72203e+00 7.15070e+01 1.15362e+00 9.78000e+01 2.59900e+00 7.38740e+01 1.19108e+00 8.57734e+01 1.60071e+00 9.85802e+01 2.50768e+00 8.82072e+01 1.68932e+00 
2.9 2.95 3.0 8.41601e+01 1.50403e+00 6.91187e+01 1.04673e+00 9.34437e+01 2.27441e+00 7.12818e+01 1.11029e+00 8.37033e+01 1.51529e+00 9.62103e+01 2.38597e+00 8.56590e+01 1.60886e+00 
3.0 3.05 3.1 7.86875e+01 1.60921e+00 6.39819e+01 1.08496e+00 8.96717e+01 2.52414e+00 6.61122e+01 1.16057e+00 7.77265e+01 1.49631e+00 8.87805e+01 2.30843e+00 7.97678e+01 1.69355e+00 
3.1 3.15 3.2 6.45901e+01 1.46277e+00 5.28641e+01 9.83525e-01 7.22322e+01 2.30562e+00 5.46308e+01 1.05061e+00 6.37918e+01 1.39466e+00 7.28771e+01 2.13198e+00 6.59337e+01 1.57731e+00 
3.2 3.25 3.3 4.75405e+01 1.33307e+00 3.95630e+01 8.91302e-01 5.22031e+01 2.09461e+00 4.04294e+01 9.58486e-01 4.70466e+01 1.16398e+00 5.30739e+01 1.93856e+00 4.83177e+01 1.43627e+00 
3.3 3.35 3.4 3.73598e+01 1.13604e+00 3.13043e+01 7.86903e-01 4.27750e+01 1.89915e+00 3.22686e+01 8.68443e-01 3.78292e+01 1.09447e+00 4.22131e+01 1.64490e+00 3.86427e+01 1.22124e+00 
3.4 3.45 3.5 2.85722e+01 9.12259e-01 2.37756e+01 7.05737e-01 3.12710e+01 1.36982e+00 2.44344e+01 6.73928e-01 2.81881e+01 8.62508e-01 3.24281e+01 1.51745e+00 2.89391e+01 1.06805e+00 
3.5 3.55 3.6 2.15356e+01 8.84235e-01 1.76585e+01 5.87525e-01 2.36757e+01 1.38613e+00 1.80177e+01 6.15846e-01 2.12727e+01 8.19130e-01 2.44088e+01 1.28690e+00 2.10419e+01 8.03338e-01 
3.6 3.65 3.7 1.47673e+01 7.21773e-01 1.24375e+01 4.94505e-01 1.50126e+01 1.13088e+00 1.28382e+01 5.23179e-01 1.45513e+01 6.83326e-01 1.58259e+01 1.04051e+00 1.48138e+01 7.62370e-01 
3.7 3.75 3.8 1.05581e+01 6.06145e-01 8.97886e+00 4.27612e-01 1.11742e+01 9.31407e-01 9.10954e+00 4.42736e-01 1.04593e+01 5.88536e-01 1.12418e+01 8.53524e-01 1.06896e+01 6.51239e-01 
3.8 3.85 3.9 7.51989e+00 4.66650e-01 6.19116e+00 3.13586e-01 7.98920e+00 7.14556e-01 6.48956e+00 3.45829e-01 7.25824e+00 4.20470e-01 8.15557e+00 6.53765e-01 7.42973e+00 4.90114e-01 
3.9 3.95 4.0 4.84727e+00 3.70759e-01 4.11614e+00 2.55499e-01 5.00339e+00 5.27782e-01 4.27526e+00 2.68650e-01 4.77597e+00 3.45354e-01 5.09189e+00 5.21219e-01 4.94684e+00 3.79887e-01 
4.0 4.05 4.1 3.80340e+00 3.19677e-01 3.18174e+00 2.23835e-01 4.00216e+00 4.78481e-01 3.27632e+00 2.38361e-01 3.71877e+00 3.00904e-01 4.07506e+00 4.44094e-01 3.92402e+00 3.38978e-01 
4.1 4.15 4.2 2.30816e+00 2.52215e-01 1.93228e+00 1.76267e-01 2.26717e+00 3.56103e-01 1.99636e+00 1.88055e-01 2.24845e+00 2.36332e-01 2.41635e+00 3.51787e-01 2.23004e+00 2.57934e-01 
4.2 4.25 4.3 1.05492e+00 1.80105e-01 9.36745e-01 1.28710e-01 8.81498e-01 2.59751e-01 9.65449e-01 1.36158e-01 1.04392e+00 1.70673e-01 1.00767e+00 2.44841e-01 1.01381e+00 1.91342e-01 
4.3 4.35 4.4 6.04762e-01 1.17361e-01 5.16012e-01 8.15157e-02 6.07697e-01 1.72918e-01 5.24549e-01 8.65612e-02 6.08400e-01 1.09350e-01 6.43693e-01 1.63415e-01 6.33807e-01 1.24090e-01 
4.4 4.45 4.5 3.83952e-01 8.83737e-02 3.26595e-01 6.45036e-02 4.20734e-01 1.22827e-01 3.28088e-01 6.75000e-02 3.90613e-01 8.46566e-02 4.23330e-01 1.17722e-01 3.94428e-01 9.24935e-02 
4.5 4.55 4.6 -8.67692e-02 6.34009e-03 -4.98046e-02 3.65357e-03 -1.47974e-01 1.09491e-02 -5.64476e-02 4.12978e-03 -7.78630e-02 5.71720e-03 -1.39148e-01 1.01517e-02 -9.35898e-02 6.86612e-03 
4.6 4.65 4.7 0.00000e+00 0.00000e+00 0.00000e+00 0.00000e+00 0.00000e+00 0.00000e+00 0.00000e+00 0.00000e+00 0.00000e+00 0.00000e+00 0.00000e+00 0.00000e+00 0.00000e+00 0.00000e+00 
4.7 4.75 4.8 0.00000e+00 0.00000e+00 0.00000e+00 0.00000e+00 0.00000e+00 0.00000e+00 0.00000e+00 0.00000e+00 0.00000e+00 0.00000e+00 0.00000e+00 0.00000e+00 0.00000e+00 0.00000e+00 
4.8 4.85 4.9 0.00000e+00 0.00000e+00 0.00000e+00 0.00000e+00 0.00000e+00 0.00000e+00 0.00000e+00 0.00000e+00 0.00000e+00 0.00000e+00 0.00000e+00 0.00000e+00 0.00000e+00 0.00000e+00 
4.9 4.95 5.0 0.00000e+00 0.00000e+00 0.00000e+00 0.00000e+00 0.00000e+00 0.00000e+00 0.00000e+00 0.00000e+00 0.00000e+00 0.00000e+00 0.00000e+00 0.00000e+00 0.00000e+00 0.00000e+00 
5.0 5.05 5.1 0.00000e+00 0.00000e+00 0.00000e+00 0.00000e+00 0.00000e+00 0.00000e+00 0.00000e+00 0.00000e+00 0.00000e+00 0.00000e+00 0.00000e+00 0.00000e+00 0.00000e+00 0.00000e+00 
5.1 5.15 5.2 0.00000e+00 0.00000e+00 0.00000e+00 0.00000e+00 0.00000e+00 0.00000e+00 0.00000e+00 0.00000e+00 0.00000e+00 0.00000e+00 0.00000e+00 0.00000e+00 0.00000e+00 0.00000e+00 
5.2 5.25 5.3 0.00000e+00 0.00000e+00 0.00000e+00 0.00000e+00 0.00000e+00 0.00000e+00 0.00000e+00 0.00000e+00 0.00000e+00 0.00000e+00 0.00000e+00 0.00000e+00 0.00000e+00 0.00000e+00 
5.3 5.35 5.4 0.00000e+00 0.00000e+00 0.00000e+00 0.00000e+00 0.00000e+00 0.00000e+00 0.00000e+00 0.00000e+00 0.00000e+00 0.00000e+00 0.00000e+00 0.00000e+00 0.00000e+00 0.00000e+00 
5.4 5.45 5.5 0.00000e+00 0.00000e+00 0.00000e+00 0.00000e+00 0.00000e+00 0.00000e+00 0.00000e+00 0.00000e+00 0.00000e+00 0.00000e+00 0.00000e+00 0.00000e+00 0.00000e+00 0.00000e+00 
5.5 5.55 5.6 0.00000e+00 0.00000e+00 0.00000e+00 0.00000e+00 0.00000e+00 0.00000e+00 0.00000e+00 0.00000e+00 0.00000e+00 0.00000e+00 0.00000e+00 0.00000e+00 0.00000e+00 0.00000e+00 
5.6 5.65 5.7 0.00000e+00 0.00000e+00 0.00000e+00 0.00000e+00 0.00000e+00 0.00000e+00 0.00000e+00 0.00000e+00 0.00000e+00 0.00000e+00 0.00000e+00 0.00000e+00 0.00000e+00 0.00000e+00 
5.7 5.75 5.8 0.00000e+00 0.00000e+00 0.00000e+00 0.00000e+00 0.00000e+00 0.00000e+00 0.00000e+00 0.00000e+00 0.00000e+00 0.00000e+00 0.00000e+00 0.00000e+00 0.00000e+00 0.00000e+00 
5.8 5.85 5.9 0.00000e+00 0.00000e+00 0.00000e+00 0.00000e+00 0.00000e+00 0.00000e+00 0.00000e+00 0.00000e+00 0.00000e+00 0.00000e+00 0.00000e+00 0.00000e+00 0.00000e+00 0.00000e+00 
5.9 5.95 6.0 0.00000e+00 0.00000e+00 0.00000e+00 0.00000e+00 0.00000e+00 0.00000e+00 0.00000e+00 0.00000e+00 0.00000e+00 0.00000e+00 0.00000e+00 0.00000e+00 0.00000e+00 0.00000e+00 
6.0 6.05 6.1 0.00000e+00 0.00000e+00 0.00000e+00 0.00000e+00 0.00000e+00 0.00000e+00 0.00000e+00 0.00000e+00 0.00000e+00 0.00000e+00 0.00000e+00 0.00000e+00 0.00000e+00 0.00000e+00 
6.1 6.15 6.2 0.00000e+00 0.00000e+00 0.00000e+00 0.00000e+00 0.00000e+00 0.00000e+00 0.00000e+00 0.00000e+00 0.00000e+00 0.00000e+00 0.00000e+00 0.00000e+00 0.00000e+00 0.00000e+00 
6.2 6.25 6.3 0.00000e+00 0.00000e+00 0.00000e+00 0.00000e+00 0.00000e+00 0.00000e+00 0.00000e+00 0.00000e+00 0.00000e+00 0.00000e+00 0.00000e+00 0.00000e+00 0.00000e+00 0.00000e+00 
6.3 6.35 6.4 0.00000e+00 0.00000e+00 0.00000e+00 0.00000e+00 0.00000e+00 0.00000e+00 0.00000e+00 0.00000e+00 0.00000e+00 0.00000e+00 0.00000e+00 0.00000e+00 0.00000e+00 0.00000e+00 
6.4 6.45 6.5 0.00000e+00 0.00000e+00 0.00000e+00 0.00000e+00 0.00000e+00 0.00000e+00 0.00000e+00 0.00000e+00 0.00000e+00 0.00000e+00 0.00000e+00 0.00000e+00 0.00000e+00 0.00000e+00 
6.5 6.55 6.6 0.00000e+00 0.00000e+00 0.00000e+00 0.00000e+00 0.00000e+00 0.00000e+00 0.00000e+00 0.00000e+00 0.00000e+00 0.00000e+00 0.00000e+00 0.00000e+00 0.00000e+00 0.00000e+00 
6.6 6.65 6.7 0.00000e+00 0.00000e+00 0.00000e+00 0.00000e+00 0.00000e+00 0.00000e+00 0.00000e+00 0.00000e+00 0.00000e+00 0.00000e+00 0.00000e+00 0.00000e+00 0.00000e+00 0.00000e+00 
6.7 6.75 6.8 0.00000e+00 0.00000e+00 0.00000e+00 0.00000e+00 0.00000e+00 0.00000e+00 0.00000e+00 0.00000e+00 0.00000e+00 0.00000e+00 0.00000e+00 0.00000e+00 0.00000e+00 0.00000e+00 
6.8 6.85 6.9 0.00000e+00 0.00000e+00 0.00000e+00 0.00000e+00 0.00000e+00 0.00000e+00 0.00000e+00 0.00000e+00 0.00000e+00 0.00000e+00 0.00000e+00 0.00000e+00 0.00000e+00 0.00000e+00 
6.9 6.95 7.0 0.00000e+00 0.00000e+00 0.00000e+00 0.00000e+00 0.00000e+00 0.00000e+00 0.00000e+00 0.00000e+00 0.00000e+00 0.00000e+00 0.00000e+00 0.00000e+00 0.00000e+00 0.00000e+00 
7.0 7.05 7.1 0.00000e+00 0.00000e+00 0.00000e+00 0.00000e+00 0.00000e+00 0.00000e+00 0.00000e+00 0.00000e+00 0.00000e+00 0.00000e+00 0.00000e+00 0.00000e+00 0.00000e+00 0.00000e+00 
7.1 7.15 7.2 0.00000e+00 0.00000e+00 0.00000e+00 0.00000e+00 0.00000e+00 0.00000e+00 0.00000e+00 0.00000e+00 0.00000e+00 0.00000e+00 0.00000e+00 0.00000e+00 0.00000e+00 0.00000e+00 
7.2 7.25 7.3 0.00000e+00 0.00000e+00 0.00000e+00 0.00000e+00 0.00000e+00 0.00000e+00 0.00000e+00 0.00000e+00 0.00000e+00 0.00000e+00 0.00000e+00 0.00000e+00 0.00000e+00 0.00000e+00 
7.3 7.35 7.4 0.00000e+00 0.00000e+00 0.00000e+00 0.00000e+00 0.00000e+00 0.00000e+00 0.00000e+00 0.00000e+00 0.00000e+00 0.00000e+00 0.00000e+00 0.00000e+00 0.00000e+00 0.00000e+00 
7.4 7.45 7.5 0.00000e+00 0.00000e+00 0.00000e+00 0.00000e+00 0.00000e+00 0.00000e+00 0.00000e+00 0.00000e+00 0.00000e+00 0.00000e+00 0.00000e+00 0.00000e+00 0.00000e+00 0.00000e+00 
7.5 7.55 7.6 0.00000e+00 0.00000e+00 0.00000e+00 0.00000e+00 0.00000e+00 0.00000e+00 0.00000e+00 0.00000e+00 0.00000e+00 0.00000e+00 0.00000e+00 0.00000e+00 0.00000e+00 0.00000e+00 
7.6 7.65 7.7 0.00000e+00 0.00000e+00 0.00000e+00 0.00000e+00 0.00000e+00 0.00000e+00 0.00000e+00 0.00000e+00 0.00000e+00 0.00000e+00 0.00000e+00 0.00000e+00 0.00000e+00 0.00000e+00 
7.7 7.75 7.8 0.00000e+00 0.00000e+00 0.00000e+00 0.00000e+00 0.00000e+00 0.00000e+00 0.00000e+00 0.00000e+00 0.00000e+00 0.00000e+00 0.00000e+00 0.00000e+00 0.00000e+00 0.00000e+00 
7.8 7.85 7.9 0.00000e+00 0.00000e+00 0.00000e+00 0.00000e+00 0.00000e+00 0.00000e+00 0.00000e+00 0.00000e+00 0.00000e+00 0.00000e+00 0.00000e+00 0.00000e+00 0.00000e+00 0.00000e+00 
7.9 7.95 8.0 0.00000e+00 0.00000e+00 0.00000e+00 0.00000e+00 0.00000e+00 0.00000e+00 0.00000e+00 0.00000e+00 0.00000e+00 0.00000e+00 0.00000e+00 0.00000e+00 0.00000e+00 0.00000e+00 
8.0 8.05 8.1 0.00000e+00 0.00000e+00 0.00000e+00 0.00000e+00 0.00000e+00 0.00000e+00 0.00000e+00 0.00000e+00 0.00000e+00 0.00000e+00 0.00000e+00 0.00000e+00 0.00000e+00 0.00000e+00 
8.1 8.15 8.2 0.00000e+00 0.00000e+00 0.00000e+00 0.00000e+00 0.00000e+00 0.00000e+00 0.00000e+00 0.00000e+00 0.00000e+00 0.00000e+00 0.00000e+00 0.00000e+00 0.00000e+00 0.00000e+00 
8.2 8.25 8.3 0.00000e+00 0.00000e+00 0.00000e+00 0.00000e+00 0.00000e+00 0.00000e+00 0.00000e+00 0.00000e+00 0.00000e+00 0.00000e+00 0.00000e+00 0.00000e+00 0.00000e+00 0.00000e+00 
8.3 8.35 8.4 0.00000e+00 0.00000e+00 0.00000e+00 0.00000e+00 0.00000e+00 0.00000e+00 0.00000e+00 0.00000e+00 0.00000e+00 0.00000e+00 0.00000e+00 0.00000e+00 0.00000e+00 0.00000e+00 
8.4 8.45 8.5 0.00000e+00 0.00000e+00 0.00000e+00 0.00000e+00 0.00000e+00 0.00000e+00 0.00000e+00 0.00000e+00 0.00000e+00 0.00000e+00 0.00000e+00 0.00000e+00 0.00000e+00 0.00000e+00 
8.5 8.55 8.6 0.00000e+00 0.00000e+00 0.00000e+00 0.00000e+00 0.00000e+00 0.00000e+00 0.00000e+00 0.00000e+00 0.00000e+00 0.00000e+00 0.00000e+00 0.00000e+00 0.00000e+00 0.00000e+00 
8.6 8.65 8.7 0.00000e+00 0.00000e+00 0.00000e+00 0.00000e+00 0.00000e+00 0.00000e+00 0.00000e+00 0.00000e+00 0.00000e+00 0.00000e+00 0.00000e+00 0.00000e+00 0.00000e+00 0.00000e+00 
8.7 8.75 8.8 0.00000e+00 0.00000e+00 0.00000e+00 0.00000e+00 0.00000e+00 0.00000e+00 0.00000e+00 0.00000e+00 0.00000e+00 0.00000e+00 0.00000e+00 0.00000e+00 0.00000e+00 0.00000e+00 
8.8 8.85 8.9 0.00000e+00 0.00000e+00 0.00000e+00 0.00000e+00 0.00000e+00 0.00000e+00 0.00000e+00 0.00000e+00 0.00000e+00 0.00000e+00 0.00000e+00 0.00000e+00 0.00000e+00 0.00000e+00 
8.9 8.95 9.0 0.00000e+00 0.00000e+00 0.00000e+00 0.00000e+00 0.00000e+00 0.00000e+00 0.00000e+00 0.00000e+00 0.00000e+00 0.00000e+00 0.00000e+00 0.00000e+00 0.00000e+00 0.00000e+00 
9.0 9.05 9.1 0.00000e+00 0.00000e+00 0.00000e+00 0.00000e+00 0.00000e+00 0.00000e+00 0.00000e+00 0.00000e+00 0.00000e+00 0.00000e+00 0.00000e+00 0.00000e+00 0.00000e+00 0.00000e+00 
9.1 9.15 9.2 0.00000e+00 0.00000e+00 0.00000e+00 0.00000e+00 0.00000e+00 0.00000e+00 0.00000e+00 0.00000e+00 0.00000e+00 0.00000e+00 0.00000e+00 0.00000e+00 0.00000e+00 0.00000e+00 
9.2 9.25 9.3 0.00000e+00 0.00000e+00 0.00000e+00 0.00000e+00 0.00000e+00 0.00000e+00 0.00000e+00 0.00000e+00 0.00000e+00 0.00000e+00 0.00000e+00 0.00000e+00 0.00000e+00 0.00000e+00 
9.3 9.35 9.4 0.00000e+00 0.00000e+00 0.00000e+00 0.00000e+00 0.00000e+00 0.00000e+00 0.00000e+00 0.00000e+00 0.00000e+00 0.00000e+00 0.00000e+00 0.00000e+00 0.00000e+00 0.00000e+00 
9.4 9.45 9.5 0.00000e+00 0.00000e+00 0.00000e+00 0.00000e+00 0.00000e+00 0.00000e+00 0.00000e+00 0.00000e+00 0.00000e+00 0.00000e+00 0.00000e+00 0.00000e+00 0.00000e+00 0.00000e+00 
9.5 9.55 9.6 0.00000e+00 0.00000e+00 0.00000e+00 0.00000e+00 0.00000e+00 0.00000e+00 0.00000e+00 0.00000e+00 0.00000e+00 0.00000e+00 0.00000e+00 0.00000e+00 0.00000e+00 0.00000e+00 
9.6 9.65 9.7 0.00000e+00 0.00000e+00 0.00000e+00 0.00000e+00 0.00000e+00 0.00000e+00 0.00000e+00 0.00000e+00 0.00000e+00 0.00000e+00 0.00000e+00 0.00000e+00 0.00000e+00 0.00000e+00 
9.7 9.75 9.8 0.00000e+00 0.00000e+00 0.00000e+00 0.00000e+00 0.00000e+00 0.00000e+00 0.00000e+00 0.00000e+00 0.00000e+00 0.00000e+00 0.00000e+00 0.00000e+00 0.00000e+00 0.00000e+00 
9.8 9.85 9.9 0.00000e+00 0.00000e+00 0.00000e+00 0.00000e+00 0.00000e+00 0.00000e+00 0.00000e+00 0.00000e+00 0.00000e+00 0.00000e+00 0.00000e+00 0.00000e+00 0.00000e+00 0.00000e+00 
9.9 9.95 10.0 0.00000e+00 0.00000e+00 0.00000e+00 0.00000e+00 0.00000e+00 0.00000e+00 0.00000e+00 0.00000e+00 0.00000e+00 0.00000e+00 0.00000e+00 0.00000e+00 0.00000e+00 0.00000e+00 
