-3.5 -3.45 -3.4 1.26268e+01 1.27847e+00 1.27659e+01 8.44326e-01 4.80584e+00 2.04722e+00 1.25274e+01 9.18169e-01 1.38031e+01 1.17861e+00 8.62163e+00 1.84863e+00 1.13180e+01 1.41501e+00 
-3.4 -3.35 -3.3 1.80129e+01 1.55264e+00 1.80271e+01 1.03874e+00 7.17276e+00 2.43666e+00 1.79162e+01 1.11643e+00 1.93205e+01 1.45017e+00 1.21743e+01 2.24159e+00 1.63783e+01 1.69137e+00 
-3.3 -3.25 -3.2 2.56911e+01 1.86747e+00 2.52862e+01 1.23314e+00 1.19778e+01 3.00328e+00 2.50475e+01 1.32525e+00 2.73280e+01 1.73880e+00 1.86652e+01 2.74146e+00 2.33055e+01 2.04496e+00 
-3.2 -3.15 -3.1 3.27667e+01 2.23793e+00 3.26503e+01 1.48927e+00 1.53117e+01 3.55598e+00 3.21978e+01 1.60295e+00 3.51134e+01 2.08334e+00 2.33517e+01 3.24840e+00 2.98558e+01 2.44930e+00 
-3.1 -3.05 -3.0 3.40080e+01 2.44191e+00 3.64645e+01 1.67409e+00 7.44029e+00 3.78734e+00 3.56114e+01 1.75677e+00 3.73389e+01 2.33226e+00 1.75481e+01 3.53834e+00 3.02991e+01 2.59792e+00 
-3.0 -2.95 -2.9 4.31628e+01 2.64879e+00 4.66477e+01 1.78691e+00 1.11979e+01 4.16253e+00 4.55257e+01 1.89653e+00 4.70825e+01 2.49543e+00 2.22013e+01 3.85234e+00 3.87931e+01 2.84886e+00 
-2.9 -2.85 -2.8 5.02333e+01 2.96694e+00 5.54072e+01 2.00359e+00 9.90331e+00 4.67462e+00 5.41123e+01 2.11518e+00 5.52450e+01 2.81610e+00 2.36437e+01 4.34736e+00 4.47222e+01 3.17588e+00 
-2.8 -2.75 -2.7 5.84544e+01 3.11870e+00 6.55040e+01 2.12913e+00 9.13470e+00 4.84625e+00 6.36300e+01 2.23051e+00 6.49506e+01 2.97320e+00 2.51681e+01 4.55328e+00 5.20695e+01 3.31186e+00 
-2.7 -2.65 -2.6 6.70992e+01 3.48550e+00 7.65014e+01 2.38314e+00 7.35090e+00 5.46090e+00 7.44110e+01 2.49088e+00 7.37763e+01 3.33472e+00 2.52438e+01 5.09537e+00 5.99830e+01 3.71940e+00 
-2.6 -2.55 -2.5 7.81947e+01 3.70814e+00 9.04536e+01 2.56158e+00 9.86779e+00 5.65071e+00 8.75483e+01 2.66066e+00 8.70320e+01 3.55969e+00 2.93440e+01 5.37617e+00 7.05376e+01 3.89782e+00 
-2.5 -2.45 -2.4 9.25636e+01 4.10385e+00 1.05077e+02 2.82115e+00 1.62450e+01 6.33503e+00 1.01984e+02 2.94971e+00 1.01605e+02 3.92801e+00 3.69015e+01 5.95647e+00 8.44673e+01 4.34891e+00 
-2.4 -2.35 -2.3 1.03132e+02 4.34453e+00 1.18004e+02 2.98527e+00 1.47163e+01 6.68330e+00 1.14595e+02 3.11718e+00 1.13007e+02 4.16887e+00 3.85297e+01 6.31746e+00 9.39370e+01 4.57405e+00 
-2.3 -2.25 -2.2 1.13936e+02 4.56400e+00 1.32667e+02 3.14649e+00 1.20956e+01 6.99071e+00 1.28309e+02 3.27093e+00 1.25389e+02 4.38783e+00 3.81292e+01 6.65055e+00 1.03313e+02 4.78916e+00 
-2.2 -2.15 -2.1 1.32993e+02 4.87510e+00 1.51864e+02 3.37031e+00 2.36391e+01 7.45908e+00 1.47289e+02 3.48373e+00 1.45482e+02 4.71801e+00 5.20791e+01 7.13195e+00 1.21928e+02 5.06665e+00 
-2.1 -2.05 -2.0 1.41018e+02 5.00073e+00 1.64557e+02 3.46295e+00 1.43620e+01 7.61926e+00 1.59113e+02 3.59272e+00 1.54857e+02 4.82685e+00 4.66974e+01 7.26122e+00 1.27643e+02 5.21470e+00 
-2.0 -1.95 -1.9 1.59632e+02 5.25159e+00 1.82748e+02 3.65141e+00 2.93013e+01 7.96737e+00 1.77585e+02 3.77892e+00 1.73733e+02 5.07661e+00 6.03652e+01 7.60908e+00 1.47196e+02 5.48558e+00 
-1.9 -1.85 -1.8 1.67402e+02 5.44083e+00 1.95219e+02 3.80935e+00 1.94469e+01 8.20951e+00 1.89261e+02 3.91838e+00 1.83058e+02 5.29375e+00 5.33948e+01 7.89541e+00 1.52318e+02 5.65674e+00 
-1.8 -1.75 -1.7 1.73507e+02 5.60022e+00 2.06894e+02 3.92214e+00 9.53214e+00 8.41476e+00 1.99775e+02 4.02480e+00 1.91300e+02 5.46916e+00 4.73782e+01 8.16787e+00 1.57023e+02 5.80830e+00 
-1.7 -1.65 -1.6 1.83906e+02 5.70642e+00 2.19002e+02 3.99043e+00 8.59992e+00 8.69892e+00 2.12800e+02 4.09843e+00 2.00529e+02 5.56449e+00 4.51806e+01 8.35812e+00 1.67204e+02 5.95284e+00 
-1.6 -1.55 -1.5 1.98802e+02 6.07031e+00 2.37768e+02 4.22212e+00 1.22539e+01 9.23829e+00 2.29973e+02 4.34942e+00 2.18114e+02 5.89418e+00 5.13198e+01 8.85897e+00 1.82030e+02 6.31107e+00 
-1.5 -1.45 -1.4 2.25540e+02 6.19423e+00 2.61862e+02 4.33873e+00 3.69775e+01 9.33975e+00 2.54383e+02 4.45378e+00 2.44749e+02 6.04019e+00 7.59638e+01 9.00026e+00 2.09082e+02 6.41590e+00 
-1.4 -1.35 -1.3 2.31451e+02 6.37663e+00 2.72659e+02 4.46474e+00 2.74695e+01 9.59809e+00 2.64150e+02 4.58264e+00 2.50979e+02 6.21946e+00 6.86128e+01 9.30766e+00 2.14061e+02 6.57910e+00 
-1.3 -1.25 -1.2 2.31937e+02 6.31971e+00 2.77939e+02 4.44090e+00 1.80358e+01 9.44112e+00 2.69240e+02 4.55809e+00 2.53336e+02 6.17362e+00 6.07203e+01 9.11038e+00 2.15092e+02 6.50142e+00 
-1.2 -1.15 -1.1 2.44581e+02 6.54846e+00 2.93363e+02 4.60173e+00 1.67517e+01 9.73082e+00 2.84549e+02 4.71364e+00 2.66472e+02 6.39490e+00 5.96712e+01 9.51065e+00 2.25875e+02 6.72485e+00 
-1.1 -1.05 -1.0 2.49178e+02 6.62097e+00 3.02427e+02 4.64805e+00 1.17268e+01 9.89192e+00 2.92362e+02 4.76492e+00 2.73495e+02 6.44834e+00 5.46642e+01 9.58210e+00 2.29577e+02 6.80893e+00 
-1.0 -0.95 -0.9 2.77601e+02 6.75577e+00 3.26775e+02 4.78674e+00 4.08244e+01 1.00145e+01 3.17097e+02 4.87914e+00 3.02422e+02 6.59662e+00 8.50245e+01 9.78635e+00 2.59243e+02 6.92390e+00 
-0.9 -0.85 -0.8 2.78103e+02 6.97918e+00 3.32058e+02 4.91544e+00 2.67824e+01 1.04402e+01 3.21724e+02 5.01497e+00 3.02879e+02 6.84491e+00 7.30803e+01 1.01628e+01 2.57544e+02 7.15697e+00 
-0.8 -0.75 -0.7 2.93101e+02 6.95839e+00 3.45950e+02 4.93522e+00 3.99112e+01 1.02959e+01 3.35981e+02 5.03327e+00 3.17476e+02 6.82984e+00 8.53925e+01 1.00326e+01 2.73317e+02 7.13280e+00 
-0.7 -0.65 -0.6 3.07198e+02 7.08706e+00 3.59134e+02 5.00880e+00 5.22242e+01 1.05408e+01 3.49092e+02 5.10885e+00 3.31702e+02 6.95155e+00 9.76502e+01 1.02699e+01 2.87446e+02 7.26305e+00 
-0.6 -0.55 -0.5 3.06937e+02 7.01645e+00 3.62429e+02 4.98534e+00 4.27597e+01 1.03791e+01 3.51949e+02 5.07857e+00 3.31687e+02 6.91107e+00 8.84265e+01 1.01489e+01 2.86403e+02 7.18970e+00 
-0.5 -0.45 -0.4 3.17313e+02 7.03606e+00 3.72829e+02 4.97986e+00 5.38129e+01 1.04253e+01 3.61465e+02 5.08902e+00 3.43227e+02 6.92319e+00 9.90182e+01 1.01601e+01 2.97741e+02 7.21064e+00 
-0.4 -0.35 -0.3 3.20155e+02 7.13816e+00 3.76278e+02 5.08201e+00 5.07475e+01 1.05232e+01 3.65335e+02 5.16422e+00 3.46227e+02 7.03047e+00 9.79709e+01 1.02964e+01 2.99214e+02 7.28555e+00 
-0.3 -0.25 -0.2 3.15930e+02 7.20897e+00 3.74794e+02 5.10745e+00 4.28093e+01 1.06866e+01 3.64339e+02 5.20296e+00 3.41482e+02 7.08598e+00 9.04804e+01 1.03951e+01 2.95907e+02 7.37461e+00 
-0.2 -0.15 -0.1 3.21529e+02 7.19941e+00 3.81318e+02 5.11326e+00 4.28623e+01 1.06333e+01 3.70101e+02 5.20464e+00 3.48701e+02 7.07483e+00 9.08230e+01 1.03887e+01 3.00249e+02 7.35937e+00 
-0.1 -0.05 0.0 3.29883e+02 7.22383e+00 3.85994e+02 5.13698e+00 5.64806e+01 1.06856e+01 3.74712e+02 5.23603e+00 3.55475e+02 7.10093e+00 1.03691e+02 1.04087e+01 3.08951e+02 7.39281e+00 
0.0 0.05 0.1 3.28366e+02 7.18150e+00 3.85823e+02 5.10920e+00 5.31172e+01 1.05924e+01 3.74712e+02 5.19813e+00 3.54576e+02 7.06234e+00 1.00286e+02 1.03494e+01 3.07453e+02 7.34084e+00 
0.1 0.15 0.2 3.38317e+02 7.33285e+00 3.93233e+02 5.21162e+00 6.90749e+01 1.07620e+01 3.83148e+02 5.33071e+00 3.64841e+02 7.14762e+00 1.14130e+02 1.04686e+01 3.18811e+02 7.52673e+00 
0.2 0.25 0.3 3.21933e+02 7.23140e+00 3.80249e+02 5.14830e+00 4.46488e+01 1.06758e+01 3.68573e+02 5.24385e+00 3.48541e+02 7.11436e+00 9.41548e+01 1.04175e+01 2.99698e+02 7.39547e+00 
0.3 0.35 0.4 3.08050e+02 7.16492e+00 3.68204e+02 5.03706e+00 3.49933e+01 1.06533e+01 3.56872e+02 5.15825e+00 3.34825e+02 6.98861e+00 8.01271e+01 1.04099e+01 2.88464e+02 7.33720e+00 
0.4 0.45 0.5 3.18407e+02 7.16870e+00 3.73292e+02 5.07863e+00 5.37833e+01 1.06092e+01 3.62811e+02 5.17266e+00 3.43730e+02 7.04055e+00 9.99187e+01 1.03427e+01 2.98171e+02 7.33996e+00 
0.5 0.55 0.6 3.07591e+02 6.99906e+00 3.62940e+02 4.97058e+00 4.45635e+01 1.03909e+01 3.52746e+02 5.06396e+00 3.32493e+02 6.90974e+00 9.00718e+01 1.01423e+01 2.88006e+02 7.16102e+00 
0.6 0.65 0.7 3.09443e+02 6.98307e+00 3.60425e+02 4.96319e+00 5.48560e+01 1.03019e+01 3.50485e+02 5.06133e+00 3.33989e+02 6.84684e+00 1.01747e+02 1.00301e+01 2.88948e+02 7.15469e+00 
0.7 0.75 0.8 3.07464e+02 7.14530e+00 3.56843e+02 5.09430e+00 5.98088e+01 1.05275e+01 3.47082e+02 5.18582e+00 3.31972e+02 7.00081e+00 1.05169e+02 1.02202e+01 2.88503e+02 7.32170e+00 
0.8 0.85 0.9 2.93344e+02 6.89513e+00 3.42240e+02 4.86978e+00 5.10622e+01 1.02840e+01 3.32458e+02 4.97488e+00 3.17340e+02 6.75527e+00 9.47548e+01 1.00055e+01 2.74133e+02 7.09284e+00 
0.9 0.95 1.0 2.81730e+02 6.83161e+00 3.29385e+02 4.84307e+00 4.69496e+01 1.00671e+01 3.20570e+02 4.92841e+00 3.05638e+02 6.69658e+00 9.01861e+01 9.83284e+00 2.62384e+02 7.01680e+00 
1.0 1.05 1.1 2.57614e+02 6.64453e+00 3.07451e+02 4.68092e+00 2.16418e+01 9.88390e+00 2.98209e+02 4.77249e+00 2.79434e+02 6.49977e+00 6.54257e+01 9.64055e+00 2.38413e+02 6.81842e+00 
1.1 1.15 1.2 2.52927e+02 6.53877e+00 3.00179e+02 4.60111e+00 2.77861e+01 9.72720e+00 2.90272e+02 4.72136e+00 2.76523e+02 6.36879e+00 7.23376e+01 9.44167e+00 2.33077e+02 6.75332e+00 
1.2 1.25 1.3 2.33443e+02 6.34592e+00 2.79772e+02 4.47907e+00 1.53128e+01 9.44347e+00 2.71118e+02 4.58312e+00 2.54844e+02 6.20412e+00 5.73140e+01 9.18674e+00 2.14848e+02 6.52767e+00 
1.3 1.35 1.4 2.38034e+02 6.22155e+00 2.75849e+02 4.39968e+00 4.18759e+01 9.23710e+00 2.67804e+02 4.50287e+00 2.58330e+02 6.08493e+00 8.27832e+01 8.94945e+00 2.21054e+02 6.41299e+00 
1.4 1.45 1.5 2.07236e+02 6.10770e+00 2.49448e+02 4.30610e+00 1.12238e+01 9.01135e+00 2.41383e+02 4.41607e+00 2.27286e+02 5.95991e+00 4.89393e+01 8.78124e+00 1.90593e+02 6.28997e+00 
1.5 1.55 1.6 2.10152e+02 5.95909e+00 2.45712e+02 4.19900e+00 2.95780e+01 8.89873e+00 2.38627e+02 4.30958e+00 2.28948e+02 5.79749e+00 6.63917e+01 8.58978e+00 1.94767e+02 6.16159e+00 
1.6 1.65 1.7 1.96587e+02 5.85351e+00 2.29409e+02 4.11966e+00 2.72589e+01 8.77309e+00 2.22213e+02 4.22297e+00 2.13850e+02 5.72711e+00 6.49449e+01 8.45431e+00 1.80498e+02 6.06300e+00 
1.7 1.75 1.8 1.79554e+02 5.56754e+00 2.10666e+02 3.90252e+00 2.16261e+01 8.30750e+00 2.04557e+02 4.01785e+00 1.95894e+02 5.41227e+00 5.47532e+01 8.03779e+00 1.65393e+02 5.78727e+00 
1.8 1.85 1.9 1.69566e+02 5.30794e+00 1.96519e+02 3.72824e+00 2.40952e+01 7.96915e+00 1.90833e+02 3.83527e+00 1.84785e+02 5.17550e+00 5.77840e+01 7.65314e+00 1.55396e+02 5.51503e+00 
1.9 1.95 2.0 1.50984e+02 5.17671e+00 1.77522e+02 3.62505e+00 1.53701e+01 7.79724e+00 1.72704e+02 3.75228e+00 1.65548e+02 5.00771e+00 4.54991e+01 7.43629e+00 1.38782e+02 5.41336e+00 
2.0 2.05 2.1 1.43974e+02 5.03940e+00 1.65929e+02 3.51182e+00 2.21433e+01 7.62826e+00 1.60811e+02 3.63183e+00 1.57710e+02 4.87958e+00 5.20464e+01 7.28184e+00 1.31389e+02 5.26253e+00 
2.1 2.15 2.2 1.30130e+02 4.70146e+00 1.49774e+02 3.29616e+00 1.98332e+01 7.06454e+00 1.44980e+02 3.39817e+00 1.42935e+02 4.56493e+00 4.79596e+01 6.77255e+00 1.18702e+02 4.90615e+00 
2.2 2.25 2.3 1.19233e+02 4.54811e+00 1.35435e+02 3.16014e+00 2.21032e+01 6.85324e+00 1.31716e+02 3.27768e+00 1.29918e+02 4.38118e+00 4.62822e+01 6.56307e+00 1.09202e+02 4.75151e+00 
2.3 2.35 2.4 1.00420e+02 4.20041e+00 1.16053e+02 2.92089e+00 9.09701e+00 6.42163e+00 1.12177e+02 3.03565e+00 1.10172e+02 4.06821e+00 3.42734e+01 6.07692e+00 8.99227e+01 4.42126e+00 
2.4 2.45 2.5 8.42407e+01 3.82973e+00 1.00403e+02 2.64265e+00 2.03540e+00 5.82959e+00 9.62902e+01 2.76696e+00 9.35658e+01 3.65863e+00 2.32250e+01 5.52079e+00 7.53191e+01 4.04920e+00 
2.5 2.55 2.6 7.81314e+01 3.67118e+00 9.04677e+01 2.55735e+00 7.42597e+00 5.56276e+00 8.71125e+01 2.65547e+00 8.64756e+01 3.53412e+00 2.87324e+01 5.26836e+00 6.95703e+01 3.86277e+00 
2.6 2.65 2.7 6.67167e+01 3.42243e+00 7.68361e+01 2.36642e+00 6.03840e+00 5.21490e+00 7.41861e+01 2.46785e+00 7.42634e+01 3.28400e+00 2.48652e+01 4.91914e+00 5.96035e+01 3.59547e+00 
2.7 2.75 2.8 6.33241e+01 3.25250e+00 6.90472e+01 2.23772e+00 1.62962e+01 4.97003e+00 6.75143e+01 2.35583e+00 6.88502e+01 3.09421e+00 3.17364e+01 4.64221e+00 5.78944e+01 3.46088e+00 
2.8 2.85 2.9 4.78966e+01 2.86595e+00 5.47411e+01 1.97724e+00 4.10340e+00 4.38020e+00 5.27409e+01 2.07614e+00 5.34092e+01 2.74021e+00 1.88473e+01 4.10381e+00 4.17459e+01 3.05113e+00 
2.9 2.95 3.0 4.36227e+01 2.55722e+00 4.73078e+01 1.76010e+00 1.14402e+01 3.89788e+00 4.59940e+01 1.85032e+00 4.79731e+01 2.43540e+00 2.26755e+01 3.66534e+00 3.94641e+01 2.71801e+00 
3.0 3.05 3.1 3.65427e+01 2.67532e+00 3.90152e+01 1.77571e+00 1.07680e+01 4.23912e+00 3.82468e+01 1.91516e+00 3.99214e+01 2.48510e+00 2.11836e+01 3.87484e+00 3.33506e+01 2.92540e+00 
3.1 3.15 3.2 2.48968e+01 1.93210e+00 2.78112e+01 1.32854e+00 3.47239e+00 2.95438e+00 2.68800e+01 1.40395e+00 2.79470e+01 1.83876e+00 1.14203e+01 2.75825e+00 2.21283e+01 2.06865e+00 
3.2 3.25 3.3 2.21980e+01 1.78920e+00 2.33633e+01 1.24404e+00 3.83147e+00 2.63760e+00 2.26457e+01 1.30667e+00 2.43194e+01 1.71434e+00 1.29525e+01 2.53310e+00 1.94756e+01 1.90857e+00 
3.3 3.35 3.4 1.75156e+01 1.43863e+00 1.76421e+01 9.74275e-01 7.15090e+00 2.23171e+00 1.74667e+01 1.04497e+00 1.88135e+01 1.34739e+00 1.16582e+01 2.04745e+00 1.61112e+01 1.56791e+00 
3.4 3.45 3.5 1.09329e+01 1.13559e+00 1.14368e+01 7.61025e-01 2.71285e+00 1.77378e+00 1.13015e+01 8.22810e-01 1.19831e+01 1.05595e+00 6.30700e+00 1.62243e+00 9.82746e+00 1.24448e+00 
