-3.5 -3.45 -3.4 -1.73918e-03 4.28756e-04 -9.55309e-04 2.38387e-04 -4.29674e-03 7.91118e-04 -1.23795e-03 2.85364e-04 -1.43812e-03 3.55879e-04 -2.90725e-03 6.60484e-04 -2.75807e-03 5.10877e-04 
-3.4 -3.35 -3.3 -5.94956e-03 1.30940e-03 -3.45310e-03 6.76263e-04 -1.12520e-02 2.41753e-03 -3.89290e-03 8.84329e-04 -5.59360e-03 1.04701e-03 -8.97171e-03 1.94246e-03 -7.13565e-03 1.49657e-03 
-3.3 -3.25 -3.2 8.70125e-03 6.78515e-03 3.43055e-03 3.36119e-03 2.12154e-03 8.31241e-03 6.02549e-03 4.69921e-03 5.92057e-03 5.37614e-03 6.65228e-03 8.49059e-03 9.53246e-03 7.37417e-03 
-3.2 -3.15 -3.1 7.29772e-02 1.93303e-02 4.11564e-02 1.21506e-02 8.59030e-02 2.76830e-02 6.15331e-02 1.53041e-02 4.72532e-02 1.50304e-02 8.37014e-02 2.48524e-02 7.80976e-02 2.15571e-02 
-3.1 -3.05 -3.0 1.40105e-01 2.80462e-02 1.18299e-01 2.13509e-02 1.38247e-01 3.45178e-02 1.22993e-01 2.27010e-02 1.42828e-01 2.68754e-02 1.38423e-01 3.22189e-02 1.46595e-01 3.00980e-02 
-3.0 -2.95 -2.9 2.32053e-01 4.29180e-02 1.83057e-01 2.99711e-02 3.02076e-01 6.67119e-02 1.90304e-01 3.25813e-02 2.13938e-01 3.82081e-02 2.73906e-01 5.79494e-02 2.58569e-01 4.87966e-02 
-2.9 -2.85 -2.8 5.38415e-01 7.25837e-02 4.54890e-01 6.06798e-02 5.93057e-01 9.48316e-02 4.87851e-01 6.57426e-02 5.43687e-01 7.59279e-02 5.97805e-01 8.90429e-02 5.61764e-01 7.82207e-02 
-2.8 -2.75 -2.7 9.80224e-01 1.08379e-01 7.63595e-01 7.75272e-02 1.15248e+00 1.56525e-01 8.19661e-01 8.45044e-02 9.28730e-01 9.98588e-02 1.14132e+00 1.42144e-01 1.04512e+00 1.19276e-01 
-2.7 -2.65 -2.6 1.34631e+00 1.22241e-01 1.08157e+00 8.91004e-02 1.47541e+00 1.69821e-01 1.14692e+00 9.63153e-02 1.29510e+00 1.13693e-01 1.52904e+00 1.58029e-01 1.41433e+00 1.33173e-01 
-2.6 -2.55 -2.5 1.64595e+00 1.33769e-01 1.30549e+00 9.44852e-02 1.93428e+00 1.96749e-01 1.39810e+00 1.03142e-01 1.55859e+00 1.22284e-01 1.87594e+00 1.77655e-01 1.73012e+00 1.47936e-01 
-2.5 -2.45 -2.4 2.36574e+00 1.65508e-01 1.87837e+00 1.19184e-01 2.63707e+00 2.37534e-01 2.01318e+00 1.29024e-01 2.27052e+00 1.53379e-01 2.65372e+00 2.16350e-01 2.45849e+00 1.81133e-01 
-2.4 -2.35 -2.3 3.25147e+00 1.83886e-01 2.63668e+00 1.33878e-01 3.62808e+00 2.61778e-01 2.78946e+00 1.44438e-01 3.13334e+00 1.71023e-01 3.63884e+00 2.39956e-01 3.38566e+00 2.00501e-01 
-2.3 -2.25 -2.2 3.71083e+00 1.84412e-01 3.03912e+00 1.33650e-01 3.99868e+00 2.65526e-01 3.20583e+00 1.44361e-01 3.58998e+00 1.71209e-01 4.05042e+00 2.42211e-01 3.83765e+00 2.01552e-01 
-2.2 -2.15 -2.1 4.82996e+00 2.08195e-01 3.97417e+00 1.52779e-01 5.22986e+00 2.92852e-01 4.18730e+00 1.64370e-01 4.67725e+00 1.94056e-01 5.28753e+00 2.69686e-01 4.99097e+00 2.25407e-01 
-2.1 -2.05 -2.0 5.52998e+00 2.04940e-01 4.51355e+00 1.52614e-01 5.94299e+00 2.86979e-01 4.80880e+00 1.61841e-01 5.27616e+00 1.94690e-01 6.02908e+00 2.65396e-01 5.57117e+00 2.26053e-01 
-2.0 -1.95 -1.9 6.53788e+00 2.19062e-01 5.40466e+00 1.57360e-01 7.00882e+00 3.18137e-01 5.67646e+00 1.69954e-01 6.34572e+00 2.03379e-01 7.14343e+00 2.91304e-01 6.71073e+00 2.38527e-01 
-1.9 -1.85 -1.8 7.31339e+00 2.27041e-01 6.16578e+00 1.65099e-01 7.56688e+00 3.27846e-01 6.43612e+00 1.77219e-01 7.14996e+00 2.11688e-01 7.78231e+00 2.98239e-01 7.46103e+00 2.45836e-01 
-1.8 -1.75 -1.7 8.40132e+00 2.29700e-01 7.04327e+00 1.67918e-01 8.81750e+00 3.26778e-01 7.35727e+00 1.79617e-01 8.21344e+00 2.15306e-01 9.04964e+00 3.01789e-01 8.58717e+00 2.48058e-01 
-1.7 -1.65 -1.6 8.97141e+00 2.28296e-01 7.58722e+00 1.66211e-01 9.23763e+00 3.26596e-01 7.93315e+00 1.78475e-01 8.76553e+00 2.12994e-01 9.49712e+00 3.00297e-01 9.18831e+00 2.47701e-01 
-1.6 -1.55 -1.5 1.10078e+01 2.50747e-01 9.20802e+00 1.81978e-01 1.17210e+01 3.58256e-01 9.61453e+00 1.95781e-01 1.07307e+01 2.34322e-01 1.19239e+01 3.30060e-01 1.13008e+01 2.71679e-01 
-1.5 -1.45 -1.4 1.17315e+01 2.46705e-01 9.83021e+00 1.79451e-01 1.23986e+01 3.53379e-01 1.02695e+01 1.92109e-01 1.14552e+01 2.30876e-01 1.26555e+01 3.25976e-01 1.20157e+01 2.66717e-01 
-1.4 -1.35 -1.3 1.24155e+01 2.36605e-01 1.04291e+01 1.72498e-01 1.29976e+01 3.40862e-01 1.08605e+01 1.85120e-01 1.21442e+01 2.23096e-01 1.33561e+01 3.12389e-01 1.26582e+01 2.56862e-01 
-1.3 -1.25 -1.2 1.34870e+01 2.44747e-01 1.13451e+01 1.77896e-01 1.42706e+01 3.51331e-01 1.18234e+01 1.90021e-01 1.32134e+01 2.29338e-01 1.45835e+01 3.23725e-01 1.38424e+01 2.64009e-01 
-1.2 -1.15 -1.1 1.38417e+01 2.42557e-01 1.16431e+01 1.75828e-01 1.45464e+01 3.49186e-01 1.21371e+01 1.88169e-01 1.35463e+01 2.26974e-01 1.48921e+01 3.22000e-01 1.41403e+01 2.62220e-01 
-1.1 -1.05 -1.0 1.47925e+01 2.40845e-01 1.24667e+01 1.74820e-01 1.54829e+01 3.47777e-01 1.29843e+01 1.86813e-01 1.44925e+01 2.25694e-01 1.58851e+01 3.20215e-01 1.50908e+01 2.60465e-01 
-1.0 -0.95 -0.9 1.57508e+01 2.45182e-01 1.32836e+01 1.78087e-01 1.64876e+01 3.52449e-01 1.38318e+01 1.90388e-01 1.54336e+01 2.29677e-01 1.69030e+01 3.25366e-01 1.60736e+01 2.63993e-01 
-0.9 -0.85 -0.8 1.63056e+01 2.35722e-01 1.37494e+01 1.72046e-01 1.71423e+01 3.36380e-01 1.43448e+01 1.83412e-01 1.59767e+01 2.21331e-01 1.75033e+01 3.11815e-01 1.66836e+01 2.53556e-01 
-0.8 -0.75 -0.7 1.68473e+01 2.36011e-01 1.41674e+01 1.71823e-01 1.77643e+01 3.38186e-01 1.47648e+01 1.83384e-01 1.64842e+01 2.21500e-01 1.81500e+01 3.12989e-01 1.72231e+01 2.54262e-01 
-0.7 -0.65 -0.6 1.70672e+01 2.35650e-01 1.44647e+01 1.71501e-01 1.76868e+01 3.38470e-01 1.50535e+01 1.83017e-01 1.67319e+01 2.21045e-01 1.81654e+01 3.12956e-01 1.73998e+01 2.53917e-01 
-0.6 -0.55 -0.5 1.77293e+01 2.37813e-01 1.50086e+01 1.73799e-01 1.84411e+01 3.40662e-01 1.56073e+01 1.84871e-01 1.73995e+01 2.24063e-01 1.89430e+01 3.15431e-01 1.80669e+01 2.55957e-01 
-0.5 -0.45 -0.4 1.82160e+01 2.32989e-01 1.53612e+01 1.69632e-01 1.91042e+01 3.34258e-01 1.59945e+01 1.80966e-01 1.78449e+01 2.18727e-01 1.95216e+01 3.12135e-01 1.85959e+01 2.50881e-01 
-0.4 -0.35 -0.3 1.85166e+01 2.33646e-01 1.55471e+01 1.69531e-01 1.96155e+01 3.36406e-01 1.61984e+01 1.80940e-01 1.81181e+01 2.19233e-01 2.00208e+01 3.11320e-01 1.90217e+01 2.50673e-01 
-0.3 -0.25 -0.2 1.88352e+01 2.40609e-01 1.58793e+01 1.74004e-01 1.97763e+01 3.48792e-01 1.65392e+01 1.85908e-01 1.84420e+01 2.25397e-01 2.02213e+01 3.21915e-01 1.92420e+01 2.59675e-01 
-0.2 -0.15 -0.1 1.87149e+01 2.34241e-01 1.57890e+01 1.69573e-01 1.96627e+01 3.37345e-01 1.64622e+01 1.80758e-01 1.83262e+01 2.19546e-01 2.00705e+01 3.12933e-01 1.91432e+01 2.51852e-01 
-0.1 -0.05 0.0 1.94433e+01 2.33537e-01 1.63297e+01 1.70746e-01 2.05910e+01 3.33276e-01 1.70185e+01 1.81899e-01 1.90182e+01 2.19610e-01 2.10005e+01 3.09128e-01 1.98861e+01 2.51007e-01 
0.0 0.05 0.1 1.94726e+01 2.30884e-01 1.63465e+01 1.70276e-01 2.04994e+01 3.32318e-01 1.69745e+01 1.81696e-01 1.90204e+01 2.20022e-01 2.10087e+01 3.04832e-01 1.98524e+01 2.50157e-01 
0.1 0.15 0.2 1.93433e+01 2.38656e-01 1.62200e+01 1.73013e-01 2.05333e+01 3.44466e-01 1.69067e+01 1.84610e-01 1.89147e+01 2.23928e-01 2.09266e+01 3.18489e-01 1.97906e+01 2.57174e-01 
0.2 0.25 0.3 1.88680e+01 2.35226e-01 1.58753e+01 1.70195e-01 1.98963e+01 3.40646e-01 1.65409e+01 1.81789e-01 1.84642e+01 2.20442e-01 2.03204e+01 3.14542e-01 1.92857e+01 2.53768e-01 
0.3 0.35 0.4 1.86142e+01 2.35265e-01 1.56917e+01 1.70927e-01 1.95467e+01 3.38425e-01 1.63345e+01 1.82269e-01 1.82381e+01 2.20945e-01 2.00086e+01 3.13320e-01 1.90001e+01 2.53278e-01 
0.4 0.45 0.5 1.82610e+01 2.32012e-01 1.54006e+01 1.69727e-01 1.91692e+01 3.30842e-01 1.60333e+01 1.80667e-01 1.78828e+01 2.18285e-01 1.96071e+01 3.07046e-01 1.86509e+01 2.49248e-01 
0.5 0.55 0.6 1.79900e+01 2.34614e-01 1.51195e+01 1.70496e-01 1.89460e+01 3.37271e-01 1.57786e+01 1.82141e-01 1.75698e+01 2.19865e-01 1.93552e+01 3.11755e-01 1.83876e+01 2.52906e-01 
0.6 0.65 0.7 1.75588e+01 2.40070e-01 1.47318e+01 1.73416e-01 1.86312e+01 3.47836e-01 1.53577e+01 1.85339e-01 1.72153e+01 2.21683e-01 1.90208e+01 3.18262e-01 1.79633e+01 2.59306e-01 
0.7 0.75 0.8 1.68847e+01 2.38268e-01 1.42275e+01 1.73196e-01 1.77240e+01 3.42760e-01 1.48231e+01 1.84898e-01 1.65298e+01 2.23483e-01 1.81324e+01 3.16643e-01 1.72490e+01 2.56967e-01 
0.8 0.85 0.9 1.62819e+01 2.34315e-01 1.36688e+01 1.69589e-01 1.72666e+01 3.40865e-01 1.42708e+01 1.81917e-01 1.59236e+01 2.18830e-01 1.75838e+01 3.11745e-01 1.66554e+01 2.55731e-01 
0.9 0.95 1.0 1.55534e+01 2.33532e-01 1.30879e+01 1.70270e-01 1.64417e+01 3.33228e-01 1.36454e+01 1.81721e-01 1.52143e+01 2.19118e-01 1.67210e+01 3.09305e-01 1.59543e+01 2.50930e-01 
1.0 1.05 1.1 1.50065e+01 2.37767e-01 1.26217e+01 1.73103e-01 1.57836e+01 3.41279e-01 1.31560e+01 1.84711e-01 1.46927e+01 2.22970e-01 1.61538e+01 3.15478e-01 1.53293e+01 2.56293e-01 
1.1 1.15 1.2 1.45718e+01 2.38340e-01 1.22016e+01 1.73651e-01 1.54784e+01 3.42155e-01 1.27311e+01 1.85337e-01 1.42391e+01 2.23603e-01 1.57818e+01 3.15923e-01 1.49804e+01 2.57175e-01 
1.2 1.25 1.3 1.28991e+01 2.36331e-01 1.09089e+01 1.71997e-01 1.34016e+01 3.40903e-01 1.13592e+01 1.83548e-01 1.26230e+01 2.21894e-01 1.37652e+01 3.13661e-01 1.31620e+01 2.55596e-01 
1.3 1.35 1.4 1.25418e+01 2.39408e-01 1.05104e+01 1.74789e-01 1.33002e+01 3.38446e-01 1.09702e+01 1.86465e-01 1.22579e+01 2.24817e-01 1.35498e+01 3.16296e-01 1.28579e+01 2.56049e-01 
1.4 1.45 1.5 1.15809e+01 2.42460e-01 9.68551e+00 1.77379e-01 1.22287e+01 3.46419e-01 1.01415e+01 1.89110e-01 1.12767e+01 2.27908e-01 1.24789e+01 3.19947e-01 1.18670e+01 2.61551e-01 
1.5 1.55 1.6 1.04513e+01 2.34564e-01 8.72656e+00 1.71271e-01 1.10409e+01 3.32202e-01 9.12173e+00 1.82834e-01 1.01991e+01 2.20079e-01 1.12471e+01 3.08860e-01 1.07266e+01 2.51685e-01 
1.6 1.65 1.7 9.65576e+00 2.39352e-01 8.04962e+00 1.75021e-01 1.02033e+01 3.38351e-01 8.44600e+00 1.87604e-01 9.42372e+00 2.25176e-01 1.04229e+01 3.13310e-01 9.89224e+00 2.57728e-01 
1.7 1.75 1.8 8.46669e+00 2.25247e-01 7.07918e+00 1.65943e-01 9.04091e+00 3.19415e-01 7.41135e+00 1.76714e-01 8.25280e+00 2.12080e-01 9.19325e+00 2.96788e-01 8.70304e+00 2.41807e-01 
1.8 1.85 1.9 7.70880e+00 2.28017e-01 6.33581e+00 1.67846e-01 8.34286e+00 3.22532e-01 6.69357e+00 1.78798e-01 7.41760e+00 2.14791e-01 8.43021e+00 2.98089e-01 7.95647e+00 2.46059e-01 
1.9 1.95 2.0 6.58571e+00 2.21604e-01 5.44366e+00 1.62653e-01 6.95063e+00 3.09487e-01 5.74275e+00 1.73712e-01 6.36229e+00 2.08225e-01 7.14431e+00 2.89823e-01 6.79166e+00 2.39280e-01 
2.0 2.05 2.1 5.10523e+00 2.03350e-01 4.25815e+00 1.48790e-01 5.36767e+00 2.89270e-01 4.46630e+00 1.58892e-01 4.97359e+00 1.91015e-01 5.50494e+00 2.66895e-01 5.23374e+00 2.19700e-01 
2.1 2.15 2.2 4.88621e+00 2.26676e-01 4.02287e+00 1.68566e-01 5.15089e+00 2.94166e-01 4.23979e+00 1.79621e-01 4.73257e+00 2.14165e-01 5.23893e+00 2.75099e-01 4.94745e+00 2.30073e-01 
2.2 2.25 2.3 3.82176e+00 1.98706e-01 3.13481e+00 1.47196e-01 4.11932e+00 2.77413e-01 3.29917e+00 1.57071e-01 3.69210e+00 1.87491e-01 4.19160e+00 2.57459e-01 3.93771e+00 2.13692e-01 
2.3 2.35 2.4 3.09096e+00 1.91102e-01 2.51976e+00 1.41415e-01 3.28411e+00 2.54184e-01 2.67031e+00 1.51821e-01 2.97457e+00 1.78955e-01 3.32282e+00 2.36050e-01 3.12517e+00 1.96682e-01 
2.4 2.45 2.5 2.11875e+00 1.52356e-01 1.73540e+00 1.11434e-01 2.30382e+00 2.15586e-01 1.84069e+00 1.19916e-01 2.04055e+00 1.42192e-01 2.30870e+00 1.97763e-01 2.22781e+00 1.65828e-01 
2.5 2.55 2.6 1.71716e+00 1.38864e-01 1.42793e+00 1.08191e-01 1.90444e+00 1.96027e-01 1.52081e+00 1.16331e-01 1.69864e+00 1.38943e-01 1.90481e+00 1.80239e-01 1.79354e+00 1.50721e-01 
2.6 2.65 2.7 1.26680e+00 1.23795e-01 1.00974e+00 9.10698e-02 1.38691e+00 1.73682e-01 1.07461e+00 9.73996e-02 1.21434e+00 1.16483e-01 1.44049e+00 1.60840e-01 1.28760e+00 1.33565e-01 
2.7 2.75 2.8 8.80599e-01 9.58076e-02 7.01566e-01 7.19250e-02 1.00341e+00 1.29263e-01 7.46440e-01 7.67425e-02 8.47298e-01 9.07739e-02 9.93446e-01 1.21409e-01 9.17372e-01 1.02587e-01 
2.8 2.85 2.9 4.78299e-01 6.91714e-02 3.94847e-01 5.15395e-02 5.82510e-01 9.72315e-02 4.05042e-01 5.49609e-02 4.80254e-01 6.54062e-02 5.70436e-01 9.28830e-02 5.07547e-01 7.41753e-02 
2.9 2.95 3.0 2.73708e-01 4.59916e-02 2.11012e-01 3.32447e-02 3.69556e-01 6.70003e-02 2.32608e-01 3.60169e-02 2.56851e-01 4.25870e-02 3.36832e-01 6.27219e-02 3.24273e-01 5.31152e-02 
3.0 3.05 3.1 1.09443e-01 2.61502e-02 8.43341e-02 1.85515e-02 1.14662e-01 3.83853e-02 9.44440e-02 2.05435e-02 9.91486e-02 2.36496e-02 1.20560e-01 3.40991e-02 1.11576e-01 2.92420e-02 
3.1 3.15 3.2 1.35387e-03 7.11548e-03 3.41503e-03 4.48098e-03 -6.05953e-03 1.23646e-02 4.59158e-03 5.27796e-03 5.33473e-04 6.04907e-03 -7.65729e-03 1.00974e-02 2.83920e-03 8.80333e-03 
3.2 3.25 3.3 5.07811e-03 5.60222e-03 1.83507e-03 3.17419e-03 -8.66857e-04 8.14604e-03 3.59744e-03 4.02737e-03 1.25356e-03 4.15129e-03 9.68603e-05 7.03837e-03 5.22947e-03 6.36175e-03 
3.3 3.35 3.4 -7.18480e-03 1.41417e-03 -3.29336e-03 7.76936e-04 -1.41618e-02 2.68195e-03 -4.78035e-03 9.47480e-04 -4.95268e-03 1.15937e-03 -1.12117e-02 2.18901e-03 -9.07169e-03 1.73243e-03 
3.4 3.45 3.5 -2.69846e-03 6.07266e-04 -1.37787e-03 2.72046e-04 -5.18899e-03 1.14401e-03 -1.80108e-03 4.06842e-04 -2.06363e-03 4.06326e-04 -4.19553e-03 9.40002e-04 -3.33782e-03 7.39124e-04 
