-3.5 -3.45 -3.4 3.00513e-02 9.28103e-03 2.48663e-02 6.02176e-03 7.92940e-03 1.13089e-02 2.51373e-02 6.65828e-03 2.65980e-02 7.62459e-03 2.57506e-02 1.14866e-02 2.83289e-02 1.03950e-02 
-3.4 -3.35 -3.3 1.07212e-01 2.28185e-02 1.03004e-01 1.70131e-02 4.69185e-02 2.78528e-02 1.04662e-01 1.85310e-02 1.14256e-01 2.14913e-02 8.43379e-02 2.77221e-02 9.62509e-02 2.41183e-02 
-3.3 -3.25 -3.2 2.30242e-01 5.08596e-02 2.31299e-01 3.82547e-02 8.27064e-02 6.24437e-02 2.27597e-01 4.10682e-02 2.55294e-01 4.85250e-02 1.76452e-01 6.22995e-02 1.97509e-01 5.33747e-02 
-3.2 -3.15 -3.1 3.91457e-01 6.65505e-02 4.00996e-01 5.01505e-02 1.02206e-01 8.29928e-02 3.98683e-01 5.42271e-02 4.32008e-01 6.29470e-02 2.78647e-01 8.08272e-02 3.27454e-01 7.12605e-02 
-3.1 -3.05 -3.0 6.69965e-01 8.86363e-02 6.96375e-01 6.73881e-02 1.60820e-01 1.11262e-01 6.86805e-01 7.15975e-02 7.40883e-01 8.51014e-02 4.55658e-01 1.09229e-01 5.58393e-01 9.29474e-02 
-3.0 -2.95 -2.9 8.30799e-01 1.22482e-01 9.61731e-01 9.36046e-02 -9.22240e-02 1.52983e-01 9.26338e-01 9.89024e-02 9.67142e-01 1.18243e-01 3.80905e-01 1.51413e-01 6.30826e-01 1.27400e-01 
-2.9 -2.85 -2.8 1.20430e+00 1.47283e-01 1.39001e+00 1.09345e-01 -8.97330e-02 1.99079e-01 1.33928e+00 1.16443e-01 1.39279e+00 1.39934e-01 5.62197e-01 1.88654e-01 9.35667e-01 1.56924e-01 
-2.8 -2.75 -2.7 2.04258e+00 1.92573e-01 2.28103e+00 1.45772e-01 2.32329e-01 2.53454e-01 2.21820e+00 1.54136e-01 2.30442e+00 1.84254e-01 1.08691e+00 2.41838e-01 1.71253e+00 2.03891e-01 
-2.7 -2.65 -2.6 2.09520e+00 2.11608e-01 2.57696e+00 1.58967e-01 -5.03054e-01 2.82914e-01 2.44794e+00 1.67255e-01 2.48598e+00 2.03282e-01 7.41630e-01 2.72046e-01 1.58909e+00 2.22789e-01 
-2.6 -2.55 -2.5 3.42469e+00 2.59845e-01 3.86665e+00 1.97566e-01 3.88665e-01 3.39902e-01 3.74596e+00 2.07219e-01 3.88507e+00 2.49746e-01 1.76496e+00 3.28305e-01 2.87679e+00 2.71974e-01 
-2.5 -2.45 -2.4 3.78225e+00 2.81045e-01 4.57165e+00 2.14337e-01 -3.81263e-01 3.70749e-01 4.37078e+00 2.24040e-01 4.40215e+00 2.71853e-01 1.38239e+00 3.56450e-01 2.99840e+00 2.93894e-01 
-2.4 -2.35 -2.3 4.48806e+00 3.29265e-01 5.56545e+00 2.51757e-01 -8.86504e-01 4.33888e-01 5.28605e+00 2.61676e-01 5.28397e+00 3.19879e-01 1.40076e+00 4.19334e-01 3.49159e+00 3.42834e-01 
-2.3 -2.25 -2.2 6.58550e+00 3.73079e-01 7.67527e+00 2.86679e-01 2.96008e-01 4.88249e-01 7.37109e+00 2.98582e-01 7.51013e+00 3.61311e-01 3.00155e+00 4.70213e-01 5.43062e+00 3.89250e-01 
-2.2 -2.15 -2.1 7.71381e+00 4.12525e-01 9.05940e+00 3.17928e-01 2.49679e-01 5.33854e-01 8.70444e+00 3.30441e-01 8.79378e+00 4.01149e-01 3.35133e+00 5.18438e-01 6.39770e+00 4.28588e-01 
-2.1 -2.05 -2.0 9.16494e+00 4.61575e-01 1.08365e+01 3.56900e-01 2.24675e-01 5.96093e-01 1.03990e+01 3.69724e-01 1.03922e+01 4.51090e-01 3.85375e+00 5.80202e-01 7.61444e+00 4.78235e-01 
-2.0 -1.95 -1.9 1.01518e+01 5.00202e-01 1.21869e+01 3.85810e-01 -2.90362e-02 6.63739e-01 1.16771e+01 3.99274e-01 1.16176e+01 4.87681e-01 3.89331e+00 6.34646e-01 8.48224e+00 5.23306e-01 
-1.9 -1.85 -1.8 1.15256e+01 5.29637e-01 1.40525e+01 4.09172e-01 -7.24164e-01 6.92919e-01 1.34618e+01 4.22975e-01 1.32146e+01 5.17144e-01 3.98717e+00 6.75988e-01 9.50725e+00 5.50090e-01 
-1.8 -1.75 -1.7 1.36626e+01 5.85528e-01 1.63057e+01 4.51605e-01 3.61972e-01 7.67712e-01 1.56730e+01 4.67458e-01 1.55045e+01 5.70206e-01 5.35272e+00 7.41759e-01 1.15292e+01 6.08363e-01 
-1.7 -1.65 -1.6 1.48379e+01 6.14211e-01 1.79987e+01 4.74656e-01 -2.81088e-01 8.04015e-01 1.72439e+01 4.91890e-01 1.69500e+01 5.97354e-01 5.29515e+00 7.74918e-01 1.24310e+01 6.39457e-01 
-1.6 -1.55 -1.5 1.53708e+01 6.36849e-01 1.90440e+01 4.88071e-01 -1.35590e+00 8.45903e-01 1.82387e+01 5.05577e-01 1.76232e+01 6.19074e-01 4.58444e+00 8.15290e-01 1.27987e+01 6.62644e-01 
-1.5 -1.45 -1.4 1.75298e+01 6.59988e-01 2.14588e+01 5.12118e-01 -5.40758e-01 8.55870e-01 2.05938e+01 5.29539e-01 1.99670e+01 6.43472e-01 5.73988e+00 8.34465e-01 1.47683e+01 6.84275e-01 
-1.4 -1.35 -1.3 1.98289e+01 7.04374e-01 2.39276e+01 5.47965e-01 1.44979e-01 9.17918e-01 2.30354e+01 5.63995e-01 2.23965e+01 6.91120e-01 7.14330e+00 8.88961e-01 1.67926e+01 7.30437e-01 
-1.3 -1.25 -1.2 2.16790e+01 7.26779e-01 2.59731e+01 5.62638e-01 1.03090e+00 9.48655e-01 2.50065e+01 5.81377e-01 2.44363e+01 7.08765e-01 8.66600e+00 9.16199e-01 1.85919e+01 7.53110e-01 
-1.2 -1.15 -1.1 2.31313e+01 7.43620e-01 2.79710e+01 5.79706e-01 4.80837e-01 9.57740e-01 2.68721e+01 5.97044e-01 2.61806e+01 7.28182e-01 8.11026e+00 9.43681e-01 1.97310e+01 7.67048e-01 
-1.1 -1.05 -1.0 2.34013e+01 8.17235e-01 2.88052e+01 6.27062e-01 -9.01417e-01 1.08349e+00 2.76504e+01 6.50374e-01 2.65261e+01 7.91324e-01 7.21556e+00 1.03986e+00 1.98866e+01 8.53519e-01 
-1.0 -0.95 -0.9 2.43660e+01 7.93706e-01 3.00666e+01 6.13284e-01 -8.97254e-01 1.03796e+00 2.88622e+01 6.33482e-01 2.76724e+01 7.73632e-01 7.46887e+00 1.00888e+00 2.07177e+01 8.23014e-01 
-0.9 -0.85 -0.8 2.73547e+01 8.49634e-01 3.31659e+01 6.53756e-01 7.43570e-01 1.12497e+00 3.18994e+01 6.75598e-01 3.08681e+01 8.27318e-01 9.66753e+00 1.08622e+00 2.35267e+01 8.81753e-01 
-0.8 -0.75 -0.7 2.94706e+01 8.51187e-01 3.52197e+01 6.58679e-01 2.24250e+00 1.11615e+00 3.39545e+01 6.79911e-01 3.30438e+01 8.30158e-01 1.13607e+01 1.08048e+00 2.55618e+01 8.81851e-01 
-0.7 -0.65 -0.6 2.93083e+01 8.92741e-01 3.58003e+01 6.95585e-01 1.33294e-01 1.15304e+00 3.43864e+01 7.15027e-01 3.31543e+01 8.75788e-01 9.80100e+00 1.12675e+00 2.51022e+01 9.18758e-01 
-0.6 -0.55 -0.5 3.12730e+01 8.80540e-01 3.77081e+01 6.83330e-01 1.73808e+00 1.14999e+00 3.62679e+01 7.03991e-01 3.51932e+01 8.60700e-01 1.15501e+01 1.11679e+00 2.70616e+01 9.10631e-01 
-0.5 -0.45 -0.4 3.19372e+01 9.03307e-01 3.86048e+01 6.98939e-01 1.83594e+00 1.18201e+00 3.71128e+01 7.16691e-01 3.61202e+01 8.84750e-01 1.21059e+01 1.15889e+00 2.76276e+01 9.30869e-01 
-0.4 -0.35 -0.3 3.20868e+01 9.01385e-01 3.89062e+01 6.98112e-01 1.18230e+00 1.18223e+00 3.74014e+01 7.18935e-01 3.61695e+01 8.81276e-01 1.13496e+01 1.14798e+00 2.76853e+01 9.33991e-01 
-0.3 -0.25 -0.2 3.33166e+01 8.78880e-01 3.99099e+01 6.88546e-01 2.60534e+00 1.12661e+00 3.84686e+01 7.08320e-01 3.73256e+01 8.61173e-01 1.26838e+01 1.09897e+00 2.89747e+01 9.05775e-01 
-0.2 -0.15 -0.1 3.29035e+01 9.12275e-01 3.99444e+01 7.08184e-01 9.66164e-01 1.19435e+00 3.84489e+01 7.29478e-01 3.70097e+01 8.91914e-01 1.10131e+01 1.16553e+00 2.84689e+01 9.42158e-01 
-0.1 -0.05 0.0 3.28317e+01 9.14437e-01 3.97615e+01 7.08155e-01 1.19629e+00 1.19913e+00 3.82306e+01 7.29326e-01 3.69843e+01 8.94258e-01 1.17278e+01 1.16418e+00 2.83297e+01 9.44235e-01 
0.0 0.05 0.1 3.54633e+01 9.33683e-01 4.19352e+01 7.23805e-01 4.66487e+00 1.21452e+00 4.04898e+01 7.45050e-01 3.95393e+01 9.13420e-01 1.46010e+01 1.18673e+00 3.10622e+01 9.63526e-01 
0.1 0.15 0.2 3.39767e+01 9.09998e-01 4.04697e+01 7.14464e-01 2.82601e+00 1.17515e+00 3.91874e+01 7.29995e-01 3.77636e+01 9.00626e-01 1.28473e+01 1.15677e+00 2.93484e+01 9.46181e-01 
0.2 0.25 0.3 3.13971e+01 9.02258e-01 3.88036e+01 6.96519e-01 -6.02136e-01 1.18251e+00 3.71503e+01 7.19228e-01 3.57267e+01 8.78872e-01 9.77344e+00 1.14997e+00 2.68654e+01 9.31561e-01 
0.3 0.35 0.4 3.39434e+01 8.95696e-01 4.01930e+01 6.96172e-01 4.43907e+00 1.14429e+00 3.88522e+01 7.17451e-01 3.78601e+01 8.77541e-01 1.37401e+01 1.13120e+00 3.00973e+01 9.15582e-01 
0.4 0.45 0.5 3.01548e+01 8.98170e-01 3.71801e+01 6.97211e-01 -6.75853e-01 1.16920e+00 3.57132e+01 7.17893e-01 3.41438e+01 8.78931e-01 9.29262e+00 1.13877e+00 2.58212e+01 9.26630e-01 
0.5 0.55 0.6 2.94716e+01 8.76247e-01 3.62126e+01 6.76624e-01 -3.57974e-01 1.15332e+00 3.47663e+01 6.97826e-01 3.33768e+01 8.55178e-01 9.41636e+00 1.11808e+00 2.52018e+01 9.06584e-01 
0.6 0.65 0.7 3.05969e+01 8.62580e-01 3.66611e+01 6.70609e-01 2.19972e+00 1.11452e+00 3.53548e+01 6.93260e-01 3.42911e+01 8.39882e-01 1.15552e+01 1.08377e+00 2.66028e+01 8.91675e-01 
0.7 0.75 0.8 2.84351e+01 8.60540e-01 3.45558e+01 6.66761e-01 5.43851e-01 1.12526e+00 3.32119e+01 6.86376e-01 3.21208e+01 8.42195e-01 9.86046e+00 1.09473e+00 2.43929e+01 8.87927e-01 
0.8 0.85 0.9 2.58537e+01 8.11433e-01 3.17667e+01 6.28665e-01 -8.03660e-01 1.05560e+00 3.03899e+01 6.47658e-01 2.93314e+01 7.92434e-01 8.00878e+00 1.02591e+00 2.18621e+01 8.37209e-01 
0.9 0.95 1.0 2.42414e+01 8.08949e-01 3.00951e+01 6.25093e-01 -1.56692e+00 1.06333e+00 2.88397e+01 6.43873e-01 2.76343e+01 7.91657e-01 7.10635e+00 1.03194e+00 2.04274e+01 8.36844e-01 
1.0 1.05 1.1 2.32259e+01 7.69559e-01 2.87677e+01 5.97597e-01 -1.06360e+00 9.95996e-01 2.75743e+01 6.16490e-01 2.64797e+01 7.51737e-01 6.96988e+00 9.72161e-01 1.98747e+01 7.90549e-01 
1.1 1.15 1.2 2.37151e+01 7.56188e-01 2.83724e+01 5.88707e-01 1.31143e+00 9.75941e-01 2.72823e+01 6.05649e-01 2.67515e+01 7.41264e-01 9.20398e+00 9.53656e-01 2.02811e+01 7.78454e-01 
1.2 1.25 1.3 2.05961e+01 7.26987e-01 2.52646e+01 5.61728e-01 -1.03195e+00 9.62849e-01 2.42178e+01 5.80772e-01 2.34672e+01 7.08279e-01 6.71485e+00 9.22266e-01 1.71591e+01 7.58772e-01 
1.3 1.35 1.4 1.92392e+01 6.89701e-01 2.35192e+01 5.31511e-01 -3.62395e-01 9.03598e-01 2.25254e+01 5.50661e-01 2.19538e+01 6.69840e-01 6.47749e+00 8.68330e-01 1.62803e+01 7.14875e-01 
1.4 1.45 1.5 1.71416e+01 6.69556e-01 2.11178e+01 5.18195e-01 -1.17164e+00 8.74903e-01 2.02899e+01 5.34719e-01 1.95128e+01 6.54146e-01 5.10850e+00 8.50577e-01 1.43633e+01 6.93389e-01 
1.5 1.55 1.6 1.67674e+01 6.43449e-01 2.00588e+01 5.00332e-01 5.58005e-01 8.29388e-01 1.92570e+01 5.17381e-01 1.89952e+01 6.29198e-01 6.49337e+00 8.08533e-01 1.41912e+01 6.67647e-01 
1.6 1.65 1.7 1.38342e+01 5.78954e-01 1.70419e+01 4.44606e-01 -1.06464e+00 7.65181e-01 1.62954e+01 4.60474e-01 1.58998e+01 5.63180e-01 4.40380e+00 7.38166e-01 1.14540e+01 6.02148e-01 
1.7 1.75 1.8 1.26791e+01 5.65822e-01 1.54618e+01 4.38191e-01 -6.19254e-01 7.31638e-01 1.48245e+01 4.54962e-01 1.45039e+01 5.50104e-01 4.30220e+00 7.08450e-01 1.05835e+01 5.91742e-01 
1.8 1.85 1.9 1.14819e+01 5.31873e-01 1.39244e+01 4.10783e-01 -3.65745e-01 6.90045e-01 1.33552e+01 4.26968e-01 1.31518e+01 5.17131e-01 4.08426e+00 6.69948e-01 9.41950e+00 5.55888e-01 
1.9 1.95 2.0 9.35911e+00 4.79480e-01 1.15894e+01 3.66670e-01 -1.17149e+00 6.36441e-01 1.10653e+01 3.81503e-01 1.08358e+01 4.64388e-01 2.85290e+00 6.10836e-01 7.61356e+00 5.01357e-01 
2.0 2.05 2.1 8.91571e+00 4.70299e-01 1.07055e+01 3.63241e-01 -2.37631e-01 6.11219e-01 1.02565e+01 3.75736e-01 1.02234e+01 4.59031e-01 3.40298e+00 5.93710e-01 7.35310e+00 4.87378e-01 
2.1 2.15 2.2 7.07213e+00 4.10649e-01 8.57862e+00 3.18851e-01 -5.77535e-01 5.22463e-01 8.24291e+00 3.29822e-01 8.16748e+00 4.03778e-01 2.48887e+00 5.15335e-01 5.77198e+00 4.22474e-01 
2.2 2.25 2.3 5.67258e+00 3.54500e-01 6.92694e+00 2.72586e-01 -6.96917e-01 4.61427e-01 6.61714e+00 2.83697e-01 6.58694e+00 3.44089e-01 1.93257e+00 4.46175e-01 4.54274e+00 3.69439e-01 
2.3 2.35 2.4 4.49000e+00 3.29465e-01 5.51691e+00 2.51489e-01 -7.53403e-01 4.32467e-01 5.28254e+00 2.63033e-01 5.22018e+00 3.18132e-01 1.41161e+00 4.15661e-01 3.57499e+00 3.45365e-01 
2.4 2.45 2.5 4.36181e+00 3.08342e-01 5.01725e+00 2.35045e-01 3.26028e-01 4.01502e-01 4.83163e+00 2.47308e-01 4.97358e+00 2.95990e-01 2.10420e+00 3.85701e-01 3.64046e+00 3.24322e-01 
2.5 2.55 2.6 3.48302e+00 2.66034e-01 3.92836e+00 2.06662e-01 2.77809e-01 3.35840e-01 3.81749e+00 2.14652e-01 3.91722e+00 2.59898e-01 1.77682e+00 3.28865e-01 2.86517e+00 2.75888e-01 
2.6 2.65 2.7 2.49147e+00 2.16836e-01 2.88378e+00 1.67382e-01 -5.15998e-02 2.74364e-01 2.77399e+00 1.75415e-01 2.86702e+00 2.09870e-01 1.16213e+00 2.67221e-01 1.98596e+00 2.26273e-01 
2.7 2.75 2.8 1.48286e+00 1.64102e-01 1.81735e+00 1.25680e-01 -4.30886e-01 2.10392e-01 1.73523e+00 1.31908e-01 1.78297e+00 1.58011e-01 3.85920e-01 2.02337e-01 1.04349e+00 1.70179e-01 
2.8 2.85 2.9 1.09950e+00 1.33659e-01 1.29333e+00 1.03084e-01 -1.98356e-01 1.67765e-01 1.24230e+00 1.08153e-01 1.28307e+00 1.29729e-01 4.64935e-01 1.64606e-01 8.16775e-01 1.39270e-01 
2.9 2.95 3.0 7.73822e-01 1.22851e-01 9.13371e-01 9.35611e-02 -1.44106e-01 1.56104e-01 8.68836e-01 9.84285e-02 9.18951e-01 1.18882e-01 3.48128e-01 1.53829e-01 5.63570e-01 1.27814e-01 
3.0 3.05 3.1 6.23565e-01 8.95398e-02 6.76821e-01 6.84546e-02 6.22104e-02 1.11294e-01 6.53748e-01 7.25258e-02 7.02274e-01 8.62563e-02 3.87333e-01 1.09729e-01 4.90859e-01 9.34708e-02 
3.1 3.15 3.2 2.96254e-01 6.43030e-02 3.32271e-01 4.83792e-02 -8.94110e-02 7.58393e-02 3.18345e-01 5.16832e-02 3.44436e-01 6.15447e-02 1.21194e-01 7.55223e-02 2.05746e-01 6.70590e-02 
3.2 3.25 3.3 2.50447e-01 4.81466e-02 2.46071e-01 3.68996e-02 9.27940e-02 5.68096e-02 2.45103e-01 3.90341e-02 2.72571e-01 4.67182e-02 1.98236e-01 5.86230e-02 2.12252e-01 4.92096e-02 
3.3 3.35 3.4 1.16659e-01 2.63229e-02 9.20245e-02 1.79329e-02 3.78491e-02 2.99732e-02 1.11332e-01 2.15664e-02 9.86650e-02 2.23556e-02 9.68462e-02 3.14829e-02 9.32657e-02 2.67524e-02 
3.4 3.45 3.5 5.29751e-02 1.37938e-02 5.01332e-02 1.02653e-02 1.55786e-02 1.51944e-02 5.02596e-02 1.11541e-02 5.73976e-02 1.30761e-02 3.94197e-02 1.56241e-02 3.95292e-02 1.33976e-02 
