-3.5 -3.45 -3.4 1.81312e+02 4.69588e+00 1.43181e+02 3.15811e+00 2.16338e+02 7.45659e+00 1.46220e+02 3.32752e+00 1.78521e+02 4.45236e+00 2.15747e+02 6.91246e+00 1.84755e+02 5.03610e+00 
-3.4 -3.35 -3.3 2.13315e+02 4.83341e+00 1.66779e+02 3.16771e+00 2.56441e+02 7.38069e+00 1.71264e+02 3.40333e+00 2.11551e+02 4.45302e+00 2.57516e+02 7.08954e+00 2.16419e+02 4.94650e+00 
-3.3 -3.25 -3.2 2.38035e+02 4.89831e+00 1.87109e+02 3.30759e+00 2.85863e+02 7.75400e+00 1.90814e+02 3.53381e+00 2.35334e+02 4.66844e+00 2.84106e+02 7.45109e+00 2.41888e+02 5.29752e+00 
-3.2 -3.15 -3.1 2.59300e+02 4.95036e+00 2.04390e+02 3.38002e+00 3.07516e+02 7.73556e+00 2.08378e+02 3.49347e+00 2.56990e+02 4.80788e+00 3.11392e+02 7.33847e+00 2.61364e+02 5.21367e+00 
-3.1 -3.05 -3.0 2.87731e+02 4.98962e+00 2.26440e+02 3.34961e+00 3.40663e+02 8.14978e+00 2.30989e+02 3.62980e+00 2.84741e+02 4.68234e+00 3.44891e+02 7.30031e+00 2.92015e+02 5.17594e+00 
-3.0 -2.95 -2.9 3.32169e+02 5.26748e+00 2.58541e+02 3.54496e+00 4.06244e+02 8.31731e+00 2.64736e+02 3.72115e+00 3.26844e+02 5.02893e+00 4.04980e+02 7.86056e+00 3.38149e+02 5.59775e+00 
-2.9 -2.85 -2.8 3.38646e+02 5.27987e+00 2.67688e+02 3.59039e+00 4.04885e+02 8.39505e+00 2.73586e+02 3.69008e+00 3.35342e+02 5.08915e+00 4.05322e+02 7.94094e+00 3.45463e+02 5.43197e+00 
-2.8 -2.75 -2.7 3.91028e+02 5.46537e+00 3.04735e+02 3.62698e+00 4.72384e+02 7.92929e+00 3.12114e+02 3.84831e+00 3.86240e+02 5.23308e+00 4.76149e+02 8.13050e+00 3.94726e+02 5.42368e+00 
-2.7 -2.65 -2.6 4.03679e+02 5.42712e+00 3.17711e+02 3.62490e+00 4.85791e+02 8.54251e+00 3.24020e+02 3.82307e+00 3.99036e+02 4.94431e+00 4.86828e+02 8.07069e+00 4.10394e+02 5.60843e+00 
-2.6 -2.55 -2.5 4.30782e+02 5.64454e+00 3.39509e+02 3.64972e+00 5.14505e+02 8.77645e+00 3.46184e+02 3.94371e+00 4.26153e+02 5.35533e+00 5.17783e+02 8.44171e+00 4.36699e+02 5.61851e+00 
-2.5 -2.45 -2.4 4.65794e+02 5.59773e+00 3.65648e+02 3.65794e+00 5.61955e+02 8.78747e+00 3.73468e+02 3.93904e+00 4.61618e+02 5.32025e+00 5.62754e+02 8.01006e+00 4.71901e+02 5.88983e+00 
-2.4 -2.35 -2.3 4.84735e+02 5.42214e+00 3.81366e+02 3.77627e+00 5.77317e+02 8.81341e+00 3.90052e+02 3.84747e+00 4.78231e+02 5.44892e+00 5.78791e+02 8.46504e+00 4.88379e+02 5.84933e+00 
-2.3 -2.25 -2.2 5.23083e+02 5.73677e+00 4.12243e+02 3.84978e+00 6.26489e+02 8.88794e+00 4.18859e+02 4.04298e+00 5.19740e+02 5.43806e+00 6.30335e+02 8.56800e+00 5.28138e+02 5.95572e+00 
-2.2 -2.15 -2.1 5.48811e+02 5.84929e+00 4.33189e+02 3.94806e+00 6.59279e+02 9.18001e+00 4.41362e+02 4.10285e+00 5.43414e+02 5.62817e+00 6.60555e+02 8.75358e+00 5.54347e+02 6.06985e+00 
-2.1 -2.05 -2.0 5.76293e+02 5.80427e+00 4.54985e+02 3.94159e+00 6.88957e+02 8.35263e+00 4.63620e+02 4.08737e+00 5.70404e+02 5.59265e+00 6.93189e+02 8.03291e+00 5.81485e+02 5.70703e+00 
-2.0 -1.95 -1.9 6.05242e+02 5.83671e+00 4.79544e+02 3.83179e+00 7.27200e+02 8.77275e+00 4.88376e+02 3.96583e+00 5.99420e+02 5.63697e+00 7.28836e+02 8.72973e+00 6.12460e+02 5.91020e+00 
-1.9 -1.85 -1.8 6.37410e+02 5.85101e+00 5.02759e+02 3.97033e+00 7.67815e+02 9.10429e+00 5.11855e+02 4.11429e+00 6.31410e+02 5.64490e+00 7.69798e+02 8.73187e+00 6.44664e+02 6.09322e+00 
-1.8 -1.75 -1.7 6.66207e+02 5.93308e+00 5.25932e+02 4.03615e+00 7.98668e+02 9.14302e+00 5.35014e+02 4.11053e+00 6.60336e+02 5.39577e+00 8.04476e+02 8.86472e+00 6.72812e+02 6.12221e+00 
-1.7 -1.65 -1.6 6.84642e+02 5.90656e+00 5.41772e+02 4.03577e+00 8.21620e+02 9.19135e+00 5.50719e+02 4.15744e+00 6.79415e+02 5.73815e+00 8.25568e+02 8.84207e+00 6.91645e+02 6.15534e+00 
-1.6 -1.55 -1.5 7.11427e+02 6.05770e+00 5.62070e+02 4.15456e+00 8.52772e+02 9.28992e+00 5.72132e+02 4.26127e+00 7.05403e+02 5.89996e+00 8.59869e+02 8.77361e+00 7.17678e+02 6.22733e+00 
-1.5 -1.45 -1.4 7.51959e+02 6.00849e+00 5.91978e+02 4.08250e+00 9.07257e+02 9.45948e+00 6.02711e+02 4.19069e+00 7.43956e+02 5.77599e+00 9.12444e+02 9.06143e+00 7.58938e+02 6.32162e+00 
-1.4 -1.35 -1.3 7.66042e+02 6.19653e+00 6.05895e+02 4.20945e+00 9.17795e+02 9.75929e+00 6.17650e+02 4.30356e+00 7.59384e+02 5.97774e+00 9.23259e+02 9.26165e+00 7.72195e+02 6.49215e+00 
-1.3 -1.25 -1.2 7.81651e+02 5.82846e+00 6.17870e+02 4.01365e+00 9.41626e+02 8.91438e+00 6.27776e+02 4.12871e+00 7.75624e+02 5.66655e+00 9.44768e+02 8.61685e+00 7.89187e+02 6.02200e+00 
-1.2 -1.15 -1.1 8.14769e+02 5.74270e+00 6.44633e+02 3.99418e+00 9.82139e+02 8.68784e+00 6.54087e+02 4.09257e+00 8.08580e+02 5.59018e+00 9.85717e+02 8.41907e+00 8.18689e+02 6.16329e+00 
-1.1 -1.05 -1.0 8.24142e+02 6.01995e+00 6.52247e+02 4.10957e+00 9.87265e+02 9.43538e+00 6.62203e+02 4.33274e+00 8.17772e+02 5.78222e+00 9.93692e+02 8.72397e+00 8.29684e+02 6.34118e+00 
-1.0 -0.95 -0.9 8.37875e+02 6.27561e+00 6.61190e+02 4.02114e+00 1.00176e+03 9.30644e+00 6.72466e+02 4.39365e+00 8.29543e+02 5.62801e+00 1.01538e+03 9.36565e+00 8.44174e+02 6.38404e+00 
-0.9 -0.85 -0.8 8.66385e+02 6.25337e+00 6.85760e+02 4.27484e+00 1.05308e+03 9.07754e+00 6.97371e+02 4.16032e+00 8.60781e+02 6.15508e+00 1.04884e+03 9.37643e+00 8.74801e+02 6.52139e+00 
-0.8 -0.75 -0.7 8.76683e+02 6.19171e+00 6.92217e+02 4.11592e+00 1.05383e+03 8.72442e+00 7.03546e+02 4.35135e+00 8.69124e+02 5.79998e+00 1.06176e+03 9.25905e+00 8.85602e+02 6.39933e+00 
-0.7 -0.65 -0.6 8.98985e+02 6.16422e+00 7.10785e+02 4.25429e+00 1.08564e+03 9.41086e+00 7.20890e+02 4.34718e+00 8.93457e+02 6.03470e+00 1.09032e+03 9.17701e+00 9.06191e+02 6.31758e+00 
-0.6 -0.55 -0.5 8.88615e+02 6.12332e+00 7.02616e+02 4.27489e+00 1.06198e+03 9.59290e+00 7.15008e+02 4.30520e+00 8.79461e+02 6.10862e+00 1.06582e+03 9.38384e+00 8.92888e+02 6.42471e+00 
-0.5 -0.45 -0.4 9.06067e+02 5.92063e+00 7.17873e+02 4.15857e+00 1.09326e+03 8.73961e+00 7.29349e+02 4.35984e+00 8.99931e+02 5.66785e+00 1.10033e+03 9.23504e+00 9.14523e+02 5.95870e+00 
-0.4 -0.35 -0.3 9.10888e+02 6.15333e+00 7.21540e+02 4.29173e+00 1.09723e+03 9.42308e+00 7.31821e+02 4.33240e+00 9.05302e+02 6.11976e+00 1.10123e+03 9.18039e+00 9.18694e+02 6.31234e+00 
-0.3 -0.25 -0.2 9.35033e+02 5.86045e+00 7.37989e+02 4.10714e+00 1.13539e+03 8.99850e+00 7.49238e+02 4.37775e+00 9.28424e+02 5.74206e+00 1.13654e+03 8.55045e+00 9.44026e+02 6.11679e+00 
-0.2 -0.15 -0.1 9.06274e+02 6.07095e+00 7.22747e+02 4.11063e+00 1.08664e+03 9.42690e+00 7.30203e+02 4.28941e+00 9.05157e+02 5.78056e+00 1.09017e+03 9.01661e+00 9.14236e+02 6.31035e+00 
-0.1 -0.05 0.0 9.32401e+02 5.79328e+00 7.37482e+02 4.19896e+00 1.12575e+03 9.45750e+00 7.48437e+02 4.14146e+00 9.25417e+02 5.93678e+00 1.12856e+03 8.45960e+00 9.40961e+02 6.33339e+00 
0.0 0.05 0.1 9.30760e+02 6.23409e+00 7.36960e+02 4.29700e+00 1.12309e+03 9.55050e+00 7.47031e+02 4.38091e+00 9.25544e+02 6.11939e+00 1.12729e+03 9.32973e+00 9.38288e+02 6.37762e+00 
0.1 0.15 0.2 9.32360e+02 6.12242e+00 7.37363e+02 4.24928e+00 1.12558e+03 8.72754e+00 7.49001e+02 4.32653e+00 9.26264e+02 6.00717e+00 1.13021e+03 9.08254e+00 9.39743e+02 5.96872e+00 
0.2 0.25 0.3 9.24610e+02 5.93534e+00 7.32296e+02 4.14303e+00 1.11195e+03 9.13874e+00 7.42662e+02 4.22693e+00 9.20602e+02 6.10023e+00 1.11929e+03 9.12202e+00 9.30867e+02 6.17844e+00 
0.3 0.35 0.4 9.21119e+02 5.88899e+00 7.30981e+02 4.35264e+00 1.11693e+03 9.71861e+00 7.41697e+02 4.44459e+00 9.19194e+02 6.18979e+00 1.12183e+03 9.35618e+00 9.32318e+02 6.51046e+00 
0.4 0.45 0.5 8.98865e+02 6.32312e+00 7.13179e+02 4.34467e+00 1.08178e+03 9.67384e+00 7.23094e+02 4.43393e+00 8.93650e+02 6.18764e+00 1.08588e+03 9.44046e+00 9.06468e+02 6.47472e+00 
0.5 0.55 0.6 8.95927e+02 5.99515e+00 7.07805e+02 4.19239e+00 1.08000e+03 9.15050e+00 7.19169e+02 4.24054e+00 8.88396e+02 5.94717e+00 1.08248e+03 9.04516e+00 9.03098e+02 6.16199e+00 
0.6 0.65 0.7 8.86614e+02 5.74183e+00 7.01491e+02 4.06308e+00 1.06981e+03 9.49598e+00 7.11660e+02 4.09503e+00 8.81215e+02 5.98222e+00 1.07454e+03 8.63281e+00 8.94415e+02 6.32845e+00 
0.7 0.75 0.8 8.78076e+02 5.90008e+00 6.94341e+02 4.26403e+00 1.05888e+03 8.91577e+00 7.05157e+02 4.19646e+00 8.71016e+02 6.05088e+00 1.06205e+03 8.67953e+00 8.86112e+02 6.05533e+00 
0.8 0.85 0.9 8.52876e+02 5.76869e+00 6.75001e+02 4.02571e+00 1.02726e+03 9.30897e+00 6.84295e+02 4.28668e+00 8.44901e+02 6.00452e+00 1.03073e+03 8.41745e+00 8.59016e+02 6.28880e+00 
0.9 0.95 1.0 8.53705e+02 5.79471e+00 6.74409e+02 4.25157e+00 1.03280e+03 9.61932e+00 6.85352e+02 4.36000e+00 8.47055e+02 5.66739e+00 1.03700e+03 9.34426e+00 8.64005e+02 6.39095e+00 
1.0 1.05 1.1 8.16438e+02 5.96114e+00 6.45902e+02 4.18215e+00 9.79900e+02 9.59931e+00 6.56519e+02 4.20873e+00 8.09575e+02 5.95684e+00 9.82720e+02 9.14824e+00 8.23091e+02 6.38204e+00 
1.1 1.15 1.2 8.12565e+02 6.17370e+00 6.42824e+02 4.21617e+00 9.78394e+02 9.54779e+00 6.53822e+02 4.17327e+00 8.07921e+02 5.74457e+00 9.81500e+02 9.25657e+00 8.23684e+02 5.91588e+00 
1.2 1.25 1.3 7.95370e+02 6.16076e+00 6.27346e+02 4.11340e+00 9.60409e+02 9.51692e+00 6.38270e+02 4.33381e+00 7.86630e+02 5.65954e+00 9.62732e+02 9.19367e+00 8.03281e+02 6.54717e+00 
1.3 1.35 1.4 7.68620e+02 5.98141e+00 6.08857e+02 3.98083e+00 9.26162e+02 9.71378e+00 6.18230e+02 4.33356e+00 7.65246e+02 5.85274e+00 9.32788e+02 8.95855e+00 7.76243e+02 6.44304e+00 
1.4 1.45 1.5 7.38963e+02 5.81093e+00 5.83613e+02 4.00241e+00 8.88532e+02 8.88935e+00 5.94095e+02 4.11700e+00 7.31710e+02 5.65172e+00 8.91260e+02 8.58860e+00 7.46841e+02 6.02236e+00 
1.5 1.55 1.6 7.26917e+02 6.10629e+00 5.71677e+02 4.11401e+00 8.75630e+02 9.47192e+00 5.80992e+02 4.06529e+00 7.18810e+02 5.89977e+00 8.79466e+02 9.07601e+00 7.33765e+02 6.32221e+00 
1.6 1.65 1.7 6.92653e+02 5.66509e+00 5.47206e+02 3.90973e+00 8.32008e+02 8.61662e+00 5.56543e+02 4.03310e+00 6.85795e+02 5.47815e+00 8.36457e+02 8.95508e+00 7.01119e+02 6.19427e+00 
1.7 1.75 1.8 6.57338e+02 5.94555e+00 5.19553e+02 3.88875e+00 7.89719e+02 9.22998e+00 5.28554e+02 4.16614e+00 6.50758e+02 5.49032e+00 7.90558e+02 8.91187e+00 6.65512e+02 6.15667e+00 
1.8 1.85 1.9 6.36132e+02 5.87680e+00 5.01579e+02 4.04693e+00 7.66426e+02 9.12686e+00 5.11101e+02 4.13978e+00 6.31217e+02 5.48801e+00 7.68081e+02 8.75240e+00 6.46464e+02 5.81761e+00 
1.9 1.95 2.0 6.11848e+02 5.67549e+00 4.82677e+02 3.89181e+00 7.41811e+02 9.49063e+00 4.92410e+02 4.23322e+00 6.08558e+02 5.76011e+00 7.39287e+02 8.33453e+00 6.21639e+02 6.32625e+00 
2.0 2.05 2.1 5.86327e+02 5.96385e+00 4.61276e+02 4.11349e+00 7.05488e+02 9.23159e+00 4.70352e+02 4.19447e+00 5.79808e+02 5.87297e+00 7.09096e+02 8.89373e+00 5.92203e+02 6.18845e+00 
2.1 2.15 2.2 5.50186e+02 5.70414e+00 4.34051e+02 3.81544e+00 6.59063e+02 9.02489e+00 4.40768e+02 3.89517e+00 5.44151e+02 5.27960e+00 6.63156e+02 8.46175e+00 5.55509e+02 6.04319e+00 
2.2 2.25 2.3 5.19337e+02 5.71901e+00 4.11391e+02 3.85768e+00 6.18952e+02 8.93318e+00 4.19997e+02 3.97520e+00 5.14807e+02 5.48456e+00 6.22812e+02 8.50927e+00 5.24949e+02 5.96887e+00 
2.3 2.35 2.4 4.94922e+02 5.34699e+00 3.89970e+02 3.67022e+00 5.99897e+02 8.93796e+00 3.97712e+02 3.80513e+00 4.90363e+02 5.15765e+00 5.97642e+02 7.83547e+00 5.00885e+02 5.59330e+00 
2.4 2.45 2.5 4.65892e+02 5.62803e+00 3.67912e+02 3.80587e+00 5.58498e+02 8.75878e+00 3.74820e+02 3.96824e+00 4.61573e+02 5.41475e+00 5.59839e+02 8.39966e+00 4.71926e+02 5.86724e+00 
2.5 2.55 2.6 4.31276e+02 5.53506e+00 3.39489e+02 3.58942e+00 5.18183e+02 8.72992e+00 3.46497e+02 3.89097e+00 4.26371e+02 5.04682e+00 5.23335e+02 8.42745e+00 4.37694e+02 5.90722e+00 
2.6 2.65 2.7 4.21351e+02 5.50955e+00 3.29786e+02 3.76787e+00 5.10928e+02 8.58006e+00 3.37459e+02 3.96189e+00 4.15759e+02 5.28134e+00 5.09982e+02 8.16492e+00 4.26928e+02 5.95669e+00 
2.7 2.75 2.8 3.81640e+02 5.37830e+00 2.99260e+02 3.65160e+00 4.58819e+02 7.92087e+00 3.05665e+02 3.79051e+00 3.77237e+02 5.10918e+00 4.61871e+02 7.98998e+00 3.85557e+02 5.40296e+00 
2.8 2.85 2.9 3.49807e+02 5.19704e+00 2.74054e+02 3.64267e+00 4.20117e+02 8.05026e+00 2.80811e+02 3.63320e+00 3.45081e+02 5.15411e+00 4.21965e+02 7.65264e+00 3.54275e+02 5.46261e+00 
2.9 2.95 3.0 3.13730e+02 5.27141e+00 2.46505e+02 3.56726e+00 3.75431e+02 8.34264e+00 2.52084e+02 3.70647e+00 3.11478e+02 4.93398e+00 3.75425e+02 7.60371e+00 3.16738e+02 5.59504e+00 
3.0 3.05 3.1 2.84719e+02 5.13840e+00 2.24107e+02 3.43631e+00 3.39514e+02 8.13880e+00 2.28963e+02 3.61707e+00 2.81495e+02 4.87494e+00 3.41840e+02 7.60811e+00 2.88469e+02 5.42608e+00 
3.1 3.15 3.2 2.59962e+02 5.05141e+00 2.04893e+02 3.35123e+00 3.12506e+02 7.41691e+00 2.09236e+02 3.56657e+00 2.56040e+02 4.81570e+00 3.11306e+02 7.48249e+00 2.65067e+02 5.08501e+00 
3.2 3.25 3.3 2.34449e+02 4.93616e+00 1.84771e+02 3.35622e+00 2.80230e+02 7.71382e+00 1.88506e+02 3.49487e+00 2.32263e+02 4.75259e+00 2.81867e+02 7.41607e+00 2.37894e+02 5.22368e+00 
3.3 3.35 3.4 2.15237e+02 4.80336e+00 1.67576e+02 3.23917e+00 2.58448e+02 7.59504e+00 1.70677e+02 3.42786e+00 2.11973e+02 4.57794e+00 2.61387e+02 7.08405e+00 2.17382e+02 4.95383e+00 
3.4 3.45 3.5 1.96602e+02 4.86185e+00 1.51889e+02 3.19221e+00 2.41912e+02 7.69362e+00 1.56640e+02 3.42187e+00 1.92737e+02 4.56616e+00 2.39454e+02 7.22266e+00 2.01469e+02 5.16813e+00 
