0.0 0.05 0.1 1.35979e+03 1.26122e+01 1.10731e+03 8.63486e+00 1.55857e+03 1.95346e+01 1.11798e+03 8.85621e+00 1.35836e+03 1.22908e+01 1.57504e+03 1.89003e+01 1.36385e+03 1.30111e+01 
0.1 0.15 0.2 1.37113e+03 1.41961e+01 1.11423e+03 9.03864e+00 1.57648e+03 2.24611e+01 1.12606e+03 9.78433e+00 1.36817e+03 1.36794e+01 1.59160e+03 2.17642e+01 1.37642e+03 1.46403e+01 
0.2 0.25 0.3 1.43206e+03 1.37965e+01 1.16402e+03 9.31129e+00 1.63975e+03 2.09011e+01 1.17453e+03 9.58010e+00 1.43191e+03 1.34004e+01 1.66663e+03 2.09596e+01 1.43556e+03 1.47731e+01 
0.3 0.35 0.4 1.48903e+03 1.42540e+01 1.21270e+03 9.73708e+00 1.69876e+03 2.28891e+01 1.22300e+03 9.94524e+00 1.48990e+03 1.39482e+01 1.72813e+03 2.15239e+01 1.48708e+03 1.50301e+01 
0.4 0.45 0.5 1.62734e+03 1.53173e+01 1.32298e+03 1.03511e+01 1.86213e+03 2.41746e+01 1.33728e+03 1.06095e+01 1.62391e+03 1.49477e+01 1.88731e+03 2.33538e+01 1.62980e+03 1.58334e+01 
0.5 0.55 0.6 1.78771e+03 1.65744e+01 1.45725e+03 1.10935e+01 2.02518e+03 2.40293e+01 1.46577e+03 1.08016e+01 1.78690e+03 1.60631e+01 2.06736e+03 2.54016e+01 1.78206e+03 1.59299e+01 
0.6 0.65 0.7 1.66270e+03 1.54956e+01 1.35707e+03 9.92538e+00 1.91461e+03 2.41876e+01 1.36533e+03 1.06874e+01 1.66978e+03 1.42260e+01 1.93082e+03 2.37481e+01 1.67124e+03 1.58054e+01 
0.7 0.75 0.8 1.56694e+03 1.45244e+01 1.27409e+03 9.73735e+00 1.79272e+03 2.22092e+01 1.28656e+03 1.00353e+01 1.56586e+03 1.40797e+01 1.82130e+03 2.17187e+01 1.56825e+03 1.45984e+01 
0.8 0.85 0.9 1.49925e+03 1.36896e+01 1.21451e+03 9.55946e+00 1.72810e+03 2.16477e+01 1.22747e+03 9.49536e+00 1.49614e+03 1.38825e+01 1.75073e+03 2.08445e+01 1.50228e+03 1.41975e+01 
0.9 0.95 1.0 1.42941e+03 1.31780e+01 1.15886e+03 9.31831e+00 1.64823e+03 2.07816e+01 1.17054e+03 9.14232e+00 1.42758e+03 1.35668e+01 1.66789e+03 2.00446e+01 1.43313e+03 1.36364e+01 
1.0 1.05 1.1 1.37668e+03 1.32837e+01 1.11658e+03 8.91768e+00 1.58792e+03 2.13933e+01 1.12838e+03 9.18979e+00 1.37441e+03 1.28779e+01 1.60342e+03 2.02760e+01 1.38343e+03 1.36468e+01 
1.1 1.15 1.2 1.31346e+03 1.28178e+01 1.06796e+03 8.62143e+00 1.50517e+03 2.02444e+01 1.07918e+03 8.89129e+00 1.31173e+03 1.24196e+01 1.52258e+03 1.94955e+01 1.31799e+03 1.32884e+01 
1.2 1.25 1.3 1.29480e+03 1.33505e+01 1.04895e+03 8.88010e+00 1.49203e+03 2.07303e+01 1.06022e+03 9.18102e+00 1.29249e+03 1.28977e+01 1.51030e+03 2.05175e+01 1.29834e+03 1.35347e+01 
1.3 1.35 1.4 1.21918e+03 1.33781e+01 9.88120e+02 8.82610e+00 1.40492e+03 2.16267e+01 1.00018e+03 9.14413e+00 1.21512e+03 1.28956e+01 1.41708e+03 2.07057e+01 1.23204e+03 1.35094e+01 
1.4 1.45 1.5 1.20860e+03 1.26532e+01 9.76638e+02 8.44388e+00 1.39996e+03 2.01834e+01 9.87921e+02 8.72750e+00 1.20549e+03 1.22267e+01 1.41399e+03 1.93700e+01 1.21408e+03 1.31536e+01 
1.5 1.55 1.6 1.17973e+03 1.30684e+01 9.53064e+02 8.65409e+00 1.36673e+03 2.10139e+01 9.64462e+02 8.95815e+00 1.17618e+03 1.26104e+01 1.37955e+03 2.01546e+01 1.18574e+03 1.35990e+01 
1.6 1.65 1.7 1.12071e+03 1.20987e+01 9.06497e+02 8.09277e+00 1.29358e+03 1.92228e+01 9.17461e+02 8.37696e+00 1.11752e+03 1.16768e+01 1.30708e+03 1.84305e+01 1.12612e+03 1.25931e+01 
1.7 1.75 1.8 1.08214e+03 1.24765e+01 8.81156e+02 7.95935e+00 1.24588e+03 1.98911e+01 8.86808e+02 8.56348e+00 1.08728e+03 1.14830e+01 1.25919e+03 1.92033e+01 1.08725e+03 1.29111e+01 
1.8 1.85 1.9 1.05353e+03 1.23848e+01 8.53136e+02 8.20047e+00 1.21256e+03 2.00882e+01 8.63663e+02 8.56311e+00 1.05145e+03 1.19110e+01 1.22826e+03 1.91904e+01 1.05811e+03 1.30245e+01 
1.9 1.95 2.0 1.03931e+03 1.22933e+01 8.36121e+02 8.15179e+00 1.21076e+03 1.97286e+01 8.47110e+02 8.45624e+00 1.03522e+03 1.18373e+01 1.22167e+03 1.88637e+01 1.04586e+03 1.28312e+01 
2.0 2.05 2.1 1.00739e+03 1.18502e+01 8.08669e+02 7.85342e+00 1.17912e+03 1.89862e+01 8.20135e+02 8.17947e+00 1.00216e+03 1.13569e+01 1.18731e+03 1.80330e+01 1.01571e+03 1.23956e+01 
2.1 2.15 2.2 9.55122e+02 1.17872e+01 7.69417e+02 7.81501e+00 1.10855e+03 1.93928e+01 7.80153e+02 8.12118e+00 9.50809e+02 1.13304e+01 1.11750e+03 1.80467e+01 9.62185e+02 1.25806e+01 
2.2 2.25 2.3 9.00836e+02 1.14116e+01 7.26561e+02 7.57837e+00 1.03153e+03 1.93027e+01 7.36362e+02 7.86943e+00 8.97475e+02 1.09768e+01 1.05224e+03 1.74494e+01 9.00362e+02 1.24721e+01 
2.3 2.35 2.4 8.64961e+02 1.12831e+01 7.02450e+02 7.87590e+00 9.95738e+02 1.80538e+01 7.08157e+02 7.79001e+00 8.67815e+02 1.15205e+01 1.01824e+03 1.86312e+01 8.69952e+02 1.18022e+01 
2.4 2.45 2.5 8.37854e+02 1.19830e+01 6.69974e+02 7.78477e+00 9.82088e+02 1.94888e+01 6.81179e+02 8.14378e+00 8.31511e+02 1.14359e+01 9.87954e+02 1.86330e+01 8.45166e+02 1.22687e+01 
2.5 2.55 2.6 7.96902e+02 1.17108e+01 6.39742e+02 7.64870e+00 9.26364e+02 1.95752e+01 6.49789e+02 7.99279e+00 7.91257e+02 1.14812e+01 9.32546e+02 1.86665e+01 8.03406e+02 1.25860e+01 
2.6 2.65 2.7 7.40331e+02 1.15417e+01 5.96978e+02 7.51268e+00 8.52095e+02 1.90410e+01 6.06685e+02 7.85564e+00 7.35729e+02 1.10255e+01 8.59446e+02 1.79116e+01 7.46434e+02 1.22346e+01 
2.7 2.75 2.8 7.17586e+02 1.10101e+01 5.74588e+02 7.20054e+00 8.39293e+02 1.81648e+01 5.84763e+02 7.53579e+00 7.12327e+02 1.05094e+01 8.42702e+02 1.69576e+01 7.25512e+02 1.16017e+01 
2.8 2.85 2.9 6.70788e+02 1.04688e+01 5.37604e+02 6.88143e+00 7.85978e+02 1.79715e+01 5.46663e+02 7.18450e+00 6.66183e+02 1.00179e+01 7.86361e+02 1.60807e+01 6.76327e+02 1.14071e+01 
2.9 2.95 3.0 6.15794e+02 1.06538e+01 4.95117e+02 7.02518e+00 7.08453e+02 1.68578e+01 5.04106e+02 7.12663e+00 6.11880e+02 1.03527e+01 7.17899e+02 1.69294e+01 6.21316e+02 1.09358e+01 
3.0 3.05 3.1 6.03326e+02 9.94064e+00 4.82317e+02 6.55961e+00 7.03576e+02 1.59690e+01 4.90765e+02 6.84830e+00 5.98946e+02 9.51667e+00 7.09173e+02 1.51889e+01 6.08895e+02 1.04443e+01 
3.1 3.15 3.2 5.53935e+02 1.05368e+01 4.45284e+02 6.83143e+00 6.39493e+02 1.72574e+01 4.53165e+02 7.16465e+00 5.50025e+02 1.00374e+01 6.43746e+02 1.63527e+01 5.60300e+02 1.10987e+01 
3.2 3.25 3.3 5.33468e+02 9.94012e+00 4.23812e+02 6.49581e+00 6.28821e+02 1.61279e+01 4.32440e+02 6.80341e+00 5.27846e+02 9.48506e+00 6.30428e+02 1.52972e+01 5.40888e+02 1.04669e+01 
3.3 3.35 3.4 4.87175e+02 9.58399e+00 3.88518e+02 6.26877e+00 5.69096e+02 1.55426e+01 3.96001e+02 6.56626e+00 4.82854e+02 9.14477e+00 5.72411e+02 1.47304e+01 4.93036e+02 1.00972e+01 
3.4 3.45 3.5 4.50630e+02 9.45879e+00 3.59098e+02 6.15652e+00 5.26511e+02 1.54233e+01 3.66230e+02 6.45977e+00 4.46365e+02 9.00884e+00 5.29402e+02 1.45918e+01 4.56257e+02 9.98239e+00 
3.5 3.55 3.6 4.23113e+02 1.01577e+01 3.34746e+02 6.49953e+00 5.00345e+02 1.68793e+01 3.41831e+02 6.83451e+00 4.18410e+02 9.65215e+00 5.02382e+02 1.59462e+01 4.28762e+02 1.07372e+01 
3.6 3.65 3.7 3.70801e+02 9.45839e+00 2.96116e+02 6.08941e+00 4.30404e+02 1.55139e+01 3.02222e+02 6.39745e+00 3.67108e+02 8.99689e+00 4.32735e+02 1.47582e+01 3.75161e+02 9.93855e+00 
3.7 3.75 3.8 3.52043e+02 9.44641e+00 2.80846e+02 6.03492e+00 4.17870e+02 1.58064e+01 2.85155e+02 6.20226e+00 3.51741e+02 8.94180e+00 4.16761e+02 1.47898e+01 3.59398e+02 1.02438e+01 
3.8 3.85 3.9 3.05321e+02 9.05238e+00 2.43431e+02 5.85931e+00 3.56146e+02 1.47612e+01 2.47586e+02 6.09097e+00 3.03627e+02 8.71519e+00 3.59220e+02 1.42023e+01 3.08872e+02 9.42072e+00 
3.9 3.95 4.0 2.62903e+02 8.39241e+00 2.13085e+02 5.16178e+00 3.02787e+02 1.38075e+01 2.14615e+02 5.68424e+00 2.59723e+02 8.20340e+00 3.05197e+02 1.30644e+01 2.66222e+02 8.85843e+00 
4.0 4.05 4.1 2.50567e+02 8.45748e+00 1.98793e+02 5.37299e+00 2.90056e+02 1.24516e+01 1.99864e+02 5.25017e+00 2.49292e+02 7.96322e+00 2.97041e+02 1.32543e+01 2.50641e+02 8.09432e+00 
4.1 4.15 4.2 2.02041e+02 8.27967e+00 1.63054e+02 5.23798e+00 2.27854e+02 1.37623e+01 1.65722e+02 5.56544e+00 2.06372e+02 7.03456e+00 2.32026e+02 1.30000e+01 2.03561e+02 8.76407e+00 
4.2 4.25 4.3 1.87178e+02 7.64582e+00 1.48128e+02 4.89499e+00 2.22468e+02 1.14078e+01 1.51668e+02 5.16298e+00 1.84759e+02 7.24406e+00 2.23125e+02 1.07837e+01 1.90446e+02 8.11539e+00 
4.3 4.35 4.4 1.71296e+02 7.29406e+00 1.33569e+02 4.68390e+00 2.04985e+02 1.21410e+01 1.36628e+02 4.96105e+00 1.68533e+02 6.91041e+00 2.05922e+02 1.13442e+01 1.73731e+02 7.78502e+00 
4.4 4.45 4.5 1.51173e+02 7.10412e+00 1.16111e+02 4.53027e+00 1.86974e+02 1.17728e+01 1.19614e+02 4.79051e+00 1.47939e+02 6.71001e+00 1.77166e+02 1.03183e+01 1.54728e+02 7.52289e+00 
4.5 4.55 4.6 1.09551e+02 6.21474e+00 8.76699e+01 4.01749e+00 1.22429e+02 1.05844e+01 8.94470e+01 4.22755e+00 1.08746e+02 5.90447e+00 1.26527e+02 9.60892e+00 1.09384e+02 6.79076e+00 
4.6 4.65 4.7 9.76193e+01 5.46071e+00 7.58701e+01 3.55647e+00 1.20168e+02 9.16967e+00 7.79283e+01 3.74021e+00 9.59560e+01 5.19254e+00 1.17613e+02 8.36632e+00 1.00939e+02 5.93977e+00 
4.7 4.75 4.8 8.25702e+01 5.65172e+00 6.33369e+01 3.60478e+00 9.84664e+01 8.30157e+00 6.38674e+01 3.50895e+00 8.09013e+01 5.35247e+00 1.01309e+02 8.84952e+00 8.22844e+01 5.41374e+00 
4.8 4.85 4.9 5.33494e+01 5.00041e+00 4.36861e+01 3.23122e+00 6.38622e+01 8.46108e+00 4.38827e+01 3.35263e+00 5.40939e+01 4.83251e+00 6.05405e+01 7.86372e+00 5.64498e+01 5.36421e+00 
4.9 4.95 5.0 3.94358e+01 3.96144e+00 3.12361e+01 2.54561e+00 4.67188e+01 7.02315e+00 3.24813e+01 2.82387e+00 3.88995e+01 3.75569e+00 4.58174e+01 6.14464e+00 4.08124e+01 4.46692e+00 
5.0 5.05 5.1 3.69911e+01 3.79082e+00 2.88782e+01 2.50740e+00 4.61053e+01 6.14532e+00 2.90839e+01 2.58286e+00 3.72896e+01 3.69888e+00 4.57146e+01 5.84126e+00 3.79070e+01 3.99080e+00 
5.1 5.15 5.2 2.74891e+01 3.32398e+00 2.01883e+01 2.04697e+00 3.84015e+01 5.49243e+00 2.12611e+01 2.24663e+00 2.78087e+01 3.16686e+00 3.49149e+01 5.16615e+00 2.99958e+01 3.53205e+00 
5.2 5.25 5.3 1.03792e+01 2.47428e+00 8.62637e+00 1.58542e+00 1.00467e+01 4.01168e+00 8.79854e+00 1.67283e+00 1.03489e+01 2.34526e+00 1.09996e+01 3.84781e+00 1.11838e+01 2.58555e+00 
5.3 5.35 5.4 5.44209e+00 1.70714e+00 4.77628e+00 1.09226e+00 5.01891e+00 2.75907e+00 4.65856e+00 1.16345e+00 5.76866e+00 1.59939e+00 5.86685e+00 2.63444e+00 5.27525e+00 1.79750e+00 
5.4 5.45 5.5 1.69955e-01 7.39720e-01 4.36447e-01 4.70990e-01 -8.63698e-01 1.23047e+00 4.47488e-01 4.98074e-01 1.88904e-01 7.00428e-01 -6.85812e-01 1.15577e+00 1.50167e-01 7.79782e-01 
5.5 5.55 5.6 -7.37795e-01 1.12897e-01 -4.17116e-01 6.95158e-02 -1.48308e+00 2.05399e-01 -4.68206e-01 6.67922e-02 -6.84827e-01 1.13649e-01 -1.30151e+00 1.82850e-01 -8.53508e-01 1.18765e-01 
5.6 5.65 5.7 0.00000e+00 0.00000e+00 0.00000e+00 0.00000e+00 0.00000e+00 0.00000e+00 0.00000e+00 0.00000e+00 0.00000e+00 0.00000e+00 0.00000e+00 0.00000e+00 0.00000e+00 0.00000e+00 
5.7 5.75 5.8 0.00000e+00 0.00000e+00 0.00000e+00 0.00000e+00 0.00000e+00 0.00000e+00 0.00000e+00 0.00000e+00 0.00000e+00 0.00000e+00 0.00000e+00 0.00000e+00 0.00000e+00 0.00000e+00 
5.8 5.85 5.9 0.00000e+00 0.00000e+00 0.00000e+00 0.00000e+00 0.00000e+00 0.00000e+00 0.00000e+00 0.00000e+00 0.00000e+00 0.00000e+00 0.00000e+00 0.00000e+00 0.00000e+00 0.00000e+00 
5.9 5.95 6.0 0.00000e+00 0.00000e+00 0.00000e+00 0.00000e+00 0.00000e+00 0.00000e+00 0.00000e+00 0.00000e+00 0.00000e+00 0.00000e+00 0.00000e+00 0.00000e+00 0.00000e+00 0.00000e+00 
6.0 6.05 6.1 0.00000e+00 0.00000e+00 0.00000e+00 0.00000e+00 0.00000e+00 0.00000e+00 0.00000e+00 0.00000e+00 0.00000e+00 0.00000e+00 0.00000e+00 0.00000e+00 0.00000e+00 0.00000e+00 
6.1 6.15 6.2 0.00000e+00 0.00000e+00 0.00000e+00 0.00000e+00 0.00000e+00 0.00000e+00 0.00000e+00 0.00000e+00 0.00000e+00 0.00000e+00 0.00000e+00 0.00000e+00 0.00000e+00 0.00000e+00 
6.2 6.25 6.3 0.00000e+00 0.00000e+00 0.00000e+00 0.00000e+00 0.00000e+00 0.00000e+00 0.00000e+00 0.00000e+00 0.00000e+00 0.00000e+00 0.00000e+00 0.00000e+00 0.00000e+00 0.00000e+00 
6.3 6.35 6.4 0.00000e+00 0.00000e+00 0.00000e+00 0.00000e+00 0.00000e+00 0.00000e+00 0.00000e+00 0.00000e+00 0.00000e+00 0.00000e+00 0.00000e+00 0.00000e+00 0.00000e+00 0.00000e+00 
6.4 6.45 6.5 0.00000e+00 0.00000e+00 0.00000e+00 0.00000e+00 0.00000e+00 0.00000e+00 0.00000e+00 0.00000e+00 0.00000e+00 0.00000e+00 0.00000e+00 0.00000e+00 0.00000e+00 0.00000e+00 
6.5 6.55 6.6 0.00000e+00 0.00000e+00 0.00000e+00 0.00000e+00 0.00000e+00 0.00000e+00 0.00000e+00 0.00000e+00 0.00000e+00 0.00000e+00 0.00000e+00 0.00000e+00 0.00000e+00 0.00000e+00 
6.6 6.65 6.7 0.00000e+00 0.00000e+00 0.00000e+00 0.00000e+00 0.00000e+00 0.00000e+00 0.00000e+00 0.00000e+00 0.00000e+00 0.00000e+00 0.00000e+00 0.00000e+00 0.00000e+00 0.00000e+00 
6.7 6.75 6.8 0.00000e+00 0.00000e+00 0.00000e+00 0.00000e+00 0.00000e+00 0.00000e+00 0.00000e+00 0.00000e+00 0.00000e+00 0.00000e+00 0.00000e+00 0.00000e+00 0.00000e+00 0.00000e+00 
6.8 6.85 6.9 0.00000e+00 0.00000e+00 0.00000e+00 0.00000e+00 0.00000e+00 0.00000e+00 0.00000e+00 0.00000e+00 0.00000e+00 0.00000e+00 0.00000e+00 0.00000e+00 0.00000e+00 0.00000e+00 
6.9 6.95 7.0 0.00000e+00 0.00000e+00 0.00000e+00 0.00000e+00 0.00000e+00 0.00000e+00 0.00000e+00 0.00000e+00 0.00000e+00 0.00000e+00 0.00000e+00 0.00000e+00 0.00000e+00 0.00000e+00 
7.0 7.05 7.1 0.00000e+00 0.00000e+00 0.00000e+00 0.00000e+00 0.00000e+00 0.00000e+00 0.00000e+00 0.00000e+00 0.00000e+00 0.00000e+00 0.00000e+00 0.00000e+00 0.00000e+00 0.00000e+00 
7.1 7.15 7.2 0.00000e+00 0.00000e+00 0.00000e+00 0.00000e+00 0.00000e+00 0.00000e+00 0.00000e+00 0.00000e+00 0.00000e+00 0.00000e+00 0.00000e+00 0.00000e+00 0.00000e+00 0.00000e+00 
7.2 7.25 7.3 0.00000e+00 0.00000e+00 0.00000e+00 0.00000e+00 0.00000e+00 0.00000e+00 0.00000e+00 0.00000e+00 0.00000e+00 0.00000e+00 0.00000e+00 0.00000e+00 0.00000e+00 0.00000e+00 
7.3 7.35 7.4 0.00000e+00 0.00000e+00 0.00000e+00 0.00000e+00 0.00000e+00 0.00000e+00 0.00000e+00 0.00000e+00 0.00000e+00 0.00000e+00 0.00000e+00 0.00000e+00 0.00000e+00 0.00000e+00 
7.4 7.45 7.5 0.00000e+00 0.00000e+00 0.00000e+00 0.00000e+00 0.00000e+00 0.00000e+00 0.00000e+00 0.00000e+00 0.00000e+00 0.00000e+00 0.00000e+00 0.00000e+00 0.00000e+00 0.00000e+00 
7.5 7.55 7.6 0.00000e+00 0.00000e+00 0.00000e+00 0.00000e+00 0.00000e+00 0.00000e+00 0.00000e+00 0.00000e+00 0.00000e+00 0.00000e+00 0.00000e+00 0.00000e+00 0.00000e+00 0.00000e+00 
7.6 7.65 7.7 0.00000e+00 0.00000e+00 0.00000e+00 0.00000e+00 0.00000e+00 0.00000e+00 0.00000e+00 0.00000e+00 0.00000e+00 0.00000e+00 0.00000e+00 0.00000e+00 0.00000e+00 0.00000e+00 
7.7 7.75 7.8 0.00000e+00 0.00000e+00 0.00000e+00 0.00000e+00 0.00000e+00 0.00000e+00 0.00000e+00 0.00000e+00 0.00000e+00 0.00000e+00 0.00000e+00 0.00000e+00 0.00000e+00 0.00000e+00 
7.8 7.85 7.9 0.00000e+00 0.00000e+00 0.00000e+00 0.00000e+00 0.00000e+00 0.00000e+00 0.00000e+00 0.00000e+00 0.00000e+00 0.00000e+00 0.00000e+00 0.00000e+00 0.00000e+00 0.00000e+00 
7.9 7.95 8.0 0.00000e+00 0.00000e+00 0.00000e+00 0.00000e+00 0.00000e+00 0.00000e+00 0.00000e+00 0.00000e+00 0.00000e+00 0.00000e+00 0.00000e+00 0.00000e+00 0.00000e+00 0.00000e+00 
8.0 8.05 8.1 0.00000e+00 0.00000e+00 0.00000e+00 0.00000e+00 0.00000e+00 0.00000e+00 0.00000e+00 0.00000e+00 0.00000e+00 0.00000e+00 0.00000e+00 0.00000e+00 0.00000e+00 0.00000e+00 
8.1 8.15 8.2 0.00000e+00 0.00000e+00 0.00000e+00 0.00000e+00 0.00000e+00 0.00000e+00 0.00000e+00 0.00000e+00 0.00000e+00 0.00000e+00 0.00000e+00 0.00000e+00 0.00000e+00 0.00000e+00 
8.2 8.25 8.3 0.00000e+00 0.00000e+00 0.00000e+00 0.00000e+00 0.00000e+00 0.00000e+00 0.00000e+00 0.00000e+00 0.00000e+00 0.00000e+00 0.00000e+00 0.00000e+00 0.00000e+00 0.00000e+00 
8.3 8.35 8.4 0.00000e+00 0.00000e+00 0.00000e+00 0.00000e+00 0.00000e+00 0.00000e+00 0.00000e+00 0.00000e+00 0.00000e+00 0.00000e+00 0.00000e+00 0.00000e+00 0.00000e+00 0.00000e+00 
8.4 8.45 8.5 0.00000e+00 0.00000e+00 0.00000e+00 0.00000e+00 0.00000e+00 0.00000e+00 0.00000e+00 0.00000e+00 0.00000e+00 0.00000e+00 0.00000e+00 0.00000e+00 0.00000e+00 0.00000e+00 
8.5 8.55 8.6 0.00000e+00 0.00000e+00 0.00000e+00 0.00000e+00 0.00000e+00 0.00000e+00 0.00000e+00 0.00000e+00 0.00000e+00 0.00000e+00 0.00000e+00 0.00000e+00 0.00000e+00 0.00000e+00 
8.6 8.65 8.7 0.00000e+00 0.00000e+00 0.00000e+00 0.00000e+00 0.00000e+00 0.00000e+00 0.00000e+00 0.00000e+00 0.00000e+00 0.00000e+00 0.00000e+00 0.00000e+00 0.00000e+00 0.00000e+00 
8.7 8.75 8.8 0.00000e+00 0.00000e+00 0.00000e+00 0.00000e+00 0.00000e+00 0.00000e+00 0.00000e+00 0.00000e+00 0.00000e+00 0.00000e+00 0.00000e+00 0.00000e+00 0.00000e+00 0.00000e+00 
8.8 8.85 8.9 0.00000e+00 0.00000e+00 0.00000e+00 0.00000e+00 0.00000e+00 0.00000e+00 0.00000e+00 0.00000e+00 0.00000e+00 0.00000e+00 0.00000e+00 0.00000e+00 0.00000e+00 0.00000e+00 
8.9 8.95 9.0 0.00000e+00 0.00000e+00 0.00000e+00 0.00000e+00 0.00000e+00 0.00000e+00 0.00000e+00 0.00000e+00 0.00000e+00 0.00000e+00 0.00000e+00 0.00000e+00 0.00000e+00 0.00000e+00 
9.0 9.05 9.1 0.00000e+00 0.00000e+00 0.00000e+00 0.00000e+00 0.00000e+00 0.00000e+00 0.00000e+00 0.00000e+00 0.00000e+00 0.00000e+00 0.00000e+00 0.00000e+00 0.00000e+00 0.00000e+00 
9.1 9.15 9.2 0.00000e+00 0.00000e+00 0.00000e+00 0.00000e+00 0.00000e+00 0.00000e+00 0.00000e+00 0.00000e+00 0.00000e+00 0.00000e+00 0.00000e+00 0.00000e+00 0.00000e+00 0.00000e+00 
9.2 9.25 9.3 0.00000e+00 0.00000e+00 0.00000e+00 0.00000e+00 0.00000e+00 0.00000e+00 0.00000e+00 0.00000e+00 0.00000e+00 0.00000e+00 0.00000e+00 0.00000e+00 0.00000e+00 0.00000e+00 
9.3 9.35 9.4 0.00000e+00 0.00000e+00 0.00000e+00 0.00000e+00 0.00000e+00 0.00000e+00 0.00000e+00 0.00000e+00 0.00000e+00 0.00000e+00 0.00000e+00 0.00000e+00 0.00000e+00 0.00000e+00 
9.4 9.45 9.5 0.00000e+00 0.00000e+00 0.00000e+00 0.00000e+00 0.00000e+00 0.00000e+00 0.00000e+00 0.00000e+00 0.00000e+00 0.00000e+00 0.00000e+00 0.00000e+00 0.00000e+00 0.00000e+00 
9.5 9.55 9.6 0.00000e+00 0.00000e+00 0.00000e+00 0.00000e+00 0.00000e+00 0.00000e+00 0.00000e+00 0.00000e+00 0.00000e+00 0.00000e+00 0.00000e+00 0.00000e+00 0.00000e+00 0.00000e+00 
9.6 9.65 9.7 0.00000e+00 0.00000e+00 0.00000e+00 0.00000e+00 0.00000e+00 0.00000e+00 0.00000e+00 0.00000e+00 0.00000e+00 0.00000e+00 0.00000e+00 0.00000e+00 0.00000e+00 0.00000e+00 
9.7 9.75 9.8 0.00000e+00 0.00000e+00 0.00000e+00 0.00000e+00 0.00000e+00 0.00000e+00 0.00000e+00 0.00000e+00 0.00000e+00 0.00000e+00 0.00000e+00 0.00000e+00 0.00000e+00 0.00000e+00 
9.8 9.85 9.9 0.00000e+00 0.00000e+00 0.00000e+00 0.00000e+00 0.00000e+00 0.00000e+00 0.00000e+00 0.00000e+00 0.00000e+00 0.00000e+00 0.00000e+00 0.00000e+00 0.00000e+00 0.00000e+00 
9.9 9.95 10.0 0.00000e+00 0.00000e+00 0.00000e+00 0.00000e+00 0.00000e+00 0.00000e+00 0.00000e+00 0.00000e+00 0.00000e+00 0.00000e+00 0.00000e+00 0.00000e+00 0.00000e+00 0.00000e+00 
