0.0 0.05 0.1 3.71522e+01 1.11583e+00 4.17716e+01 8.49538e-01 9.49113e+00 1.51942e+00 4.06773e+01 8.75189e-01 4.07379e+01 1.09097e+00 1.97359e+01 1.46024e+00 3.26132e+01 1.16428e+00 
0.1 0.15 0.2 4.01280e+01 1.26864e+00 4.44913e+01 9.25080e-01 1.19048e+01 1.94418e+00 4.32856e+01 9.66438e-01 4.40403e+01 1.25139e+00 2.28720e+01 1.73248e+00 3.54735e+01 1.39830e+00 
0.2 0.25 0.3 3.91210e+01 1.30082e+00 4.43948e+01 9.33398e-01 1.10629e+01 1.96618e+00 4.27710e+01 9.92503e-01 4.35055e+01 1.24899e+00 2.16835e+01 1.85534e+00 3.49641e+01 1.28669e+00 
0.3 0.35 0.4 4.30253e+01 1.31179e+00 4.71055e+01 9.56968e-01 1.50392e+01 1.89506e+00 4.62591e+01 1.01434e+00 4.69721e+01 1.25772e+00 2.57826e+01 1.79181e+00 3.92373e+01 1.41222e+00 
0.4 0.45 0.5 4.38543e+01 1.33610e+00 4.86100e+01 1.01421e+00 1.42476e+01 2.06129e+00 4.71451e+01 1.02798e+00 4.82466e+01 1.33486e+00 2.56240e+01 1.90204e+00 3.93209e+01 1.49371e+00 
0.5 0.55 0.6 4.46177e+01 1.46259e+00 5.01797e+01 1.04933e+00 1.22882e+01 2.13954e+00 4.87936e+01 1.09690e+00 4.90409e+01 1.39939e+00 2.42138e+01 2.01850e+00 3.96541e+01 1.54425e+00 
0.6 0.65 0.7 4.91894e+01 1.64217e+00 5.50663e+01 1.17790e+00 1.36654e+01 2.03468e+00 5.34101e+01 1.23113e+00 5.41999e+01 1.57270e+00 2.72633e+01 2.30903e+00 4.31796e+01 1.71322e+00 
0.7 0.75 0.8 5.49146e+01 1.68078e+00 6.26756e+01 1.24380e+00 1.30786e+01 2.43394e+00 6.03787e+01 1.27898e+00 6.12933e+01 1.64556e+00 2.95606e+01 2.37405e+00 4.85369e+01 1.77188e+00 
0.8 0.85 0.9 6.77299e+01 1.88035e+00 7.50777e+01 1.35747e+00 2.07326e+01 2.76003e+00 7.30334e+01 1.42104e+00 7.42342e+01 1.79756e+00 3.83632e+01 2.59868e+00 6.04357e+01 1.98828e+00 
0.9 0.95 1.0 6.37854e+01 1.81459e+00 6.99381e+01 1.33555e+00 2.18934e+01 2.35387e+00 6.88442e+01 1.28297e+00 6.99580e+01 1.60652e+00 3.70488e+01 2.51624e+00 5.77893e+01 1.74530e+00 
1.0 1.05 1.1 6.27935e+01 1.74728e+00 6.64383e+01 1.20421e+00 2.55049e+01 2.57257e+00 6.57940e+01 1.31422e+00 6.67213e+01 1.58094e+00 4.01936e+01 2.42785e+00 5.66484e+01 1.85309e+00 
1.1 1.15 1.2 5.90367e+01 1.77237e+00 6.36247e+01 1.20368e+00 2.28498e+01 2.64231e+00 6.21973e+01 1.32486e+00 6.40266e+01 1.58537e+00 3.70173e+01 2.48179e+00 5.32592e+01 1.87856e+00 
1.2 1.25 1.3 5.35640e+01 1.72665e+00 5.83900e+01 1.15662e+00 1.87094e+01 2.49354e+00 5.72109e+01 1.23835e+00 5.80454e+01 1.52802e+00 3.17390e+01 2.43199e+00 4.82332e+01 1.74531e+00 
1.3 1.35 1.4 4.93390e+01 1.61646e+00 5.45378e+01 1.16552e+00 1.60125e+01 2.39769e+00 5.29726e+01 1.21489e+00 5.42047e+01 1.55508e+00 2.70096e+01 2.03902e+00 4.42900e+01 1.71740e+00 
1.4 1.45 1.5 5.09680e+01 1.66237e+00 5.48127e+01 1.16694e+00 2.04967e+01 2.47705e+00 5.34133e+01 1.23567e+00 5.54909e+01 1.56675e+00 3.27474e+01 2.31862e+00 4.59761e+01 1.76752e+00 
1.5 1.55 1.6 4.34962e+01 1.52669e+00 4.78428e+01 1.10711e+00 1.32925e+01 2.27387e+00 4.69610e+01 1.17353e+00 4.76107e+01 1.48827e+00 2.46944e+01 2.20881e+00 3.87655e+01 1.62001e+00 
1.6 1.65 1.7 3.89015e+01 1.54539e+00 4.40539e+01 1.09142e+00 8.89458e+00 2.32006e+00 4.27273e+01 1.14896e+00 4.30124e+01 1.46834e+00 2.00614e+01 2.17470e+00 3.42420e+01 1.64236e+00 
1.7 1.75 1.8 3.63472e+01 1.39572e+00 4.13000e+01 1.00497e+00 8.27574e+00 2.30324e+00 4.01967e+01 1.12681e+00 4.02508e+01 1.33305e+00 1.84752e+01 1.92430e+00 3.21792e+01 1.62087e+00 
1.8 1.85 1.9 3.84931e+01 1.58990e+00 4.16253e+01 1.10730e+00 1.37465e+01 2.42480e+00 4.07674e+01 1.17913e+00 4.17156e+01 1.48989e+00 2.35382e+01 2.26872e+00 3.45621e+01 1.70991e+00 
1.9 1.95 2.0 3.38023e+01 1.44912e+00 3.76649e+01 1.05985e+00 1.08142e+01 2.20180e+00 3.64353e+01 1.07414e+00 3.70483e+01 1.37358e+00 1.90542e+01 2.04396e+00 3.04444e+01 1.62990e+00 
2.0 2.05 2.1 3.19010e+01 1.42690e+00 3.49952e+01 1.02470e+00 1.00874e+01 2.16857e+00 3.35076e+01 1.02339e+00 3.49210e+01 1.35072e+00 1.85512e+01 2.02641e+00 2.83393e+01 1.58457e+00 
2.1 2.15 2.2 2.84522e+01 1.50589e+00 3.17378e+01 1.03067e+00 8.01820e+00 2.33953e+00 3.08744e+01 1.09317e+00 3.12858e+01 1.41854e+00 1.54879e+01 2.17537e+00 2.54918e+01 1.61367e+00 
2.2 2.25 2.3 2.46600e+01 1.46444e+00 2.82657e+01 1.00547e+00 3.04511e+00 2.20884e+00 2.73849e+01 1.06534e+00 2.70654e+01 1.34640e+00 1.18792e+01 2.11048e+00 2.07066e+01 1.53399e+00 
2.3 2.35 2.4 2.34900e+01 1.39275e+00 2.68100e+01 9.65123e-01 5.40918e+00 2.14774e+00 2.60598e+01 1.02366e+00 2.51445e+01 1.22316e+00 1.17964e+01 1.92062e+00 2.06418e+01 1.48803e+00 
2.4 2.45 2.5 1.93900e+01 1.29156e+00 2.24980e+01 9.01110e-01 1.20713e+00 1.72718e+00 2.17190e+01 9.50253e-01 2.17137e+01 1.22559e+00 8.83391e+00 1.83488e+00 1.69982e+01 1.43380e+00 
2.5 2.55 2.6 2.04254e+01 1.29004e+00 2.22006e+01 9.14994e-01 6.36005e+00 1.90605e+00 2.18968e+01 9.47429e-01 2.20676e+01 1.26156e+00 1.17898e+01 1.78279e+00 1.82249e+01 1.37801e+00 
2.6 2.65 2.7 1.52212e+01 1.26597e+00 1.79784e+01 8.68814e-01 2.57865e+00 1.96153e+00 1.72307e+01 9.24917e-01 1.72813e+01 1.18848e+00 6.57771e+00 1.83064e+00 1.34141e+01 1.38018e+00 
2.7 2.75 2.8 1.29340e+01 1.23226e+00 1.54064e+01 8.36671e-01 1.24306e+00 1.92332e+00 1.47826e+01 8.88518e-01 1.46801e+01 1.15973e+00 6.00673e+00 1.77109e+00 1.10512e+01 1.28364e+00 
2.8 2.85 2.9 1.16919e+01 1.16183e+00 1.33039e+01 7.79824e-01 2.48079e+00 1.78790e+00 1.28262e+01 8.35913e-01 1.30051e+01 1.09447e+00 5.91654e+00 1.69310e+00 1.02902e+01 1.22672e+00 
2.9 2.95 3.0 8.18822e+00 9.92861e-01 1.01431e+01 6.85331e-01 -1.65725e+00 1.56082e+00 9.72158e+00 7.25119e-01 9.37965e+00 9.38490e-01 2.30082e+00 1.41971e+00 7.06567e+00 1.13038e+00 
3.0 3.05 3.1 6.66390e+00 9.60125e-01 8.07758e+00 6.24301e-01 4.62344e-01 1.51301e+00 8.09664e+00 6.98279e-01 7.51749e+00 8.55338e-01 2.13374e+00 1.39200e+00 6.12636e+00 1.03857e+00 
3.1 3.15 3.2 5.31680e+00 7.58197e-01 6.05119e+00 5.74590e-01 -1.71531e+00 1.30221e+00 5.68396e+00 6.10528e-01 5.41841e+00 7.91633e-01 1.73600e+00 1.06235e+00 3.98893e+00 8.42606e-01 
3.2 3.25 3.3 4.57659e+00 7.00193e-01 5.02884e+00 4.84010e-01 1.36309e+00 1.07955e+00 4.88364e+00 5.11584e-01 5.03471e+00 6.62940e-01 2.61841e+00 9.98830e-01 4.06632e+00 7.53381e-01 
3.3 3.35 3.4 2.90341e+00 5.96050e-01 3.33094e+00 4.13932e-01 4.58013e-01 9.43622e-01 3.22666e+00 4.37428e-01 3.22929e+00 5.64814e-01 1.26882e+00 8.72528e-01 2.54486e+00 6.57701e-01 
3.4 3.45 3.5 2.33536e+00 4.97414e-01 2.47701e+00 3.53650e-01 1.00731e+00 7.41082e-01 2.44252e+00 3.74140e-01 2.43621e+00 4.70376e-01 1.47857e+00 7.05199e-01 2.19265e+00 5.46002e-01 
3.5 3.55 3.6 6.79387e-01 2.88992e-01 1.00190e+00 2.23736e-01 -2.49163e-01 4.08752e-01 9.32800e-01 2.32811e-01 9.56945e-01 3.02589e-01 3.36802e-01 4.44897e-01 7.00481e-01 3.37116e-01 
3.6 3.65 3.7 3.88217e-01 2.34592e-01 4.91248e-01 1.70444e-01 -2.84747e-01 3.09176e-01 4.71502e-01 1.79641e-01 4.47454e-01 2.23681e-01 7.57134e-02 3.12656e-01 1.72673e-01 2.29899e-01 
3.7 3.75 3.8 1.87208e-01 1.32101e-01 2.03720e-01 9.71466e-02 1.26583e-01 1.93407e-01 1.99241e-01 1.01342e-01 2.03692e-01 1.27481e-01 1.06541e-01 1.74743e-01 1.73353e-01 1.38693e-01 
3.8 3.85 3.9 -6.96510e-02 1.12438e-02 -4.03404e-02 6.61036e-03 -1.19196e-01 1.94055e-02 -4.48555e-02 7.26163e-03 -6.26403e-02 1.02359e-02 -1.13082e-01 1.81923e-02 -7.34117e-02 1.19947e-02 
3.9 3.95 4.0 0.00000e+00 0.00000e+00 0.00000e+00 0.00000e+00 0.00000e+00 0.00000e+00 0.00000e+00 0.00000e+00 0.00000e+00 0.00000e+00 0.00000e+00 0.00000e+00 0.00000e+00 0.00000e+00 
4.0 4.05 4.1 0.00000e+00 0.00000e+00 0.00000e+00 0.00000e+00 0.00000e+00 0.00000e+00 0.00000e+00 0.00000e+00 0.00000e+00 0.00000e+00 0.00000e+00 0.00000e+00 0.00000e+00 0.00000e+00 
4.1 4.15 4.2 0.00000e+00 0.00000e+00 0.00000e+00 0.00000e+00 0.00000e+00 0.00000e+00 0.00000e+00 0.00000e+00 0.00000e+00 0.00000e+00 0.00000e+00 0.00000e+00 0.00000e+00 0.00000e+00 
4.2 4.25 4.3 0.00000e+00 0.00000e+00 0.00000e+00 0.00000e+00 0.00000e+00 0.00000e+00 0.00000e+00 0.00000e+00 0.00000e+00 0.00000e+00 0.00000e+00 0.00000e+00 0.00000e+00 0.00000e+00 
4.3 4.35 4.4 0.00000e+00 0.00000e+00 0.00000e+00 0.00000e+00 0.00000e+00 0.00000e+00 0.00000e+00 0.00000e+00 0.00000e+00 0.00000e+00 0.00000e+00 0.00000e+00 0.00000e+00 0.00000e+00 
4.4 4.45 4.5 0.00000e+00 0.00000e+00 0.00000e+00 0.00000e+00 0.00000e+00 0.00000e+00 0.00000e+00 0.00000e+00 0.00000e+00 0.00000e+00 0.00000e+00 0.00000e+00 0.00000e+00 0.00000e+00 
4.5 4.55 4.6 0.00000e+00 0.00000e+00 0.00000e+00 0.00000e+00 0.00000e+00 0.00000e+00 0.00000e+00 0.00000e+00 0.00000e+00 0.00000e+00 0.00000e+00 0.00000e+00 0.00000e+00 0.00000e+00 
4.6 4.65 4.7 0.00000e+00 0.00000e+00 0.00000e+00 0.00000e+00 0.00000e+00 0.00000e+00 0.00000e+00 0.00000e+00 0.00000e+00 0.00000e+00 0.00000e+00 0.00000e+00 0.00000e+00 0.00000e+00 
4.7 4.75 4.8 0.00000e+00 0.00000e+00 0.00000e+00 0.00000e+00 0.00000e+00 0.00000e+00 0.00000e+00 0.00000e+00 0.00000e+00 0.00000e+00 0.00000e+00 0.00000e+00 0.00000e+00 0.00000e+00 
4.8 4.85 4.9 0.00000e+00 0.00000e+00 0.00000e+00 0.00000e+00 0.00000e+00 0.00000e+00 0.00000e+00 0.00000e+00 0.00000e+00 0.00000e+00 0.00000e+00 0.00000e+00 0.00000e+00 0.00000e+00 
4.9 4.95 5.0 0.00000e+00 0.00000e+00 0.00000e+00 0.00000e+00 0.00000e+00 0.00000e+00 0.00000e+00 0.00000e+00 0.00000e+00 0.00000e+00 0.00000e+00 0.00000e+00 0.00000e+00 0.00000e+00 
5.0 5.05 5.1 0.00000e+00 0.00000e+00 0.00000e+00 0.00000e+00 0.00000e+00 0.00000e+00 0.00000e+00 0.00000e+00 0.00000e+00 0.00000e+00 0.00000e+00 0.00000e+00 0.00000e+00 0.00000e+00 
5.1 5.15 5.2 0.00000e+00 0.00000e+00 0.00000e+00 0.00000e+00 0.00000e+00 0.00000e+00 0.00000e+00 0.00000e+00 0.00000e+00 0.00000e+00 0.00000e+00 0.00000e+00 0.00000e+00 0.00000e+00 
5.2 5.25 5.3 0.00000e+00 0.00000e+00 0.00000e+00 0.00000e+00 0.00000e+00 0.00000e+00 0.00000e+00 0.00000e+00 0.00000e+00 0.00000e+00 0.00000e+00 0.00000e+00 0.00000e+00 0.00000e+00 
5.3 5.35 5.4 0.00000e+00 0.00000e+00 0.00000e+00 0.00000e+00 0.00000e+00 0.00000e+00 0.00000e+00 0.00000e+00 0.00000e+00 0.00000e+00 0.00000e+00 0.00000e+00 0.00000e+00 0.00000e+00 
5.4 5.45 5.5 0.00000e+00 0.00000e+00 0.00000e+00 0.00000e+00 0.00000e+00 0.00000e+00 0.00000e+00 0.00000e+00 0.00000e+00 0.00000e+00 0.00000e+00 0.00000e+00 0.00000e+00 0.00000e+00 
5.5 5.55 5.6 0.00000e+00 0.00000e+00 0.00000e+00 0.00000e+00 0.00000e+00 0.00000e+00 0.00000e+00 0.00000e+00 0.00000e+00 0.00000e+00 0.00000e+00 0.00000e+00 0.00000e+00 0.00000e+00 
5.6 5.65 5.7 0.00000e+00 0.00000e+00 0.00000e+00 0.00000e+00 0.00000e+00 0.00000e+00 0.00000e+00 0.00000e+00 0.00000e+00 0.00000e+00 0.00000e+00 0.00000e+00 0.00000e+00 0.00000e+00 
5.7 5.75 5.8 0.00000e+00 0.00000e+00 0.00000e+00 0.00000e+00 0.00000e+00 0.00000e+00 0.00000e+00 0.00000e+00 0.00000e+00 0.00000e+00 0.00000e+00 0.00000e+00 0.00000e+00 0.00000e+00 
5.8 5.85 5.9 0.00000e+00 0.00000e+00 0.00000e+00 0.00000e+00 0.00000e+00 0.00000e+00 0.00000e+00 0.00000e+00 0.00000e+00 0.00000e+00 0.00000e+00 0.00000e+00 0.00000e+00 0.00000e+00 
5.9 5.95 6.0 0.00000e+00 0.00000e+00 0.00000e+00 0.00000e+00 0.00000e+00 0.00000e+00 0.00000e+00 0.00000e+00 0.00000e+00 0.00000e+00 0.00000e+00 0.00000e+00 0.00000e+00 0.00000e+00 
6.0 6.05 6.1 0.00000e+00 0.00000e+00 0.00000e+00 0.00000e+00 0.00000e+00 0.00000e+00 0.00000e+00 0.00000e+00 0.00000e+00 0.00000e+00 0.00000e+00 0.00000e+00 0.00000e+00 0.00000e+00 
6.1 6.15 6.2 0.00000e+00 0.00000e+00 0.00000e+00 0.00000e+00 0.00000e+00 0.00000e+00 0.00000e+00 0.00000e+00 0.00000e+00 0.00000e+00 0.00000e+00 0.00000e+00 0.00000e+00 0.00000e+00 
6.2 6.25 6.3 0.00000e+00 0.00000e+00 0.00000e+00 0.00000e+00 0.00000e+00 0.00000e+00 0.00000e+00 0.00000e+00 0.00000e+00 0.00000e+00 0.00000e+00 0.00000e+00 0.00000e+00 0.00000e+00 
6.3 6.35 6.4 0.00000e+00 0.00000e+00 0.00000e+00 0.00000e+00 0.00000e+00 0.00000e+00 0.00000e+00 0.00000e+00 0.00000e+00 0.00000e+00 0.00000e+00 0.00000e+00 0.00000e+00 0.00000e+00 
6.4 6.45 6.5 0.00000e+00 0.00000e+00 0.00000e+00 0.00000e+00 0.00000e+00 0.00000e+00 0.00000e+00 0.00000e+00 0.00000e+00 0.00000e+00 0.00000e+00 0.00000e+00 0.00000e+00 0.00000e+00 
6.5 6.55 6.6 0.00000e+00 0.00000e+00 0.00000e+00 0.00000e+00 0.00000e+00 0.00000e+00 0.00000e+00 0.00000e+00 0.00000e+00 0.00000e+00 0.00000e+00 0.00000e+00 0.00000e+00 0.00000e+00 
6.6 6.65 6.7 0.00000e+00 0.00000e+00 0.00000e+00 0.00000e+00 0.00000e+00 0.00000e+00 0.00000e+00 0.00000e+00 0.00000e+00 0.00000e+00 0.00000e+00 0.00000e+00 0.00000e+00 0.00000e+00 
6.7 6.75 6.8 0.00000e+00 0.00000e+00 0.00000e+00 0.00000e+00 0.00000e+00 0.00000e+00 0.00000e+00 0.00000e+00 0.00000e+00 0.00000e+00 0.00000e+00 0.00000e+00 0.00000e+00 0.00000e+00 
6.8 6.85 6.9 0.00000e+00 0.00000e+00 0.00000e+00 0.00000e+00 0.00000e+00 0.00000e+00 0.00000e+00 0.00000e+00 0.00000e+00 0.00000e+00 0.00000e+00 0.00000e+00 0.00000e+00 0.00000e+00 
6.9 6.95 7.0 0.00000e+00 0.00000e+00 0.00000e+00 0.00000e+00 0.00000e+00 0.00000e+00 0.00000e+00 0.00000e+00 0.00000e+00 0.00000e+00 0.00000e+00 0.00000e+00 0.00000e+00 0.00000e+00 
7.0 7.05 7.1 0.00000e+00 0.00000e+00 0.00000e+00 0.00000e+00 0.00000e+00 0.00000e+00 0.00000e+00 0.00000e+00 0.00000e+00 0.00000e+00 0.00000e+00 0.00000e+00 0.00000e+00 0.00000e+00 
7.1 7.15 7.2 0.00000e+00 0.00000e+00 0.00000e+00 0.00000e+00 0.00000e+00 0.00000e+00 0.00000e+00 0.00000e+00 0.00000e+00 0.00000e+00 0.00000e+00 0.00000e+00 0.00000e+00 0.00000e+00 
7.2 7.25 7.3 0.00000e+00 0.00000e+00 0.00000e+00 0.00000e+00 0.00000e+00 0.00000e+00 0.00000e+00 0.00000e+00 0.00000e+00 0.00000e+00 0.00000e+00 0.00000e+00 0.00000e+00 0.00000e+00 
7.3 7.35 7.4 0.00000e+00 0.00000e+00 0.00000e+00 0.00000e+00 0.00000e+00 0.00000e+00 0.00000e+00 0.00000e+00 0.00000e+00 0.00000e+00 0.00000e+00 0.00000e+00 0.00000e+00 0.00000e+00 
7.4 7.45 7.5 0.00000e+00 0.00000e+00 0.00000e+00 0.00000e+00 0.00000e+00 0.00000e+00 0.00000e+00 0.00000e+00 0.00000e+00 0.00000e+00 0.00000e+00 0.00000e+00 0.00000e+00 0.00000e+00 
7.5 7.55 7.6 0.00000e+00 0.00000e+00 0.00000e+00 0.00000e+00 0.00000e+00 0.00000e+00 0.00000e+00 0.00000e+00 0.00000e+00 0.00000e+00 0.00000e+00 0.00000e+00 0.00000e+00 0.00000e+00 
7.6 7.65 7.7 0.00000e+00 0.00000e+00 0.00000e+00 0.00000e+00 0.00000e+00 0.00000e+00 0.00000e+00 0.00000e+00 0.00000e+00 0.00000e+00 0.00000e+00 0.00000e+00 0.00000e+00 0.00000e+00 
7.7 7.75 7.8 0.00000e+00 0.00000e+00 0.00000e+00 0.00000e+00 0.00000e+00 0.00000e+00 0.00000e+00 0.00000e+00 0.00000e+00 0.00000e+00 0.00000e+00 0.00000e+00 0.00000e+00 0.00000e+00 
7.8 7.85 7.9 0.00000e+00 0.00000e+00 0.00000e+00 0.00000e+00 0.00000e+00 0.00000e+00 0.00000e+00 0.00000e+00 0.00000e+00 0.00000e+00 0.00000e+00 0.00000e+00 0.00000e+00 0.00000e+00 
7.9 7.95 8.0 0.00000e+00 0.00000e+00 0.00000e+00 0.00000e+00 0.00000e+00 0.00000e+00 0.00000e+00 0.00000e+00 0.00000e+00 0.00000e+00 0.00000e+00 0.00000e+00 0.00000e+00 0.00000e+00 
8.0 8.05 8.1 0.00000e+00 0.00000e+00 0.00000e+00 0.00000e+00 0.00000e+00 0.00000e+00 0.00000e+00 0.00000e+00 0.00000e+00 0.00000e+00 0.00000e+00 0.00000e+00 0.00000e+00 0.00000e+00 
8.1 8.15 8.2 0.00000e+00 0.00000e+00 0.00000e+00 0.00000e+00 0.00000e+00 0.00000e+00 0.00000e+00 0.00000e+00 0.00000e+00 0.00000e+00 0.00000e+00 0.00000e+00 0.00000e+00 0.00000e+00 
8.2 8.25 8.3 0.00000e+00 0.00000e+00 0.00000e+00 0.00000e+00 0.00000e+00 0.00000e+00 0.00000e+00 0.00000e+00 0.00000e+00 0.00000e+00 0.00000e+00 0.00000e+00 0.00000e+00 0.00000e+00 
8.3 8.35 8.4 0.00000e+00 0.00000e+00 0.00000e+00 0.00000e+00 0.00000e+00 0.00000e+00 0.00000e+00 0.00000e+00 0.00000e+00 0.00000e+00 0.00000e+00 0.00000e+00 0.00000e+00 0.00000e+00 
8.4 8.45 8.5 0.00000e+00 0.00000e+00 0.00000e+00 0.00000e+00 0.00000e+00 0.00000e+00 0.00000e+00 0.00000e+00 0.00000e+00 0.00000e+00 0.00000e+00 0.00000e+00 0.00000e+00 0.00000e+00 
8.5 8.55 8.6 0.00000e+00 0.00000e+00 0.00000e+00 0.00000e+00 0.00000e+00 0.00000e+00 0.00000e+00 0.00000e+00 0.00000e+00 0.00000e+00 0.00000e+00 0.00000e+00 0.00000e+00 0.00000e+00 
8.6 8.65 8.7 0.00000e+00 0.00000e+00 0.00000e+00 0.00000e+00 0.00000e+00 0.00000e+00 0.00000e+00 0.00000e+00 0.00000e+00 0.00000e+00 0.00000e+00 0.00000e+00 0.00000e+00 0.00000e+00 
8.7 8.75 8.8 0.00000e+00 0.00000e+00 0.00000e+00 0.00000e+00 0.00000e+00 0.00000e+00 0.00000e+00 0.00000e+00 0.00000e+00 0.00000e+00 0.00000e+00 0.00000e+00 0.00000e+00 0.00000e+00 
8.8 8.85 8.9 0.00000e+00 0.00000e+00 0.00000e+00 0.00000e+00 0.00000e+00 0.00000e+00 0.00000e+00 0.00000e+00 0.00000e+00 0.00000e+00 0.00000e+00 0.00000e+00 0.00000e+00 0.00000e+00 
8.9 8.95 9.0 0.00000e+00 0.00000e+00 0.00000e+00 0.00000e+00 0.00000e+00 0.00000e+00 0.00000e+00 0.00000e+00 0.00000e+00 0.00000e+00 0.00000e+00 0.00000e+00 0.00000e+00 0.00000e+00 
9.0 9.05 9.1 0.00000e+00 0.00000e+00 0.00000e+00 0.00000e+00 0.00000e+00 0.00000e+00 0.00000e+00 0.00000e+00 0.00000e+00 0.00000e+00 0.00000e+00 0.00000e+00 0.00000e+00 0.00000e+00 
9.1 9.15 9.2 0.00000e+00 0.00000e+00 0.00000e+00 0.00000e+00 0.00000e+00 0.00000e+00 0.00000e+00 0.00000e+00 0.00000e+00 0.00000e+00 0.00000e+00 0.00000e+00 0.00000e+00 0.00000e+00 
9.2 9.25 9.3 0.00000e+00 0.00000e+00 0.00000e+00 0.00000e+00 0.00000e+00 0.00000e+00 0.00000e+00 0.00000e+00 0.00000e+00 0.00000e+00 0.00000e+00 0.00000e+00 0.00000e+00 0.00000e+00 
9.3 9.35 9.4 0.00000e+00 0.00000e+00 0.00000e+00 0.00000e+00 0.00000e+00 0.00000e+00 0.00000e+00 0.00000e+00 0.00000e+00 0.00000e+00 0.00000e+00 0.00000e+00 0.00000e+00 0.00000e+00 
9.4 9.45 9.5 0.00000e+00 0.00000e+00 0.00000e+00 0.00000e+00 0.00000e+00 0.00000e+00 0.00000e+00 0.00000e+00 0.00000e+00 0.00000e+00 0.00000e+00 0.00000e+00 0.00000e+00 0.00000e+00 
9.5 9.55 9.6 0.00000e+00 0.00000e+00 0.00000e+00 0.00000e+00 0.00000e+00 0.00000e+00 0.00000e+00 0.00000e+00 0.00000e+00 0.00000e+00 0.00000e+00 0.00000e+00 0.00000e+00 0.00000e+00 
9.6 9.65 9.7 0.00000e+00 0.00000e+00 0.00000e+00 0.00000e+00 0.00000e+00 0.00000e+00 0.00000e+00 0.00000e+00 0.00000e+00 0.00000e+00 0.00000e+00 0.00000e+00 0.00000e+00 0.00000e+00 
9.7 9.75 9.8 0.00000e+00 0.00000e+00 0.00000e+00 0.00000e+00 0.00000e+00 0.00000e+00 0.00000e+00 0.00000e+00 0.00000e+00 0.00000e+00 0.00000e+00 0.00000e+00 0.00000e+00 0.00000e+00 
9.8 9.85 9.9 0.00000e+00 0.00000e+00 0.00000e+00 0.00000e+00 0.00000e+00 0.00000e+00 0.00000e+00 0.00000e+00 0.00000e+00 0.00000e+00 0.00000e+00 0.00000e+00 0.00000e+00 0.00000e+00 
9.9 9.95 10.0 0.00000e+00 0.00000e+00 0.00000e+00 0.00000e+00 0.00000e+00 0.00000e+00 0.00000e+00 0.00000e+00 0.00000e+00 0.00000e+00 0.00000e+00 0.00000e+00 0.00000e+00 0.00000e+00 
