0.0 15.0 30.0 1.64321e+01 6.83254e-02 1.27528e+01 4.43070e-02 2.04227e+01 1.10300e-01 1.28850e+01 4.70725e-02 1.63660e+01 6.48423e-02 2.04621e+01 1.03875e-01 1.65288e+01 7.25099e-02 
30.0 45.0 60.0 3.15634e+01 1.08249e-01 2.42830e+01 7.38774e-02 3.99107e+01 1.67455e-01 2.46079e+01 7.61128e-02 3.13422e+01 1.04705e-01 3.98088e+01 1.60801e-01 3.18881e+01 1.12603e-01 
60.0 75.0 90.0 3.58802e+01 1.38812e-01 2.85145e+01 9.56329e-02 4.25377e+01 2.11623e-01 2.88759e+01 9.89949e-02 3.57152e+01 1.34164e-01 4.28770e+01 2.02435e-01 3.60726e+01 1.44925e-01 
90.0 105.0 120.0 2.65706e+01 9.49182e-02 2.10220e+01 6.58468e-02 3.17915e+01 1.42166e-01 2.14017e+01 6.90726e-02 2.63329e+01 9.04094e-02 3.19053e+01 1.34853e-01 2.68729e+01 9.98481e-02 
120.0 135.0 150.0 1.63767e+01 6.14387e-02 1.29964e+01 4.31785e-02 1.94728e+01 9.09764e-02 1.33024e+01 4.53507e-02 1.61588e+01 5.85987e-02 1.94857e+01 8.57582e-02 1.66496e+01 6.51720e-02 
150.0 165.0 180.0 9.96902e+00 3.87410e-02 7.94973e+00 2.75996e-02 1.17387e+01 5.64312e-02 8.17042e+00 2.90130e-02 9.80549e+00 3.69366e-02 1.17346e+01 5.32063e-02 1.01693e+01 4.10900e-02 
180.0 195.0 210.0 6.25924e+00 2.64944e-02 5.01735e+00 1.89804e-02 7.29228e+00 3.83607e-02 5.17114e+00 1.99816e-02 6.14560e+00 2.52282e-02 7.29580e+00 3.61243e-02 6.39474e+00 2.81280e-02 
210.0 225.0 240.0 4.04447e+00 1.86144e-02 3.25170e+00 1.34091e-02 4.67551e+00 2.67207e-02 3.36217e+00 1.41717e-02 3.96089e+00 1.76774e-02 4.68046e+00 2.50861e-02 4.14010e+00 1.98606e-02 
240.0 255.0 270.0 2.69971e+00 1.35940e-02 2.17886e+00 9.85671e-03 3.09482e+00 1.93919e-02 2.25791e+00 1.04109e-02 2.64153e+00 1.28949e-02 3.10121e+00 1.82100e-02 2.76600e+00 1.44854e-02 
270.0 285.0 300.0 1.84161e+00 1.01583e-02 1.49097e+00 7.37550e-03 2.09811e+00 1.44340e-02 1.54840e+00 7.82430e-03 1.79826e+00 9.60339e-03 2.10246e+00 1.35277e-02 1.88965e+00 1.08416e-02 
300.0 315.0 330.0 1.27778e+00 7.80609e-03 1.03852e+00 5.68110e-03 1.45093e+00 1.10894e-02 1.07871e+00 6.02631e-03 1.24864e+00 7.38327e-03 1.45210e+00 1.03702e-02 1.31410e+00 8.34861e-03 
330.0 345.0 360.0 9.09278e-01 5.96378e-03 7.39120e-01 4.36203e-03 1.02910e+00 8.46086e-03 7.70045e-01 4.62784e-03 8.85894e-01 5.64228e-03 1.03029e+00 7.89115e-03 9.36048e-01 6.39798e-03 
360.0 375.0 390.0 6.56576e-01 4.76213e-03 5.34775e-01 3.45463e-03 7.39591e-01 6.78479e-03 5.58124e-01 3.69293e-03 6.38838e-01 4.46308e-03 7.40425e-01 6.30096e-03 6.76541e-01 5.12328e-03 
390.0 405.0 420.0 4.86853e-01 3.94601e-03 3.97695e-01 2.86541e-03 5.46114e-01 5.62901e-03 4.15202e-01 3.06264e-03 4.73997e-01 3.69970e-03 5.46987e-01 5.21763e-03 5.02009e-01 4.24824e-03 
420.0 435.0 450.0 3.65840e-01 3.19515e-03 2.98866e-01 2.32773e-03 4.09030e-01 4.52800e-03 3.12569e-01 2.49034e-03 3.55550e-01 2.99526e-03 4.10295e-01 4.20087e-03 3.77155e-01 3.44257e-03 
450.0 465.0 480.0 2.77539e-01 2.62598e-03 2.26852e-01 1.92355e-03 3.10633e-01 3.72126e-03 2.37514e-01 2.05711e-03 2.69487e-01 2.46340e-03 3.11308e-01 3.44501e-03 2.86698e-01 2.83850e-03 
480.0 495.0 510.0 2.09072e-01 2.10036e-03 1.71676e-01 1.55107e-03 2.32105e-01 2.93427e-03 1.79732e-01 1.65623e-03 2.03178e-01 1.97388e-03 2.32944e-01 2.73514e-03 2.15897e-01 2.25859e-03 
510.0 525.0 540.0 1.64700e-01 1.82085e-03 1.35020e-01 1.33874e-03 1.83498e-01 2.54862e-03 1.41687e-01 1.43514e-03 1.59661e-01 1.70419e-03 1.83441e-01 2.36307e-03 1.70577e-01 1.96351e-03 
540.0 555.0 570.0 1.27369e-01 1.50699e-03 1.04408e-01 1.10846e-03 1.41315e-01 2.11283e-03 1.09681e-01 1.18933e-03 1.23355e-01 1.40919e-03 1.41921e-01 1.95672e-03 1.31624e-01 1.62964e-03 
570.0 585.0 600.0 9.98986e-02 1.29008e-03 8.20125e-02 9.49298e-04 1.10538e-01 1.81493e-03 8.62229e-02 1.01873e-03 9.67158e-02 1.20619e-03 1.10914e-01 1.67216e-03 1.03324e-01 1.39747e-03 
600.0 615.0 630.0 8.20052e-02 1.13577e-03 6.70123e-02 8.38751e-04 9.16502e-02 1.58263e-03 7.05675e-02 9.00613e-04 7.92310e-02 1.06203e-03 9.16375e-02 1.46190e-03 8.50012e-02 1.22913e-03 
630.0 645.0 660.0 6.31468e-02 9.25720e-04 5.18951e-02 6.82033e-04 6.97144e-02 1.30061e-03 5.46337e-02 7.33791e-04 6.10746e-02 8.63058e-04 6.99818e-02 1.19448e-03 6.53456e-02 1.00563e-03 
660.0 675.0 690.0 5.05874e-02 8.28365e-04 4.16403e-02 6.09048e-04 5.56003e-02 1.16829e-03 4.38745e-02 6.56996e-04 4.89038e-02 7.70122e-04 5.58876e-02 1.06843e-03 5.22962e-02 9.04161e-04 
690.0 705.0 720.0 4.18610e-02 6.91078e-04 3.44746e-02 5.12062e-04 4.61136e-02 9.63031e-04 3.62960e-02 5.50908e-04 4.05130e-02 6.44656e-04 4.63207e-02 8.85781e-04 4.33345e-02 7.49924e-04 
720.0 735.0 750.0 3.30628e-02 6.12460e-04 2.72098e-02 4.52300e-04 3.63936e-02 8.58517e-04 2.87110e-02 4.87138e-04 3.19235e-02 5.70598e-04 3.65210e-02 7.87141e-04 3.42572e-02 6.65887e-04 
750.0 765.0 780.0 2.75734e-02 5.31516e-04 2.27516e-02 3.97272e-04 3.01271e-02 7.35309e-04 2.40245e-02 4.27136e-04 2.66206e-02 4.95962e-04 3.03125e-02 6.75301e-04 2.85509e-02 5.76933e-04 
780.0 795.0 810.0 2.28012e-02 4.91135e-04 1.87595e-02 3.63101e-04 2.51522e-02 6.90739e-04 1.98441e-02 3.92711e-04 2.20070e-02 4.56453e-04 2.52124e-02 6.28727e-04 2.36683e-02 5.37193e-04 
810.0 825.0 840.0 1.91193e-02 4.14825e-04 1.56924e-02 3.06503e-04 2.12314e-02 5.79471e-04 1.66009e-02 3.31480e-04 1.84141e-02 3.84755e-04 2.11774e-02 5.30234e-04 1.99132e-02 4.52673e-04 
840.0 855.0 870.0 1.60617e-02 3.72751e-04 1.31653e-02 2.76626e-04 1.77960e-02 5.18824e-04 1.39460e-02 2.98909e-04 1.54492e-02 3.46259e-04 1.78027e-02 4.74205e-04 1.67019e-02 4.06777e-04 
870.0 885.0 900.0 1.32217e-02 3.34872e-04 1.07934e-02 2.48294e-04 1.47226e-02 4.67384e-04 1.14695e-02 2.69092e-04 1.26691e-02 3.10134e-04 1.46881e-02 4.25018e-04 1.37741e-02 3.67138e-04 
900.0 915.0 930.0 1.18341e-02 3.22379e-04 9.56010e-03 2.34419e-04 1.35273e-02 4.61793e-04 1.01867e-02 2.55785e-04 1.12955e-02 2.95989e-04 1.33258e-02 4.15608e-04 1.24198e-02 3.56575e-04 
930.0 945.0 960.0 9.62410e-03 2.86558e-04 7.79773e-03 2.08645e-04 1.09175e-02 4.06129e-04 8.30699e-03 2.27724e-04 9.19375e-03 2.63193e-04 1.07948e-02 3.68399e-04 1.00682e-02 3.16455e-04 
960.0 975.0 990.0 7.83125e-03 2.39307e-04 6.38844e-03 1.77801e-04 8.77375e-03 3.34246e-04 6.78992e-03 1.93006e-04 7.50645e-03 2.21048e-04 8.72365e-03 3.03012e-04 8.18205e-03 2.62599e-04 
990.0 1005.0 1020.0 6.55937e-03 2.25087e-04 5.33202e-03 1.64656e-04 7.38250e-03 3.20475e-04 5.68680e-03 1.80132e-04 6.26204e-03 2.06122e-04 7.31133e-03 2.87573e-04 6.87458e-03 2.49568e-04 
1020.0 1035.0 1050.0 5.62989e-03 2.00114e-04 4.56175e-03 1.46494e-04 6.37783e-03 2.84216e-04 4.87219e-03 1.60140e-04 5.36555e-03 1.83437e-04 6.29840e-03 2.55453e-04 5.91162e-03 2.21630e-04 
1050.0 1065.0 1080.0 4.80650e-03 1.87399e-04 3.88994e-03 1.37539e-04 5.46077e-03 2.63329e-04 4.15118e-03 1.49761e-04 4.58565e-03 1.72679e-04 5.39791e-03 2.39121e-04 5.04284e-03 2.06016e-04 
1080.0 1095.0 1110.0 4.25308e-03 1.64879e-04 3.45312e-03 1.23285e-04 4.81451e-03 2.26706e-04 3.68142e-03 1.33448e-04 4.06395e-03 1.53089e-04 4.76151e-03 2.07225e-04 4.46292e-03 1.80090e-04 
1110.0 1125.0 1140.0 3.26541e-03 1.39711e-04 2.64404e-03 1.02841e-04 3.71006e-03 1.96349e-04 2.82479e-03 1.12246e-04 3.11239e-03 1.28413e-04 3.68244e-03 1.77134e-04 3.43157e-03 1.54320e-04 
1140.0 1155.0 1170.0 3.01096e-03 1.33182e-04 2.44727e-03 1.00334e-04 3.37783e-03 1.81250e-04 2.60728e-03 1.08240e-04 2.88012e-03 1.24129e-04 3.37211e-03 1.66526e-04 3.13862e-03 1.44775e-04 
1170.0 1185.0 1200.0 2.51128e-03 1.21156e-04 2.01676e-03 8.96558e-05 2.89595e-03 1.69618e-04 2.16629e-03 9.77512e-05 2.37895e-03 1.11500e-04 2.83128e-03 1.53027e-04 2.65837e-03 1.33721e-04 
1200.0 1215.0 1230.0 2.18379e-03 1.04396e-04 1.78565e-03 7.78263e-05 2.45034e-03 1.44266e-04 1.89763e-03 8.45283e-05 2.09677e-03 9.65157e-05 2.43419e-03 1.31194e-04 2.28699e-03 1.14507e-04 
1230.0 1245.0 1260.0 1.94336e-03 9.96244e-05 1.54664e-03 7.36259e-05 2.26703e-03 1.38821e-04 1.66578e-03 8.02282e-05 1.83252e-03 9.17853e-05 2.21291e-03 1.25906e-04 2.05721e-03 1.09667e-04 
1260.0 1275.0 1290.0 1.72922e-03 1.05105e-04 1.37748e-03 7.65200e-05 1.94909e-03 1.36774e-04 1.48418e-03 8.43042e-05 1.63135e-03 9.55302e-05 1.96771e-03 1.33685e-04 1.78171e-03 1.08260e-04 
1290.0 1305.0 1320.0 1.43490e-03 7.90308e-05 1.15545e-03 5.96233e-05 1.64529e-03 1.07764e-04 1.23978e-03 6.47000e-05 1.36172e-03 7.31757e-05 1.61637e-03 9.81295e-05 1.51476e-03 8.65508e-05 
1320.0 1335.0 1350.0 1.13870e-03 7.28945e-05 9.20570e-04 5.56633e-05 1.29876e-03 9.78682e-05 9.86538e-04 6.00302e-05 1.08269e-03 6.80560e-05 1.28580e-03 9.05150e-05 1.19564e-03 7.91329e-05 
1350.0 1365.0 1380.0 1.06597e-03 6.82312e-05 8.56622e-04 5.28007e-05 1.24509e-03 9.01866e-05 9.21445e-04 5.66918e-05 1.00924e-03 6.41156e-05 1.20054e-03 8.29092e-05 1.12682e-03 7.34453e-05 
1380.0 1395.0 1410.0 1.08576e-03 6.95454e-05 8.72021e-04 5.45550e-05 1.26013e-03 8.96662e-05 9.33898e-04 5.84246e-05 1.02664e-03 6.55180e-05 1.23285e-03 8.33735e-05 1.14842e-03 7.47439e-05 
1410.0 1425.0 1440.0 6.71944e-04 4.82354e-05 5.26953e-04 3.51077e-05 8.09532e-04 6.84665e-05 5.73009e-04 3.86578e-05 6.27217e-04 4.39360e-05 7.73532e-04 6.12867e-05 7.20236e-04 5.37694e-05 
1440.0 1455.0 1470.0 6.28492e-04 4.89088e-05 5.03694e-04 3.63966e-05 7.30080e-04 6.78867e-05 5.41116e-04 3.96998e-05 5.96009e-04 4.50198e-05 7.12940e-04 6.12719e-05 6.66633e-04 5.40029e-05 
1470.0 1485.0 1500.0 6.10024e-04 4.72673e-05 4.58600e-04 3.35557e-05 6.75463e-04 6.31800e-05 5.23870e-04 3.85277e-05 5.78597e-04 4.35867e-05 6.94991e-04 5.89158e-05 6.40515e-04 5.20151e-05 
1500.0 1515.0 1530.0 5.25905e-04 4.03350e-05 4.18423e-04 2.97927e-05 6.14210e-04 5.65723e-05 4.52837e-04 3.27948e-05 4.94321e-04 3.67470e-05 5.96824e-04 5.05167e-05 5.59849e-04 4.49628e-05 
1530.0 1545.0 1560.0 4.49229e-04 3.96774e-05 3.67512e-04 3.09828e-05 5.33713e-04 5.75253e-05 3.84132e-04 3.16336e-05 4.36880e-04 3.85476e-05 5.15453e-04 5.07426e-05 4.80169e-04 4.48150e-05 
1560.0 1575.0 1590.0 3.41452e-04 3.04830e-05 2.67543e-04 2.17781e-05 4.11088e-04 4.43730e-05 2.91325e-04 2.43053e-05 3.18654e-04 2.73589e-05 3.90944e-04 3.89384e-05 3.66751e-04 3.45307e-05 
1590.0 1605.0 1620.0 3.10775e-04 2.72459e-05 2.56369e-04 2.10332e-05 3.36849e-04 3.61703e-05 2.73647e-04 2.27523e-05 2.97775e-04 2.53595e-05 3.40542e-04 3.30452e-05 3.22824e-04 2.96915e-05 
1620.0 1635.0 1650.0 2.59600e-04 2.53842e-05 2.11983e-04 1.89819e-05 3.02137e-04 3.57258e-05 2.23227e-04 2.05774e-05 2.51663e-04 2.35437e-05 2.95559e-04 3.18582e-05 2.75036e-04 2.83537e-05 
1650.0 1665.0 1680.0 1.93546e-04 2.10761e-05 1.53770e-04 1.50863e-05 2.23684e-04 3.08015e-05 1.67358e-04 1.69264e-05 1.80938e-04 1.87944e-05 2.18505e-04 2.68154e-05 2.07238e-04 2.40466e-05 
1680.0 1695.0 1710.0 1.93545e-04 1.75180e-05 1.56585e-04 1.34386e-05 2.17495e-04 2.34796e-05 1.69101e-04 1.46143e-05 1.83003e-04 1.62143e-05 2.14985e-04 2.12884e-05 2.03597e-04 1.92265e-05 
1710.0 1725.0 1740.0 1.59023e-04 1.55639e-05 1.30912e-04 1.21507e-05 1.71508e-04 2.00213e-05 1.40198e-04 1.30725e-05 1.51923e-04 1.46187e-05 1.73636e-04 1.86283e-05 1.64960e-04 1.67760e-05 
1740.0 1755.0 1770.0 1.52651e-04 1.53957e-05 1.21511e-04 1.10757e-05 1.73494e-04 2.17034e-05 1.30986e-04 1.23257e-05 1.44050e-04 1.39319e-05 1.70078e-04 1.92663e-05 1.62089e-04 1.72993e-05 
1770.0 1785.0 1800.0 1.19835e-04 1.26585e-05 9.48428e-05 9.33833e-06 1.29374e-04 1.56514e-05 1.05431e-04 1.07669e-05 1.14849e-04 1.20491e-05 1.31737e-04 1.49000e-05 1.24092e-04 1.34040e-05 
1800.0 1815.0 1830.0 1.12902e-04 1.13841e-05 9.11330e-05 8.75561e-06 1.29001e-04 1.50568e-05 9.83132e-05 9.48280e-06 1.06982e-04 1.05973e-05 1.26536e-04 1.38025e-05 1.19761e-04 1.24013e-05 
1830.0 1845.0 1860.0 1.12348e-04 1.24279e-05 8.55751e-05 8.83343e-06 1.41180e-04 1.81633e-05 9.48279e-05 9.92815e-06 1.02668e-04 1.10751e-05 1.31756e-04 1.58479e-05 1.23208e-04 1.41970e-05 
1860.0 1875.0 1890.0 7.45476e-05 8.76471e-06 5.80619e-05 6.22923e-06 9.21607e-05 1.28928e-05 6.39276e-05 7.03429e-06 6.87795e-05 7.77534e-06 8.54017e-05 1.11294e-05 8.11773e-05 1.00522e-05 
1890.0 1905.0 1920.0 6.86942e-05 7.84488e-06 5.49985e-05 5.97093e-06 7.92935e-05 1.05102e-05 5.96349e-05 6.52293e-06 6.42781e-05 7.23680e-06 7.72325e-05 9.54151e-06 7.32961e-05 8.63287e-06 
1920.0 1935.0 1950.0 6.11712e-05 6.57692e-06 4.97510e-05 5.19153e-06 6.80376e-05 8.12747e-06 5.36159e-05 5.56652e-06 5.80195e-05 6.22596e-06 6.77568e-05 7.76521e-06 6.43309e-05 6.98892e-06 
1950.0 1965.0 1980.0 3.98018e-05 4.81370e-06 3.24273e-05 3.65111e-06 4.39156e-05 6.44988e-06 3.53161e-05 4.00334e-06 3.75077e-05 4.42357e-06 4.35038e-05 5.84352e-06 4.21379e-05 5.31651e-06 
1980.0 1995.0 2010.0 6.33210e-05 7.64915e-06 4.59720e-05 5.16869e-06 8.11954e-05 1.14142e-05 5.32013e-05 6.08595e-06 5.51924e-05 6.47974e-06 7.48177e-05 9.80989e-06 7.01850e-05 8.86634e-06 
2010.0 2025.0 2040.0 4.55901e-05 5.39453e-06 3.54267e-05 3.99199e-06 5.51138e-05 7.51803e-06 3.90833e-05 4.43256e-06 4.19934e-05 4.88100e-06 5.22989e-05 6.66224e-06 4.95572e-05 6.06495e-06 
2040.0 2055.0 2070.0 2.25687e-05 3.31386e-06 1.86999e-05 2.46733e-06 2.86191e-05 4.88558e-06 2.05867e-05 2.75979e-06 2.28873e-05 3.18378e-06 2.63661e-05 4.15982e-06 2.66741e-05 3.98668e-06 
2070.0 2085.0 2100.0 3.35611e-05 4.29087e-06 2.69054e-05 3.36686e-06 4.20159e-05 5.88293e-06 2.97672e-05 3.68687e-06 3.07208e-05 3.93736e-06 4.00319e-05 5.38029e-06 3.66424e-05 4.75322e-06 
2100.0 2115.0 2130.0 2.79124e-05 3.55844e-06 2.17819e-05 2.71150e-06 3.51202e-05 4.83124e-06 2.39824e-05 2.98323e-06 2.57793e-05 3.26339e-06 3.19286e-05 4.27231e-06 3.14678e-05 4.01499e-06 
2130.0 2145.0 2160.0 1.99961e-05 2.82428e-06 1.51703e-05 2.01024e-06 2.61552e-05 4.20295e-06 1.69584e-05 2.28045e-06 1.81282e-05 2.49566e-06 2.49222e-05 3.76593e-06 2.22925e-05 3.25031e-06 
2160.0 2175.0 2190.0 1.59759e-05 2.17841e-06 1.28541e-05 1.61738e-06 1.96483e-05 3.19445e-06 1.40274e-05 1.81104e-06 1.49592e-05 1.95697e-06 1.91868e-05 2.89901e-06 1.86268e-05 2.71513e-06 
2190.0 2205.0 2220.0 1.56694e-05 2.03362e-06 1.22958e-05 1.54326e-06 1.73763e-05 2.50349e-06 1.35148e-05 1.68931e-06 1.45155e-05 1.87835e-06 1.71645e-05 2.36041e-06 1.69543e-05 2.22520e-06 
2220.0 2235.0 2250.0 1.50915e-05 2.10200e-06 1.15334e-05 1.53320e-06 2.07717e-05 3.11700e-06 1.28679e-05 1.72509e-06 1.37234e-05 1.87704e-06 1.98353e-05 2.85360e-06 1.80374e-05 2.50640e-06 
2250.0 2265.0 2280.0 1.61213e-05 2.09042e-06 1.16726e-05 1.46507e-06 2.04194e-05 2.83865e-06 1.31359e-05 1.65194e-06 1.39926e-05 1.80563e-06 1.86547e-05 2.53336e-06 1.78168e-05 2.33599e-06 
2280.0 2295.0 2310.0 1.05128e-05 1.56114e-06 7.74311e-06 1.07353e-06 1.39517e-05 2.37412e-06 8.77790e-06 1.24182e-06 9.37773e-06 1.35022e-06 1.25283e-05 2.00335e-06 1.19123e-05 1.84143e-06 
2310.0 2325.0 2340.0 1.00855e-05 1.41872e-06 8.10716e-06 1.10377e-06 1.07103e-05 1.71981e-06 8.81256e-06 1.19973e-06 8.92319e-06 1.26609e-06 1.05124e-05 1.61356e-06 1.06349e-05 1.52660e-06 
2340.0 2355.0 2370.0 1.13272e-05 1.75873e-06 8.22838e-06 1.26931e-06 1.19060e-05 1.93311e-06 9.09603e-06 1.38846e-06 1.04943e-05 1.65282e-06 1.19750e-05 1.90659e-06 1.09857e-05 1.72356e-06 
2370.0 2385.0 2400.0 7.78273e-06 1.13473e-06 6.21202e-06 8.87292e-07 8.51090e-06 1.37198e-06 6.77190e-06 9.63239e-07 7.29466e-06 1.06067e-06 8.31634e-06 1.28071e-06 7.92256e-06 1.17417e-06 
2400.0 2415.0 2430.0 3.75982e-06 6.63585e-07 2.91193e-06 4.51734e-07 4.54209e-06 1.01456e-06 3.27440e-06 5.32994e-07 3.39410e-06 5.63108e-07 4.21491e-06 8.42738e-07 4.17708e-06 7.96844e-07 
2430.0 2445.0 2460.0 5.69701e-06 7.92951e-07 4.34117e-06 5.99817e-07 6.75167e-06 1.02661e-06 4.83888e-06 6.64879e-07 5.13226e-06 7.22025e-07 6.41394e-06 9.30919e-07 6.24404e-06 8.80525e-07 
2460.0 2475.0 2490.0 3.52814e-06 6.46367e-07 3.21887e-06 5.76329e-07 4.72709e-06 1.00463e-06 3.28691e-06 5.98016e-07 3.22031e-06 5.79782e-07 4.04114e-06 7.90652e-07 4.47834e-06 8.61246e-07 
2490.0 2505.0 2520.0 3.61270e-06 5.04916e-07 2.72315e-06 3.61486e-07 4.53335e-06 7.28856e-07 3.07940e-06 4.12767e-07 3.24382e-06 4.43901e-07 4.19663e-06 6.27232e-07 4.05349e-06 5.84691e-07 
2520.0 2535.0 2550.0 3.68759e-06 5.11530e-07 2.73702e-06 3.66933e-07 4.98409e-06 7.55950e-07 3.11496e-06 4.18483e-07 3.28015e-06 4.51251e-07 4.34352e-06 6.34650e-07 4.18017e-06 5.90344e-07 
2550.0 2565.0 2580.0 3.98729e-06 5.47231e-07 2.96338e-06 3.92016e-07 5.10757e-06 7.90292e-07 3.37285e-06 4.47275e-07 3.54964e-06 4.81230e-07 4.53657e-06 6.61635e-07 4.46031e-06 6.34703e-07 
2580.0 2595.0 2610.0 3.11937e-06 4.70828e-07 2.41994e-06 3.72130e-07 3.69676e-06 5.72734e-07 2.69676e-06 4.05500e-07 2.84987e-06 4.39894e-07 3.54295e-06 5.43541e-07 3.38210e-06 5.05775e-07 
2610.0 2625.0 2640.0 2.48465e-06 3.76789e-07 1.84469e-06 2.70017e-07 3.22158e-06 5.43653e-07 2.10396e-06 3.08133e-07 2.20489e-06 3.31467e-07 2.92300e-06 4.67243e-07 2.78985e-06 4.37217e-07 
2640.0 2655.0 2670.0 1.78562e-06 2.83920e-07 1.27960e-06 1.91781e-07 2.46315e-06 4.38409e-07 1.48222e-06 2.25889e-07 1.54679e-06 2.41154e-07 2.14769e-06 3.63442e-07 2.07504e-06 3.41451e-07 
2670.0 2685.0 2700.0 1.43787e-06 2.49443e-07 1.09772e-06 1.84441e-07 1.71722e-06 3.35030e-07 1.23053e-06 2.06738e-07 1.28200e-06 2.27772e-07 1.59279e-06 3.01536e-07 1.56600e-06 2.81294e-07 
2700.0 2715.0 2730.0 9.89140e-07 1.97729e-07 8.27224e-07 1.63529e-07 9.83831e-07 2.15370e-07 8.92937e-07 1.74017e-07 9.44607e-07 1.90895e-07 1.04924e-06 2.20286e-07 1.00602e-06 2.02532e-07 
2730.0 2745.0 2760.0 1.00540e-06 1.67104e-07 6.86352e-07 1.10245e-07 1.13000e-06 2.02477e-07 7.80524e-07 1.24650e-07 8.10907e-07 1.34346e-07 1.03754e-06 1.81276e-07 1.06967e-06 1.77550e-07 
2760.0 2775.0 2790.0 7.78669e-07 1.47193e-07 5.64702e-07 9.69479e-08 1.12208e-06 2.48675e-07 6.39583e-07 1.15564e-07 6.64461e-07 1.21045e-07 8.98951e-07 1.87112e-07 9.56468e-07 1.92114e-07 
2790.0 2805.0 2820.0 9.75297e-07 1.49955e-07 7.50046e-07 1.15735e-07 1.18951e-06 1.92694e-07 8.41936e-07 1.27552e-07 8.83871e-07 1.37971e-07 1.11119e-06 1.76849e-07 1.07908e-06 1.64714e-07 
2820.0 2835.0 2850.0 8.46687e-07 1.35297e-07 6.31439e-07 9.99531e-08 9.64186e-07 1.67339e-07 7.92134e-07 1.27572e-07 7.77292e-07 1.25194e-07 9.33893e-07 1.54903e-07 9.16371e-07 1.47496e-07 
2850.0 2865.0 2880.0 8.86244e-07 1.51150e-07 6.84478e-07 1.17378e-07 1.23470e-06 2.13667e-07 7.63602e-07 1.29059e-07 8.09302e-07 1.39762e-07 1.01285e-06 1.76604e-07 1.03991e-06 1.71682e-07 
2880.0 2895.0 2910.0 4.99896e-07 9.84375e-08 3.56867e-07 6.54450e-08 6.86413e-07 1.56932e-07 4.19567e-07 7.86653e-08 4.44957e-07 8.35723e-08 6.10848e-07 1.28984e-07 5.89184e-07 1.21332e-07 
2910.0 2925.0 2940.0 4.59013e-07 8.81306e-08 3.57464e-07 6.56370e-08 5.51138e-07 1.19963e-07 3.99118e-07 7.37197e-08 4.19242e-07 7.92434e-08 5.17586e-07 1.06456e-07 4.80883e-07 9.63229e-08 
2940.0 2955.0 2970.0 3.83422e-07 5.96542e-08 2.91946e-07 4.48542e-08 4.47745e-07 7.67712e-08 3.32006e-07 5.06096e-08 3.42316e-07 5.34272e-08 4.35120e-07 7.07345e-08 4.10407e-07 6.55527e-08 
2970.0 2985.0 3000.0 3.89721e-07 7.10885e-08 3.40694e-07 5.67289e-08 5.22919e-07 1.08253e-07 3.38298e-07 5.81093e-08 3.08937e-07 5.59535e-08 4.46209e-07 8.97706e-08 5.15274e-07 9.19917e-08 
