-3.5 -3.45 -3.4 -1.60861e-05 4.93075e-06 -7.71377e-06 2.34797e-06 -4.10648e-05 9.19830e-06 -9.32705e-06 3.81886e-06 -1.31296e-05 3.20369e-06 -3.01585e-05 7.56586e-06 -2.68682e-05 5.95802e-06 
-3.4 -3.35 -3.3 3.29226e-04 1.82080e-04 3.53647e-04 1.38981e-04 -7.37224e-05 1.98932e-04 3.46505e-04 1.54560e-04 3.80843e-04 1.69693e-04 2.05469e-04 2.05962e-04 2.17141e-04 1.92698e-04 
-3.3 -3.25 -3.2 4.03299e-03 1.36308e-03 3.23509e-03 9.06503e-04 2.37755e-03 1.55918e-03 3.75092e-03 1.11493e-03 4.16457e-03 1.25229e-03 3.77663e-03 1.64485e-03 4.33869e-03 1.55097e-03 
-3.2 -3.15 -3.1 1.61697e-02 4.14120e-03 1.32663e-02 3.05920e-03 8.87852e-03 4.56550e-03 1.50531e-02 3.45145e-03 1.51593e-02 3.79727e-03 1.30725e-02 4.65269e-03 1.41030e-02 4.24771e-03 
-3.1 -3.05 -3.0 5.18857e-02 9.89009e-03 4.79801e-02 7.78416e-03 2.57771e-02 1.09053e-02 4.90933e-02 8.39537e-03 5.37276e-02 9.46835e-03 4.52071e-02 1.12533e-02 4.51824e-02 1.02552e-02 
-3.0 -2.95 -2.9 1.05136e-01 1.75714e-02 9.83052e-02 1.35126e-02 6.69491e-02 2.32757e-02 9.96546e-02 1.43732e-02 1.10033e-01 1.69631e-02 9.08647e-02 2.12528e-02 9.24367e-02 1.80317e-02 
-2.9 -2.85 -2.8 1.82736e-01 2.77567e-02 1.84460e-01 2.18145e-02 6.33289e-02 3.18933e-02 1.83051e-01 2.31924e-02 2.00632e-01 2.67521e-02 1.43518e-01 3.23187e-02 1.53665e-01 2.86547e-02 
-2.8 -2.75 -2.7 2.93459e-01 3.87925e-02 3.04676e-01 3.02153e-02 5.72382e-02 4.37864e-02 3.01642e-01 3.23164e-02 3.24700e-01 3.71629e-02 2.09628e-01 4.56009e-02 2.47073e-01 4.03379e-02 
-2.7 -2.65 -2.6 4.23058e-01 4.84866e-02 4.56013e-01 3.77515e-02 6.88854e-02 5.82568e-02 4.44895e-01 3.99150e-02 4.77128e-01 4.68375e-02 2.77082e-01 5.82244e-02 3.40311e-01 5.01912e-02 
-2.6 -2.55 -2.5 8.27378e-01 6.98503e-02 8.49034e-01 5.48126e-02 2.84081e-01 8.33284e-02 8.39834e-01 5.78656e-02 9.03562e-01 6.75729e-02 6.09838e-01 8.32580e-02 6.98926e-01 7.22692e-02 
-2.5 -2.45 -2.4 9.59623e-01 8.63275e-02 1.07016e+00 6.70924e-02 9.83460e-02 1.06234e-01 1.03991e+00 7.09442e-02 1.08948e+00 8.32035e-02 5.52655e-01 1.04276e-01 7.80017e-01 9.02335e-02 
-2.4 -2.35 -2.3 1.55842e+00 1.06347e-01 1.65432e+00 8.28136e-02 4.14175e-01 1.31306e-01 1.63098e+00 8.73382e-02 1.71241e+00 1.02567e-01 1.01556e+00 1.28708e-01 1.30958e+00 1.11341e-01 
-2.3 -2.25 -2.2 1.76653e+00 1.22247e-01 1.99872e+00 9.55238e-02 1.78873e-01 1.50002e-01 1.93065e+00 1.00367e-01 2.01565e+00 1.18372e-01 9.82669e-01 1.47939e-01 1.43958e+00 1.27048e-01 
-2.2 -2.15 -2.1 2.46329e+00 1.40735e-01 2.73174e+00 1.11021e-01 4.25439e-01 1.71032e-01 2.65033e+00 1.16222e-01 2.77438e+00 1.36551e-01 1.46076e+00 1.69060e-01 2.03197e+00 1.45656e-01 
-2.1 -2.05 -2.0 3.08300e+00 1.63998e-01 3.46739e+00 1.29211e-01 4.47087e-01 2.00798e-01 3.36278e+00 1.35064e-01 3.47510e+00 1.59446e-01 1.73511e+00 1.97878e-01 2.54666e+00 1.69781e-01 
-2.0 -1.95 -1.9 3.73035e+00 1.87748e-01 4.21334e+00 1.47639e-01 5.04154e-01 2.30512e-01 4.08771e+00 1.54324e-01 4.21665e+00 1.82330e-01 2.03331e+00 2.26743e-01 3.09150e+00 1.94733e-01 
-1.9 -1.85 -1.8 4.22911e+00 1.93271e-01 4.88115e+00 1.51717e-01 3.44225e-01 2.41101e-01 4.73042e+00 1.58352e-01 4.78520e+00 1.87726e-01 2.13497e+00 2.35564e-01 3.47835e+00 2.00770e-01 
-1.8 -1.75 -1.7 5.49641e+00 2.27940e-01 6.18950e+00 1.79889e-01 1.11586e+00 2.82837e-01 5.98908e+00 1.87060e-01 6.17821e+00 2.22525e-01 3.16913e+00 2.78229e-01 4.66891e+00 2.36518e-01 
-1.7 -1.65 -1.6 6.39489e+00 2.54915e-01 7.18080e+00 1.98287e-01 1.29438e+00 3.21951e-01 6.99131e+00 2.08274e-01 7.12097e+00 2.45493e-01 3.58073e+00 3.11509e-01 5.45091e+00 2.67006e-01 
-1.6 -1.55 -1.5 7.02802e+00 2.54517e-01 8.02655e+00 1.99450e-01 1.07588e+00 3.19577e-01 7.77637e+00 2.08019e-01 7.88373e+00 2.47111e-01 3.71449e+00 3.11473e-01 5.90275e+00 2.63512e-01 
-1.5 -1.45 -1.4 7.99247e+00 2.79997e-01 9.14109e+00 2.20761e-01 1.32826e+00 3.48062e-01 8.85236e+00 2.29438e-01 8.98187e+00 2.73073e-01 4.25108e+00 3.42248e-01 6.76552e+00 2.89495e-01 
-1.4 -1.35 -1.3 9.19775e+00 3.00212e-01 1.05309e+01 2.35878e-01 1.46266e+00 3.77206e-01 1.02451e+01 2.45283e-01 1.02907e+01 2.91645e-01 4.76607e+00 3.67377e-01 7.83306e+00 3.11642e-01 
-1.3 -1.25 -1.2 1.02933e+01 3.16776e-01 1.17038e+01 2.47708e-01 2.07274e+00 4.01409e-01 1.13254e+01 2.57714e-01 1.15265e+01 3.07847e-01 5.63409e+00 3.90669e-01 8.79036e+00 3.29074e-01 
-1.2 -1.15 -1.1 1.05518e+01 3.28504e-01 1.23060e+01 2.56574e-01 1.36919e+00 4.17495e-01 1.18540e+01 2.67387e-01 1.19370e+01 3.18471e-01 5.25408e+00 4.05553e-01 8.92439e+00 3.41231e-01 
-1.1 -1.05 -1.0 1.20520e+01 3.78930e-01 1.37480e+01 2.91039e-01 2.08987e+00 4.34767e-01 1.33185e+01 3.04316e-01 1.34615e+01 3.65937e-01 6.50311e+00 4.75676e-01 1.03052e+01 3.95926e-01 
-1.0 -0.95 -0.9 1.34174e+01 3.75219e-01 1.51993e+01 2.95127e-01 2.95366e+00 4.70088e-01 1.47591e+01 3.05977e-01 1.49110e+01 3.66198e-01 7.34770e+00 4.60766e-01 1.15584e+01 3.87416e-01 
-0.9 -0.85 -0.8 1.41339e+01 3.77914e-01 1.60983e+01 2.95928e-01 3.07983e+00 4.78017e-01 1.56058e+01 3.08192e-01 1.57057e+01 3.66920e-01 7.62819e+00 4.65059e-01 1.22352e+01 3.92563e-01 
-0.8 -0.75 -0.7 1.56456e+01 4.06792e-01 1.74833e+01 3.16798e-01 4.27424e+00 5.19251e-01 1.70174e+01 3.30610e-01 1.72857e+01 3.94619e-01 9.07131e+00 5.03471e-01 1.36602e+01 4.24426e-01 
-0.7 -0.65 -0.6 1.57809e+01 4.03855e-01 1.79245e+01 3.16711e-01 3.45295e+00 5.12114e-01 1.73948e+01 3.28871e-01 1.75373e+01 3.93781e-01 8.52850e+00 4.99150e-01 1.35553e+01 4.18967e-01 
-0.6 -0.55 -0.5 1.62994e+01 4.19733e-01 1.85787e+01 3.27499e-01 3.54320e+00 5.34903e-01 1.80167e+01 3.40640e-01 1.80961e+01 4.08385e-01 8.76719e+00 5.20254e-01 1.40974e+01 4.35997e-01 
-0.5 -0.45 -0.4 1.78907e+01 4.35282e-01 2.00923e+01 3.39189e-01 5.01675e+00 5.55342e-01 1.95297e+01 3.52938e-01 1.97783e+01 4.21667e-01 1.02956e+01 5.39090e-01 1.56666e+01 4.53079e-01 
-0.4 -0.35 -0.3 1.73123e+01 4.26921e-01 1.98024e+01 3.33018e-01 3.69629e+00 5.44915e-01 1.92038e+01 3.46927e-01 1.92588e+01 4.13424e-01 9.25052e+00 5.26353e-01 1.50163e+01 4.43755e-01 
-0.3 -0.25 -0.2 1.81462e+01 4.49368e-01 2.06252e+01 3.49085e-01 4.17632e+00 5.77305e-01 2.00321e+01 3.63735e-01 2.01165e+01 4.35363e-01 9.83221e+00 5.59157e-01 1.57687e+01 4.68046e-01 
-0.2 -0.15 -0.1 1.77786e+01 4.46869e-01 2.03621e+01 3.47389e-01 3.75644e+00 5.71527e-01 1.97728e+01 3.61846e-01 1.97451e+01 4.33060e-01 9.31637e+00 5.54770e-01 1.54520e+01 4.64719e-01 
-0.1 -0.05 0.0 1.75853e+01 4.31143e-01 2.00951e+01 3.36381e-01 3.84277e+00 5.52219e-01 1.94868e+01 3.49680e-01 1.96006e+01 4.17760e-01 9.36582e+00 5.34828e-01 1.52065e+01 4.47672e-01 
0.0 0.05 0.1 1.85221e+01 4.45740e-01 2.10007e+01 3.47654e-01 4.64588e+00 5.73287e-01 2.04045e+01 3.61581e-01 2.04579e+01 4.33322e-01 1.02183e+01 5.56884e-01 1.61826e+01 4.63014e-01 
0.1 0.15 0.2 1.81652e+01 4.36393e-01 2.06222e+01 3.41063e-01 4.30830e+00 5.55345e-01 2.00261e+01 3.54375e-01 2.01352e+01 4.24548e-01 9.95454e+00 5.41427e-01 1.58060e+01 4.52602e-01 
0.2 0.25 0.3 1.77092e+01 4.41997e-01 2.02249e+01 3.43963e-01 3.84112e+00 5.64910e-01 1.96319e+01 3.58276e-01 1.96899e+01 4.28248e-01 9.52317e+00 5.47237e-01 1.53438e+01 4.59426e-01 
0.3 0.35 0.4 1.75017e+01 4.22073e-01 1.99498e+01 3.30548e-01 3.88997e+00 5.32659e-01 1.93698e+01 3.43317e-01 1.94271e+01 4.10521e-01 9.36419e+00 5.21291e-01 1.52125e+01 4.36389e-01 
0.4 0.45 0.5 1.70373e+01 4.39993e-01 1.92873e+01 3.39486e-01 4.06376e+00 5.69384e-01 1.87873e+01 3.54289e-01 1.88701e+01 4.25224e-01 9.33923e+00 5.51586e-01 1.48859e+01 4.58762e-01 
0.5 0.55 0.6 1.65085e+01 4.40621e-01 1.86979e+01 3.39730e-01 3.50091e+00 5.22059e-01 1.81595e+01 3.55320e-01 1.83036e+01 4.25192e-01 9.08979e+00 5.50488e-01 1.43316e+01 4.60891e-01 
0.6 0.65 0.7 1.50352e+01 4.17171e-01 1.73965e+01 3.23982e-01 2.46799e+00 5.34418e-01 1.68376e+01 3.37419e-01 1.68210e+01 4.04415e-01 7.57862e+00 5.19177e-01 1.28593e+01 4.33828e-01 
0.7 0.75 0.8 1.53198e+01 3.95414e-01 1.73024e+01 3.08691e-01 3.68457e+00 5.02656e-01 1.68080e+01 3.21094e-01 1.69891e+01 3.84022e-01 8.52496e+00 4.89460e-01 1.32920e+01 4.10362e-01 
0.8 0.85 0.9 1.44948e+01 4.10426e-01 1.63335e+01 3.18251e-01 3.42809e+00 5.26891e-01 1.58900e+01 3.32635e-01 1.60543e+01 3.96638e-01 8.09158e+00 5.08855e-01 1.25355e+01 4.29146e-01 
0.9 0.95 1.0 1.25732e+01 3.69588e-01 1.44527e+01 2.89878e-01 2.10286e+00 4.67160e-01 1.39910e+01 3.00903e-01 1.40696e+01 3.60102e-01 6.53617e+00 4.55369e-01 1.06689e+01 3.83221e-01 
1.0 1.05 1.1 1.22956e+01 3.78375e-01 1.39775e+01 2.91881e-01 2.47851e+00 4.76656e-01 1.35552e+01 3.06862e-01 1.36772e+01 3.64146e-01 6.60293e+00 4.61696e-01 1.05198e+01 3.90741e-01 
1.1 1.15 1.2 1.12384e+01 3.29389e-01 1.27451e+01 2.59646e-01 2.36798e+00 4.10572e-01 1.23519e+01 2.68996e-01 1.25379e+01 3.21806e-01 6.18579e+00 4.03493e-01 9.62230e+00 3.39777e-01 
1.2 1.25 1.3 1.01673e+01 3.17218e-01 1.16070e+01 2.47462e-01 1.87413e+00 4.00944e-01 1.12278e+01 2.57796e-01 1.13778e+01 3.07523e-01 5.50102e+00 3.91705e-01 8.64221e+00 3.28493e-01 
1.3 1.35 1.4 9.14508e+00 3.04603e-01 1.04574e+01 2.38770e-01 1.72519e+00 3.94566e-01 1.02170e+01 2.54043e-01 1.02522e+01 2.96350e-01 5.01839e+00 3.85645e-01 7.87933e+00 3.24149e-01 
1.4 1.45 1.5 8.21993e+00 2.92685e-01 9.35257e+00 2.28473e-01 1.45130e+00 3.68553e-01 9.05916e+00 2.38219e-01 9.21170e+00 2.83961e-01 4.45054e+00 3.59707e-01 6.95292e+00 3.03577e-01 
1.5 1.55 1.6 6.95723e+00 2.61539e-01 8.00696e+00 2.16139e-01 8.98214e-01 3.28864e-01 7.71941e+00 2.13477e-01 7.77709e+00 2.54901e-01 3.63593e+00 3.19842e-01 5.78046e+00 2.72282e-01 
1.6 1.65 1.7 6.08459e+00 2.49487e-01 6.96602e+00 1.94543e-01 9.64856e-01 3.01696e-01 6.75498e+00 2.03116e-01 6.84491e+00 2.41531e-01 3.19128e+00 3.05290e-01 5.08830e+00 2.59908e-01 
1.7 1.75 1.8 5.09907e+00 2.22939e-01 5.84944e+00 1.74208e-01 6.10897e-01 2.79930e-01 5.65483e+00 1.81947e-01 5.76357e+00 2.16241e-01 2.66846e+00 2.73228e-01 4.22808e+00 2.31723e-01 
1.8 1.85 1.9 4.50549e+00 2.03005e-01 5.10238e+00 1.58764e-01 7.28993e-01 2.53914e-01 4.94279e+00 1.66002e-01 5.07268e+00 1.96746e-01 2.47804e+00 2.47805e-01 3.79218e+00 2.11031e-01 
1.9 1.95 2.0 3.65841e+00 1.81389e-01 4.16607e+00 1.41933e-01 4.63021e-01 2.25081e-01 4.02847e+00 1.48913e-01 4.13775e+00 1.75141e-01 1.97194e+00 2.20116e-01 3.02530e+00 1.88979e-01 
2.0 2.05 2.1 2.91052e+00 1.57081e-01 3.30129e+00 1.23363e-01 3.61942e-01 1.93420e-01 3.19064e+00 1.28742e-01 3.31931e+00 1.52541e-01 1.60894e+00 1.90725e-01 2.39912e+00 1.62434e-01 
2.1 2.15 2.2 2.22121e+00 1.53629e-01 2.53470e+00 1.16799e-01 6.70298e-02 1.67623e-01 2.45297e+00 1.24162e-01 2.52474e+00 1.46343e-01 1.08209e+00 1.65046e-01 1.72667e+00 1.43487e-01 
2.2 2.25 2.3 1.76386e+00 1.26927e-01 2.01162e+00 1.00643e-01 9.71613e-02 1.51234e-01 1.94871e+00 1.05375e-01 2.00659e+00 1.23552e-01 9.32349e-01 1.50907e-01 1.40615e+00 1.30938e-01 
2.3 2.35 2.4 1.35201e+00 1.00052e-01 1.51582e+00 7.80266e-02 1.12894e-01 1.23209e-01 1.47429e+00 8.22555e-02 1.52982e+00 9.65827e-02 7.59496e-01 1.20326e-01 1.08213e+00 1.04590e-01 
2.4 2.45 2.5 1.02834e+00 8.26125e-02 1.12030e+00 6.45664e-02 1.87954e-01 1.00169e-01 1.09301e+00 6.82018e-02 1.15459e+00 7.97361e-02 6.42616e-01 9.90242e-02 8.45738e-01 8.60032e-02 
2.5 2.55 2.6 6.65311e-01 6.85012e-02 7.22163e-01 5.28434e-02 1.08228e-01 8.33569e-02 7.02063e-01 5.59490e-02 7.52375e-01 6.60239e-02 4.25715e-01 8.34048e-02 5.36453e-01 7.09734e-02 
2.6 2.65 2.7 4.75236e-01 5.50758e-02 5.09852e-01 4.25801e-02 9.12644e-02 6.61125e-02 4.98788e-01 4.52439e-02 5.29601e-01 5.29922e-02 3.15280e-01 6.63126e-02 3.86218e-01 5.71221e-02 
2.7 2.75 2.8 2.62122e-01 3.44758e-02 2.78645e-01 2.68128e-02 3.72122e-02 4.05483e-02 2.76292e-01 2.84705e-02 2.93214e-01 3.32454e-02 1.71254e-01 4.10676e-02 2.06487e-01 3.55991e-02 
2.8 2.85 2.9 1.69404e-01 2.46260e-02 1.71817e-01 1.91312e-02 5.23953e-02 2.88385e-02 1.70845e-01 2.04793e-02 1.85777e-01 2.35830e-02 1.27096e-01 2.90161e-02 1.43361e-01 2.56227e-02 
2.9 2.95 3.0 4.60541e-02 1.31781e-02 6.53542e-02 1.20326e-02 -2.31834e-02 1.47294e-02 5.38597e-02 1.09913e-02 5.64955e-02 1.28520e-02 1.25261e-02 1.41958e-02 2.82669e-02 1.33524e-02 
3.0 3.05 3.1 2.99545e-02 8.38791e-03 3.12764e-02 6.57692e-03 2.95543e-03 9.20755e-03 3.09836e-02 7.02925e-03 3.36039e-02 8.11364e-03 2.08065e-02 9.73964e-03 2.31135e-02 8.52097e-03 
3.1 3.15 3.2 2.52093e-02 5.78197e-03 2.15651e-02 4.31998e-03 1.53585e-02 6.44007e-03 2.27493e-02 4.73147e-03 2.52673e-02 5.42579e-03 2.22580e-02 6.58781e-03 2.11093e-02 5.73067e-03 
3.2 3.25 3.3 5.42065e-03 1.36269e-03 4.73499e-03 1.02107e-03 3.45951e-03 1.61061e-03 5.01309e-03 1.13635e-03 5.46131e-03 1.26270e-03 5.14445e-03 1.60258e-03 5.02115e-03 1.45767e-03 
3.3 3.35 3.4 6.43184e-04 2.37166e-04 6.26056e-04 1.76961e-04 -1.51726e-04 2.33040e-04 6.36196e-04 1.98313e-04 4.32457e-04 1.81322e-04 2.01863e-04 2.34635e-04 5.40896e-04 2.51071e-04 
3.4 3.45 3.5 -1.08874e-05 7.45507e-06 -4.03316e-07 5.02960e-06 -4.59394e-05 1.01311e-05 -4.08048e-06 6.05956e-06 -4.10653e-06 6.36191e-06 -2.49896e-05 9.15651e-06 -2.21219e-05 8.65231e-06 
