0.0 25.0 50.0 3.47083e-01 1.11462e-02 2.85499e-01 7.74878e-03 3.84795e-01 1.68880e-02 2.88478e-01 7.97684e-03 3.46243e-01 1.08360e-02 3.91899e-01 1.63154e-02 3.46650e-01 1.15933e-02 
50.0 75.0 100.0 5.63764e+00 2.93849e-02 4.58225e+00 2.12353e-02 6.45231e+00 4.24943e-02 4.63430e+00 2.18571e-02 5.63294e+00 2.85196e-02 6.55251e+00 4.07892e-02 5.65554e+00 3.05006e-02 
100.0 125.0 150.0 6.33452e+00 2.53015e-02 5.06023e+00 1.86487e-02 7.48733e+00 3.60790e-02 5.15492e+00 1.92899e-02 6.27857e+00 2.50885e-02 7.52950e+00 3.47321e-02 6.40390e+00 2.68591e-02 
150.0 175.0 200.0 5.33172e+00 2.26279e-02 4.26909e+00 1.60951e-02 6.26385e+00 3.30403e-02 4.36287e+00 1.67214e-02 5.26973e+00 2.18126e-02 6.29067e+00 3.17250e-02 5.40601e+00 2.35764e-02 
200.0 225.0 250.0 4.07327e+00 1.90247e-02 3.24677e+00 1.35940e-02 4.79948e+00 2.83826e-02 3.33332e+00 1.40545e-02 4.00882e+00 1.84836e-02 4.80579e+00 2.70796e-02 4.14508e+00 1.99509e-02 
250.0 275.0 300.0 3.06637e+00 1.68521e-02 2.43554e+00 1.15165e-02 3.63521e+00 2.52192e-02 2.50904e+00 1.23283e-02 3.00836e+00 1.54723e-02 3.62999e+00 2.39074e-02 3.13090e+00 1.77689e-02 
300.0 325.0 350.0 2.28672e+00 1.47783e-02 1.81892e+00 1.01944e-02 2.70355e+00 2.23542e-02 1.87585e+00 1.07299e-02 2.24272e+00 1.40540e-02 2.69666e+00 2.11551e-02 2.33854e+00 1.57179e-02 
350.0 375.0 400.0 1.77127e+00 1.30725e-02 1.40370e+00 8.93652e-03 2.10262e+00 2.00788e-02 1.45214e+00 9.48660e-03 1.73261e+00 1.24263e-02 2.09535e+00 1.84926e-02 1.81826e+00 1.36938e-02 
400.0 425.0 450.0 1.39425e+00 1.15517e-02 1.10425e+00 7.96039e-03 1.65398e+00 1.74832e-02 1.14390e+00 8.39740e-03 1.35863e+00 1.11340e-02 1.64547e+00 1.64686e-02 1.43467e+00 1.20419e-02 
450.0 475.0 500.0 1.12282e+00 1.10756e-02 8.86614e-01 7.52032e-03 1.33281e+00 1.69124e-02 9.20757e-01 7.97250e-03 1.09365e+00 1.03624e-02 1.33242e+00 1.49776e-02 1.15664e+00 1.18272e-02 
500.0 525.0 550.0 8.90087e-01 1.02005e-02 7.05660e-01 6.83279e-03 1.05390e+00 1.58440e-02 7.32657e-01 7.31165e-03 8.68331e-01 9.52109e-03 1.04513e+00 1.48032e-02 9.18372e-01 1.09111e-02 
550.0 575.0 600.0 7.51658e-01 9.63600e-03 5.92446e-01 6.46198e-03 8.94296e-01 1.49771e-02 6.17246e-01 6.91069e-03 7.30476e-01 9.01417e-03 8.86459e-01 1.39630e-02 7.76297e-01 1.03393e-02 
600.0 625.0 650.0 6.10420e-01 8.83086e-03 4.81111e-01 5.87797e-03 7.25301e-01 1.39348e-02 5.02021e-01 6.28298e-03 5.92546e-01 8.26869e-03 7.18346e-01 1.29259e-02 6.31366e-01 9.51548e-03 
650.0 675.0 700.0 4.93362e-01 8.36226e-03 3.91040e-01 5.54865e-03 5.81019e-01 1.32739e-02 4.07957e-01 5.93617e-03 4.79340e-01 7.82151e-03 5.74911e-01 1.22671e-02 5.12317e-01 8.96066e-03 
700.0 725.0 750.0 4.29612e-01 7.73579e-03 3.38237e-01 5.14810e-03 5.10345e-01 1.22463e-02 3.53713e-01 5.50023e-03 4.16289e-01 7.25501e-03 5.04778e-01 1.13261e-02 4.45258e-01 8.28832e-03 
750.0 775.0 800.0 3.62259e-01 7.68966e-03 2.85947e-01 5.06502e-03 4.27317e-01 1.21065e-02 2.98736e-01 5.46975e-03 3.51224e-01 7.12561e-03 4.23068e-01 1.11941e-02 3.74692e-01 8.31488e-03 
800.0 825.0 850.0 3.15884e-01 7.18400e-03 2.47157e-01 4.76347e-03 3.74510e-01 1.12377e-02 2.59517e-01 5.10756e-03 3.04323e-01 6.69555e-03 3.71726e-01 1.04361e-02 3.26481e-01 7.71129e-03 
850.0 875.0 900.0 2.77148e-01 6.99005e-03 2.15665e-01 4.55634e-03 3.30525e-01 1.11574e-02 2.27392e-01 4.95283e-03 2.66162e-01 6.43346e-03 3.27694e-01 1.02613e-02 2.89137e-01 7.62284e-03 
900.0 925.0 950.0 2.22951e-01 6.23179e-03 1.75669e-01 4.10719e-03 2.60364e-01 9.95959e-03 1.85020e-01 4.40672e-03 2.14591e-01 5.80252e-03 2.58861e-01 9.17459e-03 2.31447e-01 6.76642e-03 
950.0 975.0 1000.0 1.98271e-01 5.67604e-03 1.55390e-01 3.71580e-03 2.34818e-01 9.12730e-03 1.63482e-01 4.00874e-03 1.90365e-01 5.18869e-03 2.31528e-01 8.35443e-03 2.06196e-01 6.13130e-03 
1000.0 1025.0 1050.0 1.72618e-01 5.50488e-03 1.35791e-01 3.60962e-03 2.06154e-01 8.53513e-03 1.42753e-01 3.90549e-03 1.66715e-01 5.09549e-03 2.01450e-01 8.06545e-03 1.81314e-01 5.86647e-03 
1050.0 1075.0 1100.0 1.58431e-01 5.19840e-03 1.22799e-01 3.40554e-03 1.91612e-01 8.31136e-03 1.29733e-01 3.69084e-03 1.52028e-01 4.80563e-03 1.88115e-01 7.60652e-03 1.65898e-01 5.68035e-03 
1100.0 1125.0 1150.0 1.32023e-01 5.67046e-03 1.04037e-01 3.70201e-03 1.55532e-01 9.07513e-03 1.09640e-01 4.02197e-03 1.27319e-01 5.23350e-03 1.53231e-01 8.29701e-03 1.37224e-01 6.22126e-03 
1150.0 1175.0 1200.0 1.13403e-01 4.76718e-03 8.96272e-02 3.08296e-03 1.33062e-01 7.67054e-03 9.55655e-02 3.34095e-03 1.10819e-01 4.33058e-03 1.32614e-01 6.99625e-03 1.18405e-01 5.24877e-03 
1200.0 1225.0 1250.0 1.01016e-01 4.75022e-03 7.95348e-02 3.11564e-03 1.19321e-01 7.57514e-03 8.41822e-02 3.38772e-03 9.76477e-02 4.38419e-03 1.17940e-01 6.91806e-03 1.05502e-01 5.22441e-03 
1250.0 1275.0 1300.0 9.17279e-02 4.37983e-03 7.21561e-02 2.84921e-03 1.09459e-01 7.07768e-03 7.63186e-02 3.11629e-03 8.80129e-02 4.01564e-03 1.08283e-01 6.45062e-03 9.61605e-02 4.83555e-03 
1300.0 1325.0 1350.0 7.61198e-02 4.44639e-03 6.06754e-02 2.88986e-03 8.68957e-02 6.90215e-03 6.43990e-02 3.15124e-03 7.42349e-02 4.04850e-03 8.62890e-02 6.28193e-03 8.01338e-02 4.87490e-03 
1350.0 1375.0 1400.0 6.88166e-02 3.98313e-03 5.40168e-02 2.58477e-03 7.91410e-02 6.32313e-03 5.72455e-02 2.82955e-03 6.63649e-02 3.62720e-03 7.81095e-02 5.82449e-03 7.15042e-02 4.36369e-03 
1400.0 1425.0 1450.0 5.95048e-02 3.81496e-03 4.73653e-02 2.47596e-03 6.82295e-02 6.16389e-03 5.02629e-02 2.71094e-03 5.71874e-02 3.49016e-03 6.76259e-02 5.58724e-03 6.21742e-02 4.22320e-03 
1450.0 1475.0 1500.0 5.12943e-02 3.75372e-03 4.07754e-02 2.42049e-03 5.93674e-02 6.10245e-03 4.32209e-02 2.66161e-03 4.92664e-02 3.42134e-03 5.88544e-02 5.51216e-03 5.42326e-02 4.18811e-03 
1500.0 1525.0 1550.0 4.99053e-02 3.70642e-03 3.98760e-02 2.42658e-03 5.85028e-02 5.93695e-03 4.16668e-02 2.64356e-03 4.80063e-02 3.38653e-03 5.71500e-02 5.40929e-03 5.23699e-02 4.08696e-03 
1550.0 1575.0 1600.0 4.23627e-02 3.33964e-03 3.41449e-02 2.19997e-03 4.73330e-02 5.36847e-03 3.59100e-02 2.42466e-03 4.11565e-02 3.10661e-03 4.78601e-02 4.82759e-03 4.39266e-02 3.70967e-03 
1600.0 1625.0 1650.0 4.64248e-02 3.99044e-03 3.49883e-02 2.57483e-03 5.66489e-02 6.47416e-03 3.77337e-02 2.82415e-03 4.37660e-02 3.64996e-03 5.49279e-02 5.85824e-03 4.86423e-02 4.43043e-03 
1650.0 1675.0 1700.0 3.85479e-02 3.75139e-03 3.04228e-02 2.53329e-03 4.09583e-02 5.51273e-03 3.25988e-02 2.79711e-03 3.67824e-02 3.39298e-03 4.52236e-02 5.46676e-03 4.09898e-02 4.18365e-03 
1700.0 1725.0 1750.0 3.57890e-02 3.36740e-03 2.77500e-02 2.17910e-03 4.25344e-02 5.42610e-03 2.98968e-02 2.44209e-03 3.42243e-02 3.07533e-03 4.24464e-02 4.91468e-03 3.88661e-02 3.81462e-03 
1750.0 1775.0 1800.0 2.68008e-02 2.77890e-03 2.10746e-02 1.78577e-03 3.06159e-02 4.51550e-03 2.23810e-02 1.97300e-03 2.57034e-02 2.52182e-03 3.01973e-02 4.06137e-03 2.78364e-02 3.10308e-03 
1800.0 1825.0 1850.0 2.31391e-02 2.44102e-03 1.85865e-02 1.57379e-03 2.61993e-02 3.93974e-03 1.96839e-02 1.73849e-03 2.22132e-02 2.20924e-03 2.57146e-02 3.55136e-03 2.42901e-02 2.72085e-03 
1850.0 1875.0 1900.0 2.23903e-02 2.64027e-03 1.79428e-02 1.70485e-03 2.58644e-02 4.25975e-03 1.90095e-02 1.89174e-03 2.16956e-02 2.38842e-03 2.53110e-02 3.81642e-03 2.42316e-02 2.95466e-03 
1900.0 1925.0 1950.0 2.02414e-02 2.58525e-03 1.58045e-02 1.65924e-03 2.37438e-02 4.19987e-03 1.68754e-02 1.83111e-03 1.89596e-02 2.35161e-03 2.31651e-02 3.78708e-03 2.14745e-02 2.88241e-03 
1950.0 1975.0 2000.0 1.69384e-02 2.62014e-03 1.39517e-02 1.69152e-03 1.87820e-02 4.20547e-03 1.45642e-02 1.87268e-03 1.63587e-02 2.37924e-03 1.90720e-02 3.78804e-03 1.77510e-02 2.91977e-03 
2000.0 2025.0 2050.0 1.84577e-02 2.48498e-03 1.43252e-02 1.60259e-03 1.98448e-02 3.83267e-03 1.51044e-02 1.76419e-03 1.75261e-02 2.25436e-03 2.01484e-02 3.45056e-03 1.93617e-02 2.77312e-03 
2050.0 2075.0 2100.0 1.48408e-02 2.26341e-03 1.22565e-02 1.57145e-03 1.69991e-02 3.68166e-03 1.24594e-02 1.60718e-03 1.42621e-02 2.04866e-03 1.69229e-02 3.30400e-03 1.55603e-02 2.53277e-03 
2100.0 2125.0 2150.0 1.44476e-02 2.00744e-03 1.07547e-02 1.25863e-03 1.74463e-02 3.22328e-03 1.15394e-02 1.39954e-03 1.30435e-02 1.76164e-03 1.74502e-02 2.86759e-03 1.52640e-02 2.25131e-03 
2150.0 2175.0 2200.0 7.77158e-03 1.41182e-03 7.14048e-03 9.73516e-04 7.01815e-03 2.30252e-03 7.57583e-03 1.08204e-03 7.70051e-03 1.26537e-03 7.63358e-03 2.03730e-03 7.92025e-03 1.59362e-03 
2200.0 2225.0 2250.0 8.78811e-03 1.74141e-03 8.69495e-03 1.39239e-03 8.80821e-03 2.80191e-03 8.19669e-03 1.36218e-03 8.54266e-03 1.57953e-03 9.13980e-03 2.51690e-03 9.00763e-03 1.94602e-03 
2250.0 2275.0 2300.0 7.18664e-03 1.34115e-03 5.96995e-03 8.84836e-04 7.66197e-03 2.28128e-03 6.36142e-03 9.89542e-04 7.03492e-03 1.19912e-03 7.36468e-03 1.92992e-03 7.83791e-03 1.58713e-03 
2300.0 2325.0 2350.0 9.32011e-03 1.58666e-03 7.28102e-03 1.03122e-03 1.05200e-02 2.53925e-03 7.77978e-03 1.14662e-03 8.87177e-03 1.43468e-03 1.05124e-02 2.27281e-03 9.70693e-03 1.78163e-03 
2350.0 2375.0 2400.0 5.50059e-03 1.10632e-03 5.08880e-03 7.61072e-04 5.03563e-03 1.79831e-03 5.23088e-03 8.54522e-04 5.94660e-03 1.06005e-03 5.43589e-03 1.59284e-03 5.69089e-03 1.25475e-03 
2400.0 2425.0 2450.0 2.72410e-03 1.13146e-03 2.78539e-03 7.38895e-04 7.76918e-04 1.75770e-03 2.88360e-03 8.21017e-04 2.87132e-03 1.02222e-03 1.64247e-03 1.57754e-03 2.46734e-03 1.26607e-03 
2450.0 2475.0 2500.0 1.73868e-03 7.64049e-04 2.04058e-03 4.85486e-04 -1.51000e-04 1.25609e-03 2.03531e-03 5.47749e-04 1.86423e-03 6.78287e-04 8.07560e-04 1.10198e-03 1.50196e-03 8.73266e-04 
2500.0 2525.0 2550.0 1.80260e-03 9.97821e-04 2.18359e-03 6.39489e-04 7.77014e-04 1.73695e-03 2.06652e-03 7.14995e-04 2.05935e-03 8.94617e-04 1.43600e-03 1.55215e-03 1.60192e-03 1.12333e-03 
2550.0 2575.0 2600.0 3.04638e-03 1.01953e-03 2.80737e-03 6.70336e-04 2.14698e-03 1.60720e-03 2.86823e-03 7.42866e-04 3.05413e-03 9.22654e-04 2.73825e-03 1.44307e-03 2.93735e-03 1.13966e-03 
2600.0 2625.0 2650.0 8.76520e-04 6.59140e-04 1.05875e-03 4.14482e-04 -1.03723e-03 1.05727e-03 1.06368e-03 4.73097e-04 9.37072e-04 5.77187e-04 -4.01195e-04 9.04663e-04 5.54854e-04 7.67356e-04 
2650.0 2675.0 2700.0 1.01285e-03 5.93707e-04 1.38855e-03 4.21301e-04 -3.99863e-04 9.46852e-04 1.39947e-03 4.70822e-04 1.40375e-03 5.82230e-04 2.52117e-04 8.40541e-04 8.39323e-04 6.70544e-04 
2700.0 2725.0 2750.0 1.94208e-03 6.64490e-04 1.83945e-03 4.32398e-04 1.26350e-03 1.06424e-03 1.96248e-03 4.85847e-04 2.01745e-03 5.92992e-04 1.55758e-03 9.36426e-04 1.90429e-03 7.57200e-04 
2750.0 2775.0 2800.0 2.75914e-03 6.87673e-04 2.28397e-03 4.44976e-04 2.84355e-03 1.10307e-03 2.43866e-03 5.00969e-04 2.69127e-03 6.12120e-04 2.87881e-03 9.72065e-04 2.86056e-03 7.83729e-04 
2800.0 2825.0 2850.0 1.36617e-05 4.02986e-04 4.51307e-04 2.60198e-04 -1.54736e-03 6.40674e-04 3.81919e-04 2.92172e-04 1.71978e-04 3.59382e-04 -9.46069e-04 5.73054e-04 -2.74458e-04 4.58229e-04 
2850.0 2875.0 2900.0 1.21570e-03 4.94016e-04 1.19377e-03 3.13927e-04 6.54017e-04 8.15218e-04 1.24638e-03 3.58029e-04 1.28573e-03 4.33182e-04 9.08865e-04 7.04157e-04 1.15236e-03 5.72898e-04 
2900.0 2925.0 2950.0 1.46534e-03 5.73307e-04 1.27734e-03 3.76715e-04 1.09978e-03 9.05704e-04 1.34387e-03 4.19815e-04 1.41476e-03 5.16923e-04 1.33083e-03 8.08714e-04 1.41147e-03 6.47069e-04 
2950.0 2975.0 3000.0 3.43358e-05 3.13946e-04 3.72134e-04 2.07333e-04 -1.09922e-03 4.93751e-04 3.12797e-04 2.32165e-04 2.03686e-04 2.81349e-04 -5.09605e-04 4.37586e-04 -1.81788e-04 3.54233e-04 
3000.0 3025.0 3050.0 1.34971e-03 5.10114e-04 1.35294e-03 3.58901e-04 1.19107e-03 7.95855e-04 1.20641e-03 3.75549e-04 1.30685e-03 4.56398e-04 1.28461e-03 7.11342e-04 1.35541e-03 5.77856e-04 
3050.0 3075.0 3100.0 6.60239e-04 3.19215e-04 6.72666e-04 2.10846e-04 2.68424e-04 4.99860e-04 6.89137e-04 2.35964e-04 6.87616e-04 2.87065e-04 4.80066e-04 4.44115e-04 5.93855e-04 3.60870e-04 
3100.0 3125.0 3150.0 6.80251e-04 2.53399e-04 6.48122e-04 1.64327e-04 4.16525e-04 4.08568e-04 6.75725e-04 1.85330e-04 6.77290e-04 2.24544e-04 4.97613e-04 3.59633e-04 6.21583e-04 2.90268e-04 
3150.0 3175.0 3200.0 6.23161e-04 2.63502e-04 6.32164e-04 1.74291e-04 1.44276e-04 4.12262e-04 6.51968e-04 1.95776e-04 6.45596e-04 2.35447e-04 3.68816e-04 3.63991e-04 5.23252e-04 2.98991e-04 
3200.0 3225.0 3250.0 8.64953e-04 4.03507e-04 7.55227e-04 2.64906e-04 7.54503e-04 6.30890e-04 7.95486e-04 2.96411e-04 8.59215e-04 3.62877e-04 8.71294e-04 5.64530e-04 8.65177e-04 4.54628e-04 
3250.0 3275.0 3300.0 5.80224e-04 1.96245e-04 5.10809e-04 1.27704e-04 3.45662e-04 3.15930e-04 5.35778e-04 1.45091e-04 5.64628e-04 1.73147e-04 4.75676e-04 2.74029e-04 5.61636e-04 2.26450e-04 
3300.0 3325.0 3350.0 1.25768e-03 2.82762e-04 1.00912e-03 1.96801e-04 1.19330e-03 3.99832e-04 1.09428e-03 2.21776e-04 1.26740e-03 2.67281e-04 1.22501e-03 3.57296e-04 1.16160e-03 2.97141e-04 
3350.0 3375.0 3400.0 6.35060e-04 1.95299e-04 6.38647e-04 1.42068e-04 5.83139e-04 3.04695e-04 6.81734e-04 1.59855e-04 6.20981e-04 1.80663e-04 6.54173e-04 2.69622e-04 6.45654e-04 2.21823e-04 
3400.0 3425.0 3450.0 8.98566e-04 2.50480e-04 7.54710e-04 1.75252e-04 1.18235e-03 4.26534e-04 8.16790e-04 1.97561e-04 9.45566e-04 2.40352e-04 1.02006e-03 3.50214e-04 8.08756e-04 2.71969e-04 
3450.0 3475.0 3500.0 -2.70744e-05 1.18149e-04 2.17556e-04 1.01312e-04 -3.98912e-04 1.83570e-04 2.13959e-04 1.14925e-04 1.94104e-04 1.37833e-04 -2.50104e-04 1.62919e-04 -1.22856e-04 1.34114e-04 
3500.0 3525.0 3550.0 4.48329e-04 1.56968e-04 3.42785e-04 9.59260e-05 3.79692e-04 2.62939e-04 3.86668e-04 1.08463e-04 3.68469e-04 1.32501e-04 4.45270e-04 2.22189e-04 4.47752e-04 1.88730e-04 
3550.0 3575.0 3600.0 6.45016e-04 1.90576e-04 5.17139e-04 1.23205e-04 6.53376e-04 2.93849e-04 4.48029e-04 1.23445e-04 4.63583e-04 1.46407e-04 6.45046e-04 2.57473e-04 6.19697e-04 2.14017e-04 
3600.0 3625.0 3650.0 -1.55271e-04 6.81942e-05 -2.92529e-05 4.20700e-05 -5.13179e-04 1.19013e-04 -5.69805e-05 4.88644e-05 -1.35502e-04 5.98522e-05 -3.92885e-04 1.00339e-04 -2.39701e-04 8.09669e-05 
3650.0 3675.0 3700.0 5.48336e-04 1.58616e-04 4.46407e-04 1.07350e-04 6.09184e-04 2.37630e-04 4.68882e-04 1.20186e-04 5.31395e-04 1.43036e-04 6.26085e-04 2.13872e-04 5.81398e-04 1.78325e-04 
3700.0 3725.0 3750.0 1.07633e-04 9.86361e-05 1.06054e-04 6.07301e-05 -1.02481e-04 1.40958e-04 1.28982e-04 7.30856e-05 1.26337e-04 8.72695e-05 3.28407e-05 1.37056e-04 8.41872e-05 1.13550e-04 
3750.0 3775.0 3800.0 1.61060e-04 1.46165e-04 1.59642e-04 9.65297e-05 5.50205e-05 2.27026e-04 1.68299e-04 1.07638e-04 1.67191e-04 1.31984e-04 1.25112e-04 2.03840e-04 1.41109e-04 1.64181e-04 
3800.0 3825.0 3850.0 -5.34482e-06 6.38870e-05 5.98350e-05 4.16009e-05 2.10440e-05 1.30376e-04 4.96233e-05 4.74550e-05 4.44267e-05 6.05170e-05 7.67211e-05 1.12670e-04 8.07940e-05 8.95184e-05 
3850.0 3875.0 3900.0 1.08663e-04 7.81867e-05 1.20634e-04 5.12857e-05 8.94179e-06 1.28719e-04 1.41653e-04 6.28422e-05 1.48244e-04 7.51551e-05 1.08494e-04 1.18108e-04 1.30460e-04 9.73758e-05 
3900.0 3925.0 3950.0 3.34286e-05 5.34609e-05 6.51031e-05 3.44428e-05 -9.41511e-05 8.55068e-05 5.86738e-05 3.92594e-05 6.19090e-05 4.63148e-05 -3.98878e-05 7.43590e-05 1.62261e-05 6.09356e-05 
3950.0 3975.0 4000.0 -1.00564e-04 3.88857e-05 -2.17784e-05 2.59474e-05 -3.30170e-04 6.03618e-05 -4.08140e-05 2.91243e-05 -5.87941e-05 3.43927e-05 -2.13429e-04 5.50947e-05 -1.55178e-04 4.20795e-05 
