-3.5 -3.45 -3.4 0.00000e+00 0.00000e+00 0.00000e+00 0.00000e+00 0.00000e+00 0.00000e+00 0.00000e+00 0.00000e+00 0.00000e+00 0.00000e+00 0.00000e+00 0.00000e+00 0.00000e+00 0.00000e+00 
-3.4 -3.35 -3.3 0.00000e+00 0.00000e+00 0.00000e+00 0.00000e+00 0.00000e+00 0.00000e+00 0.00000e+00 0.00000e+00 0.00000e+00 0.00000e+00 0.00000e+00 0.00000e+00 0.00000e+00 0.00000e+00 
-3.3 -3.25 -3.2 0.00000e+00 0.00000e+00 0.00000e+00 0.00000e+00 0.00000e+00 0.00000e+00 0.00000e+00 0.00000e+00 0.00000e+00 0.00000e+00 0.00000e+00 0.00000e+00 0.00000e+00 0.00000e+00 
-3.2 -3.15 -3.1 0.00000e+00 0.00000e+00 0.00000e+00 0.00000e+00 0.00000e+00 0.00000e+00 0.00000e+00 0.00000e+00 0.00000e+00 0.00000e+00 0.00000e+00 0.00000e+00 0.00000e+00 0.00000e+00 
-3.1 -3.05 -3.0 0.00000e+00 0.00000e+00 0.00000e+00 0.00000e+00 0.00000e+00 0.00000e+00 0.00000e+00 0.00000e+00 0.00000e+00 0.00000e+00 0.00000e+00 0.00000e+00 0.00000e+00 0.00000e+00 
-3.0 -2.95 -2.9 0.00000e+00 0.00000e+00 0.00000e+00 0.00000e+00 0.00000e+00 0.00000e+00 0.00000e+00 0.00000e+00 0.00000e+00 0.00000e+00 0.00000e+00 0.00000e+00 0.00000e+00 0.00000e+00 
-2.9 -2.85 -2.8 0.00000e+00 0.00000e+00 0.00000e+00 0.00000e+00 0.00000e+00 0.00000e+00 0.00000e+00 0.00000e+00 0.00000e+00 0.00000e+00 0.00000e+00 0.00000e+00 0.00000e+00 0.00000e+00 
-2.8 -2.75 -2.7 0.00000e+00 0.00000e+00 0.00000e+00 0.00000e+00 0.00000e+00 0.00000e+00 0.00000e+00 0.00000e+00 0.00000e+00 0.00000e+00 0.00000e+00 0.00000e+00 0.00000e+00 0.00000e+00 
-2.7 -2.65 -2.6 0.00000e+00 0.00000e+00 0.00000e+00 0.00000e+00 0.00000e+00 0.00000e+00 0.00000e+00 0.00000e+00 0.00000e+00 0.00000e+00 0.00000e+00 0.00000e+00 0.00000e+00 0.00000e+00 
-2.6 -2.55 -2.5 0.00000e+00 0.00000e+00 0.00000e+00 0.00000e+00 0.00000e+00 0.00000e+00 0.00000e+00 0.00000e+00 0.00000e+00 0.00000e+00 0.00000e+00 0.00000e+00 0.00000e+00 0.00000e+00 
-2.5 -2.45 -2.4 -6.47808e-15 1.07471e-15 -2.74706e-15 4.48208e-16 -1.72012e-14 2.84063e-15 -4.49970e-15 7.48034e-16 -1.62732e-15 3.55088e-16 -9.60581e-15 1.59009e-15 -1.15753e-14 1.90921e-15 
-2.4 -2.35 -2.3 2.12601e-09 1.24262e-09 1.24777e-09 6.46082e-10 6.30083e-10 2.68132e-09 1.78609e-09 9.38521e-10 1.49356e-09 8.54028e-10 2.49597e-09 1.68679e-09 1.09877e-09 1.95944e-09 
-2.3 -2.25 -2.2 3.68315e-06 1.14645e-06 2.78135e-06 7.72674e-07 4.95462e-06 1.69840e-06 3.20588e-06 9.72111e-07 3.01088e-06 9.33878e-07 4.15117e-06 1.34605e-06 4.24432e-06 1.43154e-06 
-2.2 -2.15 -2.1 9.67892e-05 2.69263e-05 7.76784e-05 2.19107e-05 7.95277e-05 2.45089e-05 8.64817e-05 2.37009e-05 9.13560e-05 2.58725e-05 1.04139e-04 2.95926e-05 9.83549e-05 2.72549e-05 
-2.1 -2.05 -2.0 5.34385e-04 1.32527e-04 3.55460e-04 8.20825e-05 8.27491e-04 2.25254e-04 4.28076e-04 1.01239e-04 4.47468e-04 1.07426e-04 6.71365e-04 1.77562e-04 6.64657e-04 1.67718e-04 
-2.0 -1.95 -1.9 1.20605e-03 2.06542e-04 8.65088e-04 1.35206e-04 1.47065e-03 3.09987e-04 1.00506e-03 1.61068e-04 1.05531e-03 1.73615e-04 1.43306e-03 2.70854e-04 1.27278e-03 2.36821e-04 
-1.9 -1.85 -1.8 6.84641e-03 9.98700e-04 5.34260e-03 7.52555e-04 7.97458e-03 1.35049e-03 6.08130e-03 8.45758e-04 5.95915e-03 8.64923e-04 7.74796e-03 1.21222e-03 7.66608e-03 1.13640e-03 
-1.8 -1.75 -1.7 1.30552e-02 1.70461e-03 1.02099e-02 1.29341e-03 1.55384e-02 2.29278e-03 1.12323e-02 1.42069e-03 1.21410e-02 1.57243e-03 1.47588e-02 2.05591e-03 1.39191e-02 1.87287e-03 
-1.7 -1.65 -1.6 2.98077e-02 2.79622e-03 2.19841e-02 2.00354e-03 3.58975e-02 3.78766e-03 2.52858e-02 2.31191e-03 2.64153e-02 2.46112e-03 3.44721e-02 3.41963e-03 3.22676e-02 3.08652e-03 
-1.6 -1.55 -1.5 4.83359e-02 4.66531e-03 3.71997e-02 3.46932e-03 6.00389e-02 6.63361e-03 4.08947e-02 3.80275e-03 4.47624e-02 4.28904e-03 5.61164e-02 5.80865e-03 5.16336e-02 5.16864e-03 
-1.5 -1.45 -1.4 8.03037e-02 6.45010e-03 6.18398e-02 4.77621e-03 9.67896e-02 9.00433e-03 6.82795e-02 5.24556e-03 7.39306e-02 5.91280e-03 9.49491e-02 8.28202e-03 8.87019e-02 7.36936e-03 
-1.4 -1.35 -1.3 1.11874e-01 7.74766e-03 8.92177e-02 5.82810e-03 1.27434e-01 1.04623e-02 9.65807e-02 6.32067e-03 1.05495e-01 7.20795e-03 1.25836e-01 9.62000e-03 1.18404e-01 8.44378e-03 
-1.3 -1.25 -1.2 1.38820e-01 9.24864e-03 1.16397e-01 7.39210e-03 1.52091e-01 1.27541e-02 1.25247e-01 7.98772e-03 1.31722e-01 8.55605e-03 1.52412e-01 1.15031e-02 1.45644e-01 1.01667e-02 
-1.2 -1.15 -1.1 2.12791e-01 1.27639e-02 1.71613e-01 9.76293e-03 2.36549e-01 1.70890e-02 1.85300e-01 1.05420e-02 2.01060e-01 1.19129e-02 2.36069e-01 1.56798e-02 2.23253e-01 1.38664e-02 
-1.1 -1.05 -1.0 2.46882e-01 1.33282e-02 2.03886e-01 9.97885e-03 2.70948e-01 1.86060e-02 2.17248e-01 1.08605e-02 2.37139e-01 1.22996e-02 2.72081e-01 1.65995e-02 2.60331e-01 1.47853e-02 
-1.0 -0.95 -0.9 3.28057e-01 1.53985e-02 2.69120e-01 1.17239e-02 3.57903e-01 2.08360e-02 2.88141e-01 1.26435e-02 3.13036e-01 1.43727e-02 3.58860e-01 1.90849e-02 3.42958e-01 1.67380e-02 
-0.9 -0.85 -0.8 4.09574e-01 1.85695e-02 3.32536e-01 1.38694e-02 4.53518e-01 2.57995e-02 3.55502e-01 1.51635e-02 3.87015e-01 1.70841e-02 4.48312e-01 2.32550e-02 4.28062e-01 2.05494e-02 
-0.8 -0.75 -0.7 4.20238e-01 2.07703e-02 3.49719e-01 1.55682e-02 4.54092e-01 2.86818e-02 3.70937e-01 1.67831e-02 4.05329e-01 1.93616e-02 4.55849e-01 2.62261e-02 4.38505e-01 2.26230e-02 
-0.7 -0.65 -0.6 5.89245e-01 2.49388e-02 4.83716e-01 1.88661e-02 6.54064e-01 3.40268e-02 5.16287e-01 2.03213e-02 5.66162e-01 2.32988e-02 6.52268e-01 3.10842e-02 6.15523e-01 2.72177e-02 
-0.6 -0.55 -0.5 6.07312e-01 2.44274e-02 5.00396e-01 1.82419e-02 6.70547e-01 3.38638e-02 5.31048e-01 1.97238e-02 5.84268e-01 2.26738e-02 6.69652e-01 3.08781e-02 6.34012e-01 2.66742e-02 
-0.5 -0.45 -0.4 6.58057e-01 2.50259e-02 5.45636e-01 1.89537e-02 7.05480e-01 3.40600e-02 5.78888e-01 2.03163e-02 6.32402e-01 2.34837e-02 7.16673e-01 3.14038e-02 6.79335e-01 2.70789e-02 
-0.4 -0.35 -0.3 6.80039e-01 2.71313e-02 5.59041e-01 2.01015e-02 7.49591e-01 3.78587e-02 5.95688e-01 2.17507e-02 6.50821e-01 2.51703e-02 7.47873e-01 3.45730e-02 7.10345e-01 2.96307e-02 
-0.3 -0.25 -0.2 6.93775e-01 2.71067e-02 5.71966e-01 2.03627e-02 7.30869e-01 3.73734e-02 6.10413e-01 2.18784e-02 6.59673e-01 2.53467e-02 7.39070e-01 3.43400e-02 7.16245e-01 2.93956e-02 
-0.2 -0.15 -0.1 7.52419e-01 2.90844e-02 6.22558e-01 2.13814e-02 8.28047e-01 4.14911e-02 6.62790e-01 2.32849e-02 7.20671e-01 2.67510e-02 8.28396e-01 3.74532e-02 7.84830e-01 3.20994e-02 
-0.1 -0.05 0.0 7.93443e-01 3.18517e-02 6.60494e-01 2.42644e-02 8.54113e-01 4.30288e-02 6.97846e-01 2.59150e-02 7.65700e-01 3.00011e-02 8.64833e-01 3.99018e-02 8.21088e-01 3.42179e-02 
0.0 0.05 0.1 7.70489e-01 2.86951e-02 6.43342e-01 2.16618e-02 8.35355e-01 3.90044e-02 6.79764e-01 2.33106e-02 7.45012e-01 2.67817e-02 8.40746e-01 3.59452e-02 8.02738e-01 3.10332e-02 
0.1 0.15 0.2 7.86375e-01 2.90795e-02 6.49492e-01 2.15898e-02 8.76501e-01 4.07058e-02 6.90960e-01 2.34140e-02 7.54086e-01 2.69235e-02 8.59957e-01 3.68857e-02 8.19698e-01 3.18576e-02 
0.2 0.25 0.3 7.65912e-01 2.90381e-02 6.35610e-01 2.19552e-02 8.28167e-01 3.95208e-02 6.75116e-01 2.36495e-02 7.35974e-01 2.70938e-02 8.32904e-01 3.63162e-02 7.96009e-01 3.15253e-02 
0.3 0.35 0.4 7.19773e-01 2.86106e-02 5.94332e-01 2.11313e-02 7.89022e-01 4.03828e-02 6.31835e-01 2.29448e-02 6.90651e-01 2.64203e-02 7.88449e-01 3.64770e-02 7.52352e-01 3.14159e-02 
0.4 0.45 0.5 6.59518e-01 2.59506e-02 5.47428e-01 1.95280e-02 7.12074e-01 3.56858e-02 5.80945e-01 2.10601e-02 6.34539e-01 2.41596e-02 7.18138e-01 3.26400e-02 6.84188e-01 2.82523e-02 
0.5 0.55 0.6 5.79669e-01 2.43893e-02 4.76596e-01 1.85264e-02 6.27998e-01 3.31791e-02 5.10195e-01 1.99734e-02 5.52226e-01 2.27625e-02 6.31396e-01 3.03591e-02 6.06335e-01 2.66226e-02 
0.6 0.65 0.7 5.21040e-01 2.21389e-02 4.27574e-01 1.62463e-02 5.69770e-01 3.13123e-02 4.56885e-01 1.77275e-02 4.98433e-01 2.03385e-02 5.73604e-01 2.82179e-02 5.41148e-01 2.44720e-02 
0.7 0.75 0.8 4.78162e-01 2.26796e-02 3.90485e-01 1.73390e-02 5.30627e-01 3.03712e-02 4.17032e-01 1.86546e-02 4.56712e-01 2.12263e-02 5.29365e-01 2.80186e-02 4.99920e-01 2.45235e-02 
0.8 0.85 0.9 3.79153e-01 1.80113e-02 3.19236e-01 1.45657e-02 4.05794e-01 2.41758e-02 3.34434e-01 1.47391e-02 3.63453e-01 1.68850e-02 4.11627e-01 2.23446e-02 3.93103e-01 1.94860e-02 
0.9 0.95 1.0 3.35268e-01 1.63881e-02 2.73334e-01 1.22225e-02 3.71738e-01 2.25562e-02 2.92933e-01 1.32595e-02 3.20112e-01 1.51823e-02 3.71398e-01 2.05998e-02 3.51908e-01 1.79012e-02 
1.0 1.05 1.1 2.51748e-01 1.41812e-02 2.09073e-01 1.08604e-02 2.66537e-01 1.88949e-02 2.22457e-01 1.16726e-02 2.42344e-01 1.32970e-02 2.72502e-01 1.74703e-02 2.61704e-01 1.52875e-02 
1.1 1.15 1.2 2.01772e-01 1.16843e-02 1.62527e-01 8.94230e-03 2.24259e-01 1.55983e-02 1.75434e-01 9.62198e-03 1.90685e-01 1.09601e-02 2.25797e-01 1.45965e-02 2.13557e-01 1.28161e-02 
1.2 1.25 1.3 1.63421e-01 1.04379e-02 1.32894e-01 8.16413e-03 1.74710e-01 1.33650e-02 1.42688e-01 8.74603e-03 1.55697e-01 9.84718e-03 1.76138e-01 1.22476e-02 1.67685e-01 1.09226e-02 
1.3 1.35 1.4 1.06217e-01 7.10863e-03 8.54615e-02 5.35703e-03 1.18429e-01 9.61405e-03 9.24860e-02 5.83842e-03 1.00543e-01 6.57105e-03 1.17845e-01 8.76748e-03 1.11515e-01 7.80248e-03 
1.4 1.45 1.5 8.65647e-02 6.88904e-03 6.82971e-02 5.21045e-03 1.00171e-01 9.19350e-03 7.44129e-02 5.68083e-03 8.10635e-02 6.38004e-03 9.80264e-02 8.43596e-03 9.23029e-02 7.52672e-03 
1.5 1.55 1.6 4.45247e-02 4.25901e-03 3.50757e-02 3.19946e-03 5.15331e-02 5.68059e-03 3.83079e-02 3.49212e-03 4.16331e-02 3.94405e-03 5.05003e-02 5.23628e-03 4.76239e-02 4.64602e-03 
1.6 1.65 1.7 3.12279e-02 3.29180e-03 2.43263e-02 2.46082e-03 3.76359e-02 4.74771e-03 2.75239e-02 2.80275e-03 2.86095e-02 3.01368e-03 3.43942e-02 4.05112e-03 3.43564e-02 3.82544e-03 
1.7 1.75 1.8 1.26846e-02 1.71308e-03 9.94916e-03 1.28023e-03 1.62513e-02 2.38996e-03 1.14685e-02 1.48034e-03 1.12841e-02 1.47055e-03 1.41044e-02 2.01381e-03 1.35375e-02 1.82258e-03 
1.8 1.85 1.9 6.31353e-03 1.00121e-03 4.69564e-03 6.98988e-04 7.09561e-03 1.44794e-03 5.29774e-03 7.98889e-04 5.68865e-03 8.78311e-04 6.88134e-03 1.22371e-03 6.79601e-03 1.16793e-03 
1.9 1.95 2.0 1.39958e-03 2.76172e-04 1.08675e-03 2.07034e-04 1.63769e-03 3.94989e-04 1.19296e-03 2.29957e-04 1.28661e-03 2.52101e-04 1.56455e-03 3.33370e-04 1.55060e-03 3.23756e-04 
2.0 2.05 2.1 1.19321e-03 2.79588e-04 9.05886e-04 2.31409e-04 1.56944e-03 3.27273e-04 1.32404e-03 3.33685e-04 1.08463e-03 2.65862e-04 1.36001e-03 2.99436e-04 1.32347e-03 2.89958e-04 
2.1 2.15 2.2 8.51635e-05 2.90629e-05 5.28025e-05 1.85067e-05 9.39889e-05 3.79648e-05 7.27159e-05 2.43106e-05 7.45465e-05 2.52325e-05 9.74741e-05 3.49024e-05 9.58061e-05 3.26919e-05 
2.2 2.25 2.3 6.14477e-06 2.13053e-06 4.49269e-06 1.47246e-06 5.59653e-06 2.14866e-06 5.38864e-06 1.74265e-06 5.64733e-06 1.83788e-06 5.23402e-06 1.87391e-06 4.82738e-06 1.81334e-06 
2.3 2.35 2.4 -5.63405e-09 1.04248e-09 -2.82710e-09 6.06142e-10 -1.40579e-08 2.16470e-09 -3.75033e-09 7.64388e-10 -3.90061e-09 7.67307e-10 -6.92637e-09 1.64126e-09 -7.81810e-09 1.67178e-09 
2.4 2.45 2.5 -7.73775e-14 1.28152e-14 -2.65504e-14 4.35438e-15 -1.34595e-13 2.37559e-14 -5.37594e-14 8.90881e-15 -3.81771e-14 6.25764e-15 -1.14722e-13 1.89878e-14 -9.07227e-14 1.60411e-14 
2.5 2.55 2.6 0.00000e+00 0.00000e+00 0.00000e+00 0.00000e+00 0.00000e+00 0.00000e+00 0.00000e+00 0.00000e+00 0.00000e+00 0.00000e+00 0.00000e+00 0.00000e+00 0.00000e+00 0.00000e+00 
2.6 2.65 2.7 0.00000e+00 0.00000e+00 0.00000e+00 0.00000e+00 0.00000e+00 0.00000e+00 0.00000e+00 0.00000e+00 0.00000e+00 0.00000e+00 0.00000e+00 0.00000e+00 0.00000e+00 0.00000e+00 
2.7 2.75 2.8 0.00000e+00 0.00000e+00 0.00000e+00 0.00000e+00 0.00000e+00 0.00000e+00 0.00000e+00 0.00000e+00 0.00000e+00 0.00000e+00 0.00000e+00 0.00000e+00 0.00000e+00 0.00000e+00 
2.8 2.85 2.9 0.00000e+00 0.00000e+00 0.00000e+00 0.00000e+00 0.00000e+00 0.00000e+00 0.00000e+00 0.00000e+00 0.00000e+00 0.00000e+00 0.00000e+00 0.00000e+00 0.00000e+00 0.00000e+00 
2.9 2.95 3.0 0.00000e+00 0.00000e+00 0.00000e+00 0.00000e+00 0.00000e+00 0.00000e+00 0.00000e+00 0.00000e+00 0.00000e+00 0.00000e+00 0.00000e+00 0.00000e+00 0.00000e+00 0.00000e+00 
3.0 3.05 3.1 0.00000e+00 0.00000e+00 0.00000e+00 0.00000e+00 0.00000e+00 0.00000e+00 0.00000e+00 0.00000e+00 0.00000e+00 0.00000e+00 0.00000e+00 0.00000e+00 0.00000e+00 0.00000e+00 
3.1 3.15 3.2 0.00000e+00 0.00000e+00 0.00000e+00 0.00000e+00 0.00000e+00 0.00000e+00 0.00000e+00 0.00000e+00 0.00000e+00 0.00000e+00 0.00000e+00 0.00000e+00 0.00000e+00 0.00000e+00 
3.2 3.25 3.3 0.00000e+00 0.00000e+00 0.00000e+00 0.00000e+00 0.00000e+00 0.00000e+00 0.00000e+00 0.00000e+00 0.00000e+00 0.00000e+00 0.00000e+00 0.00000e+00 0.00000e+00 0.00000e+00 
3.3 3.35 3.4 0.00000e+00 0.00000e+00 0.00000e+00 0.00000e+00 0.00000e+00 0.00000e+00 0.00000e+00 0.00000e+00 0.00000e+00 0.00000e+00 0.00000e+00 0.00000e+00 0.00000e+00 0.00000e+00 
3.4 3.45 3.5 0.00000e+00 0.00000e+00 0.00000e+00 0.00000e+00 0.00000e+00 0.00000e+00 0.00000e+00 0.00000e+00 0.00000e+00 0.00000e+00 0.00000e+00 0.00000e+00 0.00000e+00 0.00000e+00 
