0.0 0.05 0.1 0.00000e+00 0.00000e+00 0.00000e+00 0.00000e+00 0.00000e+00 0.00000e+00 0.00000e+00 0.00000e+00 0.00000e+00 0.00000e+00 0.00000e+00 0.00000e+00 0.00000e+00 0.00000e+00 
0.1 0.15 0.2 0.00000e+00 0.00000e+00 0.00000e+00 0.00000e+00 0.00000e+00 0.00000e+00 0.00000e+00 0.00000e+00 0.00000e+00 0.00000e+00 0.00000e+00 0.00000e+00 0.00000e+00 0.00000e+00 
0.2 0.25 0.3 0.00000e+00 0.00000e+00 0.00000e+00 0.00000e+00 0.00000e+00 0.00000e+00 0.00000e+00 0.00000e+00 0.00000e+00 0.00000e+00 0.00000e+00 0.00000e+00 0.00000e+00 0.00000e+00 
0.3 0.35 0.4 0.00000e+00 0.00000e+00 0.00000e+00 0.00000e+00 0.00000e+00 0.00000e+00 0.00000e+00 0.00000e+00 0.00000e+00 0.00000e+00 0.00000e+00 0.00000e+00 0.00000e+00 0.00000e+00 
0.4 0.45 0.5 0.00000e+00 0.00000e+00 0.00000e+00 0.00000e+00 0.00000e+00 0.00000e+00 0.00000e+00 0.00000e+00 0.00000e+00 0.00000e+00 0.00000e+00 0.00000e+00 0.00000e+00 0.00000e+00 
0.5 0.55 0.6 0.00000e+00 0.00000e+00 0.00000e+00 0.00000e+00 0.00000e+00 0.00000e+00 0.00000e+00 0.00000e+00 0.00000e+00 0.00000e+00 0.00000e+00 0.00000e+00 0.00000e+00 0.00000e+00 
0.6 0.65 0.7 0.00000e+00 0.00000e+00 0.00000e+00 0.00000e+00 0.00000e+00 0.00000e+00 0.00000e+00 0.00000e+00 0.00000e+00 0.00000e+00 0.00000e+00 0.00000e+00 0.00000e+00 0.00000e+00 
0.7 0.75 0.8 1.93967e-01 8.34920e-03 1.17447e-01 5.06107e-03 3.45684e-01 1.48284e-02 1.28290e-01 5.52959e-03 1.75756e-01 7.59134e-03 2.99784e-01 1.29664e-02 2.22304e-01 9.58418e-03 
0.8 0.85 0.9 1.49485e+01 7.64579e-01 1.99451e+01 5.73958e-01 -5.16856e+00 1.08196e+00 1.89012e+01 5.95907e-01 1.77492e+01 7.40861e-01 2.37612e+00 1.01995e+00 1.15480e+01 8.07550e-01 
0.9 0.95 1.0 2.00818e+01 7.42972e-01 2.24221e+01 5.51623e-01 5.65802e+00 1.01156e+00 2.18633e+01 5.77530e-01 2.20938e+01 7.12137e-01 1.14566e+01 9.94607e-01 1.74229e+01 7.76329e-01 
1.0 1.05 1.1 2.11016e+01 6.89611e-01 2.29012e+01 5.20026e-01 7.80428e+00 1.03080e+00 2.23299e+01 5.42917e-01 2.30986e+01 6.63212e-01 1.34587e+01 9.05359e-01 1.87279e+01 7.65071e-01 
1.1 1.15 1.2 2.03101e+01 7.02730e-01 2.21201e+01 5.04276e-01 7.33787e+00 1.01344e+00 2.16441e+01 5.32683e-01 2.21647e+01 6.53562e-01 1.29501e+01 9.50994e-01 1.78990e+01 7.42438e-01 
1.2 1.25 1.3 1.94339e+01 7.16977e-01 2.14873e+01 4.83969e-01 5.89540e+00 9.23483e-01 2.09129e+01 5.49605e-01 2.13990e+01 6.14574e-01 1.16830e+01 9.76543e-01 1.69959e+01 6.96030e-01 
1.3 1.35 1.4 2.02052e+01 6.98035e-01 2.18404e+01 5.08570e-01 7.28749e+00 1.00719e+00 2.13856e+01 5.37597e-01 2.19870e+01 6.60090e-01 1.28205e+01 9.33972e-01 1.78297e+01 7.40362e-01 
1.4 1.45 1.5 1.91792e+01 6.85573e-01 2.10382e+01 4.97488e-01 5.61239e+00 9.81756e-01 2.07362e+01 5.30365e-01 2.10924e+01 6.26177e-01 1.06404e+01 8.95020e-01 1.68061e+01 7.26742e-01 
1.5 1.55 1.6 1.84959e+01 7.05769e-01 2.05942e+01 4.96102e-01 4.88333e+00 1.03737e+00 2.00744e+01 5.36689e-01 2.03536e+01 6.47838e-01 1.07472e+01 9.69533e-01 1.59847e+01 7.51489e-01 
1.6 1.65 1.7 1.75091e+01 6.63290e-01 1.97821e+01 4.81117e-01 5.16380e+00 9.96681e-01 1.91985e+01 5.07216e-01 1.94340e+01 6.29765e-01 9.72246e+00 9.04453e-01 1.57547e+01 7.31189e-01 
1.7 1.75 1.8 1.81207e+01 6.29673e-01 2.03413e+01 4.69093e-01 5.46050e+00 1.01491e+00 1.97381e+01 4.91498e-01 2.00929e+01 6.03141e-01 1.03818e+01 8.34758e-01 1.62109e+01 7.37966e-01 
1.8 1.85 1.9 1.76822e+01 7.07143e-01 1.98314e+01 4.75623e-01 4.14582e+00 1.04476e+00 1.92722e+01 5.34884e-01 1.93386e+01 6.50689e-01 9.46979e+00 9.43588e-01 1.51376e+01 7.17174e-01 
1.9 1.95 2.0 1.66791e+01 7.00326e-01 1.89252e+01 4.97018e-01 3.48399e+00 9.83768e-01 1.84200e+01 4.94583e-01 1.85327e+01 6.59730e-01 9.08929e+00 9.72161e-01 1.46660e+01 7.51235e-01 
2.0 2.05 2.1 1.72968e+01 6.88019e-01 1.94171e+01 4.91775e-01 4.65562e+00 1.04689e+00 1.88566e+01 5.21081e-01 1.91263e+01 6.49843e-01 9.85456e+00 9.48577e-01 1.48946e+01 7.41762e-01 
2.1 2.15 2.2 1.63648e+01 6.85797e-01 1.85163e+01 4.86622e-01 3.76087e+00 1.02605e+00 1.77980e+01 4.96137e-01 1.81666e+01 6.46147e-01 9.03641e+00 9.51435e-01 1.38240e+01 6.95347e-01 
2.2 2.25 2.3 1.63373e+01 6.20318e-01 1.85996e+01 4.88993e-01 3.62350e+00 8.79755e-01 1.80345e+01 5.23129e-01 1.83334e+01 6.47424e-01 8.99722e+00 8.28985e-01 1.40742e+01 7.46877e-01 
2.3 2.35 2.4 1.54136e+01 6.99073e-01 1.77435e+01 4.88081e-01 2.52943e+00 9.96169e-01 1.71474e+01 5.00100e-01 1.72304e+01 6.54845e-01 7.93751e+00 9.82292e-01 1.30910e+01 7.59249e-01 
2.4 2.45 2.5 1.53807e+01 7.06208e-01 1.74794e+01 4.87669e-01 2.88620e+00 1.00132e+00 1.69494e+01 5.21833e-01 1.71365e+01 6.58759e-01 8.41660e+00 1.00058e+00 1.32002e+01 7.63819e-01 
2.5 2.55 2.6 1.51431e+01 7.01036e-01 1.73386e+01 4.87560e-01 3.35257e+00 8.73765e-01 1.67764e+01 5.20699e-01 1.69204e+01 6.48361e-01 8.07632e+00 9.87317e-01 1.32506e+01 6.43565e-01 
2.6 2.65 2.7 1.48389e+01 6.50783e-01 1.70038e+01 4.80453e-01 3.11241e+00 1.01559e+00 1.63606e+01 4.86741e-01 1.62342e+01 5.57878e-01 7.60987e+00 7.99905e-01 1.27171e+01 6.99954e-01 
2.7 2.75 2.8 1.36726e+01 7.00119e-01 1.56009e+01 4.23629e-01 7.36188e-01 9.36328e-01 1.53630e+01 5.13581e-01 1.54534e+01 6.47981e-01 6.98001e+00 9.90447e-01 1.08010e+01 6.70295e-01 
2.8 2.85 2.9 1.29035e+01 6.46848e-01 1.52244e+01 4.74097e-01 6.26416e-01 1.08018e+00 1.46595e+01 5.09181e-01 1.45140e+01 6.45390e-01 5.85624e+00 9.09559e-01 1.06001e+01 7.52846e-01 
2.9 2.95 3.0 1.35349e+01 6.81692e-01 1.56886e+01 4.48814e-01 2.24176e+00 9.72028e-01 1.52049e+01 4.79173e-01 1.51711e+01 6.35775e-01 7.13759e+00 9.70859e-01 1.14211e+01 6.89283e-01 
3.0 3.05 3.1 1.30168e+01 6.87423e-01 1.49677e+01 4.68029e-01 2.17241e+00 1.07421e+00 1.45040e+01 5.02832e-01 1.45486e+01 6.41229e-01 6.73180e+00 9.87798e-01 1.10705e+01 7.47329e-01 
3.1 3.15 3.2 1.12944e+01 6.28851e-01 1.35039e+01 4.53114e-01 1.23717e+00 1.05616e+00 1.29033e+01 4.62529e-01 1.29859e+01 6.21900e-01 5.61957e+00 9.41832e-01 9.67882e+00 6.37542e-01 
3.2 3.25 3.3 1.03100e+01 5.94738e-01 1.20273e+01 3.95166e-01 1.16759e+00 9.16442e-01 1.16256e+01 4.39496e-01 1.16246e+01 5.29917e-01 5.03366e+00 8.39982e-01 8.66123e+00 6.45962e-01 
3.3 3.35 3.4 8.96731e+00 5.01275e-01 1.08707e+01 4.05730e-01 9.38754e-01 7.46269e-01 1.01259e+01 3.78090e-01 1.05168e+01 5.35929e-01 4.34641e+00 6.90360e-01 7.41920e+00 5.77843e-01 
3.4 3.45 3.5 7.84876e+00 5.54655e-01 9.37218e+00 3.79903e-01 1.92701e-01 8.57842e-01 9.02619e+00 4.08715e-01 9.02711e+00 5.26925e-01 3.55717e+00 8.07939e-01 6.46092e+00 6.03634e-01 
3.5 3.55 3.6 7.71970e+00 5.36283e-01 8.89671e+00 3.68933e-01 1.25932e-01 6.67603e-01 8.62320e+00 3.97243e-01 8.66687e+00 4.99311e-01 3.95783e+00 7.56287e-01 6.64592e+00 5.81539e-01 
3.6 3.65 3.7 6.48959e+00 5.21167e-01 7.73499e+00 3.54804e-01 1.45127e-01 8.09348e-01 7.47566e+00 3.82912e-01 7.36579e+00 4.82823e-01 2.64609e+00 6.86900e-01 5.37122e+00 5.68653e-01 
3.7 3.75 3.8 5.56161e+00 5.10929e-01 6.83165e+00 3.44128e-01 -3.88050e-01 7.66426e-01 6.54903e+00 3.74682e-01 6.56485e+00 4.42940e-01 2.13651e+00 7.01092e-01 4.50902e+00 5.41091e-01 
3.8 3.85 3.9 5.21945e+00 4.95178e-01 6.27895e+00 3.14417e-01 -1.15706e-01 7.61541e-01 5.93332e+00 3.37954e-01 6.12009e+00 4.49667e-01 2.09855e+00 7.05824e-01 4.27864e+00 5.34036e-01 
3.9 3.95 4.0 3.77715e+00 4.67964e-01 5.07194e+00 3.28116e-01 -1.62795e+00 7.35438e-01 4.86274e+00 3.43159e-01 4.88618e+00 3.96363e-01 1.02654e+00 5.92290e-01 2.78233e+00 5.12666e-01 
4.0 4.05 4.1 4.35713e+00 4.58888e-01 5.26196e+00 2.76428e-01 -8.45993e-02 7.07463e-01 5.06755e+00 3.36617e-01 4.92631e+00 3.92936e-01 1.67082e+00 5.81987e-01 3.55683e+00 5.17830e-01 
4.1 4.15 4.2 4.24313e+00 4.36079e-01 5.21039e+00 3.07738e-01 1.64148e-01 7.05489e-01 4.86821e+00 3.29901e-01 5.00613e+00 4.15978e-01 1.78367e+00 5.95399e-01 3.77173e+00 4.95089e-01 
4.2 4.25 4.3 3.37504e+00 4.14105e-01 4.09751e+00 2.85775e-01 -6.79731e-01 6.60322e-01 3.99583e+00 3.04906e-01 3.77302e+00 3.92511e-01 9.04272e-01 6.09533e-01 2.67360e+00 4.54415e-01 
4.3 4.35 4.4 3.04605e+00 3.78932e-01 3.90193e+00 2.87095e-01 -7.62348e-01 6.55284e-01 3.70536e+00 2.95847e-01 3.57136e+00 3.79851e-01 8.94112e-01 5.95666e-01 2.28947e+00 4.63369e-01 
4.4 4.45 4.5 2.99999e+00 4.08655e-01 3.56596e+00 2.74060e-01 -1.30894e-01 6.31007e-01 3.45183e+00 2.98074e-01 3.40276e+00 3.72868e-01 1.23827e+00 4.68223e-01 2.38460e+00 4.46705e-01 
4.5 4.55 4.6 1.91774e+00 3.95349e-01 2.75806e+00 2.65872e-01 -1.52496e+00 6.10017e-01 2.58658e+00 2.89553e-01 2.39402e+00 3.63116e-01 1.01650e-01 5.17088e-01 1.29776e+00 4.38640e-01 
4.6 4.65 4.7 2.19812e+00 3.82807e-01 2.79473e+00 2.61348e-01 -5.87112e-01 5.86243e-01 2.66690e+00 2.82251e-01 2.52938e+00 3.50002e-01 6.88008e-01 5.30522e-01 1.50898e+00 3.99914e-01 
4.7 4.75 4.8 2.16117e+00 3.63876e-01 2.60916e+00 2.46527e-01 -3.34453e-01 4.83892e-01 2.50648e+00 2.67181e-01 2.51778e+00 3.34743e-01 1.03359e+00 4.98564e-01 1.77922e+00 4.00221e-01 
4.8 4.85 4.9 1.25366e+00 3.47212e-01 1.93428e+00 2.38247e-01 -1.36985e+00 5.27649e-01 1.81417e+00 2.57522e-01 1.62679e+00 3.20712e-01 -2.84924e-01 4.81980e-01 7.59429e-01 3.77000e-01 
4.9 4.95 5.0 1.77124e+00 3.36066e-01 2.13986e+00 2.27602e-01 -2.83171e-01 4.79180e-01 2.06595e+00 2.48429e-01 1.99256e+00 3.07482e-01 7.08950e-01 4.68882e-01 1.41595e+00 3.71804e-01 
5.0 5.05 5.1 1.20531e+00 3.18166e-01 1.57341e+00 2.22457e-01 -7.13014e-01 4.78325e-01 1.54604e+00 2.37728e-01 1.43776e+00 2.94142e-01 2.96424e-02 4.51941e-01 7.10568e-01 3.57411e-01 
5.1 5.15 5.2 7.99198e-01 3.34503e-01 1.32257e+00 2.27880e-01 -1.00523e+00 5.02630e-01 1.19612e+00 2.45436e-01 1.10772e+00 3.07326e-01 -3.00324e-01 4.65094e-01 4.16606e-01 3.60373e-01 
5.2 5.25 5.3 4.50296e-01 2.84016e-01 9.34315e-01 1.95498e-01 -1.26351e+00 4.31694e-01 8.53061e-01 2.13442e-01 6.88402e-01 2.62254e-01 -5.62643e-01 3.93398e-01 1.29280e-01 3.16930e-01 
5.3 5.35 5.4 5.55144e-01 2.90412e-01 9.60035e-01 2.01568e-01 -8.21950e-01 4.36604e-01 9.08617e-01 2.19743e-01 7.76221e-01 2.67783e-01 -2.55010e-01 3.93700e-01 3.23709e-01 3.19971e-01 
5.4 5.45 5.5 5.39589e-01 2.73948e-01 8.72429e-01 1.86891e-01 -6.50936e-01 4.15739e-01 7.79595e-01 2.06158e-01 7.57865e-01 2.49889e-01 -9.85951e-02 3.74314e-01 3.19761e-01 3.01622e-01 
5.5 5.55 5.6 6.84611e-01 3.07907e-01 9.93381e-01 2.23713e-01 -6.09781e-01 4.27736e-01 9.70464e-01 2.41216e-01 8.21305e-01 2.84680e-01 -9.44497e-02 3.94314e-01 4.59467e-01 3.34083e-01 
5.6 5.65 5.7 -1.22634e-01 2.56061e-01 4.34694e-01 2.02400e-01 -1.26697e+00 3.83295e-01 3.71383e-01 2.20931e-01 8.67432e-02 2.34918e-01 -7.64480e-01 3.45377e-01 -3.44194e-01 2.81186e-01 
5.7 5.75 5.8 1.64163e-01 2.52175e-01 4.13279e-01 1.76429e-01 -7.60751e-01 3.66823e-01 3.49852e-01 1.92477e-01 2.81075e-01 2.32221e-01 -3.45161e-01 3.38313e-01 -4.17049e-02 2.75676e-01 
5.8 5.85 5.9 5.81280e-01 2.69211e-01 6.86189e-01 1.87591e-01 -2.82308e-02 3.91420e-01 6.64204e-01 2.04787e-01 6.75914e-01 2.48291e-01 2.75080e-01 3.61235e-01 4.52892e-01 2.94219e-01 
5.9 5.95 6.0 4.12089e-01 2.29741e-01 4.90287e-01 1.59908e-01 -2.04894e-03 3.35807e-01 4.72717e-01 1.74658e-01 4.72899e-01 2.11580e-01 1.80108e-01 3.08563e-01 3.45544e-01 2.52132e-01 
6.0 6.05 6.1 2.28216e-01 1.82971e-01 3.27585e-01 1.27925e-01 -2.17059e-01 2.65770e-01 2.90737e-01 1.39794e-01 2.77399e-01 1.69137e-01 -1.95427e-02 2.44970e-01 1.20097e-01 2.00174e-01 
6.1 6.15 6.2 -4.58637e-02 1.55213e-01 9.52776e-02 1.07647e-01 -4.17841e-01 2.43689e-01 7.53353e-02 1.18059e-01 1.13787e-02 1.42325e-01 -2.30601e-01 2.25272e-01 -6.89730e-02 1.87575e-01 
6.2 6.25 6.3 2.40051e-01 1.93065e-01 2.06114e-01 1.13629e-01 1.73849e-02 2.82507e-01 2.59116e-01 1.46394e-01 1.89517e-01 1.51347e-01 1.34523e-01 2.59397e-01 1.92765e-01 2.12470e-01 
6.3 6.35 6.4 -2.54887e-01 9.46276e-02 -6.47462e-02 6.80536e-02 -6.43343e-01 1.38254e-01 -1.29715e-01 7.20549e-02 -1.52163e-01 9.00353e-02 -4.90605e-01 1.26784e-01 -3.34615e-01 1.03906e-01 
6.4 6.45 6.5 -1.40633e-01 7.22470e-02 -4.54908e-02 4.92551e-02 -3.98448e-01 1.08728e-01 -6.72175e-02 5.46371e-02 -1.30934e-01 6.58494e-02 -3.22153e-01 9.84554e-02 -2.09082e-01 8.08528e-02 
6.5 6.55 6.6 -1.84985e-01 4.74524e-02 -8.73814e-02 3.18281e-02 -4.09220e-01 7.26364e-02 -1.07958e-01 3.55801e-02 -1.53076e-01 4.26104e-02 -3.27354e-01 6.49008e-02 -2.35307e-01 5.35109e-02 
6.6 6.65 6.7 -1.55325e-01 3.67387e-02 -7.56331e-02 2.39584e-02 -3.18982e-01 5.78089e-02 -9.35909e-02 2.73301e-02 -1.23020e-01 3.23347e-02 -2.55631e-01 5.06151e-02 -1.88489e-01 4.22303e-02 
6.7 6.75 6.8 -1.55067e-01 9.69640e-03 -8.46903e-02 5.60088e-03 -2.87881e-01 1.69810e-02 -9.87058e-02 6.94359e-03 -1.28424e-01 8.16866e-03 -2.42032e-01 1.46849e-02 -1.82756e-01 1.12003e-02 
6.8 6.85 6.9 -1.06553e-01 6.07375e-03 -5.82708e-02 3.32837e-03 -2.01926e-01 1.14442e-02 -6.89259e-02 3.84423e-03 -8.81950e-02 5.00656e-03 -1.65680e-01 9.42527e-03 -1.26646e-01 7.08063e-03 
6.9 6.95 7.0 -6.28281e-02 4.20610e-03 -3.62761e-02 2.39865e-03 -1.21787e-01 8.14939e-03 -4.20321e-02 2.82090e-03 -5.20067e-02 3.48007e-03 -9.81926e-02 6.60238e-03 -7.88280e-02 5.27488e-03 
7.0 7.05 7.1 -3.89120e-02 2.68404e-03 -2.12980e-02 1.47114e-03 -7.51242e-02 5.14483e-03 -2.59064e-02 1.78872e-03 -3.19896e-02 2.20801e-03 -6.12744e-02 4.21585e-03 -4.81639e-02 3.30246e-03 
7.1 7.15 7.2 -2.29774e-02 1.58451e-03 -1.23052e-02 8.54103e-04 -4.29698e-02 2.95824e-03 -1.54471e-02 1.06647e-03 -1.84744e-02 1.28041e-03 -3.58280e-02 2.46735e-03 -2.75613e-02 1.89071e-03 
7.2 7.25 7.3 -1.30829e-02 9.46046e-04 -7.00983e-03 5.10296e-04 -2.53907e-02 1.77178e-03 -8.71186e-03 6.30313e-04 -1.03845e-02 7.58180e-04 -2.01990e-02 1.46765e-03 -1.62843e-02 1.13761e-03 
7.3 7.35 7.4 -4.68932e-03 3.43665e-04 -2.47626e-03 1.82356e-04 -9.30681e-03 7.21899e-04 -3.12387e-03 2.28886e-04 -3.71712e-03 2.73781e-04 -7.30916e-03 5.35843e-04 -5.96922e-03 4.63156e-04 
7.4 7.45 7.5 -2.46785e-03 2.15106e-04 -1.29111e-03 1.13079e-04 -5.10070e-03 4.40976e-04 -1.64488e-03 1.43436e-04 -1.93744e-03 1.69641e-04 -3.84413e-03 3.34921e-04 -3.27349e-03 2.83056e-04 
7.5 7.55 7.6 -5.60420e-04 5.01403e-05 -2.76050e-04 2.42953e-05 -1.20990e-03 1.07974e-04 -3.73067e-04 3.33635e-05 -4.20389e-04 3.63702e-05 -8.74233e-04 7.82604e-05 -7.75978e-04 6.91674e-05 
7.6 7.65 7.7 -6.53681e-05 5.68179e-06 -3.21845e-05 2.80496e-06 -1.45430e-04 1.25365e-05 -4.35141e-05 3.78446e-06 -4.69219e-05 4.08398e-06 -1.01969e-04 8.85721e-06 -9.59362e-05 8.27103e-06 
7.7 7.75 7.8 -2.40341e-06 2.61473e-07 -1.15313e-06 1.26052e-07 -5.47051e-06 5.88669e-07 -1.60327e-06 1.74759e-07 -1.72867e-06 1.88608e-07 -3.74000e-06 4.06004e-07 -3.51718e-06 3.79107e-07 
7.8 7.85 7.9 -1.09681e-08 1.40310e-09 -4.82706e-09 6.28551e-10 -2.52219e-08 3.22979e-09 -7.32289e-09 9.36675e-10 -7.22348e-09 9.40993e-10 -1.70500e-08 2.18161e-09 -1.62243e-08 2.07720e-09 
7.9 7.95 8.0 0.00000e+00 0.00000e+00 0.00000e+00 0.00000e+00 0.00000e+00 0.00000e+00 0.00000e+00 0.00000e+00 0.00000e+00 0.00000e+00 0.00000e+00 0.00000e+00 0.00000e+00 0.00000e+00 
8.0 8.05 8.1 0.00000e+00 0.00000e+00 0.00000e+00 0.00000e+00 0.00000e+00 0.00000e+00 0.00000e+00 0.00000e+00 0.00000e+00 0.00000e+00 0.00000e+00 0.00000e+00 0.00000e+00 0.00000e+00 
8.1 8.15 8.2 0.00000e+00 0.00000e+00 0.00000e+00 0.00000e+00 0.00000e+00 0.00000e+00 0.00000e+00 0.00000e+00 0.00000e+00 0.00000e+00 0.00000e+00 0.00000e+00 0.00000e+00 0.00000e+00 
8.2 8.25 8.3 0.00000e+00 0.00000e+00 0.00000e+00 0.00000e+00 0.00000e+00 0.00000e+00 0.00000e+00 0.00000e+00 0.00000e+00 0.00000e+00 0.00000e+00 0.00000e+00 0.00000e+00 0.00000e+00 
8.3 8.35 8.4 0.00000e+00 0.00000e+00 0.00000e+00 0.00000e+00 0.00000e+00 0.00000e+00 0.00000e+00 0.00000e+00 0.00000e+00 0.00000e+00 0.00000e+00 0.00000e+00 0.00000e+00 0.00000e+00 
8.4 8.45 8.5 0.00000e+00 0.00000e+00 0.00000e+00 0.00000e+00 0.00000e+00 0.00000e+00 0.00000e+00 0.00000e+00 0.00000e+00 0.00000e+00 0.00000e+00 0.00000e+00 0.00000e+00 0.00000e+00 
8.5 8.55 8.6 0.00000e+00 0.00000e+00 0.00000e+00 0.00000e+00 0.00000e+00 0.00000e+00 0.00000e+00 0.00000e+00 0.00000e+00 0.00000e+00 0.00000e+00 0.00000e+00 0.00000e+00 0.00000e+00 
8.6 8.65 8.7 0.00000e+00 0.00000e+00 0.00000e+00 0.00000e+00 0.00000e+00 0.00000e+00 0.00000e+00 0.00000e+00 0.00000e+00 0.00000e+00 0.00000e+00 0.00000e+00 0.00000e+00 0.00000e+00 
8.7 8.75 8.8 0.00000e+00 0.00000e+00 0.00000e+00 0.00000e+00 0.00000e+00 0.00000e+00 0.00000e+00 0.00000e+00 0.00000e+00 0.00000e+00 0.00000e+00 0.00000e+00 0.00000e+00 0.00000e+00 
8.8 8.85 8.9 0.00000e+00 0.00000e+00 0.00000e+00 0.00000e+00 0.00000e+00 0.00000e+00 0.00000e+00 0.00000e+00 0.00000e+00 0.00000e+00 0.00000e+00 0.00000e+00 0.00000e+00 0.00000e+00 
8.9 8.95 9.0 0.00000e+00 0.00000e+00 0.00000e+00 0.00000e+00 0.00000e+00 0.00000e+00 0.00000e+00 0.00000e+00 0.00000e+00 0.00000e+00 0.00000e+00 0.00000e+00 0.00000e+00 0.00000e+00 
9.0 9.05 9.1 0.00000e+00 0.00000e+00 0.00000e+00 0.00000e+00 0.00000e+00 0.00000e+00 0.00000e+00 0.00000e+00 0.00000e+00 0.00000e+00 0.00000e+00 0.00000e+00 0.00000e+00 0.00000e+00 
9.1 9.15 9.2 0.00000e+00 0.00000e+00 0.00000e+00 0.00000e+00 0.00000e+00 0.00000e+00 0.00000e+00 0.00000e+00 0.00000e+00 0.00000e+00 0.00000e+00 0.00000e+00 0.00000e+00 0.00000e+00 
9.2 9.25 9.3 0.00000e+00 0.00000e+00 0.00000e+00 0.00000e+00 0.00000e+00 0.00000e+00 0.00000e+00 0.00000e+00 0.00000e+00 0.00000e+00 0.00000e+00 0.00000e+00 0.00000e+00 0.00000e+00 
9.3 9.35 9.4 0.00000e+00 0.00000e+00 0.00000e+00 0.00000e+00 0.00000e+00 0.00000e+00 0.00000e+00 0.00000e+00 0.00000e+00 0.00000e+00 0.00000e+00 0.00000e+00 0.00000e+00 0.00000e+00 
9.4 9.45 9.5 0.00000e+00 0.00000e+00 0.00000e+00 0.00000e+00 0.00000e+00 0.00000e+00 0.00000e+00 0.00000e+00 0.00000e+00 0.00000e+00 0.00000e+00 0.00000e+00 0.00000e+00 0.00000e+00 
9.5 9.55 9.6 0.00000e+00 0.00000e+00 0.00000e+00 0.00000e+00 0.00000e+00 0.00000e+00 0.00000e+00 0.00000e+00 0.00000e+00 0.00000e+00 0.00000e+00 0.00000e+00 0.00000e+00 0.00000e+00 
9.6 9.65 9.7 0.00000e+00 0.00000e+00 0.00000e+00 0.00000e+00 0.00000e+00 0.00000e+00 0.00000e+00 0.00000e+00 0.00000e+00 0.00000e+00 0.00000e+00 0.00000e+00 0.00000e+00 0.00000e+00 
9.7 9.75 9.8 0.00000e+00 0.00000e+00 0.00000e+00 0.00000e+00 0.00000e+00 0.00000e+00 0.00000e+00 0.00000e+00 0.00000e+00 0.00000e+00 0.00000e+00 0.00000e+00 0.00000e+00 0.00000e+00 
9.8 9.85 9.9 0.00000e+00 0.00000e+00 0.00000e+00 0.00000e+00 0.00000e+00 0.00000e+00 0.00000e+00 0.00000e+00 0.00000e+00 0.00000e+00 0.00000e+00 0.00000e+00 0.00000e+00 0.00000e+00 
9.9 9.95 10.0 0.00000e+00 0.00000e+00 0.00000e+00 0.00000e+00 0.00000e+00 0.00000e+00 0.00000e+00 0.00000e+00 0.00000e+00 0.00000e+00 0.00000e+00 0.00000e+00 0.00000e+00 0.00000e+00 
