0.0 0.065449846958 0.13089969392 6.14310e+01 1.76073e+00 7.26255e+01 1.28431e+00 6.94471e+00 2.37621e+00 7.00335e+01 1.34036e+00 6.89018e+01 1.69062e+00 2.50424e+01 2.40530e+00 5.40477e+01 1.76574e+00 
0.13089969392 0.19634954088 0.26179938783 6.22810e+01 1.90716e+00 7.37495e+01 1.35411e+00 5.26573e+00 2.85472e+00 7.10282e+01 1.41997e+00 7.00513e+01 1.77636e+00 2.53462e+01 2.68446e+00 5.36664e+01 2.01941e+00 
0.26179938783 0.32724923479 0.39269908175 6.68361e+01 1.98444e+00 7.79394e+01 1.41622e+00 7.55065e+00 3.18300e+00 7.55434e+01 1.47505e+00 7.36104e+01 2.01791e+00 2.89172e+01 2.79908e+00 5.76317e+01 2.21782e+00 
0.39269908175 0.45814892871 0.52359877567 7.20376e+01 2.21813e+00 8.71285e+01 1.51351e+00 2.87197e+00 3.31580e+00 8.32743e+01 1.65445e+00 8.21773e+01 2.00491e+00 2.67084e+01 3.11290e+00 6.18616e+01 2.35436e+00 
0.52359877567 0.58904862263 0.65449846958 7.45257e+01 2.00977e+00 8.81032e+01 1.45597e+00 6.77577e+00 2.92874e+00 8.48773e+01 1.52111e+00 8.37101e+01 1.92640e+00 3.07935e+01 2.76962e+00 6.42253e+01 2.11787e+00 
0.65449846958 0.71994831654 0.7853981635 6.62039e+01 1.88996e+00 7.68855e+01 1.35353e+00 9.86994e+00 2.79557e+00 7.43502e+01 1.38432e+00 7.37491e+01 1.80324e+00 2.99407e+01 2.63033e+00 5.77319e+01 1.92919e+00 
0.7853981635 0.85084801046 0.91629785742 5.61119e+01 1.81508e+00 6.56141e+01 1.28022e+00 7.22389e+00 2.73944e+00 6.30337e+01 1.32752e+00 6.26986e+01 1.72615e+00 2.45796e+01 2.56707e+00 4.84564e+01 1.87898e+00 
0.91629785742 0.98174770438 1.0471975513 4.54285e+01 1.63479e+00 5.49689e+01 1.15627e+00 5.75105e-01 2.45894e+00 5.28412e+01 1.21564e+00 5.14198e+01 1.55444e+00 1.61861e+01 2.30279e+00 3.87085e+01 1.73746e+00 
1.0471975513 1.1126473983 1.1780972453 4.01987e+01 1.51918e+00 4.91248e+01 1.04693e+00 5.10295e-01 2.26781e+00 4.72359e+01 1.09598e+00 4.63124e+01 1.38982e+00 1.44538e+01 2.13010e+00 3.41700e+01 1.61056e+00 
1.1780972453 1.2435470922 1.3089969392 3.68874e+01 1.41431e+00 4.39596e+01 1.01231e+00 2.57010e+00 2.12719e+00 4.22908e+01 1.05068e+00 4.16010e+01 1.36703e+00 1.47169e+01 1.99371e+00 3.16768e+01 1.50230e+00 
1.3089969392 1.3744467861 1.4398966331 3.34405e+01 1.25357e+00 3.92704e+01 9.53838e-01 2.91253e+00 1.84554e+00 3.82063e+01 9.44711e-01 3.69986e+01 1.28919e+00 1.36995e+01 1.73548e+00 2.88543e+01 1.32823e+00 
1.4398966331 1.50534648 1.570796327 2.78432e+01 1.25336e+00 3.37095e+01 8.79998e-01 3.88411e-01 1.89795e+00 3.24058e+01 9.26448e-01 3.15239e+01 1.19010e+00 9.99727e+00 1.77779e+00 2.37056e+01 1.33254e+00 
1.570796327 1.636246174 1.7016960209 2.45389e+01 1.13219e+00 2.99406e+01 8.00861e-01 -3.03117e-01 1.69928e+00 2.88411e+01 8.21175e-01 2.78901e+01 1.07656e+00 8.41798e+00 1.59337e+00 2.07600e+01 1.20231e+00 
1.7016960209 1.7671458679 1.8325957148 2.06753e+01 1.13545e+00 2.56602e+01 7.75523e-01 -1.66413e+00 1.74229e+00 2.45880e+01 8.18706e-01 2.35253e+01 1.05194e+00 6.03259e+00 1.62589e+00 1.73282e+01 1.21173e+00 
1.8325957148 1.8980455618 1.9634954088 1.80707e+01 1.06071e+00 2.28231e+01 7.28038e-01 -9.11369e-02 1.40879e+00 2.18019e+01 7.78983e-01 2.08108e+01 9.86909e-01 4.69989e+00 1.51722e+00 1.48824e+01 1.13750e+00 
1.9634954088 2.0289452557 2.0943951027 1.38105e+01 9.14900e-01 1.83146e+01 6.74074e-01 -3.71232e+00 1.38444e+00 1.72917e+01 6.77398e-01 1.61832e+01 8.68313e-01 2.30845e+00 1.28595e+00 1.10663e+01 9.78881e-01 
2.0943951027 2.1598449496 2.2252947966 1.37621e+01 8.95900e-01 1.72533e+01 6.24567e-01 -1.34557e+00 1.53072e+00 1.64935e+01 7.09173e-01 1.57963e+01 8.47369e-01 3.85946e+00 1.27616e+00 1.14725e+01 1.04968e+00 
2.2252947966 2.2907446435 2.3561944905 1.19667e+01 8.18859e-01 1.53547e+01 5.79162e-01 -2.17651e+00 1.22933e+00 1.46037e+01 6.09204e-01 1.39079e+01 7.78160e-01 2.74522e+00 1.15188e+00 9.76134e+00 8.69973e-01 
2.3561944905 2.4216443375 2.4870941844 7.69269e+00 8.42579e-01 1.15470e+01 5.99442e-01 -7.42748e+00 1.31259e+00 1.10231e+01 6.12296e-01 9.05612e+00 8.55928e-01 -2.62961e+00 1.21913e+00 5.51674e+00 9.00822e-01 
2.4870941844 2.5525440314 2.6179938783 7.82755e+00 8.58745e-01 1.12826e+01 5.73855e-01 -5.23799e+00 1.36363e+00 1.06893e+01 6.15336e-01 9.38736e+00 7.97767e-01 -1.24690e+00 1.24560e+00 5.85133e+00 9.24861e-01 
2.6179938783 2.6834437253 2.7488935723 6.88582e+00 8.45070e-01 1.08331e+01 5.49210e-01 -5.75944e+00 1.30320e+00 1.01390e+01 5.72442e-01 9.01429e+00 7.62701e-01 -1.87354e+00 1.24339e+00 5.25654e+00 8.18246e-01 
2.7488935723 2.8143434192 2.8797932662 7.03055e+00 7.39505e-01 1.03193e+01 5.03240e-01 -4.91839e+00 1.15974e+00 9.67637e+00 5.34415e-01 8.60727e+00 6.95024e-01 -1.00999e+00 1.07527e+00 5.23821e+00 7.94014e-01 
2.8797932662 2.9452431131 3.0106929601 5.01854e+00 7.67883e-01 8.77365e+00 5.18233e-01 -7.57634e+00 1.21335e+00 8.10011e+00 5.51715e-01 6.62190e+00 7.19989e-01 -3.58730e+00 1.12353e+00 3.14043e+00 8.25725e-01 
3.0106929601 3.076142807 3.141592654 4.85708e+00 6.35645e-01 8.57277e+00 4.45556e-01 -7.03804e+00 9.45264e-01 7.88206e+00 4.69925e-01 6.11754e+00 5.99363e-01 -3.60544e+00 9.00487e-01 3.02600e+00 6.77360e-01 
