0.0 0.05 0.1 0.00000e+00 0.00000e+00 0.00000e+00 0.00000e+00 0.00000e+00 0.00000e+00 0.00000e+00 0.00000e+00 0.00000e+00 0.00000e+00 0.00000e+00 0.00000e+00 0.00000e+00 0.00000e+00 
0.1 0.15 0.2 0.00000e+00 0.00000e+00 0.00000e+00 0.00000e+00 0.00000e+00 0.00000e+00 0.00000e+00 0.00000e+00 0.00000e+00 0.00000e+00 0.00000e+00 0.00000e+00 0.00000e+00 0.00000e+00 
0.2 0.25 0.3 0.00000e+00 0.00000e+00 0.00000e+00 0.00000e+00 0.00000e+00 0.00000e+00 0.00000e+00 0.00000e+00 0.00000e+00 0.00000e+00 0.00000e+00 0.00000e+00 0.00000e+00 0.00000e+00 
0.3 0.35 0.4 0.00000e+00 0.00000e+00 0.00000e+00 0.00000e+00 0.00000e+00 0.00000e+00 0.00000e+00 0.00000e+00 0.00000e+00 0.00000e+00 0.00000e+00 0.00000e+00 0.00000e+00 0.00000e+00 
0.4 0.45 0.5 3.19226e+00 1.65589e-01 1.92367e+00 9.91293e-02 5.28072e+00 2.71465e-01 2.03424e+00 1.04881e-01 2.93297e+00 1.50104e-01 4.88177e+00 2.52253e-01 3.29109e+00 1.67498e-01 
0.5 0.55 0.6 2.91542e+02 1.37598e+01 3.71328e+02 9.60628e+00 -5.16072e+01 2.18835e+01 3.56927e+02 9.77330e+00 3.25749e+02 1.35670e+01 2.03618e+01 2.07118e+01 2.53725e+02 1.46325e+01 
0.6 0.65 0.7 3.30908e+02 1.17603e+01 3.78303e+02 8.11711e+00 6.97886e+01 1.93658e+01 3.66531e+02 8.33715e+00 3.60112e+02 1.14475e+01 1.34682e+02 1.74798e+01 3.01714e+02 1.28293e+01 
0.7 0.75 0.8 3.63815e+02 1.21662e+01 3.90957e+02 8.22562e+00 1.47784e+02 1.86032e+01 3.82056e+02 8.53675e+00 3.88445e+02 1.17077e+01 2.03027e+02 1.83038e+01 3.41964e+02 1.23170e+01 
0.8 0.85 0.9 3.35518e+02 1.17045e+01 3.66763e+02 7.94012e+00 1.29983e+02 1.78965e+01 3.56918e+02 8.17728e+00 3.60688e+02 1.13524e+01 1.75245e+02 1.77081e+01 3.17112e+02 1.18651e+01 
0.9 0.95 1.0 3.18644e+02 1.11716e+01 3.50672e+02 7.90247e+00 1.01662e+02 1.73860e+01 3.43079e+02 8.03475e+00 3.39999e+02 1.13218e+01 1.47847e+02 1.77408e+01 2.95369e+02 1.15928e+01 
1.0 1.05 1.1 2.96299e+02 1.11520e+01 3.35891e+02 7.59204e+00 6.80042e+01 1.75969e+01 3.27748e+02 7.77132e+00 3.19489e+02 1.05233e+01 1.20283e+02 1.69220e+01 2.73588e+02 1.15690e+01 
1.1 1.15 1.2 2.95329e+02 1.10838e+01 3.36395e+02 7.52169e+00 6.86464e+01 1.74492e+01 3.26134e+02 7.72226e+00 3.14463e+02 1.11618e+01 1.21214e+02 1.68111e+01 2.71969e+02 1.15287e+01 
1.2 1.25 1.3 3.06775e+02 1.17539e+01 3.44549e+02 7.85195e+00 8.44005e+01 1.79491e+01 3.34396e+02 8.09479e+00 3.32143e+02 1.13865e+01 1.38567e+02 1.80847e+01 2.83046e+02 1.17359e+01 
1.3 1.35 1.4 3.08038e+02 1.12594e+01 3.51488e+02 7.90550e+00 8.02697e+01 1.77677e+01 3.38201e+02 7.82996e+00 3.38676e+02 1.14643e+01 1.35614e+02 1.73962e+01 2.85455e+02 1.16569e+01 
1.4 1.45 1.5 2.97899e+02 1.15251e+01 3.40029e+02 7.76836e+00 6.28341e+01 1.82091e+01 3.30140e+02 8.11675e+00 3.21495e+02 1.11868e+01 1.16530e+02 1.75683e+01 2.72230e+02 1.21372e+01 
1.5 1.55 1.6 3.11862e+02 1.14084e+01 3.55035e+02 7.72040e+00 7.51557e+01 1.92729e+01 3.45092e+02 8.30728e+00 3.37651e+02 1.10883e+01 1.27355e+02 1.73388e+01 2.89416e+02 1.24946e+01 
1.6 1.65 1.7 3.45088e+02 1.25843e+01 3.82934e+02 8.39570e+00 1.09709e+02 2.01356e+01 3.72188e+02 8.63986e+00 3.72103e+02 1.22129e+01 1.65643e+02 1.94192e+01 3.20702e+02 1.30198e+01 
1.7 1.75 1.8 3.53850e+02 1.28784e+01 3.88332e+02 8.54723e+00 1.27939e+02 2.05131e+01 3.79049e+02 8.81833e+00 3.78740e+02 1.24637e+01 1.76573e+02 1.99264e+01 3.35158e+02 1.29849e+01 
1.8 1.85 1.9 3.71045e+02 1.20119e+01 4.08345e+02 8.13268e+00 1.27105e+02 1.89148e+01 3.97461e+02 8.36576e+00 3.98890e+02 1.16610e+01 1.84821e+02 1.82133e+01 3.46187e+02 1.24387e+01 
1.9 1.95 2.0 3.60496e+02 1.29684e+01 4.00816e+02 8.58234e+00 1.09475e+02 2.14182e+01 3.90435e+02 8.87739e+00 3.87818e+02 1.25253e+01 1.68351e+02 2.00611e+01 3.35421e+02 1.37741e+01 
2.0 2.05 2.1 4.11004e+02 1.33848e+01 4.40511e+02 8.83987e+00 1.79683e+02 2.16683e+01 4.29617e+02 9.13728e+00 4.39326e+02 1.29252e+01 2.32642e+02 2.07698e+01 3.89442e+02 1.39227e+01 
2.1 2.15 2.2 4.23538e+02 1.24429e+01 4.50639e+02 8.78393e+00 1.79811e+02 1.97443e+01 4.43291e+02 8.62715e+00 4.51339e+02 1.20399e+01 2.38123e+02 1.89510e+01 3.99334e+02 1.29330e+01 
2.2 2.25 2.3 4.31102e+02 1.31987e+01 4.62255e+02 8.55062e+00 1.74413e+02 2.13347e+01 4.52932e+02 9.02123e+00 4.61211e+02 1.27454e+01 2.37339e+02 2.04462e+01 4.04368e+02 1.37380e+01 
2.3 2.35 2.4 4.61112e+02 1.31648e+01 4.87999e+02 8.71346e+00 2.06055e+02 2.07208e+01 4.77382e+02 9.01276e+00 4.90138e+02 1.27069e+01 2.72641e+02 2.03549e+01 4.34174e+02 1.37132e+01 
2.4 2.45 2.5 4.56584e+02 1.38047e+01 4.91458e+02 8.85408e+00 1.88097e+02 2.26128e+01 4.79678e+02 9.17735e+00 4.89068e+02 1.29860e+01 2.52875e+02 2.15747e+01 4.29495e+02 1.44323e+01 
2.5 2.55 2.6 5.16583e+02 1.36724e+01 5.33743e+02 9.13341e+00 2.77684e+02 2.22643e+01 5.22710e+02 9.26200e+00 5.45146e+02 1.32013e+01 3.37797e+02 2.20770e+01 4.92536e+02 1.42131e+01 
2.6 2.65 2.7 5.24414e+02 1.25869e+01 5.43601e+02 8.37341e+00 2.62479e+02 2.21009e+01 5.32822e+02 8.67021e+00 5.54921e+02 1.21455e+01 3.27954e+02 2.10906e+01 4.97882e+02 1.31089e+01 
2.7 2.75 2.8 5.48553e+02 1.33476e+01 5.65526e+02 8.39193e+00 3.03274e+02 2.07128e+01 5.52872e+02 9.03282e+00 5.82502e+02 1.22971e+01 3.69049e+02 1.98353e+01 5.25115e+02 1.33176e+01 
2.8 2.85 2.9 5.84107e+02 1.36603e+01 5.91225e+02 8.85091e+00 3.29717e+02 2.27979e+01 5.82837e+02 9.22682e+00 6.11261e+02 1.30834e+01 4.02788e+02 2.14103e+01 5.60571e+02 1.41310e+01 
2.9 2.95 3.0 6.14254e+02 1.25714e+01 6.18349e+02 8.25513e+00 3.69398e+02 2.11089e+01 6.08544e+02 8.77790e+00 6.44237e+02 1.20842e+01 4.34557e+02 1.94801e+01 5.88633e+02 1.35277e+01 
3.0 3.05 3.1 6.45934e+02 1.35147e+01 6.45060e+02 8.71019e+00 4.09443e+02 2.25184e+01 6.34561e+02 9.09268e+00 6.77437e+02 1.29274e+01 4.71326e+02 2.12749e+01 6.22392e+02 1.42603e+01 
3.1 3.15 3.2 5.99681e+02 1.23753e+01 6.03212e+02 8.43276e+00 3.43460e+02 2.18181e+01 5.93965e+02 8.38224e+00 6.28574e+02 1.25335e+01 4.24465e+02 1.93312e+01 5.71521e+02 1.35270e+01 
3.2 3.25 3.3 5.16082e+02 1.18224e+01 5.17290e+02 7.70024e+00 3.16314e+02 2.11481e+01 5.09096e+02 8.03453e+00 5.42113e+02 1.13193e+01 3.67096e+02 1.89626e+01 4.96163e+02 1.33986e+01 
3.3 3.35 3.4 4.72662e+02 1.12278e+01 4.69628e+02 7.31367e+00 2.95503e+02 1.83714e+01 4.63009e+02 7.64325e+00 4.95206e+02 1.07319e+01 3.48046e+02 1.74292e+01 4.58177e+02 1.25574e+01 
3.4 3.45 3.5 4.08586e+02 1.06126e+01 4.20879e+02 7.31805e+00 2.21336e+02 1.85346e+01 4.09608e+02 7.27274e+00 4.38112e+02 1.07801e+01 2.75326e+02 1.75224e+01 3.84595e+02 1.15400e+01 
3.5 3.55 3.6 4.02800e+02 1.13033e+01 4.05193e+02 6.82398e+00 2.51542e+02 1.81894e+01 3.96116e+02 7.64133e+00 4.27774e+02 9.93692e+00 3.02848e+02 1.60197e+01 3.87142e+02 1.19373e+01 
3.6 3.65 3.7 3.53455e+02 1.11999e+01 3.60090e+02 7.19388e+00 1.96621e+02 1.80115e+01 3.54181e+02 7.54735e+00 3.77398e+02 9.99139e+00 2.46871e+02 1.62297e+01 3.37658e+02 1.17829e+01 
3.7 3.75 3.8 3.18628e+02 1.09520e+01 3.27325e+02 7.00744e+00 1.51484e+02 1.79647e+01 3.21695e+02 7.36248e+00 3.37552e+02 1.04136e+01 2.08695e+02 1.72319e+01 2.94644e+02 1.14201e+01 
3.8 3.85 3.9 3.08749e+02 1.06338e+01 3.16728e+02 6.62324e+00 1.70970e+02 1.76401e+01 3.07750e+02 7.16973e+00 3.32712e+02 9.76337e+00 2.25753e+02 1.60015e+01 2.93706e+02 1.12375e+01 
3.9 3.95 4.0 2.75243e+02 1.02084e+01 2.83431e+02 6.55217e+00 1.35515e+02 1.70945e+01 2.79005e+02 6.89464e+00 2.91547e+02 9.69330e+00 1.76513e+02 1.61060e+01 2.60056e+02 1.08139e+01 
4.0 4.05 4.1 2.59392e+02 9.08608e+00 2.65562e+02 5.91521e+00 1.31402e+02 1.48244e+01 2.61491e+02 6.20782e+00 2.74614e+02 8.65363e+00 1.70498e+02 1.40191e+01 2.44589e+02 9.91845e+00 
4.1 4.15 4.2 2.32920e+02 9.52011e+00 2.42024e+02 6.11175e+00 1.05992e+02 1.57863e+01 2.37930e+02 6.44166e+00 2.45146e+02 9.36938e+00 1.44731e+02 1.48531e+01 2.18518e+02 1.01017e+01 
4.2 4.25 4.3 2.18481e+02 9.70392e+00 2.26618e+02 6.18594e+00 9.94266e+01 1.62239e+01 2.22989e+02 6.53796e+00 2.32340e+02 9.17385e+00 1.36088e+02 1.52141e+01 2.05082e+02 1.03318e+01 
4.3 4.35 4.4 2.10810e+02 9.43078e+00 2.15475e+02 5.76186e+00 1.05487e+02 1.41674e+01 2.12046e+02 6.36569e+00 2.24388e+02 8.46759e+00 1.42154e+02 1.41301e+01 2.02001e+02 9.85031e+00 
4.4 4.45 4.5 1.71172e+02 9.13472e+00 1.82651e+02 6.02460e+00 5.38355e+01 1.52128e+01 1.81341e+02 6.17443e+00 1.80523e+02 8.94793e+00 8.21176e+01 1.46630e+01 1.58208e+02 9.73463e+00 
4.5 4.55 4.6 1.90882e+02 9.55266e+00 1.91555e+02 6.04049e+00 1.03450e+02 1.61070e+01 1.89382e+02 6.41326e+00 2.01378e+02 8.98769e+00 1.33191e+02 1.50199e+01 1.80670e+02 1.02251e+01 
4.6 4.65 4.7 1.62720e+02 8.18284e+00 1.69588e+02 5.69526e+00 7.10543e+01 1.34465e+01 1.66316e+02 5.60437e+00 1.75042e+02 8.44918e+00 9.84746e+01 1.38497e+01 1.51889e+02 8.71076e+00 
4.7 4.75 4.8 1.54361e+02 8.93177e+00 1.58344e+02 5.61156e+00 7.04286e+01 1.49489e+01 1.56190e+02 6.10929e+00 1.63231e+02 8.30308e+00 9.75073e+01 1.39995e+01 1.44619e+02 9.54922e+00 
4.8 4.85 4.9 1.32592e+02 8.52206e+00 1.38905e+02 5.40471e+00 4.56455e+01 1.36587e+01 1.37142e+02 5.74415e+00 1.41331e+02 8.01598e+00 7.72830e+01 1.33388e+01 1.19955e+02 8.77843e+00 
4.9 4.95 5.0 1.19166e+02 8.59717e+00 1.27481e+02 5.42648e+00 2.77658e+01 1.45885e+01 1.23630e+02 5.84421e+00 1.28031e+02 8.08395e+00 6.33185e+01 1.35249e+01 1.07309e+02 9.19622e+00 
5.0 5.05 5.1 1.18511e+02 7.55779e+00 1.22355e+02 4.84730e+00 5.35836e+01 1.45716e+01 1.20742e+02 5.14168e+00 1.26402e+02 7.12521e+00 7.74961e+01 1.35788e+01 1.10290e+02 8.06903e+00 
5.1 5.15 5.2 1.00789e+02 7.80978e+00 1.07270e+02 4.95859e+00 3.21265e+01 1.30587e+01 1.05580e+02 5.28085e+00 1.08463e+02 7.33192e+00 5.49619e+01 1.21664e+01 9.27170e+01 8.37540e+00 
5.2 5.25 5.3 1.00663e+02 8.18078e+00 1.04292e+02 5.14365e+00 4.10757e+01 1.39415e+01 1.02852e+02 5.49199e+00 1.07756e+02 7.65995e+00 6.25595e+01 1.29424e+01 9.31130e+01 8.77709e+00 
5.3 5.35 5.4 8.33392e+01 7.90942e+00 9.01406e+01 5.03797e+00 2.14561e+01 1.33227e+01 8.84557e+01 5.32589e+00 9.05544e+01 7.49492e+00 4.21534e+01 1.23782e+01 7.60710e+01 8.50582e+00 
5.4 5.45 5.5 7.82565e+01 7.21394e+00 8.43378e+01 4.89326e+00 2.33142e+01 1.20780e+01 8.18794e+01 4.88460e+00 8.45995e+01 6.75266e+00 4.28574e+01 1.12128e+01 7.13300e+01 7.76487e+00 
5.5 5.55 5.6 6.41451e+01 7.51266e+00 7.05745e+01 4.63690e+00 8.20824e+00 1.28327e+01 6.91505e+01 4.97786e+00 6.82206e+01 6.98563e+00 2.32459e+01 1.18078e+01 5.93950e+01 7.98191e+00 
5.6 5.65 5.7 5.73506e+01 7.59981e+00 6.43422e+01 4.71380e+00 7.55443e+00 1.29501e+01 6.31185e+01 5.11673e+00 6.28102e+01 7.04930e+00 2.26181e+01 1.19864e+01 5.27588e+01 8.20601e+00 
5.7 5.75 5.8 6.23947e+01 6.75456e+00 6.72204e+01 4.63714e+00 2.11394e+01 1.12660e+01 6.42321e+01 4.59555e+00 7.05885e+01 6.91154e+00 4.28925e+01 1.16644e+01 5.57721e+01 7.68621e+00 
5.8 5.85 5.9 6.17674e+01 7.55883e+00 6.29455e+01 4.69719e+00 2.72681e+01 1.25486e+01 6.25631e+01 5.06250e+00 6.32373e+01 7.03323e+00 3.91855e+01 1.18965e+01 5.85902e+01 8.00405e+00 
5.9 5.95 6.0 5.20758e+01 7.34140e+00 5.39597e+01 4.61802e+00 1.82503e+01 1.25283e+01 5.30999e+01 4.93013e+00 5.63831e+01 6.88564e+00 2.83830e+01 1.17658e+01 4.73126e+01 7.98176e+00 
6.0 6.05 6.1 4.79013e+01 7.00529e+00 4.89874e+01 4.25453e+00 2.27492e+01 1.15939e+01 4.97333e+01 4.48914e+00 5.13544e+01 6.34838e+00 3.01381e+01 1.10444e+01 4.67355e+01 7.39654e+00 
6.1 6.15 6.2 3.28379e+01 6.63221e+00 3.82843e+01 4.17225e+00 -3.51199e+00 1.13478e+01 3.74246e+01 4.46315e+00 3.67100e+01 6.21513e+00 9.06388e+00 1.05630e+01 2.73739e+01 7.35323e+00 
6.2 6.25 6.3 3.80534e+01 6.67499e+00 3.94861e+01 4.13581e+00 1.35426e+01 1.16807e+01 3.63913e+01 4.22533e+00 4.08880e+01 6.16536e+00 2.38054e+01 1.04683e+01 3.45975e+01 7.42880e+00 
6.3 6.35 6.4 1.87009e+01 6.25016e+00 2.63028e+01 3.83427e+00 -1.35248e+01 1.08241e+01 2.40830e+01 4.17734e+00 2.53289e+01 5.75668e+00 3.15884e+00 9.86594e+00 1.42693e+01 6.86407e+00 
6.4 6.45 6.5 3.25712e+01 6.24772e+00 3.29041e+01 3.86408e+00 1.26153e+01 1.07328e+01 3.27025e+01 4.20276e+00 3.48499e+01 5.74607e+00 2.12532e+01 9.77206e+00 2.97859e+01 6.86006e+00 
6.5 6.55 6.6 2.71795e+01 6.26085e+00 2.77473e+01 3.86839e+00 9.89962e+00 1.01119e+01 2.75807e+01 4.21620e+00 2.76364e+01 5.72326e+00 1.42620e+01 9.72189e+00 2.33070e+01 6.78250e+00 
6.6 6.65 6.7 2.70289e+01 6.19777e+00 2.65886e+01 3.83573e+00 1.23526e+01 1.06098e+01 2.66681e+01 4.19027e+00 2.85554e+01 5.68091e+00 1.89371e+01 9.63420e+00 2.51312e+01 6.83295e+00 
6.7 6.75 6.8 2.10647e+01 5.80116e+00 2.11540e+01 3.55969e+00 8.00621e+00 1.00385e+01 2.13416e+01 3.90710e+00 2.21829e+01 5.29013e+00 1.31745e+01 9.05495e+00 1.97357e+01 6.43479e+00 
6.8 6.85 6.9 1.05606e+01 4.99441e+00 1.32532e+01 3.10411e+00 -6.92495e+00 8.66776e+00 1.31835e+01 3.35380e+00 1.26204e+01 4.55802e+00 -1.99848e-01 7.82183e+00 7.97187e+00 5.53474e+00 
6.9 6.95 7.0 6.71378e+00 5.28220e+00 9.91184e+00 3.22135e+00 -1.25439e+01 9.16971e+00 9.53721e+00 3.54027e+00 8.03713e+00 4.78278e+00 -6.45536e+00 8.17906e+00 4.69424e+00 5.74370e+00 
7.0 7.05 7.1 1.53490e+01 5.70644e+00 1.52117e+01 3.48147e+00 8.48416e+00 9.55331e+00 1.54101e+01 3.85410e+00 1.63172e+01 5.15065e+00 1.03048e+01 8.77558e+00 1.57135e+01 6.37246e+00 
7.1 7.15 7.2 1.15579e+01 5.18845e+00 1.19126e+01 3.17523e+00 7.30586e-01 8.93155e+00 1.17738e+01 3.50512e+00 1.26183e+01 4.70456e+00 5.81603e+00 8.06930e+00 9.96443e+00 5.71914e+00 
7.2 7.25 7.3 7.24115e+00 5.26530e+00 9.03736e+00 3.25475e+00 -3.05177e+00 9.02898e+00 8.71168e+00 3.57688e+00 8.60804e+00 4.80120e+00 -2.28388e+00 7.46647e+00 5.42930e+00 5.84454e+00 
7.3 7.35 7.4 1.58078e+01 5.50687e+00 1.27373e+01 3.43985e+00 1.30850e+01 9.41470e+00 1.26419e+01 3.82636e+00 1.49576e+01 5.00714e+00 1.60942e+01 8.33639e+00 1.60954e+01 6.28558e+00 
7.4 7.45 7.5 -2.95949e+00 3.42676e+00 1.24539e+00 2.05714e+00 -1.30321e+01 6.04278e+00 1.89578e-01 2.30192e+00 -8.82272e-01 3.06146e+00 -9.32484e+00 5.37645e+00 -4.75224e+00 3.85461e+00 
7.5 7.55 7.6 1.52419e+00 3.75279e+00 2.78616e+00 2.29386e+00 -8.32227e+00 6.06684e+00 2.86563e+00 2.55678e+00 1.40539e+00 3.38705e+00 -2.49166e+00 5.73506e+00 1.57658e+00 4.17481e+00 
7.6 7.65 7.7 -7.01738e+00 2.51438e+00 -2.12041e+00 1.50639e+00 -2.14620e+01 4.56611e+00 -2.98702e+00 1.67788e+00 -5.34678e+00 2.25959e+00 -1.56992e+01 3.96261e+00 -9.49260e+00 2.85393e+00 
7.7 7.75 7.8 6.00208e+00 3.75051e+00 5.39196e+00 2.30530e+00 4.02711e+00 6.42992e+00 5.44535e+00 2.55189e+00 6.26560e+00 3.39791e+00 5.46563e+00 5.76764e+00 5.59646e+00 4.19524e+00 
7.8 7.85 7.9 -7.60776e+00 1.98547e+00 -3.26978e+00 1.18849e+00 -1.89854e+01 3.53987e+00 -4.08769e+00 1.32769e+00 -6.16003e+00 1.77997e+00 -1.46863e+01 3.11873e+00 -1.02064e+01 2.26496e+00 
7.9 7.95 8.0 -1.80161e+00 1.93494e+00 5.99259e-02 1.16487e+00 -6.80398e+00 3.41939e+00 -3.79375e-01 1.30123e+00 -7.14170e-01 1.72491e+00 -5.10106e+00 3.02079e+00 -2.59521e+00 2.19280e+00 
8.0 8.05 8.1 3.18598e-02 2.32601e+00 9.85378e-01 1.41043e+00 -3.02373e+00 4.03338e+00 8.43320e-01 1.57488e+00 4.85674e-01 2.08631e+00 -1.73031e+00 3.55845e+00 -6.37275e-01 2.62335e+00 
8.1 8.15 8.2 -3.53515e+00 1.23704e+00 -1.42013e+00 7.32422e-01 -8.71695e+00 2.22783e+00 -1.84259e+00 8.24098e-01 -2.54065e+00 1.10097e+00 -6.98823e+00 1.95226e+00 -4.45002e+00 1.41479e+00 
8.2 8.25 8.3 -6.82395e+00 4.46251e-01 -3.61099e+00 2.36727e-01 -1.33393e+01 8.69592e-01 -4.21129e+00 2.75832e-01 -5.85241e+00 3.83115e-01 -1.16779e+01 7.62271e-01 -8.17807e+00 5.18002e-01 
8.3 8.35 8.4 -4.79739e+00 3.50984e-01 -2.54748e+00 1.86482e-01 -9.57711e+00 7.06732e-01 -2.96274e+00 2.17201e-01 -4.12410e+00 3.01397e-01 -8.20216e+00 5.98637e-01 -5.60443e+00 4.14605e-01 
8.4 8.45 8.5 -2.72442e+00 2.33967e-01 -1.42030e+00 1.20452e-01 -5.76651e+00 4.87648e-01 -1.73227e+00 1.47671e-01 -2.30293e+00 1.94445e-01 -4.64597e+00 3.91087e-01 -3.36507e+00 2.86445e-01 
8.5 8.55 8.6 -1.92715e+00 1.46129e-01 -1.06675e+00 8.63914e-02 -4.02833e+00 3.16865e-01 -1.20546e+00 9.52850e-02 -1.72691e+00 1.39732e-01 -3.30321e+00 2.50204e-01 -2.35299e+00 1.85646e-01 
8.6 8.65 8.7 -1.06142e+00 8.35554e-02 -5.17376e-01 4.30683e-02 -2.29424e+00 1.72636e-01 -6.51639e-01 5.20606e-02 -9.51006e-01 7.43900e-02 -1.89539e+00 1.48251e-01 -1.34087e+00 1.00907e-01 
8.7 8.75 8.8 -5.23974e-01 4.68425e-02 -2.70357e-01 2.42146e-02 -1.18170e+00 1.05645e-01 -3.51006e-01 3.14165e-02 -4.37605e-01 3.91626e-02 -8.95273e-01 7.99373e-02 -6.90745e-01 6.18320e-02 
8.8 8.85 8.9 -8.49343e-02 1.07628e-02 -6.15213e-02 7.06543e-03 -2.75936e-01 3.14808e-02 -5.29884e-02 6.69998e-03 -9.38758e-02 1.07677e-02 -1.43380e-01 1.82208e-02 -1.71358e-01 1.81593e-02 
8.9 8.95 9.0 -5.00573e-04 9.42981e-05 -2.36072e-04 4.50054e-05 -1.36419e-03 2.50706e-04 -3.91676e-04 7.18307e-05 -3.74342e-04 7.16048e-05 -8.51605e-04 1.60644e-04 -8.01836e-04 1.47871e-04 
9.0 9.05 9.1 0.00000e+00 0.00000e+00 0.00000e+00 0.00000e+00 0.00000e+00 0.00000e+00 0.00000e+00 0.00000e+00 0.00000e+00 0.00000e+00 0.00000e+00 0.00000e+00 0.00000e+00 0.00000e+00 
9.1 9.15 9.2 0.00000e+00 0.00000e+00 0.00000e+00 0.00000e+00 0.00000e+00 0.00000e+00 0.00000e+00 0.00000e+00 0.00000e+00 0.00000e+00 0.00000e+00 0.00000e+00 0.00000e+00 0.00000e+00 
9.2 9.25 9.3 0.00000e+00 0.00000e+00 0.00000e+00 0.00000e+00 0.00000e+00 0.00000e+00 0.00000e+00 0.00000e+00 0.00000e+00 0.00000e+00 0.00000e+00 0.00000e+00 0.00000e+00 0.00000e+00 
9.3 9.35 9.4 0.00000e+00 0.00000e+00 0.00000e+00 0.00000e+00 0.00000e+00 0.00000e+00 0.00000e+00 0.00000e+00 0.00000e+00 0.00000e+00 0.00000e+00 0.00000e+00 0.00000e+00 0.00000e+00 
9.4 9.45 9.5 0.00000e+00 0.00000e+00 0.00000e+00 0.00000e+00 0.00000e+00 0.00000e+00 0.00000e+00 0.00000e+00 0.00000e+00 0.00000e+00 0.00000e+00 0.00000e+00 0.00000e+00 0.00000e+00 
9.5 9.55 9.6 0.00000e+00 0.00000e+00 0.00000e+00 0.00000e+00 0.00000e+00 0.00000e+00 0.00000e+00 0.00000e+00 0.00000e+00 0.00000e+00 0.00000e+00 0.00000e+00 0.00000e+00 0.00000e+00 
9.6 9.65 9.7 0.00000e+00 0.00000e+00 0.00000e+00 0.00000e+00 0.00000e+00 0.00000e+00 0.00000e+00 0.00000e+00 0.00000e+00 0.00000e+00 0.00000e+00 0.00000e+00 0.00000e+00 0.00000e+00 
9.7 9.75 9.8 0.00000e+00 0.00000e+00 0.00000e+00 0.00000e+00 0.00000e+00 0.00000e+00 0.00000e+00 0.00000e+00 0.00000e+00 0.00000e+00 0.00000e+00 0.00000e+00 0.00000e+00 0.00000e+00 
9.8 9.85 9.9 0.00000e+00 0.00000e+00 0.00000e+00 0.00000e+00 0.00000e+00 0.00000e+00 0.00000e+00 0.00000e+00 0.00000e+00 0.00000e+00 0.00000e+00 0.00000e+00 0.00000e+00 0.00000e+00 
9.9 9.95 10.0 0.00000e+00 0.00000e+00 0.00000e+00 0.00000e+00 0.00000e+00 0.00000e+00 0.00000e+00 0.00000e+00 0.00000e+00 0.00000e+00 0.00000e+00 0.00000e+00 0.00000e+00 0.00000e+00 
