-3.5 -3.45 -3.4 7.57191e-02 1.10314e-02 5.54761e-02 7.45859e-03 8.87435e-02 1.58405e-02 6.23494e-02 8.55808e-03 6.90316e-02 9.72874e-03 8.96601e-02 1.43997e-02 8.05715e-02 1.23672e-02 
-3.4 -3.35 -3.3 2.66266e-01 2.81661e-02 1.92934e-01 1.96672e-02 3.37661e-01 4.02367e-02 2.14429e-01 2.18652e-02 2.45547e-01 2.57024e-02 3.25677e-01 3.67557e-02 2.89250e-01 3.13194e-02 
-3.3 -3.25 -3.2 4.85702e-01 5.25034e-02 3.68724e-01 3.78833e-02 5.77148e-01 7.14086e-02 3.99949e-01 4.11318e-02 4.59309e-01 4.91111e-02 5.73730e-01 6.74861e-02 5.15609e-01 5.66738e-02 
-3.2 -3.15 -3.1 8.47359e-01 6.92256e-02 6.64543e-01 5.17859e-02 1.01831e+00 1.03066e-01 7.00239e-01 5.33078e-02 7.96446e-01 6.29077e-02 1.00342e+00 9.16900e-02 9.06658e-01 7.79852e-02 
-3.1 -3.05 -3.0 1.39878e+00 9.22656e-02 1.08405e+00 6.66672e-02 1.60445e+00 1.27902e-01 1.16498e+00 7.23535e-02 1.33080e+00 8.59555e-02 1.60957e+00 1.18971e-01 1.47045e+00 1.00239e-01 
-3.0 -2.95 -2.9 2.76939e+00 1.51347e-01 2.14112e+00 1.11300e-01 3.25342e+00 2.03024e-01 2.28634e+00 1.19474e-01 2.65090e+00 1.43128e-01 3.24687e+00 1.93492e-01 2.90708e+00 1.61303e-01 
-2.9 -2.85 -2.8 3.81323e+00 1.69769e-01 2.97678e+00 1.23232e-01 4.41125e+00 2.36665e-01 3.17065e+00 1.32948e-01 3.65352e+00 1.58793e-01 4.41703e+00 2.20005e-01 3.98280e+00 1.83850e-01 
-2.8 -2.75 -2.7 5.45211e+00 2.00760e-01 4.23836e+00 1.45489e-01 6.36434e+00 2.83868e-01 4.51275e+00 1.56228e-01 5.20934e+00 1.88466e-01 6.36059e+00 2.62445e-01 5.68042e+00 2.17673e-01 
-2.7 -2.65 -2.6 7.50431e+00 2.47522e-01 5.90379e+00 1.80243e-01 8.67311e+00 3.48009e-01 6.22097e+00 1.92292e-01 7.24204e+00 2.33482e-01 8.72265e+00 3.23760e-01 7.77496e+00 2.66021e-01 
-2.6 -2.55 -2.5 1.01281e+01 3.03583e-01 7.98146e+00 2.24308e-01 1.17117e+01 4.15035e-01 8.42619e+00 2.37772e-01 9.76104e+00 2.89061e-01 1.17306e+01 3.92948e-01 1.04976e+01 3.22787e-01 
-2.5 -2.45 -2.4 1.23535e+01 3.28654e-01 9.86787e+00 2.42500e-01 1.39664e+01 4.53804e-01 1.03635e+01 2.56871e-01 1.19941e+01 3.12338e-01 1.40684e+01 4.27838e-01 1.27298e+01 3.50543e-01 
-2.4 -2.35 -2.3 1.60190e+01 3.84845e-01 1.27313e+01 2.75525e-01 1.81971e+01 5.14759e-01 1.33479e+01 2.95781e-01 1.55353e+01 3.59404e-01 1.85056e+01 5.12445e-01 1.63626e+01 3.91578e-01 
-2.3 -2.25 -2.2 1.95831e+01 4.18625e-01 1.57068e+01 3.09529e-01 2.23275e+01 5.77078e-01 1.63989e+01 3.26701e-01 1.90774e+01 3.98842e-01 2.24692e+01 5.44720e-01 2.01693e+01 4.44069e-01 
-2.2 -2.15 -2.1 2.36839e+01 4.60178e-01 1.90274e+01 3.40351e-01 2.71328e+01 6.36175e-01 1.98407e+01 3.59746e-01 2.31145e+01 4.38007e-01 2.71704e+01 5.98314e-01 2.44014e+01 4.89667e-01 
-2.1 -2.05 -2.0 2.89984e+01 5.13873e-01 2.32864e+01 3.80770e-01 3.32241e+01 7.08353e-01 2.42162e+01 4.00046e-01 2.83080e+01 4.92119e-01 3.34070e+01 6.71861e-01 2.97705e+01 5.43135e-01 
-2.0 -1.95 -1.9 3.23690e+01 5.50324e-01 2.62002e+01 4.06784e-01 3.65653e+01 7.62744e-01 2.71957e+01 4.27896e-01 3.16902e+01 5.26365e-01 3.69147e+01 7.22675e-01 3.31407e+01 5.83024e-01 
-1.9 -1.85 -1.8 3.79674e+01 5.98806e-01 3.07060e+01 4.46825e-01 4.30135e+01 8.18169e-01 3.18593e+01 4.68369e-01 3.71558e+01 5.74435e-01 4.33840e+01 7.78465e-01 3.88715e+01 6.31240e-01 
-1.8 -1.75 -1.7 4.24915e+01 6.29780e-01 3.44291e+01 4.68406e-01 4.80419e+01 8.65087e-01 3.56921e+01 4.91161e-01 4.16111e+01 6.03741e-01 4.82993e+01 8.25131e-01 4.34547e+01 6.63704e-01 
-1.7 -1.65 -1.6 4.84600e+01 6.82123e-01 3.93512e+01 5.09929e-01 5.48900e+01 9.31375e-01 4.07607e+01 5.34620e-01 4.74552e+01 6.53672e-01 5.51535e+01 8.84359e-01 4.96930e+01 7.18297e-01 
-1.6 -1.55 -1.5 5.47989e+01 7.17393e-01 4.43341e+01 5.33875e-01 6.24916e+01 9.86553e-01 4.59001e+01 5.59402e-01 5.36831e+01 6.87926e-01 6.28940e+01 9.38629e-01 5.61263e+01 7.57826e-01 
-1.5 -1.45 -1.4 5.88285e+01 7.30874e-01 4.77421e+01 5.48829e-01 6.68196e+01 9.91046e-01 4.94090e+01 5.73605e-01 5.76812e+01 7.03748e-01 6.71704e+01 9.47103e-01 6.01669e+01 7.66904e-01 
-1.4 -1.35 -1.3 6.40168e+01 7.66016e-01 5.21066e+01 5.70975e-01 7.23185e+01 1.05477e+00 5.38813e+01 5.96487e-01 6.28284e+01 7.36027e-01 7.27702e+01 1.00275e+00 6.53090e+01 8.06323e-01 
-1.3 -1.25 -1.2 7.06702e+01 8.06468e-01 5.75784e+01 6.02526e-01 8.02162e+01 1.10159e+00 5.94104e+01 6.28998e-01 6.94442e+01 7.76048e-01 8.06006e+01 1.05399e+00 7.22278e+01 8.45298e-01 
-1.2 -1.15 -1.1 7.44800e+01 8.28791e-01 6.06980e+01 6.18294e-01 8.44076e+01 1.13577e+00 6.26905e+01 6.45116e-01 7.31034e+01 7.98011e-01 8.49197e+01 1.08398e+00 7.60470e+01 8.70054e-01 
-1.1 -1.05 -1.0 7.91334e+01 8.45721e-01 6.45103e+01 6.31478e-01 8.96623e+01 1.15835e+00 6.65318e+01 6.58344e-01 7.78277e+01 8.14021e-01 9.02586e+01 1.10811e+00 8.07081e+01 8.85876e-01 
-1.0 -0.95 -0.9 8.52121e+01 9.23102e-01 6.94466e+01 6.91794e-01 9.65270e+01 1.25982e+00 7.16601e+01 7.21733e-01 8.36935e+01 8.89349e-01 9.70878e+01 1.20195e+00 8.69005e+01 9.69613e-01 
-0.9 -0.85 -0.8 9.08296e+01 9.12144e-01 7.39881e+01 6.81447e-01 1.03314e+02 1.24866e+00 7.63440e+01 7.10511e-01 8.91825e+01 8.77412e-01 1.03646e+02 1.19371e+00 9.27927e+01 9.55745e-01 
-0.8 -0.75 -0.7 9.43490e+01 9.26500e-01 7.69681e+01 6.92945e-01 1.07718e+02 1.25080e+00 7.92274e+01 7.24180e-01 9.28588e+01 8.89885e-01 1.07784e+02 1.20863e+00 9.65395e+01 9.63360e-01 
-0.7 -0.65 -0.6 9.84246e+01 9.71447e-01 8.02541e+01 7.30989e-01 1.11838e+02 1.31195e+00 8.26957e+01 7.59453e-01 9.67740e+01 9.40064e-01 1.12387e+02 1.26509e+00 1.00366e+02 1.01012e+00 
-0.6 -0.55 -0.5 1.01590e+02 9.55703e-01 8.27875e+01 7.16371e-01 1.15423e+02 1.30596e+00 8.53993e+01 7.45011e-01 9.97146e+01 9.22937e-01 1.15673e+02 1.25323e+00 1.03650e+02 9.99145e-01 
-0.5 -0.45 -0.4 1.04349e+02 9.85561e-01 8.52000e+01 7.41880e-01 1.18387e+02 1.33421e+00 8.77496e+01 7.71811e-01 1.02635e+02 9.52010e-01 1.18995e+02 1.28093e+00 1.06392e+02 1.02923e+00 
-0.4 -0.35 -0.3 1.07257e+02 9.89765e-01 8.72444e+01 7.43898e-01 1.22161e+02 1.35408e+00 8.99556e+01 7.73571e-01 1.05353e+02 9.55455e-01 1.22712e+02 1.29334e+00 1.09403e+02 1.03643e+00 
-0.3 -0.25 -0.2 1.08003e+02 9.88807e-01 8.82758e+01 7.41009e-01 1.22606e+02 1.35094e+00 9.08375e+01 7.70867e-01 1.06328e+02 9.54432e-01 1.23141e+02 1.29461e+00 1.10152e+02 1.03315e+00 
-0.2 -0.15 -0.1 1.08700e+02 9.99300e-01 8.88416e+01 7.49680e-01 1.23272e+02 1.36077e+00 9.14567e+01 7.80634e-01 1.06954e+02 9.64020e-01 1.23852e+02 1.30434e+00 1.10831e+02 1.04486e+00 
-0.1 -0.05 0.0 1.10112e+02 1.00939e+00 8.98438e+01 7.59421e-01 1.25437e+02 1.36094e+00 9.25161e+01 7.89347e-01 1.08325e+02 9.75532e-01 1.25755e+02 1.31542e+00 1.12249e+02 1.05087e+00 
0.0 0.05 0.1 1.10213e+02 1.00486e+00 8.99957e+01 7.55848e-01 1.25129e+02 1.36349e+00 9.26868e+01 7.85641e-01 1.08382e+02 9.71199e-01 1.25677e+02 1.30952e+00 1.12398e+02 1.04850e+00 
0.1 0.15 0.2 1.07564e+02 9.80772e-01 8.78624e+01 7.34936e-01 1.22015e+02 1.33879e+00 9.04781e+01 7.64594e-01 1.05748e+02 9.46718e-01 1.22538e+02 1.28382e+00 1.09658e+02 1.02453e+00 
0.2 0.25 0.3 1.07250e+02 9.85681e-01 8.76092e+01 7.39197e-01 1.21495e+02 1.34399e+00 9.02670e+01 7.68917e-01 1.05419e+02 9.51918e-01 1.22128e+02 1.28857e+00 1.09329e+02 1.03007e+00 
0.3 0.35 0.4 1.07621e+02 9.86774e-01 8.75773e+01 7.39383e-01 1.22675e+02 1.34833e+00 9.03562e+01 7.68832e-01 1.05603e+02 9.53137e-01 1.22969e+02 1.29610e+00 1.09748e+02 1.03212e+00 
0.4 0.45 0.5 1.03349e+02 9.71183e-01 8.44207e+01 7.27970e-01 1.17289e+02 1.31996e+00 8.69129e+01 7.57792e-01 1.01715e+02 9.37576e-01 1.17886e+02 1.26710e+00 1.05372e+02 1.01410e+00 
0.5 0.55 0.6 1.00732e+02 9.65116e-01 8.21563e+01 7.21364e-01 1.14481e+02 1.32164e+00 8.47074e+01 7.51677e-01 9.88364e+01 9.30960e-01 1.14680e+02 1.26691e+00 1.02842e+02 1.01005e+00 
0.6 0.65 0.7 9.63288e+01 9.51317e-01 7.86695e+01 7.10796e-01 1.09163e+02 1.30132e+00 8.10768e+01 7.41769e-01 9.45343e+01 9.16801e-01 1.09653e+02 1.24396e+00 9.81051e+01 9.97686e-01 
0.7 0.75 0.8 9.34273e+01 9.34258e-01 7.63582e+01 6.99709e-01 1.05576e+02 1.27382e+00 7.87121e+01 7.29316e-01 9.18409e+01 9.00364e-01 1.06132e+02 1.21986e+00 9.53373e+01 9.77178e-01 
0.8 0.85 0.9 8.95049e+01 9.04917e-01 7.28580e+01 6.79172e-01 1.01874e+02 1.23076e+00 7.51391e+01 7.07376e-01 8.79359e+01 8.73165e-01 1.02361e+02 1.17906e+00 9.13453e+01 9.46719e-01 
0.9 0.95 1.0 8.44972e+01 8.80725e-01 6.87855e+01 6.58974e-01 9.61870e+01 1.20247e+00 7.08781e+01 6.85883e-01 8.31184e+01 8.50362e-01 9.67504e+01 1.15369e+00 8.61821e+01 9.20252e-01 
1.0 1.05 1.1 8.06637e+01 8.67795e-01 6.56244e+01 6.46946e-01 9.17377e+01 1.19152e+00 6.77493e+01 6.75414e-01 7.91828e+01 8.34945e-01 9.21458e+01 1.13818e+00 8.23917e+01 9.10097e-01 
1.1 1.15 1.2 7.71930e+01 8.45763e-01 6.27001e+01 6.32690e-01 8.78629e+01 1.15255e+00 6.47445e+01 6.59342e-01 7.57642e+01 8.15478e-01 8.83745e+01 1.10568e+00 7.88548e+01 8.85191e-01 
1.2 1.25 1.3 6.94217e+01 8.06834e-01 5.65644e+01 6.00365e-01 7.85725e+01 1.10804e+00 5.84350e+01 6.28215e-01 6.82084e+01 7.73520e-01 7.89669e+01 1.05713e+00 7.09525e+01 8.47423e-01 
1.3 1.35 1.4 6.41748e+01 7.69467e-01 5.21584e+01 5.72471e-01 7.27740e+01 1.05997e+00 5.38983e+01 5.98643e-01 6.29829e+01 7.38896e-01 7.32912e+01 1.00948e+00 6.55059e+01 8.08788e-01 
1.4 1.45 1.5 5.84850e+01 7.55035e-01 4.75543e+01 5.65334e-01 6.59955e+01 1.03309e+00 4.91823e+01 5.88831e-01 5.74156e+01 7.26968e-01 6.66201e+01 9.86237e-01 5.96331e+01 7.92089e-01 
1.5 1.55 1.6 5.36873e+01 7.13674e-01 4.35447e+01 5.31837e-01 6.08716e+01 9.76760e-01 4.50358e+01 5.57693e-01 5.26402e+01 6.84957e-01 6.13675e+01 9.30860e-01 5.48238e+01 7.51343e-01 
1.6 1.65 1.7 4.75967e+01 6.63660e-01 3.86080e+01 4.91496e-01 5.42375e+01 9.18117e-01 4.00046e+01 5.15044e-01 4.66400e+01 6.35885e-01 5.44099e+01 8.73786e-01 4.88020e+01 6.98929e-01 
1.7 1.75 1.8 4.22835e+01 6.23429e-01 3.42016e+01 4.62774e-01 4.79651e+01 8.61813e-01 3.54811e+01 4.85425e-01 4.13413e+01 5.97455e-01 4.82877e+01 8.16673e-01 4.32735e+01 6.58571e-01 
1.8 1.85 1.9 3.81574e+01 6.22191e-01 3.07986e+01 4.61849e-01 4.32181e+01 8.52972e-01 3.20178e+01 4.87109e-01 3.72558e+01 5.93271e-01 4.36038e+01 8.07263e-01 3.90282e+01 6.59630e-01 
1.9 1.95 2.0 3.24245e+01 5.28603e-01 2.62433e+01 3.92205e-01 3.65185e+01 7.26276e-01 2.72804e+01 4.12519e-01 3.16831e+01 5.05940e-01 3.68067e+01 6.90711e-01 3.31923e+01 5.58489e-01 
2.0 2.05 2.1 2.89598e+01 5.07394e-01 2.31758e+01 3.73848e-01 3.31865e+01 7.06531e-01 2.41554e+01 3.93615e-01 2.81669e+01 4.84479e-01 3.33041e+01 6.68004e-01 2.97385e+01 5.37595e-01 
2.1 2.15 2.2 2.35732e+01 4.73237e-01 1.89662e+01 3.50651e-01 2.66697e+01 6.52503e-01 1.97557e+01 3.68664e-01 2.30232e+01 4.52646e-01 2.69466e+01 6.17944e-01 2.41583e+01 5.00854e-01 
2.2 2.25 2.3 1.96785e+01 4.06896e-01 1.57263e+01 2.98994e-01 2.26059e+01 5.65789e-01 1.64349e+01 3.16676e-01 1.91067e+01 3.86880e-01 2.26758e+01 5.32504e-01 2.02914e+01 4.33647e-01 
2.3 2.35 2.4 1.53284e+01 3.56658e-01 1.22574e+01 2.60593e-01 1.74985e+01 4.99487e-01 1.28404e+01 2.76620e-01 1.49023e+01 3.38068e-01 1.75695e+01 4.69141e-01 1.58232e+01 3.80753e-01 
2.4 2.45 2.5 1.28724e+01 3.49821e-01 1.02612e+01 2.57725e-01 1.47077e+01 4.80702e-01 1.07663e+01 2.74119e-01 1.24927e+01 3.31671e-01 1.47712e+01 4.52567e-01 1.33065e+01 3.73777e-01 
2.5 2.55 2.6 9.88055e+00 2.91218e-01 7.79846e+00 2.10438e-01 1.13751e+01 4.13898e-01 8.22751e+00 2.25268e-01 9.55649e+00 2.73478e-01 1.14246e+01 3.83673e-01 1.02248e+01 3.14579e-01 
2.6 2.65 2.7 7.23942e+00 2.30046e-01 5.73334e+00 1.68493e-01 8.24856e+00 3.17045e-01 6.04862e+00 1.79890e-01 6.99658e+00 2.17244e-01 8.31958e+00 2.98502e-01 7.49008e+00 2.46038e-01 
2.7 2.75 2.8 5.31584e+00 2.03609e-01 4.14832e+00 1.44124e-01 6.23473e+00 2.97737e-01 4.40675e+00 1.56442e-01 5.09445e+00 1.88325e-01 6.18985e+00 2.70747e-01 5.55909e+00 2.24059e-01 
2.8 2.85 2.9 3.69820e+00 1.62041e-01 2.89371e+00 1.17153e-01 4.23238e+00 2.28070e-01 3.07671e+00 1.26089e-01 3.54976e+00 1.51916e-01 4.26264e+00 2.11573e-01 3.84136e+00 1.75501e-01 
2.9 2.95 3.0 2.48182e+00 1.30524e-01 1.89968e+00 9.36603e-02 2.95647e+00 1.84948e-01 2.03531e+00 1.01152e-01 2.35477e+00 1.22121e-01 2.92883e+00 1.71411e-01 2.61397e+00 1.41665e-01 
3.0 3.05 3.1 1.60311e+00 1.00512e-01 1.24530e+00 7.32842e-02 1.83923e+00 1.37945e-01 1.33524e+00 7.90866e-02 1.53017e+00 9.42731e-02 1.85135e+00 1.28948e-01 1.67752e+00 1.08621e-01 
3.1 3.15 3.2 9.44816e-01 7.62362e-02 7.12614e-01 5.42769e-02 1.13689e+00 1.06545e-01 7.72279e-01 5.93415e-02 8.89394e-01 7.06788e-02 1.12254e+00 9.92079e-02 1.00010e+00 8.32096e-02 
3.2 3.25 3.3 5.62542e-01 5.22594e-02 4.20153e-01 3.73356e-02 6.80986e-01 7.32566e-02 4.61221e-01 4.12451e-02 5.22169e-01 4.78787e-02 6.65907e-01 6.66661e-02 6.07385e-01 5.79934e-02 
3.3 3.35 3.4 2.13581e-01 2.71271e-02 1.71389e-01 1.94093e-02 2.60439e-01 3.78461e-02 1.69177e-01 2.00896e-02 2.14881e-01 2.53328e-02 3.06473e-01 4.00405e-02 2.28153e-01 2.96320e-02 
3.4 3.45 3.5 1.07710e-01 1.53818e-02 7.83469e-02 1.06819e-02 1.25404e-01 2.09357e-02 8.72132e-02 1.19879e-02 9.41579e-02 1.28973e-02 1.23929e-01 1.86775e-02 1.15966e-01 1.71626e-02 
