-3.5 -3.45 -3.4 3.50073e+01 1.30830e+00 2.61514e+01 9.04922e-01 4.47030e+01 2.06178e+00 2.77989e+01 9.81853e-01 3.39493e+01 1.26310e+00 4.42043e+01 1.87682e+00 3.64219e+01 1.43717e+00 
-3.4 -3.35 -3.3 4.89783e+01 1.74674e+00 3.62438e+01 1.13495e+00 6.18941e+01 2.68545e+00 3.82329e+01 1.23957e+00 4.68887e+01 1.60512e+00 6.16619e+01 2.55901e+00 5.05043e+01 1.84568e+00 
-3.3 -3.25 -3.2 6.39546e+01 1.94399e+00 4.83455e+01 1.29698e+00 7.97811e+01 3.05220e+00 5.04714e+01 1.39626e+00 6.20551e+01 1.81133e+00 7.92164e+01 2.79958e+00 6.62093e+01 2.12071e+00 
-3.2 -3.15 -3.1 8.21067e+01 2.08067e+00 6.21392e+01 1.39978e+00 1.01635e+02 3.24265e+00 6.46813e+01 1.49996e+00 7.96510e+01 1.95056e+00 1.01559e+02 2.98862e+00 8.45701e+01 2.25856e+00 
-3.1 -3.05 -3.0 1.03543e+02 2.53540e+00 7.90972e+01 1.68093e+00 1.28755e+02 3.98310e+00 8.19468e+01 1.81260e+00 1.00768e+02 2.36109e+00 1.27826e+02 3.66958e+00 1.06717e+02 2.74980e+00 
-3.0 -2.95 -2.9 1.28047e+02 2.83030e+00 9.81751e+01 1.89612e+00 1.57516e+02 4.43890e+00 1.01634e+02 2.02991e+00 1.25059e+02 2.64904e+00 1.56948e+02 4.09012e+00 1.31227e+02 3.07315e+00 
-2.9 -2.85 -2.8 1.55196e+02 2.91472e+00 1.19171e+02 1.98530e+00 1.91132e+02 4.49231e+00 1.23086e+02 2.09413e+00 1.52116e+02 2.76849e+00 1.90854e+02 4.20126e+00 1.58696e+02 3.11391e+00 
-2.8 -2.75 -2.7 1.90803e+02 3.25307e+00 1.47322e+02 2.22943e+00 2.34367e+02 4.95320e+00 1.51781e+02 2.35219e+00 1.87549e+02 3.08529e+00 2.34114e+02 4.64192e+00 1.94845e+02 3.46682e+00 
-2.7 -2.65 -2.6 2.22047e+02 3.65514e+00 1.71546e+02 2.48766e+00 2.73087e+02 5.59877e+00 1.76553e+02 2.63379e+00 2.18638e+02 3.44591e+00 2.72451e+02 5.23979e+00 2.27029e+02 3.90559e+00 
-2.6 -2.55 -2.5 2.54807e+02 3.65089e+00 1.98851e+02 2.51473e+00 3.08295e+02 5.54761e+00 2.03536e+02 2.63921e+00 2.51485e+02 3.48625e+00 3.09239e+02 5.23141e+00 2.58920e+02 3.86833e+00 
-2.5 -2.45 -2.4 2.97992e+02 4.14888e+00 2.32053e+02 2.87664e+00 3.62913e+02 6.23691e+00 2.37638e+02 3.00888e+00 2.93838e+02 3.97231e+00 3.63096e+02 5.91251e+00 3.02930e+02 4.37913e+00 
-2.4 -2.35 -2.3 3.33243e+02 4.10826e+00 2.59332e+02 2.84251e+00 4.05410e+02 6.19431e+00 2.65907e+02 2.97458e+00 3.28022e+02 3.92674e+00 4.06146e+02 5.84278e+00 3.39024e+02 4.33946e+00 
-2.3 -2.25 -2.2 3.81007e+02 4.38638e+00 2.97217e+02 3.03954e+00 4.64422e+02 6.64869e+00 3.03832e+02 3.17780e+00 3.76247e+02 4.20004e+00 4.64822e+02 6.25718e+00 3.86754e+02 4.64932e+00 
-2.2 -2.15 -2.1 4.19496e+02 4.50519e+00 3.28980e+02 3.14999e+00 5.06738e+02 6.71916e+00 3.35881e+02 3.27129e+00 4.14366e+02 4.34747e+00 5.08010e+02 6.41367e+00 4.25066e+02 4.72687e+00 
-2.1 -2.05 -2.0 4.63359e+02 4.71059e+00 3.64638e+02 3.29341e+00 5.58851e+02 7.01252e+00 3.71185e+02 3.41834e+00 4.58910e+02 4.54405e+00 5.60695e+02 6.70593e+00 4.68685e+02 4.92408e+00 
-2.0 -1.95 -1.9 5.05603e+02 4.93528e+00 3.98065e+02 3.46866e+00 6.09009e+02 7.31196e+00 4.05060e+02 3.58969e+00 5.01433e+02 4.77606e+00 6.12195e+02 7.00865e+00 5.10693e+02 5.14616e+00 
-1.9 -1.85 -1.8 5.51695e+02 5.10726e+00 4.35076e+02 3.60279e+00 6.64806e+02 7.51988e+00 4.42543e+02 3.72378e+00 5.47358e+02 4.94379e+00 6.67092e+02 7.22445e+00 5.57738e+02 5.31543e+00 
-1.8 -1.75 -1.7 6.02896e+02 5.36299e+00 4.75179e+02 3.77340e+00 7.27095e+02 7.94622e+00 4.82658e+02 3.89119e+00 5.98424e+02 5.20200e+00 7.30475e+02 7.63216e+00 6.08423e+02 5.58715e+00 
-1.7 -1.65 -1.6 6.34918e+02 5.35055e+00 5.02161e+02 3.78435e+00 7.62548e+02 7.89464e+00 5.09740e+02 3.89254e+00 6.30952e+02 5.20922e+00 7.66337e+02 7.61921e+00 6.40201e+02 5.54722e+00 
-1.6 -1.55 -1.5 7.01649e+02 6.00653e+00 5.52617e+02 4.26854e+00 8.45206e+02 8.74561e+00 5.61808e+02 4.37717e+00 6.95832e+02 5.87487e+00 8.51733e+02 8.47879e+00 7.06647e+02 6.15123e+00 
-1.5 -1.45 -1.4 7.26573e+02 5.73244e+00 5.75168e+02 4.07576e+00 8.73195e+02 8.37088e+00 5.83350e+02 4.18504e+00 7.23032e+02 5.58486e+00 8.77098e+02 8.10838e+00 7.32577e+02 5.91970e+00 
-1.4 -1.35 -1.3 7.84298e+02 5.92872e+00 6.19358e+02 4.20408e+00 9.48612e+02 8.72901e+00 6.28140e+02 4.31774e+00 7.79311e+02 5.77580e+00 9.52206e+02 8.43528e+00 7.90761e+02 6.12712e+00 
-1.3 -1.25 -1.2 8.10925e+02 6.02610e+00 6.42548e+02 4.27592e+00 9.73970e+02 8.81797e+00 6.51043e+02 4.38996e+00 8.06743e+02 5.87421e+00 9.79318e+02 8.54796e+00 8.16521e+02 6.21172e+00 
-1.2 -1.15 -1.1 8.54783e+02 6.06801e+00 6.77148e+02 4.31171e+00 1.02843e+03 8.87874e+00 6.86209e+02 4.42655e+00 8.49868e+02 5.91623e+00 1.03239e+03 8.58418e+00 8.61257e+02 6.26456e+00 
-1.1 -1.05 -1.0 8.82240e+02 6.10721e+00 6.99462e+02 4.34961e+00 1.05907e+03 8.90058e+00 7.08068e+02 4.45617e+00 8.78194e+02 5.96954e+00 1.06623e+03 8.64487e+00 8.86936e+02 6.28393e+00 
-1.0 -0.95 -0.9 9.31937e+02 6.24857e+00 7.39207e+02 4.49856e+00 1.11938e+03 9.00002e+00 7.48048e+02 4.57921e+00 9.27827e+02 6.15458e+00 1.12522e+03 8.82644e+00 9.36763e+02 6.41970e+00 
-0.9 -0.85 -0.8 9.51233e+02 6.44803e+00 7.55909e+02 4.59840e+00 1.14117e+03 9.36930e+00 7.64078e+02 4.70066e+00 9.47782e+02 6.31883e+00 1.14859e+03 9.14009e+00 9.56009e+02 6.60821e+00 
-0.8 -0.75 -0.7 9.95813e+02 6.43876e+00 7.89389e+02 4.60108e+00 1.19968e+03 9.34791e+00 7.98665e+02 4.70772e+00 9.91449e+02 6.29747e+00 1.20538e+03 9.08131e+00 1.00180e+03 6.61900e+00 
-0.7 -0.65 -0.6 1.00628e+03 6.54699e+00 7.99691e+02 4.68410e+00 1.20680e+03 9.49378e+00 8.08743e+02 4.77861e+00 1.00189e+03 6.42333e+00 1.21337e+03 9.25231e+00 1.01191e+03 6.69731e+00 
-0.6 -0.55 -0.5 1.02504e+03 6.48583e+00 8.15618e+02 4.64892e+00 1.22754e+03 9.37277e+00 8.24417e+02 4.74228e+00 1.02159e+03 6.36785e+00 1.23469e+03 9.15717e+00 1.03023e+03 6.63731e+00 
-0.5 -0.45 -0.4 1.04574e+03 6.52572e+00 8.31728e+02 4.67738e+00 1.25307e+03 9.40620e+00 8.40468e+02 4.76917e+00 1.04250e+03 6.41567e+00 1.26159e+03 9.21186e+00 1.05038e+03 6.67310e+00 
-0.4 -0.35 -0.3 1.07349e+03 6.63886e+00 8.52028e+02 4.77259e+00 1.28893e+03 9.58806e+00 8.60840e+02 4.85633e+00 1.06877e+03 6.52608e+00 1.29789e+03 9.33672e+00 1.07751e+03 6.78582e+00 
-0.3 -0.25 -0.2 1.08510e+03 6.68278e+00 8.61832e+02 4.80414e+00 1.30356e+03 9.61191e+00 8.71013e+02 4.88777e+00 1.08149e+03 6.56481e+00 1.31156e+03 9.42377e+00 1.08981e+03 6.81810e+00 
-0.2 -0.15 -0.1 1.08772e+03 6.61990e+00 8.64708e+02 4.74943e+00 1.30638e+03 9.55195e+00 8.73596e+02 4.84108e+00 1.08431e+03 6.50537e+00 1.31358e+03 9.34260e+00 1.09311e+03 6.77858e+00 
-0.1 -0.05 0.0 1.08574e+03 6.67447e+00 8.63109e+02 4.78118e+00 1.30423e+03 9.63271e+00 8.71787e+02 4.86915e+00 1.08242e+03 6.55575e+00 1.31157e+03 9.44542e+00 1.09066e+03 6.80770e+00 
0.0 0.05 0.1 1.09963e+03 6.68776e+00 8.74945e+02 4.80861e+00 1.32126e+03 9.63582e+00 8.83300e+02 4.89879e+00 1.09693e+03 6.58278e+00 1.32792e+03 9.42097e+00 1.10512e+03 6.84116e+00 
0.1 0.15 0.2 1.09343e+03 6.69247e+00 8.69202e+02 4.80649e+00 1.31282e+03 9.68013e+00 8.77847e+02 4.89537e+00 1.09002e+03 6.58618e+00 1.32114e+03 9.45782e+00 1.09785e+03 6.84602e+00 
0.2 0.25 0.3 1.07178e+03 6.65138e+00 8.52865e+02 4.78358e+00 1.28366e+03 9.60516e+00 8.61488e+02 4.86641e+00 1.06875e+03 6.55080e+00 1.29250e+03 9.38280e+00 1.07698e+03 6.79177e+00 
0.3 0.35 0.4 1.05843e+03 6.59178e+00 8.41657e+02 4.72623e+00 1.26980e+03 9.52382e+00 8.50416e+02 4.81239e+00 1.05559e+03 6.48314e+00 1.27730e+03 9.32865e+00 1.06335e+03 6.73008e+00 
0.4 0.45 0.5 1.05784e+03 6.67814e+00 8.39630e+02 4.79580e+00 1.26979e+03 9.69352e+00 8.48968e+02 4.88248e+00 1.05352e+03 6.57760e+00 1.27823e+03 9.45749e+00 1.06180e+03 6.85188e+00 
0.5 0.55 0.6 1.03773e+03 6.58541e+00 8.24811e+02 4.72649e+00 1.24554e+03 9.47252e+00 8.33489e+02 4.81027e+00 1.03502e+03 6.47498e+00 1.25297e+03 9.31095e+00 1.04219e+03 6.73003e+00 
0.6 0.65 0.7 1.01949e+03 6.55285e+00 8.08806e+02 4.68194e+00 1.22762e+03 9.51060e+00 8.18136e+02 4.78551e+00 1.01530e+03 6.41578e+00 1.23309e+03 9.26336e+00 1.02557e+03 6.72280e+00 
0.7 0.75 0.8 9.94812e+02 6.37562e+00 7.88324e+02 4.57783e+00 1.19457e+03 9.24882e+00 7.97542e+02 4.67642e+00 9.89194e+02 6.26374e+00 1.20284e+03 8.98113e+00 9.99225e+02 6.55289e+00 
0.8 0.85 0.9 9.70044e+02 6.41369e+00 7.68658e+02 4.58061e+00 1.17005e+03 9.28907e+00 7.77495e+02 4.68688e+00 9.66299e+02 6.27628e+00 1.17651e+03 9.03352e+00 9.76011e+02 6.57682e+00 
0.9 0.95 1.0 9.23323e+02 6.28744e+00 7.32483e+02 4.49010e+00 1.10664e+03 9.12607e+00 7.41499e+02 4.58758e+00 9.18767e+02 6.15530e+00 1.11451e+03 8.88622e+00 9.27706e+02 6.45392e+00 
1.0 1.05 1.1 8.87567e+02 6.14449e+00 7.04083e+02 4.38466e+00 1.06635e+03 8.91756e+00 7.13239e+02 4.48061e+00 8.83015e+02 6.01792e+00 1.07065e+03 8.69576e+00 8.94228e+02 6.30950e+00 
1.1 1.15 1.2 8.51002e+02 6.08401e+00 6.74532e+02 4.34087e+00 1.02063e+03 8.91046e+00 6.83113e+02 4.44789e+00 8.46839e+02 5.94613e+00 1.02718e+03 8.60700e+00 8.55938e+02 6.28535e+00 
1.2 1.25 1.3 8.06287e+02 5.96936e+00 6.39848e+02 4.25478e+00 9.65474e+02 8.70373e+00 6.48034e+02 4.35510e+00 8.04255e+02 5.82294e+00 9.74693e+02 8.41191e+00 8.10986e+02 6.15209e+00 
1.3 1.35 1.4 7.80322e+02 5.90087e+00 6.16390e+02 4.18218e+00 9.40106e+02 8.62846e+00 6.25070e+02 4.29785e+00 7.75583e+02 5.74690e+00 9.45943e+02 8.36864e+00 7.85454e+02 6.08255e+00 
1.4 1.45 1.5 7.26580e+02 5.67980e+00 5.74870e+02 4.02932e+00 8.73210e+02 8.32508e+00 5.83095e+02 4.13717e+00 7.22229e+02 5.53925e+00 8.77799e+02 8.05527e+00 7.32217e+02 5.86567e+00 
1.5 1.55 1.6 6.85470e+02 5.61093e+00 5.42570e+02 3.97899e+00 8.20877e+02 8.28120e+00 5.50478e+02 4.08698e+00 6.81223e+02 5.47251e+00 8.26633e+02 7.98009e+00 6.90016e+02 5.82578e+00 
1.6 1.65 1.7 6.45763e+02 5.50313e+00 5.09961e+02 3.88355e+00 7.76046e+02 8.14116e+00 5.17879e+02 4.00485e+00 6.40425e+02 5.35152e+00 7.79826e+02 7.84355e+00 6.50561e+02 5.71872e+00 
1.7 1.75 1.8 6.03919e+02 5.28549e+00 4.75511e+02 3.72057e+00 7.31363e+02 7.81899e+00 4.83401e+02 3.83531e+00 5.99774e+02 5.14298e+00 7.33769e+02 7.53389e+00 6.09959e+02 5.47785e+00 
1.8 1.85 1.9 5.63291e+02 5.18146e+00 4.42732e+02 3.63840e+00 6.81844e+02 7.72470e+00 4.50680e+02 3.76738e+00 5.58382e+02 5.01052e+00 6.84226e+02 7.37396e+00 5.69345e+02 5.41289e+00 
1.9 1.95 2.0 5.15509e+02 5.15161e+00 4.06896e+02 3.69570e+00 6.26664e+02 7.58085e+00 4.14621e+02 3.83976e+00 5.13460e+02 5.08844e+00 6.25591e+02 7.29028e+00 5.22046e+02 5.37304e+00 
2.0 2.05 2.1 4.67161e+02 4.80246e+00 3.66525e+02 3.35142e+00 5.65984e+02 7.14109e+00 3.73743e+02 3.48079e+00 4.62305e+02 4.63010e+00 5.66931e+02 6.85370e+00 4.73306e+02 5.00922e+00 
2.1 2.15 2.2 4.17756e+02 4.64134e+00 3.27849e+02 3.26204e+00 5.03378e+02 6.90439e+00 3.34374e+02 3.38257e+00 4.13267e+02 4.49204e+00 5.05959e+02 6.58321e+00 4.22572e+02 4.86063e+00 
2.2 2.25 2.3 3.89719e+02 4.56861e+00 3.03507e+02 3.14788e+00 4.74381e+02 6.91747e+00 3.10463e+02 3.29576e+00 3.84488e+02 4.36843e+00 4.76221e+02 6.55470e+00 3.94704e+02 4.82110e+00 
2.3 2.35 2.4 3.35017e+02 4.06470e+00 2.61114e+02 2.81257e+00 4.07577e+02 6.14198e+00 2.67367e+02 2.93827e+00 3.30353e+02 3.89674e+00 4.08067e+02 5.81827e+00 3.40278e+02 4.28834e+00 
2.4 2.45 2.5 2.92257e+02 3.88214e+00 2.27990e+02 2.67200e+00 3.55996e+02 5.90266e+00 2.33566e+02 2.80145e+00 2.88487e+02 3.70430e+00 3.56588e+02 5.55738e+00 2.97746e+02 4.11136e+00 
2.5 2.55 2.6 2.52900e+02 3.60396e+00 1.97176e+02 2.48826e+00 3.05592e+02 5.44664e+00 2.01927e+02 2.60361e+00 2.50068e+02 3.43779e+00 3.06950e+02 5.15402e+00 2.56833e+02 3.80102e+00 
2.6 2.65 2.7 2.23209e+02 3.62358e+00 1.72636e+02 2.44932e+00 2.74649e+02 5.64035e+00 1.77545e+02 2.59739e+00 2.19392e+02 3.41741e+00 2.73248e+02 5.24244e+00 2.28300e+02 3.89406e+00 
2.7 2.75 2.8 1.92044e+02 3.20788e+00 1.48249e+02 2.20297e+00 2.36859e+02 4.90694e+00 1.52473e+02 2.31841e+00 1.88856e+02 3.05153e+00 2.35765e+02 4.58830e+00 1.96547e+02 3.42359e+00 
2.8 2.85 2.9 1.56192e+02 2.96548e+00 1.20216e+02 2.01475e+00 1.92266e+02 4.55574e+00 1.23981e+02 2.13631e+00 1.53376e+02 2.80377e+00 1.92020e+02 4.25597e+00 1.59695e+02 3.17953e+00 
2.9 2.95 3.0 1.34574e+02 2.62664e+00 1.02194e+02 1.80684e+00 1.66903e+02 4.02371e+00 1.06304e+02 1.90527e+00 1.30709e+02 2.49618e+00 1.65691e+02 3.74792e+00 1.37641e+02 2.81496e+00 
3.0 3.05 3.1 1.05529e+02 2.43763e+00 7.95266e+01 1.60888e+00 1.32547e+02 3.79973e+00 8.33756e+01 1.74510e+00 1.02718e+02 2.28369e+00 1.31009e+02 3.52005e+00 1.08721e+02 2.63648e+00 
3.1 3.15 3.2 8.14708e+01 2.07056e+00 6.16870e+01 1.38632e+00 1.01695e+02 3.26306e+00 6.43990e+01 1.48918e+00 7.90725e+01 1.92990e+00 1.00819e+02 2.97683e+00 8.41958e+01 2.26589e+00 
3.2 3.25 3.3 6.37128e+01 1.84683e+00 4.74611e+01 1.21380e+00 8.03923e+01 2.90992e+00 5.00826e+01 1.32486e+00 6.16474e+01 1.72432e+00 7.94628e+01 2.66373e+00 6.60389e+01 2.01655e+00 
3.3 3.35 3.4 4.91571e+01 1.59951e+00 3.64701e+01 1.05062e+00 6.32156e+01 2.56642e+00 3.84855e+01 1.14947e+00 4.71283e+01 1.46544e+00 6.17175e+01 2.30037e+00 5.15503e+01 1.78252e+00 
3.4 3.45 3.5 3.36354e+01 1.21073e+00 2.50156e+01 8.02374e-01 4.30141e+01 1.95094e+00 2.64704e+01 8.74056e-01 3.22453e+01 1.11384e+00 4.18356e+01 1.73085e+00 3.54535e+01 1.36141e+00 
