0.0 0.05 0.1 6.42121e+01 2.35684e+00 8.53516e+01 1.71570e+00 -2.02716e+01 3.41979e+00 8.09604e+01 1.78939e+00 7.54844e+01 2.26312e+00 7.99657e+00 3.23880e+00 5.16587e+01 2.43502e+00 
0.1 0.15 0.2 6.57681e+01 2.84399e+00 8.78850e+01 1.95850e+00 -1.72645e+01 3.67287e+00 8.33148e+01 2.07898e+00 7.74863e+01 2.67013e+00 6.93210e+00 4.04431e+00 5.56504e+01 2.63049e+00 
0.2 0.25 0.3 7.42523e+01 2.89822e+00 1.00599e+02 2.09317e+00 -2.65148e+01 4.15445e+00 9.51686e+01 2.14563e+00 8.81806e+01 2.75995e+00 5.62219e+00 4.11412e+00 6.01833e+01 2.94617e+00 
0.3 0.35 0.4 9.10030e+01 3.06848e+00 1.17371e+02 2.13922e+00 -1.98499e+01 4.70061e+00 1.12344e+02 2.25644e+00 1.04864e+02 2.90380e+00 1.53062e+01 4.37220e+00 7.47995e+01 3.26793e+00 
0.4 0.45 0.5 7.19036e+01 2.39395e+00 9.48394e+01 1.71545e+00 -2.38682e+01 3.93131e+00 9.01985e+01 1.79532e+00 8.29257e+01 2.51629e+00 9.99066e+00 3.34205e+00 5.78815e+01 2.52719e+00 
0.5 0.55 0.6 6.13928e+01 2.19466e+00 8.26158e+01 1.57661e+00 -2.22655e+01 3.24273e+00 7.84140e+01 1.64907e+00 7.22932e+01 2.09902e+00 5.14364e+00 3.05735e+00 4.72771e+01 2.51555e+00 
0.6 0.65 0.7 5.39781e+01 2.23791e+00 7.27445e+01 1.56180e+00 -1.98580e+01 3.42705e+00 6.90042e+01 1.64507e+00 6.36368e+01 2.12177e+00 4.42513e+00 3.20152e+00 4.42778e+01 2.33851e+00 
0.7 0.75 0.8 4.82249e+01 2.19854e+00 6.53802e+01 1.48235e+00 -2.14662e+01 3.36003e+00 6.22563e+01 1.60473e+00 5.65949e+01 2.01402e+00 1.20167e+00 3.03907e+00 3.61009e+01 2.11344e+00 
0.8 0.85 0.9 4.08502e+01 2.09226e+00 5.83918e+01 1.38125e+00 -2.49814e+01 2.91037e+00 5.55306e+01 1.58986e+00 4.93301e+01 1.85301e+00 -3.70055e+00 2.73070e+00 3.09901e+01 2.05921e+00 
0.9 0.95 1.0 4.00407e+01 2.15417e+00 5.57753e+01 1.47982e+00 -1.97618e+01 3.33433e+00 5.26651e+01 1.56260e+00 4.78996e+01 2.03639e+00 -8.37324e-01 3.13613e+00 3.12858e+01 2.28821e+00 
1.0 1.05 1.1 3.62204e+01 1.94740e+00 5.13534e+01 1.36056e+00 -2.06609e+01 2.97378e+00 4.83605e+01 1.43154e+00 4.42091e+01 1.93735e+00 -1.10444e+00 2.96088e+00 2.77572e+01 2.07099e+00 
1.1 1.15 1.2 3.82603e+01 2.05216e+00 5.12038e+01 1.41125e+00 -1.33120e+01 3.19040e+00 4.85696e+01 1.49085e+00 4.46975e+01 1.87212e+00 3.96906e+00 2.97210e+00 3.05737e+01 2.19225e+00 
1.2 1.25 1.3 3.29265e+01 2.03364e+00 4.62632e+01 1.39068e+00 -1.81360e+01 2.69833e+00 4.34380e+01 1.32813e+00 3.96071e+01 1.91989e+00 -9.60608e-01 2.95836e+00 2.50460e+01 1.89992e+00 
1.3 1.35 1.4 2.99961e+01 1.75907e+00 4.26874e+01 1.23822e+00 -1.76630e+01 2.65931e+00 4.02021e+01 1.30264e+00 3.67131e+01 1.83737e+00 -1.17758e+00 2.82550e+00 2.29332e+01 1.86987e+00 
1.4 1.45 1.5 3.10135e+01 1.98160e+00 4.19998e+01 1.34533e+00 -1.52983e+01 2.66018e+00 3.97922e+01 1.42850e+00 3.69907e+01 1.87988e+00 2.73393e+00 2.85732e+00 2.44510e+01 2.16229e+00 
1.5 1.55 1.6 2.56662e+01 1.88162e+00 3.73478e+01 1.28301e+00 -1.60352e+01 2.81515e+00 3.50821e+01 1.36088e+00 3.13298e+01 1.77062e+00 -3.42582e+00 2.73578e+00 2.02233e+01 1.94165e+00 
1.6 1.65 1.7 2.38282e+01 1.88459e+00 3.48896e+01 1.28034e+00 -1.76991e+01 2.80981e+00 3.21668e+01 1.35612e+00 2.91794e+01 1.77280e+00 -3.61331e+00 2.74848e+00 1.67309e+01 2.01763e+00 
1.7 1.75 1.8 2.34218e+01 1.71763e+00 3.37656e+01 1.19321e+00 -1.48869e+01 2.61127e+00 3.17665e+01 1.26016e+00 2.84700e+01 1.62504e+00 -2.56514e+00 2.45509e+00 1.79011e+01 1.82147e+00 
1.8 1.85 1.9 2.37452e+01 1.91583e+00 3.23624e+01 1.20629e+00 -1.23792e+01 2.92269e+00 3.07510e+01 1.28126e+00 2.77303e+01 1.65700e+00 5.82884e-02 2.92454e+00 1.78202e+01 2.04429e+00 
1.9 1.95 2.0 1.97414e+01 1.72333e+00 2.92754e+01 1.26873e+00 -1.40176e+01 2.68732e+00 2.76463e+01 1.35266e+00 2.41007e+01 1.62229e+00 -2.96167e+00 2.49533e+00 1.58079e+01 2.04536e+00 
2.0 2.05 2.1 2.12176e+01 1.92900e+00 2.86068e+01 1.26056e+00 -8.75077e+00 3.09506e+00 2.72625e+01 1.36873e+00 2.49150e+01 1.76635e+00 9.03583e-01 2.78340e+00 1.67872e+01 2.07964e+00 
2.1 2.15 2.2 1.63701e+01 1.55610e+00 2.43350e+01 1.27981e+00 -1.55904e+01 3.12843e+00 2.30124e+01 1.21321e+00 1.97233e+01 1.80979e+00 -4.10566e+00 2.22349e+00 1.21393e+01 1.66492e+00 
2.2 2.25 2.3 1.57417e+01 1.83471e+00 2.22723e+01 1.17606e+00 -1.21415e+01 2.89171e+00 2.10957e+01 1.28217e+00 1.90209e+01 1.68240e+00 -2.10246e+00 2.72212e+00 1.10067e+01 1.94621e+00 
2.3 2.35 2.4 1.50051e+01 1.71595e+00 2.13697e+01 1.15284e+00 -8.73899e+00 2.72148e+00 1.99836e+01 1.22226e+00 1.83740e+01 1.61778e+00 -8.95846e-01 2.53123e+00 1.15353e+01 1.83968e+00 
2.4 2.45 2.5 1.15458e+01 1.56969e+00 1.77708e+01 1.05014e+00 -1.06077e+01 2.54767e+00 1.68542e+01 1.16215e+00 1.43828e+01 1.46623e+00 -3.82768e+00 2.30544e+00 8.57420e+00 1.72270e+00 
2.5 2.55 2.6 1.30183e+01 1.61461e+00 1.76725e+01 1.07594e+00 -4.93846e+00 2.55831e+00 1.67510e+01 1.14865e+00 1.54575e+01 1.50995e+00 6.04340e-01 2.38238e+00 9.25152e+00 1.60895e+00 
2.6 2.65 2.7 1.11469e+01 1.53512e+00 1.54779e+01 1.02018e+00 -5.79092e+00 2.44303e+00 1.44707e+01 1.06138e+00 1.35543e+01 1.40614e+00 -1.99642e-02 2.27130e+00 8.88102e+00 1.64317e+00 
2.7 2.75 2.8 1.00692e+01 1.38499e+00 1.34306e+01 9.36805e-01 -4.25642e+00 2.18783e+00 1.29022e+01 9.93849e-01 1.16585e+01 1.30557e+00 5.55656e-01 2.02438e+00 7.96511e+00 1.49148e+00 
2.8 2.85 2.9 7.19977e+00 1.24841e+00 1.06274e+01 8.45351e-01 -5.16944e+00 2.08244e+00 9.99255e+00 8.99503e-01 8.83713e+00 1.17227e+00 -1.50752e+00 1.81569e+00 5.68714e+00 1.41284e+00 
2.9 2.95 3.0 7.73307e+00 1.19489e+00 9.75102e+00 7.42944e-01 -2.12419e+00 1.88852e+00 9.27399e+00 7.87117e-01 8.73812e+00 1.09293e+00 1.21708e+00 1.74816e+00 6.30297e+00 1.28654e+00 
3.0 3.05 3.1 7.26090e+00 1.03018e+00 8.87382e+00 7.27973e-01 4.84608e-02 1.59314e+00 8.47687e+00 7.44757e-01 8.42561e+00 1.01084e+00 2.71707e+00 1.62521e+00 6.22918e+00 1.10311e+00 
3.1 3.15 3.2 6.02800e+00 8.80286e-01 7.27536e+00 6.48891e-01 2.25024e+00 1.52857e+00 6.99066e+00 6.86742e-01 7.35501e+00 8.98373e-01 2.95831e+00 1.24917e+00 5.98323e+00 1.04763e+00 
3.2 3.25 3.3 5.65955e+00 7.96631e-01 5.71397e+00 5.40717e-01 3.05294e+00 1.23071e+00 5.68169e+00 5.78236e-01 5.95769e+00 7.43941e-01 4.13574e+00 1.14727e+00 5.12208e+00 8.63115e-01 
3.3 3.35 3.4 3.54297e+00 6.55291e-01 3.65719e+00 4.45911e-01 1.18576e+00 9.20528e-01 3.52454e+00 4.67751e-01 3.80001e+00 6.16212e-01 2.54611e+00 9.31694e-01 2.92242e+00 6.45550e-01 
3.4 3.45 3.5 2.41998e+00 5.00688e-01 2.34867e+00 3.44019e-01 1.34286e+00 7.70953e-01 2.46276e+00 3.73761e-01 2.46628e+00 4.68655e-01 1.86380e+00 7.11116e-01 2.22081e+00 5.40340e-01 
3.5 3.55 3.6 1.80231e+00 4.14636e-01 1.67351e+00 2.95308e-01 1.26238e+00 6.11621e-01 1.67687e+00 3.09962e-01 1.86199e+00 3.96652e-01 1.63476e+00 5.73480e-01 1.64622e+00 4.41371e-01 
3.6 3.65 3.7 1.28081e+00 2.89198e-01 1.03537e+00 2.05558e-01 1.29641e+00 4.10461e-01 1.02960e+00 2.10788e-01 1.18376e+00 2.72418e-01 1.14642e+00 3.80549e-01 1.32895e+00 3.05372e-01 
3.7 3.75 3.8 6.70650e-05 1.20255e-01 3.39704e-02 8.06709e-02 -2.05258e-01 1.60453e-01 5.89303e-02 8.99708e-02 -2.29485e-02 1.08872e-01 -1.90956e-01 1.59279e-01 -3.36599e-02 1.17757e-01 
3.8 3.85 3.9 -2.17733e-02 1.57882e-02 -1.32513e-02 9.30968e-03 -5.63054e-02 2.72621e-02 -1.39246e-02 1.01967e-02 -2.07121e-02 1.44148e-02 -3.56468e-02 2.55446e-02 -3.45709e-02 1.68501e-02 
3.9 3.95 4.0 0.00000e+00 0.00000e+00 0.00000e+00 0.00000e+00 0.00000e+00 0.00000e+00 0.00000e+00 0.00000e+00 0.00000e+00 0.00000e+00 0.00000e+00 0.00000e+00 0.00000e+00 0.00000e+00 
4.0 4.05 4.1 0.00000e+00 0.00000e+00 0.00000e+00 0.00000e+00 0.00000e+00 0.00000e+00 0.00000e+00 0.00000e+00 0.00000e+00 0.00000e+00 0.00000e+00 0.00000e+00 0.00000e+00 0.00000e+00 
4.1 4.15 4.2 0.00000e+00 0.00000e+00 0.00000e+00 0.00000e+00 0.00000e+00 0.00000e+00 0.00000e+00 0.00000e+00 0.00000e+00 0.00000e+00 0.00000e+00 0.00000e+00 0.00000e+00 0.00000e+00 
4.2 4.25 4.3 0.00000e+00 0.00000e+00 0.00000e+00 0.00000e+00 0.00000e+00 0.00000e+00 0.00000e+00 0.00000e+00 0.00000e+00 0.00000e+00 0.00000e+00 0.00000e+00 0.00000e+00 0.00000e+00 
4.3 4.35 4.4 0.00000e+00 0.00000e+00 0.00000e+00 0.00000e+00 0.00000e+00 0.00000e+00 0.00000e+00 0.00000e+00 0.00000e+00 0.00000e+00 0.00000e+00 0.00000e+00 0.00000e+00 0.00000e+00 
4.4 4.45 4.5 0.00000e+00 0.00000e+00 0.00000e+00 0.00000e+00 0.00000e+00 0.00000e+00 0.00000e+00 0.00000e+00 0.00000e+00 0.00000e+00 0.00000e+00 0.00000e+00 0.00000e+00 0.00000e+00 
4.5 4.55 4.6 0.00000e+00 0.00000e+00 0.00000e+00 0.00000e+00 0.00000e+00 0.00000e+00 0.00000e+00 0.00000e+00 0.00000e+00 0.00000e+00 0.00000e+00 0.00000e+00 0.00000e+00 0.00000e+00 
4.6 4.65 4.7 0.00000e+00 0.00000e+00 0.00000e+00 0.00000e+00 0.00000e+00 0.00000e+00 0.00000e+00 0.00000e+00 0.00000e+00 0.00000e+00 0.00000e+00 0.00000e+00 0.00000e+00 0.00000e+00 
4.7 4.75 4.8 0.00000e+00 0.00000e+00 0.00000e+00 0.00000e+00 0.00000e+00 0.00000e+00 0.00000e+00 0.00000e+00 0.00000e+00 0.00000e+00 0.00000e+00 0.00000e+00 0.00000e+00 0.00000e+00 
4.8 4.85 4.9 0.00000e+00 0.00000e+00 0.00000e+00 0.00000e+00 0.00000e+00 0.00000e+00 0.00000e+00 0.00000e+00 0.00000e+00 0.00000e+00 0.00000e+00 0.00000e+00 0.00000e+00 0.00000e+00 
4.9 4.95 5.0 0.00000e+00 0.00000e+00 0.00000e+00 0.00000e+00 0.00000e+00 0.00000e+00 0.00000e+00 0.00000e+00 0.00000e+00 0.00000e+00 0.00000e+00 0.00000e+00 0.00000e+00 0.00000e+00 
5.0 5.05 5.1 0.00000e+00 0.00000e+00 0.00000e+00 0.00000e+00 0.00000e+00 0.00000e+00 0.00000e+00 0.00000e+00 0.00000e+00 0.00000e+00 0.00000e+00 0.00000e+00 0.00000e+00 0.00000e+00 
5.1 5.15 5.2 0.00000e+00 0.00000e+00 0.00000e+00 0.00000e+00 0.00000e+00 0.00000e+00 0.00000e+00 0.00000e+00 0.00000e+00 0.00000e+00 0.00000e+00 0.00000e+00 0.00000e+00 0.00000e+00 
5.2 5.25 5.3 0.00000e+00 0.00000e+00 0.00000e+00 0.00000e+00 0.00000e+00 0.00000e+00 0.00000e+00 0.00000e+00 0.00000e+00 0.00000e+00 0.00000e+00 0.00000e+00 0.00000e+00 0.00000e+00 
5.3 5.35 5.4 0.00000e+00 0.00000e+00 0.00000e+00 0.00000e+00 0.00000e+00 0.00000e+00 0.00000e+00 0.00000e+00 0.00000e+00 0.00000e+00 0.00000e+00 0.00000e+00 0.00000e+00 0.00000e+00 
5.4 5.45 5.5 0.00000e+00 0.00000e+00 0.00000e+00 0.00000e+00 0.00000e+00 0.00000e+00 0.00000e+00 0.00000e+00 0.00000e+00 0.00000e+00 0.00000e+00 0.00000e+00 0.00000e+00 0.00000e+00 
5.5 5.55 5.6 0.00000e+00 0.00000e+00 0.00000e+00 0.00000e+00 0.00000e+00 0.00000e+00 0.00000e+00 0.00000e+00 0.00000e+00 0.00000e+00 0.00000e+00 0.00000e+00 0.00000e+00 0.00000e+00 
5.6 5.65 5.7 0.00000e+00 0.00000e+00 0.00000e+00 0.00000e+00 0.00000e+00 0.00000e+00 0.00000e+00 0.00000e+00 0.00000e+00 0.00000e+00 0.00000e+00 0.00000e+00 0.00000e+00 0.00000e+00 
5.7 5.75 5.8 0.00000e+00 0.00000e+00 0.00000e+00 0.00000e+00 0.00000e+00 0.00000e+00 0.00000e+00 0.00000e+00 0.00000e+00 0.00000e+00 0.00000e+00 0.00000e+00 0.00000e+00 0.00000e+00 
5.8 5.85 5.9 0.00000e+00 0.00000e+00 0.00000e+00 0.00000e+00 0.00000e+00 0.00000e+00 0.00000e+00 0.00000e+00 0.00000e+00 0.00000e+00 0.00000e+00 0.00000e+00 0.00000e+00 0.00000e+00 
5.9 5.95 6.0 0.00000e+00 0.00000e+00 0.00000e+00 0.00000e+00 0.00000e+00 0.00000e+00 0.00000e+00 0.00000e+00 0.00000e+00 0.00000e+00 0.00000e+00 0.00000e+00 0.00000e+00 0.00000e+00 
6.0 6.05 6.1 0.00000e+00 0.00000e+00 0.00000e+00 0.00000e+00 0.00000e+00 0.00000e+00 0.00000e+00 0.00000e+00 0.00000e+00 0.00000e+00 0.00000e+00 0.00000e+00 0.00000e+00 0.00000e+00 
6.1 6.15 6.2 0.00000e+00 0.00000e+00 0.00000e+00 0.00000e+00 0.00000e+00 0.00000e+00 0.00000e+00 0.00000e+00 0.00000e+00 0.00000e+00 0.00000e+00 0.00000e+00 0.00000e+00 0.00000e+00 
6.2 6.25 6.3 0.00000e+00 0.00000e+00 0.00000e+00 0.00000e+00 0.00000e+00 0.00000e+00 0.00000e+00 0.00000e+00 0.00000e+00 0.00000e+00 0.00000e+00 0.00000e+00 0.00000e+00 0.00000e+00 
6.3 6.35 6.4 0.00000e+00 0.00000e+00 0.00000e+00 0.00000e+00 0.00000e+00 0.00000e+00 0.00000e+00 0.00000e+00 0.00000e+00 0.00000e+00 0.00000e+00 0.00000e+00 0.00000e+00 0.00000e+00 
6.4 6.45 6.5 0.00000e+00 0.00000e+00 0.00000e+00 0.00000e+00 0.00000e+00 0.00000e+00 0.00000e+00 0.00000e+00 0.00000e+00 0.00000e+00 0.00000e+00 0.00000e+00 0.00000e+00 0.00000e+00 
6.5 6.55 6.6 0.00000e+00 0.00000e+00 0.00000e+00 0.00000e+00 0.00000e+00 0.00000e+00 0.00000e+00 0.00000e+00 0.00000e+00 0.00000e+00 0.00000e+00 0.00000e+00 0.00000e+00 0.00000e+00 
6.6 6.65 6.7 0.00000e+00 0.00000e+00 0.00000e+00 0.00000e+00 0.00000e+00 0.00000e+00 0.00000e+00 0.00000e+00 0.00000e+00 0.00000e+00 0.00000e+00 0.00000e+00 0.00000e+00 0.00000e+00 
6.7 6.75 6.8 0.00000e+00 0.00000e+00 0.00000e+00 0.00000e+00 0.00000e+00 0.00000e+00 0.00000e+00 0.00000e+00 0.00000e+00 0.00000e+00 0.00000e+00 0.00000e+00 0.00000e+00 0.00000e+00 
6.8 6.85 6.9 0.00000e+00 0.00000e+00 0.00000e+00 0.00000e+00 0.00000e+00 0.00000e+00 0.00000e+00 0.00000e+00 0.00000e+00 0.00000e+00 0.00000e+00 0.00000e+00 0.00000e+00 0.00000e+00 
6.9 6.95 7.0 0.00000e+00 0.00000e+00 0.00000e+00 0.00000e+00 0.00000e+00 0.00000e+00 0.00000e+00 0.00000e+00 0.00000e+00 0.00000e+00 0.00000e+00 0.00000e+00 0.00000e+00 0.00000e+00 
7.0 7.05 7.1 0.00000e+00 0.00000e+00 0.00000e+00 0.00000e+00 0.00000e+00 0.00000e+00 0.00000e+00 0.00000e+00 0.00000e+00 0.00000e+00 0.00000e+00 0.00000e+00 0.00000e+00 0.00000e+00 
7.1 7.15 7.2 0.00000e+00 0.00000e+00 0.00000e+00 0.00000e+00 0.00000e+00 0.00000e+00 0.00000e+00 0.00000e+00 0.00000e+00 0.00000e+00 0.00000e+00 0.00000e+00 0.00000e+00 0.00000e+00 
7.2 7.25 7.3 0.00000e+00 0.00000e+00 0.00000e+00 0.00000e+00 0.00000e+00 0.00000e+00 0.00000e+00 0.00000e+00 0.00000e+00 0.00000e+00 0.00000e+00 0.00000e+00 0.00000e+00 0.00000e+00 
7.3 7.35 7.4 0.00000e+00 0.00000e+00 0.00000e+00 0.00000e+00 0.00000e+00 0.00000e+00 0.00000e+00 0.00000e+00 0.00000e+00 0.00000e+00 0.00000e+00 0.00000e+00 0.00000e+00 0.00000e+00 
7.4 7.45 7.5 0.00000e+00 0.00000e+00 0.00000e+00 0.00000e+00 0.00000e+00 0.00000e+00 0.00000e+00 0.00000e+00 0.00000e+00 0.00000e+00 0.00000e+00 0.00000e+00 0.00000e+00 0.00000e+00 
7.5 7.55 7.6 0.00000e+00 0.00000e+00 0.00000e+00 0.00000e+00 0.00000e+00 0.00000e+00 0.00000e+00 0.00000e+00 0.00000e+00 0.00000e+00 0.00000e+00 0.00000e+00 0.00000e+00 0.00000e+00 
7.6 7.65 7.7 0.00000e+00 0.00000e+00 0.00000e+00 0.00000e+00 0.00000e+00 0.00000e+00 0.00000e+00 0.00000e+00 0.00000e+00 0.00000e+00 0.00000e+00 0.00000e+00 0.00000e+00 0.00000e+00 
7.7 7.75 7.8 0.00000e+00 0.00000e+00 0.00000e+00 0.00000e+00 0.00000e+00 0.00000e+00 0.00000e+00 0.00000e+00 0.00000e+00 0.00000e+00 0.00000e+00 0.00000e+00 0.00000e+00 0.00000e+00 
7.8 7.85 7.9 0.00000e+00 0.00000e+00 0.00000e+00 0.00000e+00 0.00000e+00 0.00000e+00 0.00000e+00 0.00000e+00 0.00000e+00 0.00000e+00 0.00000e+00 0.00000e+00 0.00000e+00 0.00000e+00 
7.9 7.95 8.0 0.00000e+00 0.00000e+00 0.00000e+00 0.00000e+00 0.00000e+00 0.00000e+00 0.00000e+00 0.00000e+00 0.00000e+00 0.00000e+00 0.00000e+00 0.00000e+00 0.00000e+00 0.00000e+00 
8.0 8.05 8.1 0.00000e+00 0.00000e+00 0.00000e+00 0.00000e+00 0.00000e+00 0.00000e+00 0.00000e+00 0.00000e+00 0.00000e+00 0.00000e+00 0.00000e+00 0.00000e+00 0.00000e+00 0.00000e+00 
8.1 8.15 8.2 0.00000e+00 0.00000e+00 0.00000e+00 0.00000e+00 0.00000e+00 0.00000e+00 0.00000e+00 0.00000e+00 0.00000e+00 0.00000e+00 0.00000e+00 0.00000e+00 0.00000e+00 0.00000e+00 
8.2 8.25 8.3 0.00000e+00 0.00000e+00 0.00000e+00 0.00000e+00 0.00000e+00 0.00000e+00 0.00000e+00 0.00000e+00 0.00000e+00 0.00000e+00 0.00000e+00 0.00000e+00 0.00000e+00 0.00000e+00 
8.3 8.35 8.4 0.00000e+00 0.00000e+00 0.00000e+00 0.00000e+00 0.00000e+00 0.00000e+00 0.00000e+00 0.00000e+00 0.00000e+00 0.00000e+00 0.00000e+00 0.00000e+00 0.00000e+00 0.00000e+00 
8.4 8.45 8.5 0.00000e+00 0.00000e+00 0.00000e+00 0.00000e+00 0.00000e+00 0.00000e+00 0.00000e+00 0.00000e+00 0.00000e+00 0.00000e+00 0.00000e+00 0.00000e+00 0.00000e+00 0.00000e+00 
8.5 8.55 8.6 0.00000e+00 0.00000e+00 0.00000e+00 0.00000e+00 0.00000e+00 0.00000e+00 0.00000e+00 0.00000e+00 0.00000e+00 0.00000e+00 0.00000e+00 0.00000e+00 0.00000e+00 0.00000e+00 
8.6 8.65 8.7 0.00000e+00 0.00000e+00 0.00000e+00 0.00000e+00 0.00000e+00 0.00000e+00 0.00000e+00 0.00000e+00 0.00000e+00 0.00000e+00 0.00000e+00 0.00000e+00 0.00000e+00 0.00000e+00 
8.7 8.75 8.8 0.00000e+00 0.00000e+00 0.00000e+00 0.00000e+00 0.00000e+00 0.00000e+00 0.00000e+00 0.00000e+00 0.00000e+00 0.00000e+00 0.00000e+00 0.00000e+00 0.00000e+00 0.00000e+00 
8.8 8.85 8.9 0.00000e+00 0.00000e+00 0.00000e+00 0.00000e+00 0.00000e+00 0.00000e+00 0.00000e+00 0.00000e+00 0.00000e+00 0.00000e+00 0.00000e+00 0.00000e+00 0.00000e+00 0.00000e+00 
8.9 8.95 9.0 0.00000e+00 0.00000e+00 0.00000e+00 0.00000e+00 0.00000e+00 0.00000e+00 0.00000e+00 0.00000e+00 0.00000e+00 0.00000e+00 0.00000e+00 0.00000e+00 0.00000e+00 0.00000e+00 
9.0 9.05 9.1 0.00000e+00 0.00000e+00 0.00000e+00 0.00000e+00 0.00000e+00 0.00000e+00 0.00000e+00 0.00000e+00 0.00000e+00 0.00000e+00 0.00000e+00 0.00000e+00 0.00000e+00 0.00000e+00 
9.1 9.15 9.2 0.00000e+00 0.00000e+00 0.00000e+00 0.00000e+00 0.00000e+00 0.00000e+00 0.00000e+00 0.00000e+00 0.00000e+00 0.00000e+00 0.00000e+00 0.00000e+00 0.00000e+00 0.00000e+00 
9.2 9.25 9.3 0.00000e+00 0.00000e+00 0.00000e+00 0.00000e+00 0.00000e+00 0.00000e+00 0.00000e+00 0.00000e+00 0.00000e+00 0.00000e+00 0.00000e+00 0.00000e+00 0.00000e+00 0.00000e+00 
9.3 9.35 9.4 0.00000e+00 0.00000e+00 0.00000e+00 0.00000e+00 0.00000e+00 0.00000e+00 0.00000e+00 0.00000e+00 0.00000e+00 0.00000e+00 0.00000e+00 0.00000e+00 0.00000e+00 0.00000e+00 
9.4 9.45 9.5 0.00000e+00 0.00000e+00 0.00000e+00 0.00000e+00 0.00000e+00 0.00000e+00 0.00000e+00 0.00000e+00 0.00000e+00 0.00000e+00 0.00000e+00 0.00000e+00 0.00000e+00 0.00000e+00 
9.5 9.55 9.6 0.00000e+00 0.00000e+00 0.00000e+00 0.00000e+00 0.00000e+00 0.00000e+00 0.00000e+00 0.00000e+00 0.00000e+00 0.00000e+00 0.00000e+00 0.00000e+00 0.00000e+00 0.00000e+00 
9.6 9.65 9.7 0.00000e+00 0.00000e+00 0.00000e+00 0.00000e+00 0.00000e+00 0.00000e+00 0.00000e+00 0.00000e+00 0.00000e+00 0.00000e+00 0.00000e+00 0.00000e+00 0.00000e+00 0.00000e+00 
9.7 9.75 9.8 0.00000e+00 0.00000e+00 0.00000e+00 0.00000e+00 0.00000e+00 0.00000e+00 0.00000e+00 0.00000e+00 0.00000e+00 0.00000e+00 0.00000e+00 0.00000e+00 0.00000e+00 0.00000e+00 
9.8 9.85 9.9 0.00000e+00 0.00000e+00 0.00000e+00 0.00000e+00 0.00000e+00 0.00000e+00 0.00000e+00 0.00000e+00 0.00000e+00 0.00000e+00 0.00000e+00 0.00000e+00 0.00000e+00 0.00000e+00 
9.9 9.95 10.0 0.00000e+00 0.00000e+00 0.00000e+00 0.00000e+00 0.00000e+00 0.00000e+00 0.00000e+00 0.00000e+00 0.00000e+00 0.00000e+00 0.00000e+00 0.00000e+00 0.00000e+00 0.00000e+00 
