-3.5 -3.45 -3.4 1.25541e-01 3.52666e-02 1.01933e-01 2.52071e-02 1.38913e-01 5.05251e-02 1.11248e-01 2.74837e-02 1.22718e-01 3.23937e-02 1.38983e-01 4.60476e-02 1.34952e-01 3.89088e-02 
-3.4 -3.35 -3.3 4.24808e-01 7.96416e-02 3.22748e-01 5.59668e-02 5.37943e-01 1.11755e-01 3.46135e-01 6.12607e-02 3.94484e-01 7.32219e-02 5.12626e-01 1.05600e-01 4.81103e-01 8.86601e-02 
-3.3 -3.25 -3.2 6.24708e-01 1.01900e-01 5.02510e-01 7.68570e-02 7.03089e-01 1.35410e-01 5.29559e-01 8.20875e-02 6.10995e-01 9.69528e-02 7.11759e-01 1.27406e-01 6.48340e-01 1.09317e-01 
-3.2 -3.15 -3.1 1.09586e+00 1.44408e-01 8.65421e-01 1.07494e-01 1.26962e+00 1.95448e-01 9.20292e-01 1.15271e-01 1.05189e+00 1.35816e-01 1.24885e+00 1.82741e-01 1.15847e+00 1.55312e-01 
-3.1 -3.05 -3.0 1.75374e+00 1.78142e-01 1.38179e+00 1.28715e-01 2.11504e+00 2.56343e-01 1.44959e+00 1.38303e-01 1.70356e+00 1.66962e-01 2.06899e+00 2.34395e-01 1.86957e+00 1.95844e-01 
-3.0 -2.95 -2.9 2.45856e+00 2.25370e-01 1.92446e+00 1.62273e-01 2.89782e+00 3.22435e-01 2.04724e+00 1.74786e-01 2.35062e+00 2.10278e-01 2.86425e+00 2.96474e-01 2.57571e+00 2.45392e-01 
-2.9 -2.85 -2.8 3.13658e+00 2.46812e-01 2.56255e+00 1.78930e-01 3.36435e+00 3.51702e-01 2.70252e+00 1.92141e-01 3.03978e+00 2.31015e-01 3.50917e+00 3.24742e-01 3.22736e+00 2.67363e-01 
-2.8 -2.75 -2.7 4.77927e+00 3.16452e-01 3.85650e+00 2.28896e-01 5.43920e+00 4.49649e-01 4.04416e+00 2.46444e-01 4.65489e+00 2.95574e-01 5.42172e+00 4.15199e-01 4.98424e+00 3.43420e-01 
-2.7 -2.65 -2.6 5.68114e+00 3.20001e-01 4.52380e+00 2.27632e-01 6.43569e+00 4.70485e-01 4.81411e+00 2.45937e-01 5.42523e+00 2.96904e-01 6.43136e+00 4.28442e-01 5.90602e+00 3.50557e-01 
-2.6 -2.55 -2.5 7.30718e+00 3.49916e-01 5.91787e+00 2.49456e-01 8.13154e+00 5.08993e-01 6.23813e+00 2.68781e-01 7.06015e+00 3.25647e-01 8.15912e+00 4.68181e-01 7.57597e+00 3.80990e-01 
-2.5 -2.45 -2.4 8.74185e+00 3.73183e-01 7.16003e+00 2.67385e-01 9.54397e+00 5.32636e-01 7.53088e+00 2.88256e-01 8.47109e+00 3.46420e-01 9.61162e+00 4.96849e-01 9.03626e+00 4.00336e-01 
-2.4 -2.35 -2.3 1.07512e+01 3.93173e-01 8.87622e+00 2.84174e-01 1.15878e+01 5.65074e-01 9.28569e+00 3.04637e-01 1.04842e+01 3.67667e-01 1.17725e+01 5.21266e-01 1.10548e+01 4.25555e-01 
-2.3 -2.25 -2.2 1.23917e+01 4.08141e-01 1.02249e+01 2.95511e-01 1.31821e+01 5.90884e-01 1.07427e+01 3.14832e-01 1.20161e+01 3.84721e-01 1.34772e+01 5.44206e-01 1.26887e+01 4.42204e-01 
-2.2 -2.15 -2.1 1.53173e+01 4.36312e-01 1.26349e+01 3.14350e-01 1.64700e+01 6.30555e-01 1.32105e+01 3.36509e-01 1.49284e+01 4.08326e-01 1.68268e+01 5.82394e-01 1.57367e+01 4.72218e-01 
-2.1 -2.05 -2.0 1.67005e+01 4.47371e-01 1.39204e+01 3.22087e-01 1.77036e+01 6.45223e-01 1.45033e+01 3.44855e-01 1.63491e+01 4.18866e-01 1.81129e+01 5.96463e-01 1.70670e+01 4.83576e-01 
-2.0 -1.95 -1.9 1.87202e+01 4.36347e-01 1.55183e+01 3.13450e-01 2.01605e+01 6.34434e-01 1.61784e+01 3.34916e-01 1.82929e+01 4.08975e-01 2.04900e+01 5.85928e-01 1.91835e+01 4.71312e-01 
-1.9 -1.85 -1.8 2.13602e+01 4.47375e-01 1.77592e+01 3.23272e-01 2.29312e+01 6.42169e-01 1.85069e+01 3.45356e-01 2.08838e+01 4.19548e-01 2.32917e+01 5.96709e-01 2.18994e+01 4.81068e-01 
-1.8 -1.75 -1.7 2.22298e+01 4.40022e-01 1.86004e+01 3.16580e-01 2.35172e+01 6.39742e-01 1.93432e+01 3.37963e-01 2.18628e+01 4.12428e-01 2.40555e+01 5.91297e-01 2.26879e+01 4.74634e-01 
-1.7 -1.65 -1.6 2.43680e+01 4.49496e-01 2.04187e+01 3.23287e-01 2.57322e+01 6.53842e-01 2.12394e+01 3.45307e-01 2.38794e+01 4.21317e-01 2.62907e+01 6.03789e-01 2.48907e+01 4.85278e-01 
-1.6 -1.55 -1.5 2.78244e+01 4.63961e-01 2.31783e+01 3.32351e-01 2.98305e+01 6.68941e-01 2.41327e+01 3.54192e-01 2.72221e+01 4.35799e-01 3.03810e+01 6.21963e-01 2.84431e+01 4.98269e-01 
-1.5 -1.45 -1.4 2.95926e+01 4.64744e-01 2.47231e+01 3.33879e-01 3.17296e+01 6.72833e-01 2.56887e+01 3.56889e-01 2.90114e+01 4.34936e-01 3.24196e+01 6.21940e-01 3.02557e+01 4.98356e-01 
-1.4 -1.35 -1.3 3.12773e+01 4.55336e-01 2.60485e+01 3.29054e-01 3.33424e+01 6.60859e-01 2.70820e+01 3.50341e-01 3.05602e+01 4.29255e-01 3.39473e+01 6.13074e-01 3.19729e+01 4.89421e-01 
-1.3 -1.25 -1.2 3.31349e+01 4.59804e-01 2.76422e+01 3.30949e-01 3.55181e+01 6.68532e-01 2.87220e+01 3.52444e-01 3.24695e+01 4.32223e-01 3.61473e+01 6.19732e-01 3.38539e+01 4.94529e-01 
-1.2 -1.15 -1.1 3.36071e+01 4.61466e-01 2.80867e+01 3.30082e-01 3.58985e+01 6.76078e-01 2.91770e+01 3.51722e-01 3.29411e+01 4.33404e-01 3.65554e+01 6.26345e-01 3.43208e+01 4.96533e-01 
-1.1 -1.05 -1.0 3.60419e+01 4.71725e-01 3.01426e+01 3.37964e-01 3.84684e+01 6.89833e-01 3.12852e+01 3.59770e-01 3.53632e+01 4.43543e-01 3.92254e+01 6.39948e-01 3.67713e+01 5.07029e-01 
-1.0 -0.95 -0.9 3.80366e+01 4.62764e-01 3.16974e+01 3.34266e-01 4.10098e+01 6.68624e-01 3.29330e+01 3.54268e-01 3.72598e+01 4.37484e-01 4.15991e+01 6.24803e-01 3.89328e+01 5.00908e-01 
-0.9 -0.85 -0.8 3.84156e+01 4.69283e-01 3.22397e+01 3.35165e-01 4.07560e+01 6.85522e-01 3.34216e+01 3.57780e-01 3.77316e+01 4.41963e-01 4.16396e+01 6.37310e-01 3.91473e+01 5.03336e-01 
-0.8 -0.75 -0.7 4.02315e+01 4.63228e-01 3.35979e+01 3.32617e-01 4.31276e+01 6.76577e-01 3.48756e+01 3.53225e-01 3.94476e+01 4.36688e-01 4.39003e+01 6.24079e-01 4.10683e+01 4.96708e-01 
-0.7 -0.65 -0.6 4.08300e+01 4.59254e-01 3.42417e+01 3.30826e-01 4.34031e+01 6.67614e-01 3.55151e+01 3.51420e-01 4.00922e+01 4.32789e-01 4.42977e+01 6.20770e-01 4.16257e+01 4.92435e-01 
-0.6 -0.55 -0.5 4.16157e+01 4.60533e-01 3.48957e+01 3.31269e-01 4.42575e+01 6.70789e-01 3.61843e+01 3.51674e-01 4.08699e+01 4.34219e-01 4.51666e+01 6.24289e-01 4.23840e+01 4.92180e-01 
-0.5 -0.45 -0.4 4.34526e+01 4.68513e-01 3.63413e+01 3.37722e-01 4.64914e+01 6.80415e-01 3.76894e+01 3.58009e-01 4.26559e+01 4.42499e-01 4.73941e+01 6.34813e-01 4.43181e+01 5.00943e-01 
-0.4 -0.35 -0.3 4.36883e+01 4.52660e-01 3.64622e+01 3.28320e-01 4.69737e+01 6.51329e-01 3.78361e+01 3.47733e-01 4.28481e+01 4.28075e-01 4.77638e+01 6.08534e-01 4.46062e+01 4.83375e-01 
-0.3 -0.25 -0.2 4.38069e+01 4.69268e-01 3.66483e+01 3.36060e-01 4.68212e+01 6.87465e-01 3.80395e+01 3.57050e-01 4.29610e+01 4.42004e-01 4.76627e+01 6.39339e-01 4.47143e+01 5.03063e-01 
-0.2 -0.15 -0.1 4.42791e+01 4.52874e-01 3.69992e+01 3.27501e-01 4.74856e+01 6.54840e-01 3.84017e+01 3.47172e-01 4.34202e+01 4.27773e-01 4.82886e+01 6.10886e-01 4.52163e+01 4.84169e-01 
-0.1 -0.05 0.0 4.55686e+01 4.60097e-01 3.79369e+01 3.32674e-01 4.96330e+01 6.57801e-01 3.94807e+01 3.47232e-01 4.46608e+01 4.34716e-01 5.00989e+01 6.27100e-01 4.67175e+01 4.90360e-01 
0.0 0.05 0.1 4.44969e+01 4.50767e-01 3.72195e+01 3.26681e-01 4.76192e+01 6.50200e-01 3.86134e+01 3.46112e-01 4.36604e+01 4.26059e-01 4.84797e+01 6.06720e-01 4.54078e+01 4.81748e-01 
0.1 0.15 0.2 4.55448e+01 4.47355e-01 3.78719e+01 3.25917e-01 4.93753e+01 6.39680e-01 3.93338e+01 3.44746e-01 4.46098e+01 4.23748e-01 5.00536e+01 5.98893e-01 4.65773e+01 4.76876e-01 
0.2 0.25 0.3 4.41236e+01 4.56494e-01 3.68110e+01 3.29415e-01 4.73216e+01 6.60818e-01 3.82079e+01 3.49488e-01 4.31775e+01 4.30526e-01 4.81111e+01 6.16328e-01 4.50675e+01 4.88272e-01 
0.3 0.35 0.4 4.37136e+01 4.56667e-01 3.65818e+01 3.29114e-01 4.68582e+01 6.60738e-01 3.79296e+01 3.49566e-01 4.29028e+01 4.31072e-01 4.75921e+01 6.18146e-01 4.45933e+01 4.89681e-01 
0.4 0.45 0.5 4.29053e+01 4.52847e-01 3.59855e+01 3.24645e-01 4.57403e+01 6.47970e-01 3.73494e+01 3.43704e-01 4.22045e+01 4.21837e-01 4.66661e+01 6.09256e-01 4.37293e+01 4.81336e-01 
0.5 0.55 0.6 4.21894e+01 4.63253e-01 3.52593e+01 3.32374e-01 4.51484e+01 6.78316e-01 3.66096e+01 3.53237e-01 4.13584e+01 4.36265e-01 4.59606e+01 6.29142e-01 4.30962e+01 4.96881e-01 
0.6 0.65 0.7 4.18079e+01 4.61621e-01 3.48134e+01 3.31986e-01 4.51065e+01 6.70924e-01 3.61678e+01 3.52620e-01 4.09458e+01 4.34981e-01 4.57721e+01 6.23809e-01 4.27549e+01 4.95071e-01 
0.7 0.75 0.8 4.01003e+01 4.61187e-01 3.35223e+01 3.31403e-01 4.28634e+01 6.71284e-01 3.48078e+01 3.52422e-01 3.93106e+01 4.33938e-01 4.36537e+01 6.24457e-01 4.09269e+01 4.94313e-01 
0.8 0.85 0.9 3.81727e+01 4.52974e-01 3.19674e+01 3.26302e-01 4.06528e+01 6.57942e-01 3.31788e+01 3.46558e-01 3.74537e+01 4.27005e-01 4.14500e+01 6.12134e-01 3.89480e+01 4.85512e-01 
0.9 0.95 1.0 3.76994e+01 4.53117e-01 3.14580e+01 3.27070e-01 4.04625e+01 6.56401e-01 3.26758e+01 3.47413e-01 3.69451e+01 4.27113e-01 4.11465e+01 6.10662e-01 3.85178e+01 4.85728e-01 
1.0 1.05 1.1 3.63901e+01 4.51531e-01 3.03580e+01 3.24654e-01 3.90656e+01 6.51371e-01 3.15186e+01 3.46795e-01 3.56875e+01 4.22408e-01 3.97657e+01 6.06881e-01 3.71584e+01 4.83380e-01 
1.1 1.15 1.2 3.55255e+01 4.58071e-01 2.95593e+01 3.30352e-01 3.83181e+01 6.64784e-01 3.07073e+01 3.50817e-01 3.48108e+01 4.31854e-01 3.89611e+01 6.18156e-01 3.62971e+01 4.91123e-01 
1.2 1.25 1.3 3.18955e+01 4.59225e-01 2.68537e+01 3.30495e-01 3.34893e+01 6.69305e-01 2.78385e+01 3.51012e-01 3.13626e+01 4.32773e-01 3.43492e+01 6.21743e-01 3.24545e+01 4.92665e-01 
1.3 1.35 1.4 3.13751e+01 4.57250e-01 2.61169e+01 3.30004e-01 3.36704e+01 6.56375e-01 2.71410e+01 3.50645e-01 3.07422e+01 4.30919e-01 3.43155e+01 6.15307e-01 3.20249e+01 4.87577e-01 
1.4 1.45 1.5 2.85538e+01 4.50306e-01 2.39738e+01 3.26268e-01 3.00996e+01 6.49376e-01 2.49109e+01 3.46792e-01 2.80051e+01 4.24281e-01 3.07633e+01 6.03056e-01 2.91402e+01 4.83464e-01 
1.5 1.55 1.6 2.71708e+01 4.52540e-01 2.26346e+01 3.29184e-01 2.89765e+01 6.52727e-01 2.35733e+01 3.48311e-01 2.65626e+01 4.28871e-01 2.95748e+01 6.06474e-01 2.77344e+01 4.85504e-01 
1.6 1.65 1.7 2.53609e+01 4.48298e-01 2.11165e+01 3.24846e-01 2.71824e+01 6.45960e-01 2.19816e+01 3.45479e-01 2.48138e+01 4.22224e-01 2.76487e+01 5.99718e-01 2.57958e+01 4.88427e-01 
1.7 1.75 1.8 2.20598e+01 4.28613e-01 1.84445e+01 3.10969e-01 2.33723e+01 6.16489e-01 1.91918e+01 3.30376e-01 2.15995e+01 4.00282e-01 2.38796e+01 5.73093e-01 2.25339e+01 4.59844e-01 
1.8 1.85 1.9 2.06144e+01 4.57048e-01 1.71030e+01 3.30955e-01 2.21711e+01 6.55314e-01 1.77884e+01 3.52478e-01 2.00427e+01 4.29970e-01 2.25080e+01 6.08896e-01 2.10411e+01 4.91185e-01 
1.9 1.95 2.0 1.81465e+01 4.42571e-01 1.51683e+01 3.21346e-01 1.92972e+01 6.19925e-01 1.58059e+01 3.42034e-01 1.77605e+01 4.16872e-01 1.96961e+01 5.75070e-01 1.85536e+01 4.75639e-01 
2.0 2.05 2.1 1.62694e+01 4.21045e-01 1.35751e+01 3.07684e-01 1.73221e+01 5.98010e-01 1.41367e+01 3.26283e-01 1.59359e+01 3.98039e-01 1.76201e+01 5.60421e-01 1.66805e+01 4.50274e-01 
2.1 2.15 2.2 1.54896e+01 4.68229e-01 1.27572e+01 3.43211e-01 1.66137e+01 6.17420e-01 1.33441e+01 3.65574e-01 1.51077e+01 4.44222e-01 1.68845e+01 5.68807e-01 1.57394e+01 4.67316e-01 
2.2 2.25 2.3 1.25649e+01 4.03061e-01 1.02648e+01 2.94659e-01 1.36505e+01 5.78051e-01 1.08396e+01 3.12250e-01 1.20970e+01 3.80471e-01 1.37919e+01 5.34785e-01 1.29508e+01 4.34183e-01 
2.3 2.35 2.4 1.05644e+01 4.06769e-01 8.68517e+00 2.93723e-01 1.16529e+01 5.81552e-01 9.12219e+00 3.14564e-01 1.02495e+01 3.80701e-01 1.17415e+01 5.36360e-01 1.10305e+01 4.37701e-01 
2.4 2.45 2.5 8.74346e+00 3.74828e-01 7.22657e+00 2.74225e-01 9.39010e+00 5.28529e-01 7.55840e+00 2.91665e-01 8.53383e+00 3.53794e-01 9.55376e+00 4.93305e-01 8.99040e+00 4.01561e-01 
2.5 2.55 2.6 6.69621e+00 3.23871e-01 5.43133e+00 2.32972e-01 7.41543e+00 4.68497e-01 5.74027e+00 2.49940e-01 6.45449e+00 3.02774e-01 7.42774e+00 4.31153e-01 6.96769e+00 3.51589e-01 
2.6 2.65 2.7 5.98507e+00 3.31270e-01 4.84695e+00 2.42512e-01 6.58855e+00 4.66835e-01 5.10531e+00 2.58161e-01 5.79305e+00 3.12568e-01 6.69695e+00 4.35001e-01 6.15688e+00 3.55404e-01 
2.7 2.75 2.8 4.73989e+00 3.04305e-01 3.77755e+00 2.20345e-01 5.50377e+00 4.32743e-01 4.02489e+00 2.35612e-01 4.56032e+00 2.85800e-01 5.40727e+00 4.01861e-01 4.98921e+00 3.28186e-01 
2.8 2.85 2.9 3.31911e+00 2.72552e-01 2.70163e+00 2.02168e-01 3.57325e+00 3.75251e-01 2.84332e+00 2.14981e-01 3.22481e+00 2.58373e-01 3.68099e+00 3.51847e-01 3.39832e+00 2.91292e-01 
2.9 2.95 3.0 2.46411e+00 2.34627e-01 1.97305e+00 1.72838e-01 2.95233e+00 3.36440e-01 2.11316e+00 1.86421e-01 2.42081e+00 2.24284e-01 2.88194e+00 3.09493e-01 2.60342e+00 2.55560e-01 
3.0 3.05 3.1 1.73781e+00 1.80282e-01 1.37501e+00 1.32830e-01 2.01725e+00 2.50129e-01 1.45122e+00 1.41477e-01 1.67956e+00 1.70445e-01 2.01470e+00 2.33984e-01 1.80955e+00 1.93110e-01 
3.1 3.15 3.2 9.69593e-01 1.51933e-01 7.61105e-01 1.07665e-01 1.09589e+00 2.07935e-01 8.11025e-01 1.17367e-01 9.28439e-01 1.40083e-01 1.12032e+00 2.00480e-01 9.93721e-01 1.59618e-01 
3.2 3.25 3.3 6.28705e-01 1.02415e-01 4.32439e-01 6.71534e-02 7.41261e-01 1.40999e-01 5.38289e-01 8.50058e-02 5.02229e-01 8.19978e-02 7.01077e-01 1.26667e-01 6.83065e-01 1.14733e-01 
3.3 3.35 3.4 1.34635e-01 4.47129e-02 1.04556e-01 3.02930e-02 1.42632e-01 6.68626e-02 1.13962e-01 3.37690e-02 1.19189e-01 4.05943e-02 1.54922e-01 6.25518e-02 1.37015e-01 4.98778e-02 
3.4 3.45 3.5 7.48441e-02 3.46269e-02 8.18327e-02 2.80828e-02 8.40950e-02 5.08754e-02 8.00347e-02 2.95214e-02 8.20222e-02 3.32471e-02 7.20401e-02 4.47485e-02 8.84450e-02 3.90522e-02 
