0.0 0.05 0.1 1.36470e+03 1.26227e+01 1.11148e+03 8.62950e+00 1.56371e+03 1.95918e+01 1.12250e+03 8.85680e+00 1.36294e+03 1.22919e+01 1.57984e+03 1.89338e+01 1.36919e+03 1.30353e+01 
0.1 0.15 0.2 1.37605e+03 1.32216e+01 1.12242e+03 9.44092e+00 1.57907e+03 2.06016e+01 1.13105e+03 9.23979e+00 1.37409e+03 1.28668e+01 1.59506e+03 1.99246e+01 1.38105e+03 1.36520e+01 
0.2 0.25 0.3 1.43989e+03 1.41521e+01 1.17043e+03 9.49196e+00 1.66462e+03 2.26108e+01 1.18120e+03 9.77579e+00 1.43682e+03 1.30510e+01 1.67065e+03 2.02519e+01 1.44693e+03 1.46682e+01 
0.3 0.35 0.4 1.49367e+03 1.45885e+01 1.21695e+03 9.89956e+00 1.71540e+03 2.31871e+01 1.22773e+03 1.01289e+01 1.49397e+03 1.42453e+01 1.73142e+03 2.21652e+01 1.49975e+03 1.51839e+01 
0.4 0.45 0.5 1.62748e+03 1.49627e+01 1.33140e+03 1.05495e+01 1.85860e+03 2.41986e+01 1.33883e+03 1.04099e+01 1.62798e+03 1.45492e+01 1.88325e+03 2.26837e+01 1.63035e+03 1.58449e+01 
0.5 0.55 0.6 1.79756e+03 1.65310e+01 1.46526e+03 1.10760e+01 2.03722e+03 2.40432e+01 1.47433e+03 1.08045e+01 1.79693e+03 1.60345e+01 2.07920e+03 2.53255e+01 1.79263e+03 1.59366e+01 
0.6 0.65 0.7 1.67428e+03 1.51579e+01 1.36356e+03 1.02323e+01 1.92248e+03 2.39247e+01 1.37465e+03 1.05006e+01 1.67694e+03 1.47710e+01 1.94521e+03 2.31067e+01 1.67926e+03 1.56733e+01 
0.7 0.75 0.8 1.57646e+03 1.46986e+01 1.28178e+03 9.82203e+00 1.81124e+03 2.22546e+01 1.29479e+03 1.01348e+01 1.57484e+03 1.42282e+01 1.82719e+03 2.18538e+01 1.58271e+03 1.46255e+01 
0.8 0.85 0.9 1.50754e+03 1.39841e+01 1.22436e+03 9.54879e+00 1.74407e+03 2.16011e+01 1.23685e+03 9.48958e+00 1.50458e+03 1.35447e+01 1.75769e+03 2.13813e+01 1.51583e+03 1.41737e+01 
0.9 0.95 1.0 1.43883e+03 1.32153e+01 1.16663e+03 9.31166e+00 1.65846e+03 2.08603e+01 1.17895e+03 9.16256e+00 1.43626e+03 1.35558e+01 1.67749e+03 2.01175e+01 1.44324e+03 1.36773e+01 
1.0 1.05 1.1 1.39297e+03 1.29523e+01 1.12921e+03 8.74453e+00 1.60392e+03 2.03237e+01 1.14127e+03 9.00417e+00 1.39063e+03 1.25682e+01 1.62424e+03 1.96527e+01 1.39581e+03 1.40665e+01 
1.1 1.15 1.2 1.32900e+03 1.28101e+01 1.08007e+03 8.61742e+00 1.52448e+03 2.02299e+01 1.09180e+03 8.88701e+00 1.32682e+03 1.24125e+01 1.54162e+03 1.94820e+01 1.33403e+03 1.32800e+01 
1.2 1.25 1.3 1.31731e+03 1.30277e+01 1.06577e+03 8.71635e+00 1.52402e+03 2.07106e+01 1.07789e+03 9.00274e+00 1.31412e+03 1.26003e+01 1.53926e+03 1.99050e+01 1.32314e+03 1.35280e+01 
1.3 1.35 1.4 1.24130e+03 1.32990e+01 1.00512e+03 8.78802e+00 1.43292e+03 2.14513e+01 1.01780e+03 8.98741e+00 1.23685e+03 1.28257e+01 1.44512e+03 2.05551e+01 1.24998e+03 1.34961e+01 
1.4 1.45 1.5 1.23184e+03 1.31910e+01 9.94237e+02 8.72569e+00 1.43256e+03 2.10656e+01 1.00625e+03 9.03236e+00 1.22801e+03 1.27250e+01 1.44521e+03 2.01852e+01 1.23963e+03 1.36303e+01 
1.5 1.55 1.6 1.19685e+03 1.28790e+01 9.67540e+02 8.55149e+00 1.39292e+03 2.10530e+01 9.79476e+02 8.85317e+00 1.19300e+03 1.24250e+01 1.39857e+03 1.98030e+01 1.20764e+03 1.36183e+01 
1.6 1.65 1.7 1.14599e+03 1.21247e+01 9.26128e+02 8.10599e+00 1.32491e+03 1.92792e+01 9.38195e+02 8.39398e+00 1.14164e+03 1.16960e+01 1.33730e+03 1.84718e+01 1.15269e+03 1.26272e+01 
1.7 1.75 1.8 1.10888e+03 1.23671e+01 8.96274e+02 8.17403e+00 1.27882e+03 1.98533e+01 9.08670e+02 8.50187e+00 1.10369e+03 1.18653e+01 1.29101e+03 1.91946e+01 1.11515e+03 1.28920e+01 
1.8 1.85 1.9 1.08597e+03 1.28234e+01 8.77976e+02 8.43701e+00 1.25299e+03 2.07873e+01 8.89001e+02 8.76415e+00 1.08296e+03 1.23271e+01 1.26715e+03 1.95496e+01 1.09118e+03 1.34071e+01 
1.9 1.95 2.0 1.07059e+03 1.27388e+01 8.60763e+02 8.39132e+00 1.24821e+03 2.05969e+01 8.72900e+02 8.71118e+00 1.06544e+03 1.22574e+01 1.25841e+03 1.96836e+01 1.07814e+03 1.33037e+01 
2.0 2.05 2.1 1.03563e+03 1.22140e+01 8.33473e+02 8.11803e+00 1.21402e+03 2.01689e+01 8.44562e+02 8.38448e+00 1.03515e+03 1.14055e+01 1.22267e+03 1.90078e+01 1.04741e+03 1.30253e+01 
2.1 2.15 2.2 9.96715e+02 1.22258e+01 8.01135e+02 7.92483e+00 1.15865e+03 2.01010e+01 8.13135e+02 8.24228e+00 9.90378e+02 1.15200e+01 1.16863e+03 1.88615e+01 1.00248e+03 1.24357e+01 
2.2 2.25 2.3 9.38317e+02 1.16687e+01 7.55797e+02 7.96381e+00 1.08126e+03 1.89140e+01 7.68003e+02 8.01858e+00 9.32218e+02 1.16549e+01 1.09477e+03 1.79183e+01 9.43365e+02 1.22725e+01 
2.3 2.35 2.4 9.10175e+02 1.18986e+01 7.33758e+02 7.80640e+00 1.05170e+03 1.93233e+01 7.45034e+02 8.14066e+00 9.04542e+02 1.15642e+01 1.06158e+03 1.83611e+01 9.17183e+02 1.24922e+01 
2.4 2.45 2.5 8.81334e+02 1.11497e+01 7.05490e+02 7.36345e+00 1.02957e+03 1.79330e+01 7.16048e+02 8.02990e+00 8.74354e+02 1.06851e+01 1.03751e+03 1.70750e+01 8.92507e+02 1.22260e+01 
2.5 2.55 2.6 8.46578e+02 1.09779e+01 6.79684e+02 7.27991e+00 9.80385e+02 2.00721e+01 6.91403e+02 7.58425e+00 8.42016e+02 1.14816e+01 9.94431e+02 1.86614e+01 8.55522e+02 1.14901e+01 
2.6 2.65 2.7 7.98200e+02 1.16132e+01 6.42611e+02 7.55863e+00 9.25326e+02 1.76814e+01 6.54234e+02 7.90133e+00 7.91952e+02 1.10982e+01 9.28213e+02 1.80324e+01 8.06773e+02 1.22155e+01 
2.7 2.75 2.8 7.74602e+02 1.11846e+01 6.21063e+02 7.29911e+00 9.13439e+02 1.69705e+01 6.33025e+02 7.64290e+00 7.67574e+02 1.06707e+01 9.05694e+02 1.72698e+01 7.91147e+02 1.11123e+01 
2.8 2.85 2.9 7.33237e+02 1.05327e+01 5.88138e+02 6.92566e+00 8.51775e+02 1.73484e+01 5.99156e+02 7.23338e+00 7.27189e+02 1.00759e+01 8.57438e+02 1.61655e+01 7.41557e+02 1.12441e+01 
2.9 2.95 3.0 6.86126e+02 1.09147e+01 5.49583e+02 7.19827e+00 7.90014e+02 1.82591e+01 5.63027e+02 7.43143e+00 6.79412e+02 1.00462e+01 7.91286e+02 1.60361e+01 6.94154e+02 1.17193e+01 
3.0 3.05 3.1 6.73467e+02 1.09238e+01 5.39686e+02 7.08862e+00 7.81243e+02 1.79052e+01 5.50434e+02 7.42866e+00 6.67388e+02 1.04147e+01 7.86910e+02 1.69519e+01 6.81433e+02 1.15186e+01 
3.1 3.15 3.2 6.36291e+02 9.99496e+00 5.11111e+02 6.57277e+00 7.33096e+02 1.70870e+01 5.21778e+02 6.88428e+00 6.29625e+02 9.96933e+00 7.37893e+02 1.61593e+01 6.44530e+02 1.05297e+01 
3.2 3.25 3.3 6.20209e+02 1.06268e+01 4.92938e+02 6.87060e+00 7.31330e+02 1.74974e+01 5.04302e+02 7.22051e+00 6.12452e+02 1.01039e+01 7.32591e+02 1.65105e+01 6.31088e+02 1.12502e+01 
3.3 3.35 3.4 5.79001e+02 9.77182e+00 4.61116e+02 6.65289e+00 6.73832e+02 1.63187e+01 4.72879e+02 6.70368e+00 5.70225e+02 9.77176e+00 6.77196e+02 1.54200e+01 5.87530e+02 1.05676e+01 
3.4 3.45 3.5 5.50158e+02 1.01777e+01 4.37102e+02 6.26802e+00 6.37483e+02 1.52951e+01 4.48481e+02 6.90598e+00 5.41585e+02 9.14405e+00 6.45398e+02 1.58251e+01 5.57185e+02 1.08009e+01 
3.5 3.55 3.6 5.18594e+02 1.01602e+01 4.12100e+02 6.17030e+00 6.07820e+02 1.67727e+01 4.22479e+02 6.88093e+00 5.12865e+02 9.70796e+00 6.13841e+02 1.62679e+01 5.27600e+02 1.07530e+01 
3.6 3.65 3.7 4.78294e+02 9.47013e+00 3.82779e+02 6.14626e+00 5.50771e+02 1.46805e+01 3.91854e+02 6.46165e+00 4.72640e+02 9.00384e+00 5.53761e+02 1.38880e+01 4.81047e+02 1.07335e+01 
3.7 3.75 3.8 4.68194e+02 9.38436e+00 3.71468e+02 6.07686e+00 5.49043e+02 1.53620e+01 3.80973e+02 6.40051e+00 4.61674e+02 8.90765e+00 5.50773e+02 1.44905e+01 4.76390e+02 9.93958e+00 
3.8 3.85 3.9 4.22783e+02 9.77070e+00 3.37222e+02 6.29640e+00 4.89286e+02 1.62539e+01 3.45734e+02 6.58574e+00 4.17357e+02 9.34750e+00 4.92591e+02 1.52991e+01 4.29513e+02 1.03670e+01 
3.9 3.95 4.0 3.80701e+02 9.25593e+00 3.07160e+02 5.75946e+00 4.28108e+02 1.55535e+01 3.13061e+02 6.17051e+00 3.76059e+02 8.76905e+00 4.37982e+02 1.44091e+01 3.83107e+02 9.95245e+00 
4.0 4.05 4.1 3.78890e+02 9.28102e+00 3.00252e+02 5.93508e+00 4.39155e+02 1.50276e+01 3.07327e+02 6.16004e+00 3.73075e+02 8.69469e+00 4.44704e+02 1.43198e+01 3.83862e+02 9.65200e+00 
4.1 4.15 4.2 3.24010e+02 9.39657e+00 2.61305e+02 5.96382e+00 3.67140e+02 1.56212e+01 2.68325e+02 6.32734e+00 3.19779e+02 8.85194e+00 3.68023e+02 1.47192e+01 3.29461e+02 1.00344e+01 
4.2 4.25 4.3 3.18252e+02 8.19544e+00 2.50241e+02 5.68046e+00 3.57866e+02 1.49147e+01 2.60156e+02 5.61964e+00 3.08951e+02 8.38850e+00 3.70472e+02 1.25569e+01 3.17913e+02 9.55258e+00 
4.3 4.35 4.4 3.05146e+02 8.84416e+00 2.39244e+02 5.61332e+00 3.52768e+02 1.48147e+01 2.47750e+02 5.98374e+00 2.97739e+02 8.28469e+00 3.58851e+02 1.39721e+01 3.07793e+02 9.49669e+00 
4.4 4.45 4.5 2.69109e+02 8.77077e+00 2.13341e+02 5.58924e+00 3.12597e+02 1.46021e+01 2.19757e+02 5.92594e+00 2.64566e+02 8.26858e+00 3.13615e+02 1.36706e+01 2.74820e+02 8.80008e+00 
4.5 4.55 4.6 2.45911e+02 8.70726e+00 1.96814e+02 5.51358e+00 2.86160e+02 1.34873e+01 2.03301e+02 5.91996e+00 2.45916e+02 7.42760e+00 2.88910e+02 1.20486e+01 2.54714e+02 8.72357e+00 
4.6 4.65 4.7 2.31250e+02 7.69121e+00 1.81972e+02 4.96310e+00 2.71083e+02 1.25929e+01 1.88305e+02 5.26831e+00 2.26145e+02 7.24505e+00 2.69913e+02 1.17829e+01 2.37066e+02 8.20939e+00 
4.7 4.75 4.8 2.10526e+02 7.99563e+00 1.66950e+02 4.99086e+00 2.44509e+02 1.32642e+01 1.72584e+02 5.30080e+00 2.05922e+02 7.76437e+00 2.44852e+02 1.23787e+01 2.13651e+02 8.79783e+00 
4.8 4.85 4.9 1.81216e+02 7.83634e+00 1.43392e+02 4.92655e+00 2.15416e+02 1.33984e+01 1.48164e+02 5.24610e+00 1.78047e+02 7.35667e+00 2.07369e+02 1.22284e+01 1.88730e+02 8.63576e+00 
4.9 4.95 5.0 1.72486e+02 8.12602e+00 1.36694e+02 4.79622e+00 2.00535e+02 1.23882e+01 1.41230e+02 5.45259e+00 1.69336e+02 7.06921e+00 1.99503e+02 1.27663e+01 1.77722e+02 7.99995e+00 
5.0 5.05 5.1 1.54231e+02 6.97215e+00 1.20942e+02 4.47351e+00 1.91509e+02 1.25016e+01 1.25388e+02 4.76227e+00 1.50724e+02 6.55131e+00 1.80695e+02 1.07150e+01 1.64830e+02 8.01731e+00 
5.1 5.15 5.2 1.41927e+02 7.71908e+00 1.11483e+02 4.85781e+00 1.64516e+02 1.29994e+01 1.15539e+02 5.19039e+00 1.38817e+02 7.22369e+00 1.65797e+02 1.20922e+01 1.44974e+02 8.29240e+00 
5.2 5.25 5.3 1.18682e+02 7.34375e+00 9.38902e+01 4.61442e+00 1.36116e+02 1.24026e+01 9.71934e+01 4.94035e+00 1.16332e+02 6.85872e+00 1.36899e+02 1.14946e+01 1.21593e+02 7.91825e+00 
5.3 5.35 5.4 1.16071e+02 7.05394e+00 8.98079e+01 4.43738e+00 1.39391e+02 1.18974e+01 9.33386e+01 4.75017e+00 1.12415e+02 6.57515e+00 1.37578e+02 1.10113e+01 1.19677e+02 7.60408e+00 
5.4 5.45 5.5 1.08608e+02 6.58059e+00 8.20321e+01 4.14071e+00 1.36477e+02 1.10794e+01 8.57609e+01 4.44122e+00 1.03394e+02 6.13232e+00 1.33852e+02 1.02549e+01 1.12921e+02 7.10654e+00 
5.5 5.55 5.6 7.05096e+01 5.70983e+00 5.61599e+01 3.64198e+00 7.99300e+01 1.05960e+01 5.82449e+01 3.88906e+00 6.90697e+01 5.35018e+00 7.97685e+01 8.79465e+00 7.28526e+01 6.75195e+00 
5.6 5.65 5.7 6.88595e+01 6.16105e+00 5.26800e+01 3.87173e+00 8.12919e+01 1.04194e+01 5.48229e+01 4.16529e+00 6.55448e+01 5.74654e+00 8.07815e+01 9.61111e+00 7.12185e+01 6.67556e+00 
5.7 5.75 5.8 5.60744e+01 5.90875e+00 4.47443e+01 3.64531e+00 6.59661e+01 9.69047e+00 4.62315e+01 4.00444e+00 5.53892e+01 5.35224e+00 6.56257e+01 9.21223e+00 5.93218e+01 6.27397e+00 
5.8 5.85 5.9 4.62430e+01 5.45816e+00 3.70466e+01 3.40118e+00 5.45234e+01 9.28293e+00 3.81241e+01 3.62286e+00 4.68550e+01 5.06662e+00 5.43203e+01 8.55835e+00 4.78065e+01 5.91822e+00 
5.9 5.95 6.0 3.82603e+01 5.55202e+00 3.00471e+01 3.47700e+00 4.39104e+01 9.40891e+00 3.11855e+01 3.73387e+00 3.74546e+01 5.16954e+00 4.43106e+01 8.68363e+00 3.92294e+01 6.00977e+00 
6.0 6.05 6.1 2.93012e+01 4.72348e+00 2.31043e+01 2.93623e+00 3.36303e+01 8.02335e+00 2.40690e+01 3.16728e+00 2.85940e+01 4.38018e+00 3.33755e+01 7.41252e+00 3.04430e+01 5.11516e+00 
6.1 6.15 6.2 3.07516e+01 4.54371e+00 2.30525e+01 2.85585e+00 3.88387e+01 7.63741e+00 2.42546e+01 3.07380e+00 2.93563e+01 4.23228e+00 3.78481e+01 7.05006e+00 3.22315e+01 4.92493e+00 
6.2 6.25 6.3 1.34829e+01 3.63137e+00 1.10458e+01 2.24758e+00 1.31838e+01 6.27173e+00 1.17781e+01 2.43820e+00 1.32676e+01 3.36504e+00 1.42269e+01 5.71725e+00 1.41090e+01 3.97486e+00 
6.3 6.35 6.4 1.81787e+01 3.59758e+00 1.32148e+01 2.24375e+00 2.42689e+01 6.09877e+00 1.39778e+01 2.42413e+00 1.73486e+01 3.33271e+00 2.33587e+01 5.60718e+00 1.91904e+01 3.91484e+00 
6.4 6.45 6.5 5.43029e+00 2.62273e+00 3.84566e+00 1.48298e+00 3.46764e+00 4.36869e+00 4.96471e+00 1.76199e+00 4.04827e+00 2.21542e+00 4.74426e+00 4.10283e+00 4.96880e+00 2.80404e+00 
6.5 6.55 6.6 2.06981e+00 1.70285e+00 2.26503e+00 1.05765e+00 9.23752e-01 2.92623e+00 2.19238e+00 1.13967e+00 2.32528e+00 1.58262e+00 9.54143e-01 2.67446e+00 2.21900e+00 1.86264e+00 
6.6 6.65 6.7 2.66382e-01 1.06313e+00 8.04787e-01 7.01545e-01 -9.92810e-01 1.84835e+00 5.37952e-01 7.07108e-01 7.14642e-01 1.05321e+00 7.70220e-03 1.78679e+00 1.14466e-01 1.16875e+00 
6.7 6.75 6.8 -1.65464e+00 4.28286e-01 -7.98156e-01 2.59515e-01 -3.45984e+00 7.61345e-01 -9.17465e-01 2.82250e-01 -1.44527e+00 3.93981e-01 -3.13287e+00 6.85568e-01 -1.82633e+00 4.74886e-01 
6.8 6.85 6.9 -9.30189e-01 1.05757e-01 -5.09746e-01 5.82708e-02 -1.81107e+00 2.04546e-01 -5.67714e-01 6.48015e-02 -8.35219e-01 9.50989e-02 -1.61368e+00 1.82575e-01 -1.04399e+00 1.18484e-01 
6.9 6.95 7.0 0.00000e+00 0.00000e+00 0.00000e+00 0.00000e+00 0.00000e+00 0.00000e+00 0.00000e+00 0.00000e+00 0.00000e+00 0.00000e+00 0.00000e+00 0.00000e+00 0.00000e+00 0.00000e+00 
7.0 7.05 7.1 0.00000e+00 0.00000e+00 0.00000e+00 0.00000e+00 0.00000e+00 0.00000e+00 0.00000e+00 0.00000e+00 0.00000e+00 0.00000e+00 0.00000e+00 0.00000e+00 0.00000e+00 0.00000e+00 
7.1 7.15 7.2 0.00000e+00 0.00000e+00 0.00000e+00 0.00000e+00 0.00000e+00 0.00000e+00 0.00000e+00 0.00000e+00 0.00000e+00 0.00000e+00 0.00000e+00 0.00000e+00 0.00000e+00 0.00000e+00 
7.2 7.25 7.3 0.00000e+00 0.00000e+00 0.00000e+00 0.00000e+00 0.00000e+00 0.00000e+00 0.00000e+00 0.00000e+00 0.00000e+00 0.00000e+00 0.00000e+00 0.00000e+00 0.00000e+00 0.00000e+00 
7.3 7.35 7.4 0.00000e+00 0.00000e+00 0.00000e+00 0.00000e+00 0.00000e+00 0.00000e+00 0.00000e+00 0.00000e+00 0.00000e+00 0.00000e+00 0.00000e+00 0.00000e+00 0.00000e+00 0.00000e+00 
7.4 7.45 7.5 0.00000e+00 0.00000e+00 0.00000e+00 0.00000e+00 0.00000e+00 0.00000e+00 0.00000e+00 0.00000e+00 0.00000e+00 0.00000e+00 0.00000e+00 0.00000e+00 0.00000e+00 0.00000e+00 
7.5 7.55 7.6 0.00000e+00 0.00000e+00 0.00000e+00 0.00000e+00 0.00000e+00 0.00000e+00 0.00000e+00 0.00000e+00 0.00000e+00 0.00000e+00 0.00000e+00 0.00000e+00 0.00000e+00 0.00000e+00 
7.6 7.65 7.7 0.00000e+00 0.00000e+00 0.00000e+00 0.00000e+00 0.00000e+00 0.00000e+00 0.00000e+00 0.00000e+00 0.00000e+00 0.00000e+00 0.00000e+00 0.00000e+00 0.00000e+00 0.00000e+00 
7.7 7.75 7.8 0.00000e+00 0.00000e+00 0.00000e+00 0.00000e+00 0.00000e+00 0.00000e+00 0.00000e+00 0.00000e+00 0.00000e+00 0.00000e+00 0.00000e+00 0.00000e+00 0.00000e+00 0.00000e+00 
7.8 7.85 7.9 0.00000e+00 0.00000e+00 0.00000e+00 0.00000e+00 0.00000e+00 0.00000e+00 0.00000e+00 0.00000e+00 0.00000e+00 0.00000e+00 0.00000e+00 0.00000e+00 0.00000e+00 0.00000e+00 
7.9 7.95 8.0 0.00000e+00 0.00000e+00 0.00000e+00 0.00000e+00 0.00000e+00 0.00000e+00 0.00000e+00 0.00000e+00 0.00000e+00 0.00000e+00 0.00000e+00 0.00000e+00 0.00000e+00 0.00000e+00 
8.0 8.05 8.1 0.00000e+00 0.00000e+00 0.00000e+00 0.00000e+00 0.00000e+00 0.00000e+00 0.00000e+00 0.00000e+00 0.00000e+00 0.00000e+00 0.00000e+00 0.00000e+00 0.00000e+00 0.00000e+00 
8.1 8.15 8.2 0.00000e+00 0.00000e+00 0.00000e+00 0.00000e+00 0.00000e+00 0.00000e+00 0.00000e+00 0.00000e+00 0.00000e+00 0.00000e+00 0.00000e+00 0.00000e+00 0.00000e+00 0.00000e+00 
8.2 8.25 8.3 0.00000e+00 0.00000e+00 0.00000e+00 0.00000e+00 0.00000e+00 0.00000e+00 0.00000e+00 0.00000e+00 0.00000e+00 0.00000e+00 0.00000e+00 0.00000e+00 0.00000e+00 0.00000e+00 
8.3 8.35 8.4 0.00000e+00 0.00000e+00 0.00000e+00 0.00000e+00 0.00000e+00 0.00000e+00 0.00000e+00 0.00000e+00 0.00000e+00 0.00000e+00 0.00000e+00 0.00000e+00 0.00000e+00 0.00000e+00 
8.4 8.45 8.5 0.00000e+00 0.00000e+00 0.00000e+00 0.00000e+00 0.00000e+00 0.00000e+00 0.00000e+00 0.00000e+00 0.00000e+00 0.00000e+00 0.00000e+00 0.00000e+00 0.00000e+00 0.00000e+00 
8.5 8.55 8.6 0.00000e+00 0.00000e+00 0.00000e+00 0.00000e+00 0.00000e+00 0.00000e+00 0.00000e+00 0.00000e+00 0.00000e+00 0.00000e+00 0.00000e+00 0.00000e+00 0.00000e+00 0.00000e+00 
8.6 8.65 8.7 0.00000e+00 0.00000e+00 0.00000e+00 0.00000e+00 0.00000e+00 0.00000e+00 0.00000e+00 0.00000e+00 0.00000e+00 0.00000e+00 0.00000e+00 0.00000e+00 0.00000e+00 0.00000e+00 
8.7 8.75 8.8 0.00000e+00 0.00000e+00 0.00000e+00 0.00000e+00 0.00000e+00 0.00000e+00 0.00000e+00 0.00000e+00 0.00000e+00 0.00000e+00 0.00000e+00 0.00000e+00 0.00000e+00 0.00000e+00 
8.8 8.85 8.9 0.00000e+00 0.00000e+00 0.00000e+00 0.00000e+00 0.00000e+00 0.00000e+00 0.00000e+00 0.00000e+00 0.00000e+00 0.00000e+00 0.00000e+00 0.00000e+00 0.00000e+00 0.00000e+00 
8.9 8.95 9.0 0.00000e+00 0.00000e+00 0.00000e+00 0.00000e+00 0.00000e+00 0.00000e+00 0.00000e+00 0.00000e+00 0.00000e+00 0.00000e+00 0.00000e+00 0.00000e+00 0.00000e+00 0.00000e+00 
9.0 9.05 9.1 0.00000e+00 0.00000e+00 0.00000e+00 0.00000e+00 0.00000e+00 0.00000e+00 0.00000e+00 0.00000e+00 0.00000e+00 0.00000e+00 0.00000e+00 0.00000e+00 0.00000e+00 0.00000e+00 
9.1 9.15 9.2 0.00000e+00 0.00000e+00 0.00000e+00 0.00000e+00 0.00000e+00 0.00000e+00 0.00000e+00 0.00000e+00 0.00000e+00 0.00000e+00 0.00000e+00 0.00000e+00 0.00000e+00 0.00000e+00 
9.2 9.25 9.3 0.00000e+00 0.00000e+00 0.00000e+00 0.00000e+00 0.00000e+00 0.00000e+00 0.00000e+00 0.00000e+00 0.00000e+00 0.00000e+00 0.00000e+00 0.00000e+00 0.00000e+00 0.00000e+00 
9.3 9.35 9.4 0.00000e+00 0.00000e+00 0.00000e+00 0.00000e+00 0.00000e+00 0.00000e+00 0.00000e+00 0.00000e+00 0.00000e+00 0.00000e+00 0.00000e+00 0.00000e+00 0.00000e+00 0.00000e+00 
9.4 9.45 9.5 0.00000e+00 0.00000e+00 0.00000e+00 0.00000e+00 0.00000e+00 0.00000e+00 0.00000e+00 0.00000e+00 0.00000e+00 0.00000e+00 0.00000e+00 0.00000e+00 0.00000e+00 0.00000e+00 
9.5 9.55 9.6 0.00000e+00 0.00000e+00 0.00000e+00 0.00000e+00 0.00000e+00 0.00000e+00 0.00000e+00 0.00000e+00 0.00000e+00 0.00000e+00 0.00000e+00 0.00000e+00 0.00000e+00 0.00000e+00 
9.6 9.65 9.7 0.00000e+00 0.00000e+00 0.00000e+00 0.00000e+00 0.00000e+00 0.00000e+00 0.00000e+00 0.00000e+00 0.00000e+00 0.00000e+00 0.00000e+00 0.00000e+00 0.00000e+00 0.00000e+00 
9.7 9.75 9.8 0.00000e+00 0.00000e+00 0.00000e+00 0.00000e+00 0.00000e+00 0.00000e+00 0.00000e+00 0.00000e+00 0.00000e+00 0.00000e+00 0.00000e+00 0.00000e+00 0.00000e+00 0.00000e+00 
9.8 9.85 9.9 0.00000e+00 0.00000e+00 0.00000e+00 0.00000e+00 0.00000e+00 0.00000e+00 0.00000e+00 0.00000e+00 0.00000e+00 0.00000e+00 0.00000e+00 0.00000e+00 0.00000e+00 0.00000e+00 
9.9 9.95 10.0 0.00000e+00 0.00000e+00 0.00000e+00 0.00000e+00 0.00000e+00 0.00000e+00 0.00000e+00 0.00000e+00 0.00000e+00 0.00000e+00 0.00000e+00 0.00000e+00 0.00000e+00 0.00000e+00 
