0.0 25.0 50.0 3.05158e-03 3.01095e-03 1.53741e-02 2.11395e-03 -3.27223e-02 4.57958e-03 1.34497e-02 2.21381e-03 7.18543e-03 2.87380e-03 -2.36533e-02 4.31366e-03 -1.30984e-03 3.18472e-03 
50.0 75.0 100.0 3.53220e-01 7.35561e-03 4.44597e-01 5.50900e-03 -4.29310e-02 1.03110e-02 4.24525e-01 5.71752e-03 4.04804e-01 7.14234e-03 8.67171e-02 9.83725e-03 2.96050e-01 7.69039e-03 
100.0 125.0 150.0 4.33360e-01 6.45192e-03 4.91840e-01 4.87218e-03 1.00347e-01 8.83572e-03 4.76560e-01 5.05351e-03 4.78921e-01 6.25218e-03 2.20076e-01 8.47989e-03 3.83241e-01 6.74194e-03 
150.0 175.0 200.0 3.14100e-01 5.62107e-03 3.72455e-01 4.16716e-03 2.67080e-02 7.91968e-03 3.59251e-01 4.34156e-03 3.52374e-01 5.41166e-03 1.27277e-01 7.52912e-03 2.71252e-01 5.90014e-03 
200.0 225.0 250.0 1.80687e-01 3.96032e-03 2.20788e-01 2.89741e-03 -4.40060e-03 5.68029e-03 2.12042e-01 3.03193e-03 2.05548e-01 3.79232e-03 6.14078e-02 5.36583e-03 1.52027e-01 4.17798e-03 
250.0 275.0 300.0 1.01857e-01 2.48222e-03 1.19262e-01 1.79954e-03 1.16118e-02 3.49956e-03 1.15288e-01 1.89189e-03 1.14103e-01 2.26782e-03 4.57726e-02 3.29148e-03 8.69358e-02 2.57494e-03 
300.0 325.0 350.0 5.28021e-02 1.43647e-03 5.98872e-02 1.03739e-03 1.18544e-02 2.10498e-03 5.82403e-02 1.09696e-03 5.84852e-02 1.35924e-03 2.84272e-02 1.95842e-03 4.59180e-02 1.53567e-03 
350.0 375.0 400.0 2.93801e-02 8.69244e-04 3.24122e-02 6.32482e-04 9.12128e-03 1.25993e-03 3.16151e-02 6.69851e-04 3.23127e-02 8.21768e-04 1.79724e-02 1.17145e-03 2.57185e-02 9.30190e-04 
400.0 425.0 450.0 1.75076e-02 5.51961e-04 1.86806e-02 4.05902e-04 7.11676e-03 7.94789e-04 1.83292e-02 4.29908e-04 1.90250e-02 5.22205e-04 1.19445e-02 7.38894e-04 1.51245e-02 5.72981e-04 
450.0 475.0 500.0 9.72062e-03 3.57384e-04 1.04970e-02 2.56676e-04 3.76938e-03 5.07918e-04 1.03056e-02 2.71347e-04 1.06658e-02 3.25320e-04 6.58520e-03 4.71521e-04 8.57511e-03 3.83012e-04 
500.0 525.0 550.0 6.14464e-03 2.29589e-04 6.46611e-03 1.74742e-04 2.73510e-03 3.24427e-04 6.36726e-03 1.84364e-04 6.64454e-03 2.18816e-04 4.40958e-03 3.03630e-04 5.44783e-03 2.50800e-04 
550.0 575.0 600.0 4.35210e-03 1.71279e-04 4.41474e-03 1.30116e-04 2.43519e-03 2.33116e-04 4.38960e-03 1.37851e-04 4.62414e-03 1.62499e-04 3.44049e-03 2.18164e-04 3.97428e-03 1.82515e-04 
600.0 625.0 650.0 2.54547e-03 1.22995e-04 2.62845e-03 9.35284e-05 1.28835e-03 1.66792e-04 2.59332e-03 9.71492e-05 2.73160e-03 1.16746e-04 1.94915e-03 1.56302e-04 2.28499e-03 1.30973e-04 
650.0 675.0 700.0 1.66407e-03 9.94268e-05 1.73951e-03 7.17717e-05 7.55637e-04 1.41655e-04 1.71593e-03 7.66851e-05 1.79883e-03 9.28911e-05 1.23054e-03 1.30134e-04 1.43815e-03 1.06548e-04 
700.0 725.0 750.0 1.11346e-03 7.04539e-05 1.14336e-03 5.31508e-05 5.92683e-04 9.74877e-05 1.13351e-03 5.66021e-05 1.19219e-03 6.64324e-05 8.69730e-04 9.00914e-05 9.99610e-04 7.56448e-05 
750.0 775.0 800.0 8.37266e-04 5.52277e-05 8.29846e-04 4.17064e-05 4.85104e-04 7.66086e-05 8.28866e-04 4.44357e-05 8.78285e-04 5.23834e-05 6.98450e-04 7.11426e-05 7.44034e-04 5.96566e-05 
800.0 825.0 850.0 5.23058e-04 4.01885e-05 5.33409e-04 3.06897e-05 2.65532e-04 5.92901e-05 5.29592e-04 3.26592e-05 5.58969e-04 3.79983e-05 4.17867e-04 5.05369e-05 4.69576e-04 4.29778e-05 
850.0 875.0 900.0 4.40875e-04 3.39302e-05 4.34697e-04 2.61629e-05 2.79738e-04 4.49757e-05 4.35096e-04 2.77979e-05 4.64060e-04 3.21761e-05 3.77662e-04 4.22063e-05 4.04577e-04 3.61228e-05 
900.0 925.0 950.0 2.63767e-04 2.54209e-05 2.66980e-04 1.95627e-05 1.47702e-04 3.38072e-05 2.64728e-04 2.07946e-05 2.78727e-04 2.44565e-05 2.17183e-04 3.16888e-05 2.35767e-04 2.70944e-05 
950.0 975.0 1000.0 2.21618e-04 2.07122e-05 2.13748e-04 1.60719e-05 1.54245e-04 2.72162e-05 2.14182e-04 1.72269e-05 2.29891e-04 1.95879e-05 1.92269e-04 2.36062e-05 2.06904e-04 2.24849e-05 
1000.0 1025.0 1050.0 1.38738e-04 1.62941e-05 1.42037e-04 1.24766e-05 6.88948e-05 2.19050e-05 1.38962e-04 1.32585e-05 1.47376e-04 1.53467e-05 1.15307e-04 2.04624e-05 1.17364e-04 1.74187e-05 
1050.0 1075.0 1100.0 1.01299e-04 1.31451e-05 1.02172e-04 1.00777e-05 5.95586e-05 1.77269e-05 1.01814e-04 1.07733e-05 1.07815e-04 1.23818e-05 8.61914e-05 1.65310e-05 9.27024e-05 1.42306e-05 
1100.0 1125.0 1150.0 9.80119e-05 1.25032e-05 9.35355e-05 9.97697e-06 7.03183e-05 1.55225e-05 9.48050e-05 1.05646e-05 1.01358e-04 1.19616e-05 8.89607e-05 1.48693e-05 9.18533e-05 1.31480e-05 
1150.0 1175.0 1200.0 6.10285e-05 9.49234e-06 6.06056e-05 7.40693e-06 4.14298e-05 1.23235e-05 6.03975e-05 7.86853e-06 6.48047e-05 9.03190e-06 5.73642e-05 1.17686e-05 5.48201e-05 1.00429e-05 
1200.0 1225.0 1250.0 5.38992e-05 8.57765e-06 5.22634e-05 6.98921e-06 3.53264e-05 1.01440e-05 5.23922e-05 7.34503e-06 5.55339e-05 8.29684e-06 4.84947e-05 9.97324e-06 4.85778e-05 8.87168e-06 
1250.0 1275.0 1300.0 3.74187e-05 6.01030e-06 3.64961e-05 4.82413e-06 2.44239e-05 7.31787e-06 3.68219e-05 5.11913e-06 3.90914e-05 5.74864e-06 3.27958e-05 7.06185e-06 3.44171e-05 6.30558e-06 
1300.0 1325.0 1350.0 3.19526e-05 5.80245e-06 3.21716e-05 4.93598e-06 2.16339e-05 6.50418e-06 3.23210e-05 5.16931e-06 3.35792e-05 5.64880e-06 2.86596e-05 6.63202e-06 3.05821e-05 6.05301e-06 
1350.0 1375.0 1400.0 1.85115e-05 3.79268e-06 1.66036e-05 3.00887e-06 9.57548e-06 4.27652e-06 1.78721e-05 3.21798e-06 1.76825e-05 3.59066e-06 1.52572e-05 4.22598e-06 1.51995e-05 3.76510e-06 
1400.0 1425.0 1450.0 1.49261e-05 3.20793e-06 1.44510e-05 2.59812e-06 1.16879e-05 3.80952e-06 1.45362e-05 2.74820e-06 1.56386e-05 3.08467e-06 1.27645e-05 3.68748e-06 1.47746e-05 3.34065e-06 
1450.0 1475.0 1500.0 1.03741e-05 2.69948e-06 1.02300e-05 2.22742e-06 5.69889e-06 2.96302e-06 1.01956e-05 2.34642e-06 1.10227e-05 2.61474e-06 8.35047e-06 2.94434e-06 9.51126e-06 2.78486e-06 
1500.0 1525.0 1550.0 7.50373e-06 2.23040e-06 6.82110e-06 1.81437e-06 3.72948e-06 2.64339e-06 7.24919e-06 1.91770e-06 7.30739e-06 2.15040e-06 5.12489e-06 2.59356e-06 6.42438e-06 2.32143e-06 
1550.0 1575.0 1600.0 5.16694e-06 1.47737e-06 4.93663e-06 1.20393e-06 3.62555e-06 1.73123e-06 5.01298e-06 1.27539e-06 5.35096e-06 1.42023e-06 4.71475e-06 1.69898e-06 4.79191e-06 1.53734e-06 
1600.0 1625.0 1650.0 3.45783e-06 1.24101e-06 3.53579e-06 1.02414e-06 2.17907e-06 1.48112e-06 3.52525e-06 1.08056e-06 3.70210e-06 1.19955e-06 3.26824e-06 1.48784e-06 3.03013e-06 1.28127e-06 
1650.0 1675.0 1700.0 2.31941e-06 1.00164e-06 2.59851e-06 8.08161e-07 4.94452e-07 1.18475e-06 2.50317e-06 8.53699e-07 2.64222e-06 9.65323e-07 1.60558e-06 1.17027e-06 1.79515e-06 1.03739e-06 
1700.0 1725.0 1750.0 1.28097e-06 5.71778e-07 1.28355e-06 4.59798e-07 7.80294e-07 7.12325e-07 1.31417e-06 4.85411e-07 1.33075e-06 5.52446e-07 1.40244e-06 7.56818e-07 1.16564e-06 6.27776e-07 
1750.0 1775.0 1800.0 4.20945e-07 3.83537e-07 6.00871e-07 2.98849e-07 -2.99992e-07 4.89179e-07 5.51260e-07 3.21020e-07 5.48384e-07 3.61479e-07 9.76172e-08 4.62873e-07 2.20396e-07 4.08607e-07 
1800.0 1825.0 1850.0 8.18007e-07 4.29788e-07 9.24977e-07 3.47214e-07 4.57080e-07 5.08037e-07 9.02018e-07 3.71354e-07 9.24021e-07 4.08919e-07 6.94608e-07 5.06726e-07 8.27650e-07 4.53089e-07 
1850.0 1875.0 1900.0 1.39510e-07 2.35882e-07 2.08005e-07 1.78728e-07 -3.78786e-07 3.17433e-07 1.01013e-07 2.00264e-07 1.18915e-07 2.19333e-07 -5.44285e-08 2.85977e-07 -2.35336e-08 2.60821e-07 
1900.0 1925.0 1950.0 5.07222e-08 1.91509e-07 2.64648e-07 1.53117e-07 -4.68855e-07 2.34832e-07 1.73495e-07 1.65294e-07 1.69809e-07 1.79527e-07 -8.75974e-08 2.19692e-07 -9.04889e-08 2.03907e-07 
1950.0 1975.0 2000.0 2.30717e-07 1.74015e-07 2.63151e-07 1.40026e-07 -9.65974e-08 2.12557e-07 2.31622e-07 1.51140e-07 2.44186e-07 1.65850e-07 3.50829e-08 2.05944e-07 1.15670e-07 1.85599e-07 
2000.0 2025.0 2050.0 -1.42965e-07 8.95685e-08 -6.02888e-08 6.44977e-08 -3.89076e-07 1.44112e-07 -7.04344e-08 7.09983e-08 -1.21234e-07 8.17494e-08 -2.35838e-07 1.21640e-07 -2.38294e-07 1.05965e-07 
2050.0 2075.0 2100.0 3.31569e-07 1.36434e-07 3.05162e-07 1.11047e-07 2.07903e-07 1.61477e-07 3.19153e-07 1.17597e-07 3.30740e-07 1.29282e-07 3.10883e-07 1.57083e-07 3.26662e-07 1.44149e-07 
2100.0 2125.0 2150.0 -1.88982e-07 4.01927e-08 -9.61048e-08 2.49960e-08 -3.59134e-07 7.19570e-08 -1.29027e-07 2.91786e-08 -1.41294e-07 3.43892e-08 -2.83373e-07 5.70192e-08 -2.39794e-07 5.05907e-08 
2150.0 2175.0 2200.0 3.76534e-07 1.25159e-07 3.64864e-07 1.04615e-07 2.44475e-07 1.32499e-07 3.67660e-07 1.11140e-07 3.96711e-07 1.20892e-07 3.42145e-07 1.37220e-07 3.40256e-07 1.27138e-07 
2200.0 2225.0 2250.0 6.40166e-08 5.96071e-08 6.64959e-08 4.32733e-08 -6.55820e-08 6.57292e-08 5.13843e-08 4.67234e-08 7.83673e-08 5.63764e-08 -5.34365e-09 6.38883e-08 9.97160e-09 5.75509e-08 
2250.0 2275.0 2300.0 2.41681e-08 4.56355e-08 4.35793e-08 3.55305e-08 -5.09427e-08 5.79176e-08 3.92670e-08 3.87992e-08 3.54423e-08 4.23333e-08 -9.41338e-09 5.38307e-08 2.35348e-09 4.95746e-08 
2300.0 2325.0 2350.0 -2.38256e-08 2.05325e-08 -1.67640e-09 1.49313e-08 -7.94651e-08 2.95557e-08 -8.17088e-09 1.66541e-08 -1.25726e-08 1.84608e-08 -5.18088e-08 2.59964e-08 -4.02659e-08 2.31759e-08 
2350.0 2375.0 2400.0 4.51049e-08 3.01267e-08 -8.34076e-11 1.17311e-08 2.83464e-08 3.77353e-08 4.78534e-08 2.62121e-08 5.14371e-08 2.88323e-08 -3.01393e-08 1.95407e-08 3.57560e-08 3.13742e-08 
2400.0 2425.0 2450.0 -2.64012e-08 1.22879e-08 -1.11116e-08 7.37694e-09 -5.94969e-08 2.07160e-08 -1.60035e-08 9.13959e-09 -1.88412e-08 9.85203e-09 -4.35566e-08 1.70382e-08 -3.65173e-08 1.48615e-08 
2450.0 2475.0 2500.0 -2.62800e-08 1.06183e-08 -7.03775e-09 6.72943e-09 -3.80896e-08 1.89613e-08 -1.64390e-08 7.94429e-09 -1.05909e-08 8.70725e-09 -3.98588e-08 1.48393e-08 -2.17131e-08 1.37185e-08 
2500.0 2525.0 2550.0 -3.45574e-08 7.67339e-09 -2.20731e-08 4.66921e-09 -6.70132e-08 1.35942e-08 -2.44498e-08 5.51980e-09 -3.11637e-08 6.49216e-09 -5.60730e-08 1.11024e-08 -4.63105e-08 9.53771e-09 
2550.0 2575.0 2600.0 1.94874e-08 1.40581e-08 2.03574e-08 1.11741e-08 -3.64051e-09 1.70684e-08 2.14183e-08 1.20852e-08 1.98742e-08 1.32577e-08 1.30835e-08 1.62566e-08 1.02393e-08 1.50674e-08 
2600.0 2625.0 2650.0 -1.27076e-08 4.06330e-09 -6.82143e-09 2.42901e-09 -2.19402e-08 6.95509e-09 -9.65164e-09 3.01516e-09 -1.17283e-08 3.34006e-09 -1.90191e-08 5.73701e-09 -1.45893e-08 4.91726e-09 
2650.0 2675.0 2700.0 -1.17837e-08 2.55721e-09 -4.74743e-09 1.46907e-09 -2.15925e-08 4.51708e-09 -6.17905e-09 1.84897e-09 -7.36006e-09 2.05825e-09 -1.71054e-08 3.63328e-09 -1.48735e-08 3.17772e-09 
2700.0 2725.0 2750.0 -5.64223e-09 2.17150e-09 -2.99277e-09 1.29241e-09 -1.17645e-08 3.67670e-09 -3.66077e-09 1.62025e-09 -4.59912e-09 1.72117e-09 -8.81938e-09 2.99870e-09 -7.55902e-09 2.65015e-09 
2750.0 2775.0 2800.0 -5.37684e-09 1.58528e-09 -3.13102e-09 9.11557e-10 -1.23722e-08 2.86959e-09 -4.26918e-09 1.18799e-09 -4.54768e-09 1.24754e-09 -7.77128e-09 2.24574e-09 -7.65298e-09 2.03300e-09 
2800.0 2825.0 2850.0 -5.07657e-09 1.34674e-09 -2.53286e-09 7.25286e-10 -9.14695e-09 2.39234e-09 -3.64829e-09 9.70414e-10 -3.52572e-09 1.00687e-09 -7.23639e-09 1.91394e-09 -6.41708e-09 1.68341e-09 
2850.0 2875.0 2900.0 -4.62798e-09 9.73058e-10 -2.67283e-09 5.68825e-10 -9.24112e-09 1.88158e-09 -3.32869e-09 7.01326e-10 -3.71612e-09 7.89231e-10 -6.45893e-09 1.41261e-09 -6.48874e-09 1.32417e-09 
2900.0 2925.0 2950.0 -3.89829e-09 7.59324e-10 -2.08138e-09 4.41460e-10 -6.93781e-09 1.34823e-09 -2.80349e-09 5.47653e-10 -2.89186e-09 6.11845e-10 -5.55231e-09 1.07800e-09 -4.87106e-09 9.49711e-10 
2950.0 2975.0 3000.0 -1.52930e-09 6.77414e-10 -8.59592e-10 4.21301e-10 -3.03663e-09 1.29779e-09 -1.09485e-09 4.88798e-10 -1.20046e-09 5.83887e-10 -2.18908e-09 9.61223e-10 -2.12179e-09 9.14526e-10 
3000.0 3025.0 3050.0 -2.55127e-09 5.52344e-10 -1.48791e-09 3.23003e-10 -4.27036e-09 9.80666e-10 -1.83593e-09 3.98787e-10 -2.06764e-09 4.47398e-10 -3.63115e-09 7.83233e-10 -2.99986e-09 6.91559e-10 
3050.0 3075.0 3100.0 -2.09621e-09 3.54093e-10 -1.22019e-09 2.06117e-10 -3.55486e-09 6.47851e-10 -1.43172e-09 2.61420e-10 -1.69286e-09 2.85536e-10 -2.97802e-09 5.02199e-10 -2.50269e-09 4.56989e-10 
3100.0 3125.0 3150.0 -1.24132e-09 2.47537e-10 -7.42509e-10 1.43804e-10 -2.30880e-09 4.43513e-10 -8.94988e-10 1.78902e-10 -1.03024e-09 1.99017e-10 -1.76294e-09 3.50608e-10 -1.68440e-09 3.26740e-10 
3150.0 3175.0 3200.0 -1.31942e-09 2.19403e-10 -6.09136e-10 1.20316e-10 -2.25773e-09 3.82914e-10 -9.51846e-10 1.58541e-10 -8.44667e-10 1.66535e-10 -1.87265e-09 3.10821e-10 -1.59099e-09 2.70188e-10 
3200.0 3225.0 3250.0 -7.79732e-10 1.90984e-10 -4.08997e-10 1.00459e-10 -1.36888e-09 3.45508e-10 -5.61901e-10 1.38060e-10 -5.66946e-10 1.38966e-10 -1.21540e-09 2.70031e-10 -9.63750e-10 2.43923e-10 
3250.0 3275.0 3300.0 -4.42574e-10 1.24314e-10 -3.10886e-10 6.65733e-11 -1.08852e-09 2.48327e-10 -3.19167e-10 8.99318e-11 -4.30476e-10 9.20590e-11 -6.28396e-10 1.75886e-10 -7.67836e-10 1.75463e-10 
3300.0 3325.0 3350.0 -5.99202e-10 1.19415e-10 -3.49814e-10 6.75237e-11 -1.09187e-09 2.08572e-10 -4.34802e-10 8.34917e-11 -4.84409e-10 9.33127e-11 -8.49644e-10 1.68918e-10 -7.70770e-10 1.47480e-10 
3350.0 3375.0 3400.0 -3.67310e-10 5.92479e-11 -2.65837e-10 3.63050e-11 -7.53715e-10 1.14613e-10 -2.65535e-10 4.28720e-11 -3.67669e-10 5.01948e-11 -5.20101e-10 8.38024e-11 -5.32402e-10 8.10270e-11 
3400.0 3425.0 3450.0 -2.25012e-10 5.99046e-11 -1.22867e-10 3.35527e-11 -4.12356e-10 1.08601e-10 -1.62472e-10 4.33818e-11 -1.70173e-10 4.63285e-11 -3.19048e-10 8.46533e-11 -2.90806e-10 7.68509e-11 
3450.0 3475.0 3500.0 -1.21404e-10 3.56238e-11 -7.58188e-11 2.04938e-11 -2.13597e-10 6.71181e-11 -9.23637e-11 2.88849e-11 -1.04862e-10 2.82843e-11 -1.80652e-10 5.62507e-11 -1.50982e-10 4.75690e-11 
3500.0 3525.0 3550.0 -1.31680e-10 2.53304e-11 -7.60031e-11 1.45344e-11 -2.35660e-10 4.95058e-11 -9.53280e-11 1.83644e-11 -1.04984e-10 2.00483e-11 -1.86156e-10 3.57492e-11 -1.68305e-10 3.27898e-11 
3550.0 3575.0 3600.0 -4.89223e-11 1.46206e-11 -2.95450e-11 8.66445e-12 -8.53425e-11 2.87189e-11 -3.53939e-11 1.06054e-11 -4.08441e-11 1.19428e-11 -6.92135e-11 2.06219e-11 -6.02811e-11 2.03788e-11 
3600.0 3625.0 3650.0 -6.61815e-11 1.74383e-11 -4.06750e-11 1.12842e-11 -1.51128e-10 3.55265e-11 -4.78856e-11 1.26488e-11 -5.61786e-11 1.55589e-11 -9.36205e-11 2.45971e-11 -1.06913e-10 2.51871e-11 
3650.0 3675.0 3700.0 -7.18451e-11 1.32592e-11 -4.06171e-11 7.54122e-12 -1.32851e-10 2.43601e-11 -5.21343e-11 9.62116e-12 -5.69260e-11 1.01211e-11 -1.02069e-10 1.81731e-11 -9.42295e-11 1.72777e-11 
3700.0 3725.0 3750.0 -2.68098e-11 6.80643e-12 -1.40375e-11 3.81363e-12 -4.18737e-11 1.15164e-11 -1.94287e-11 4.94484e-12 -1.93622e-11 5.24715e-12 -3.78564e-11 9.58282e-12 -2.96753e-11 8.18664e-12 
3750.0 3775.0 3800.0 -2.34945e-11 5.46877e-12 -1.35807e-11 3.10765e-12 -5.24401e-11 1.02863e-11 -1.70370e-11 3.97396e-12 -1.87294e-11 4.27658e-12 -3.31503e-11 7.69742e-12 -3.72080e-11 7.31161e-12 
3800.0 3825.0 3850.0 -2.39747e-11 4.10968e-12 -1.36505e-11 2.35101e-12 -4.39777e-11 7.50078e-12 -1.73979e-11 2.98558e-12 -1.80497e-11 3.23616e-12 -3.37986e-11 5.78626e-12 -3.11957e-11 5.32746e-12 
3850.0 3875.0 3900.0 -1.11057e-11 2.14107e-12 -6.03641e-12 1.14652e-12 -1.82589e-11 3.79928e-12 -8.05852e-12 1.55731e-12 -7.85537e-12 1.55881e-12 -1.58585e-11 3.06645e-12 -1.29323e-11 2.69992e-12 
3900.0 3925.0 3950.0 -1.12178e-11 2.00749e-12 -5.83575e-12 1.06663e-12 -1.98928e-11 3.83725e-12 -8.15029e-12 1.45975e-12 -8.03218e-12 1.46695e-12 -1.57922e-11 2.82335e-12 -1.41341e-11 2.72857e-12 
3950.0 3975.0 4000.0 -9.04280e-12 1.96941e-12 -4.01115e-12 9.81793e-13 -1.65784e-11 3.63138e-12 -5.99583e-12 1.44459e-12 -5.52437e-12 1.34905e-12 -1.27277e-11 2.76734e-12 -1.17788e-11 2.58436e-12 
