0.0 0.05 0.1 0.00000e+00 0.00000e+00 0.00000e+00 0.00000e+00 0.00000e+00 0.00000e+00 0.00000e+00 0.00000e+00 0.00000e+00 0.00000e+00 0.00000e+00 0.00000e+00 0.00000e+00 0.00000e+00 
0.1 0.15 0.2 0.00000e+00 0.00000e+00 0.00000e+00 0.00000e+00 0.00000e+00 0.00000e+00 0.00000e+00 0.00000e+00 0.00000e+00 0.00000e+00 0.00000e+00 0.00000e+00 0.00000e+00 0.00000e+00 
0.2 0.25 0.3 0.00000e+00 0.00000e+00 0.00000e+00 0.00000e+00 0.00000e+00 0.00000e+00 0.00000e+00 0.00000e+00 0.00000e+00 0.00000e+00 0.00000e+00 0.00000e+00 0.00000e+00 0.00000e+00 
0.3 0.35 0.4 0.00000e+00 0.00000e+00 0.00000e+00 0.00000e+00 0.00000e+00 0.00000e+00 0.00000e+00 0.00000e+00 0.00000e+00 0.00000e+00 0.00000e+00 0.00000e+00 0.00000e+00 0.00000e+00 
0.4 0.45 0.5 0.00000e+00 0.00000e+00 0.00000e+00 0.00000e+00 0.00000e+00 0.00000e+00 0.00000e+00 0.00000e+00 0.00000e+00 0.00000e+00 0.00000e+00 0.00000e+00 0.00000e+00 0.00000e+00 
0.5 0.55 0.6 0.00000e+00 0.00000e+00 0.00000e+00 0.00000e+00 0.00000e+00 0.00000e+00 0.00000e+00 0.00000e+00 0.00000e+00 0.00000e+00 0.00000e+00 0.00000e+00 0.00000e+00 0.00000e+00 
0.6 0.65 0.7 0.00000e+00 0.00000e+00 0.00000e+00 0.00000e+00 0.00000e+00 0.00000e+00 0.00000e+00 0.00000e+00 0.00000e+00 0.00000e+00 0.00000e+00 0.00000e+00 0.00000e+00 0.00000e+00 
0.7 0.75 0.8 7.74637e-01 2.74220e-02 4.70519e-01 1.66734e-02 1.35130e+00 4.78559e-02 5.16842e-01 1.82847e-02 7.19721e-01 2.55028e-02 1.23109e+00 4.36213e-02 8.53238e-01 3.01131e-02 
0.8 0.85 0.9 1.57816e+02 2.24845e+00 1.32891e+02 1.58687e+00 1.66589e+02 3.36643e+00 1.36364e+02 1.67134e+00 1.56403e+02 2.13471e+00 1.70866e+02 3.15713e+00 1.59500e+02 2.38967e+00 
0.9 0.95 1.0 1.72420e+02 2.12071e+00 1.40637e+02 1.51718e+00 1.93863e+02 2.82200e+00 1.45034e+02 1.59481e+00 1.69511e+02 2.01957e+00 1.95711e+02 2.93582e+00 1.75523e+02 2.18571e+00 
1.0 1.05 1.1 1.69677e+02 2.02882e+00 1.37344e+02 1.44752e+00 1.94517e+02 2.97849e+00 1.41826e+02 1.51694e+00 1.66219e+02 1.95161e+00 1.94899e+02 2.87151e+00 1.73229e+02 2.13599e+00 
1.1 1.15 1.2 1.70490e+02 2.00136e+00 1.36845e+02 1.38625e+00 1.98357e+02 2.98585e+00 1.41646e+02 1.49004e+00 1.66806e+02 1.87533e+00 1.98408e+02 2.80397e+00 1.74451e+02 2.12489e+00 
1.2 1.25 1.3 1.64489e+02 1.95932e+00 1.33033e+02 1.39079e+00 1.89279e+02 2.91145e+00 1.37434e+02 1.46381e+00 1.61265e+02 1.86207e+00 1.89547e+02 2.73245e+00 1.68254e+02 2.08090e+00 
1.3 1.35 1.4 1.63461e+02 1.91824e+00 1.32182e+02 1.36830e+00 1.88340e+02 2.87440e+00 1.36448e+02 1.43783e+00 1.60418e+02 1.82665e+00 1.88675e+02 2.66295e+00 1.67011e+02 2.03334e+00 
1.4 1.45 1.5 1.56587e+02 1.87277e+00 1.27110e+02 1.33199e+00 1.79961e+02 2.88465e+00 1.31022e+02 1.38631e+00 1.53699e+02 1.77968e+00 1.79520e+02 2.60274e+00 1.60030e+02 2.03769e+00 
1.5 1.55 1.6 1.53212e+02 1.82122e+00 1.24322e+02 1.29287e+00 1.75945e+02 2.68788e+00 1.28662e+02 1.35879e+00 1.50382e+02 1.72874e+00 1.75783e+02 2.53372e+00 1.57043e+02 1.92862e+00 
1.6 1.65 1.7 1.53282e+02 1.92971e+00 1.23861e+02 1.34560e+00 1.76597e+02 2.91775e+00 1.28050e+02 1.42669e+00 1.50180e+02 1.81825e+00 1.76684e+02 2.72449e+00 1.56936e+02 2.05960e+00 
1.7 1.75 1.8 1.43682e+02 1.86621e+00 1.17541e+02 1.24572e+00 1.62086e+02 2.74786e+00 1.20817e+02 1.35840e+00 1.41666e+02 1.66149e+00 1.64235e+02 2.42077e+00 1.46422e+02 1.94951e+00 
1.8 1.85 1.9 1.41825e+02 1.88885e+00 1.15431e+02 1.32298e+00 1.60509e+02 2.90241e+00 1.19082e+02 1.39806e+00 1.39368e+02 1.78707e+00 1.62020e+02 2.66302e+00 1.44392e+02 2.04353e+00 
1.9 1.95 2.0 1.35383e+02 1.94387e+00 1.10006e+02 1.31011e+00 1.52387e+02 2.69486e+00 1.13155e+02 1.34910e+00 1.31873e+02 1.70723e+00 1.53758e+02 2.60448e+00 1.38674e+02 2.01324e+00 
2.0 2.05 2.1 1.30656e+02 1.73145e+00 1.06550e+02 1.27480e+00 1.47966e+02 2.57221e+00 1.09785e+02 1.29228e+00 1.28616e+02 1.72856e+00 1.49037e+02 2.41310e+00 1.33275e+02 1.84090e+00 
2.1 2.15 2.2 1.20719e+02 1.75379e+00 9.91132e+01 1.28462e+00 1.39446e+02 2.82933e+00 1.02556e+02 1.36551e+00 1.19947e+02 1.71485e+00 1.37206e+02 2.46866e+00 1.25164e+02 1.97604e+00 
2.2 2.25 2.3 1.12444e+02 1.79736e+00 9.19148e+01 1.24178e+00 1.26262e+02 2.72472e+00 9.47936e+01 1.31860e+00 1.10586e+02 1.69189e+00 1.27470e+02 2.55873e+00 1.14543e+02 1.90656e+00 
2.3 2.35 2.4 1.02308e+02 1.74798e+00 8.38222e+01 1.20833e+00 1.13444e+02 2.53535e+00 8.64094e+01 1.28213e+00 1.00687e+02 1.64677e+00 1.15577e+02 2.48790e+00 1.03609e+02 1.79513e+00 
2.4 2.45 2.5 9.39879e+01 1.73716e+00 7.71783e+01 1.19901e+00 1.05281e+02 2.67302e+00 7.92841e+01 1.26678e+00 9.28946e+01 1.64468e+00 1.06402e+02 2.48984e+00 9.57064e+01 1.85895e+00 
2.5 2.55 2.6 8.50774e+01 1.67521e+00 6.92957e+01 1.11196e+00 9.54542e+01 2.47203e+00 7.17451e+01 1.21768e+00 8.36036e+01 1.57482e+00 9.62768e+01 2.30349e+00 8.67071e+01 1.72851e+00 
2.6 2.65 2.7 7.88314e+01 1.63938e+00 6.41654e+01 1.11868e+00 8.92393e+01 2.54483e+00 6.62247e+01 1.19014e+00 7.74498e+01 1.54010e+00 8.99184e+01 2.36321e+00 8.04105e+01 1.75999e+00 
2.7 2.75 2.8 6.75272e+01 1.54167e+00 5.58264e+01 1.05613e+00 7.37347e+01 2.09400e+00 5.75267e+01 1.11664e+00 6.65959e+01 1.44979e+00 7.48423e+01 1.97306e+00 6.88086e+01 1.59006e+00 
2.8 2.85 2.9 5.91801e+01 1.44678e+00 4.86034e+01 9.51269e-01 6.47195e+01 2.31337e+00 5.01522e+01 1.04189e+00 5.81837e+01 1.31081e+00 6.64877e+01 2.10413e+00 5.94036e+01 1.57838e+00 
2.9 2.95 3.0 5.60434e+01 1.37063e+00 4.60001e+01 9.36709e-01 6.27015e+01 2.14645e+00 4.74336e+01 9.94836e-01 5.52875e+01 1.27633e+00 6.30236e+01 1.98479e+00 5.70649e+01 1.45675e+00 
3.0 3.05 3.1 4.84216e+01 1.23552e+00 3.97838e+01 8.42186e-01 5.37979e+01 1.94099e+00 4.09856e+01 8.96065e-01 4.77769e+01 1.16339e+00 5.45548e+01 1.78274e+00 4.92036e+01 1.33866e+00 
3.1 3.15 3.2 3.67515e+01 9.56924e-01 3.08083e+01 7.45863e-01 3.97380e+01 1.60996e+00 3.15256e+01 7.09040e-01 3.63427e+01 9.05189e-01 4.04015e+01 1.34442e+00 3.73589e+01 1.11740e+00 
3.2 3.25 3.3 2.40206e+01 8.78694e-01 1.99394e+01 6.29326e-01 2.50919e+01 1.29036e+00 2.06900e+01 6.61383e-01 2.34813e+01 8.72767e-01 2.60534e+01 1.24228e+00 2.42005e+01 9.08400e-01 
3.3 3.35 3.4 1.82606e+01 7.56547e-01 1.49486e+01 5.16357e-01 2.03142e+01 1.17390e+00 1.54528e+01 5.47382e-01 1.78599e+01 7.11805e-01 2.02487e+01 1.09372e+00 1.84637e+01 8.15776e-01 
3.4 3.45 3.5 1.12346e+01 6.18209e-01 9.65161e+00 4.27846e-01 1.13716e+01 9.25044e-01 9.85212e+00 4.52888e-01 1.12289e+01 5.84728e-01 1.18172e+01 8.81268e-01 1.12996e+01 6.50088e-01 
3.5 3.55 3.6 8.10411e+00 4.71377e-01 6.87064e+00 3.10633e-01 8.68636e+00 7.19188e-01 6.99847e+00 3.46453e-01 8.09713e+00 4.42653e-01 8.81051e+00 6.73904e-01 8.20660e+00 5.07601e-01 
3.6 3.65 3.7 5.63278e+00 3.80800e-01 4.85053e+00 2.69733e-01 5.70625e+00 5.53906e-01 4.93131e+00 2.76045e-01 5.61573e+00 3.61580e-01 5.93218e+00 5.27947e-01 5.69692e+00 3.95491e-01 
3.7 3.75 3.8 2.71961e+00 2.93589e-01 2.41745e+00 2.06435e-01 2.36394e+00 4.38941e-01 2.49923e+00 2.18767e-01 2.73923e+00 2.77699e-01 2.54236e+00 4.11565e-01 2.69673e+00 3.15170e-01 
3.8 3.85 3.9 2.22931e+00 2.35893e-01 1.85552e+00 1.68905e-01 2.39320e+00 3.43996e-01 1.90701e+00 1.77326e-01 2.11567e+00 2.21037e-01 2.32653e+00 3.11037e-01 2.20994e+00 2.49237e-01 
3.9 3.95 4.0 1.07056e+00 1.57473e-01 9.13271e-01 1.11835e-01 1.04181e+00 2.20577e-01 9.45222e-01 1.19639e-01 1.05953e+00 1.48200e-01 1.09475e+00 2.14545e-01 1.05315e+00 1.63372e-01 
4.0 4.05 4.1 3.73590e-01 1.00729e-01 3.57986e-01 7.35059e-02 3.33258e-01 1.47928e-01 3.61340e-01 7.70550e-02 3.81808e-01 9.64434e-02 3.63157e-01 1.42422e-01 3.75445e-01 1.05817e-01 
4.1 4.15 4.2 -1.74175e-01 1.55896e-02 -1.02418e-01 9.65638e-03 -3.09756e-01 2.72575e-02 -1.13282e-01 1.01655e-02 -1.64427e-01 1.40422e-02 -2.79395e-01 2.49297e-02 -1.87988e-01 1.74073e-02 
4.2 4.25 4.3 -3.59648e-02 3.23456e-03 -2.14572e-02 1.92553e-03 -6.40859e-02 5.71621e-03 -2.33927e-02 2.10571e-03 -3.29906e-02 2.95778e-03 -5.76878e-02 5.18273e-03 -3.99544e-02 3.56751e-03 
4.3 4.35 4.4 0.00000e+00 0.00000e+00 0.00000e+00 0.00000e+00 0.00000e+00 0.00000e+00 0.00000e+00 0.00000e+00 0.00000e+00 0.00000e+00 0.00000e+00 0.00000e+00 0.00000e+00 0.00000e+00 
4.4 4.45 4.5 0.00000e+00 0.00000e+00 0.00000e+00 0.00000e+00 0.00000e+00 0.00000e+00 0.00000e+00 0.00000e+00 0.00000e+00 0.00000e+00 0.00000e+00 0.00000e+00 0.00000e+00 0.00000e+00 
4.5 4.55 4.6 0.00000e+00 0.00000e+00 0.00000e+00 0.00000e+00 0.00000e+00 0.00000e+00 0.00000e+00 0.00000e+00 0.00000e+00 0.00000e+00 0.00000e+00 0.00000e+00 0.00000e+00 0.00000e+00 
4.6 4.65 4.7 0.00000e+00 0.00000e+00 0.00000e+00 0.00000e+00 0.00000e+00 0.00000e+00 0.00000e+00 0.00000e+00 0.00000e+00 0.00000e+00 0.00000e+00 0.00000e+00 0.00000e+00 0.00000e+00 
4.7 4.75 4.8 0.00000e+00 0.00000e+00 0.00000e+00 0.00000e+00 0.00000e+00 0.00000e+00 0.00000e+00 0.00000e+00 0.00000e+00 0.00000e+00 0.00000e+00 0.00000e+00 0.00000e+00 0.00000e+00 
4.8 4.85 4.9 0.00000e+00 0.00000e+00 0.00000e+00 0.00000e+00 0.00000e+00 0.00000e+00 0.00000e+00 0.00000e+00 0.00000e+00 0.00000e+00 0.00000e+00 0.00000e+00 0.00000e+00 0.00000e+00 
4.9 4.95 5.0 0.00000e+00 0.00000e+00 0.00000e+00 0.00000e+00 0.00000e+00 0.00000e+00 0.00000e+00 0.00000e+00 0.00000e+00 0.00000e+00 0.00000e+00 0.00000e+00 0.00000e+00 0.00000e+00 
5.0 5.05 5.1 0.00000e+00 0.00000e+00 0.00000e+00 0.00000e+00 0.00000e+00 0.00000e+00 0.00000e+00 0.00000e+00 0.00000e+00 0.00000e+00 0.00000e+00 0.00000e+00 0.00000e+00 0.00000e+00 
5.1 5.15 5.2 0.00000e+00 0.00000e+00 0.00000e+00 0.00000e+00 0.00000e+00 0.00000e+00 0.00000e+00 0.00000e+00 0.00000e+00 0.00000e+00 0.00000e+00 0.00000e+00 0.00000e+00 0.00000e+00 
5.2 5.25 5.3 0.00000e+00 0.00000e+00 0.00000e+00 0.00000e+00 0.00000e+00 0.00000e+00 0.00000e+00 0.00000e+00 0.00000e+00 0.00000e+00 0.00000e+00 0.00000e+00 0.00000e+00 0.00000e+00 
5.3 5.35 5.4 0.00000e+00 0.00000e+00 0.00000e+00 0.00000e+00 0.00000e+00 0.00000e+00 0.00000e+00 0.00000e+00 0.00000e+00 0.00000e+00 0.00000e+00 0.00000e+00 0.00000e+00 0.00000e+00 
5.4 5.45 5.5 0.00000e+00 0.00000e+00 0.00000e+00 0.00000e+00 0.00000e+00 0.00000e+00 0.00000e+00 0.00000e+00 0.00000e+00 0.00000e+00 0.00000e+00 0.00000e+00 0.00000e+00 0.00000e+00 
5.5 5.55 5.6 0.00000e+00 0.00000e+00 0.00000e+00 0.00000e+00 0.00000e+00 0.00000e+00 0.00000e+00 0.00000e+00 0.00000e+00 0.00000e+00 0.00000e+00 0.00000e+00 0.00000e+00 0.00000e+00 
5.6 5.65 5.7 0.00000e+00 0.00000e+00 0.00000e+00 0.00000e+00 0.00000e+00 0.00000e+00 0.00000e+00 0.00000e+00 0.00000e+00 0.00000e+00 0.00000e+00 0.00000e+00 0.00000e+00 0.00000e+00 
5.7 5.75 5.8 0.00000e+00 0.00000e+00 0.00000e+00 0.00000e+00 0.00000e+00 0.00000e+00 0.00000e+00 0.00000e+00 0.00000e+00 0.00000e+00 0.00000e+00 0.00000e+00 0.00000e+00 0.00000e+00 
5.8 5.85 5.9 0.00000e+00 0.00000e+00 0.00000e+00 0.00000e+00 0.00000e+00 0.00000e+00 0.00000e+00 0.00000e+00 0.00000e+00 0.00000e+00 0.00000e+00 0.00000e+00 0.00000e+00 0.00000e+00 
5.9 5.95 6.0 0.00000e+00 0.00000e+00 0.00000e+00 0.00000e+00 0.00000e+00 0.00000e+00 0.00000e+00 0.00000e+00 0.00000e+00 0.00000e+00 0.00000e+00 0.00000e+00 0.00000e+00 0.00000e+00 
6.0 6.05 6.1 0.00000e+00 0.00000e+00 0.00000e+00 0.00000e+00 0.00000e+00 0.00000e+00 0.00000e+00 0.00000e+00 0.00000e+00 0.00000e+00 0.00000e+00 0.00000e+00 0.00000e+00 0.00000e+00 
6.1 6.15 6.2 0.00000e+00 0.00000e+00 0.00000e+00 0.00000e+00 0.00000e+00 0.00000e+00 0.00000e+00 0.00000e+00 0.00000e+00 0.00000e+00 0.00000e+00 0.00000e+00 0.00000e+00 0.00000e+00 
6.2 6.25 6.3 0.00000e+00 0.00000e+00 0.00000e+00 0.00000e+00 0.00000e+00 0.00000e+00 0.00000e+00 0.00000e+00 0.00000e+00 0.00000e+00 0.00000e+00 0.00000e+00 0.00000e+00 0.00000e+00 
6.3 6.35 6.4 0.00000e+00 0.00000e+00 0.00000e+00 0.00000e+00 0.00000e+00 0.00000e+00 0.00000e+00 0.00000e+00 0.00000e+00 0.00000e+00 0.00000e+00 0.00000e+00 0.00000e+00 0.00000e+00 
6.4 6.45 6.5 0.00000e+00 0.00000e+00 0.00000e+00 0.00000e+00 0.00000e+00 0.00000e+00 0.00000e+00 0.00000e+00 0.00000e+00 0.00000e+00 0.00000e+00 0.00000e+00 0.00000e+00 0.00000e+00 
6.5 6.55 6.6 0.00000e+00 0.00000e+00 0.00000e+00 0.00000e+00 0.00000e+00 0.00000e+00 0.00000e+00 0.00000e+00 0.00000e+00 0.00000e+00 0.00000e+00 0.00000e+00 0.00000e+00 0.00000e+00 
6.6 6.65 6.7 0.00000e+00 0.00000e+00 0.00000e+00 0.00000e+00 0.00000e+00 0.00000e+00 0.00000e+00 0.00000e+00 0.00000e+00 0.00000e+00 0.00000e+00 0.00000e+00 0.00000e+00 0.00000e+00 
6.7 6.75 6.8 0.00000e+00 0.00000e+00 0.00000e+00 0.00000e+00 0.00000e+00 0.00000e+00 0.00000e+00 0.00000e+00 0.00000e+00 0.00000e+00 0.00000e+00 0.00000e+00 0.00000e+00 0.00000e+00 
6.8 6.85 6.9 0.00000e+00 0.00000e+00 0.00000e+00 0.00000e+00 0.00000e+00 0.00000e+00 0.00000e+00 0.00000e+00 0.00000e+00 0.00000e+00 0.00000e+00 0.00000e+00 0.00000e+00 0.00000e+00 
6.9 6.95 7.0 0.00000e+00 0.00000e+00 0.00000e+00 0.00000e+00 0.00000e+00 0.00000e+00 0.00000e+00 0.00000e+00 0.00000e+00 0.00000e+00 0.00000e+00 0.00000e+00 0.00000e+00 0.00000e+00 
7.0 7.05 7.1 0.00000e+00 0.00000e+00 0.00000e+00 0.00000e+00 0.00000e+00 0.00000e+00 0.00000e+00 0.00000e+00 0.00000e+00 0.00000e+00 0.00000e+00 0.00000e+00 0.00000e+00 0.00000e+00 
7.1 7.15 7.2 0.00000e+00 0.00000e+00 0.00000e+00 0.00000e+00 0.00000e+00 0.00000e+00 0.00000e+00 0.00000e+00 0.00000e+00 0.00000e+00 0.00000e+00 0.00000e+00 0.00000e+00 0.00000e+00 
7.2 7.25 7.3 0.00000e+00 0.00000e+00 0.00000e+00 0.00000e+00 0.00000e+00 0.00000e+00 0.00000e+00 0.00000e+00 0.00000e+00 0.00000e+00 0.00000e+00 0.00000e+00 0.00000e+00 0.00000e+00 
7.3 7.35 7.4 0.00000e+00 0.00000e+00 0.00000e+00 0.00000e+00 0.00000e+00 0.00000e+00 0.00000e+00 0.00000e+00 0.00000e+00 0.00000e+00 0.00000e+00 0.00000e+00 0.00000e+00 0.00000e+00 
7.4 7.45 7.5 0.00000e+00 0.00000e+00 0.00000e+00 0.00000e+00 0.00000e+00 0.00000e+00 0.00000e+00 0.00000e+00 0.00000e+00 0.00000e+00 0.00000e+00 0.00000e+00 0.00000e+00 0.00000e+00 
7.5 7.55 7.6 0.00000e+00 0.00000e+00 0.00000e+00 0.00000e+00 0.00000e+00 0.00000e+00 0.00000e+00 0.00000e+00 0.00000e+00 0.00000e+00 0.00000e+00 0.00000e+00 0.00000e+00 0.00000e+00 
7.6 7.65 7.7 0.00000e+00 0.00000e+00 0.00000e+00 0.00000e+00 0.00000e+00 0.00000e+00 0.00000e+00 0.00000e+00 0.00000e+00 0.00000e+00 0.00000e+00 0.00000e+00 0.00000e+00 0.00000e+00 
7.7 7.75 7.8 0.00000e+00 0.00000e+00 0.00000e+00 0.00000e+00 0.00000e+00 0.00000e+00 0.00000e+00 0.00000e+00 0.00000e+00 0.00000e+00 0.00000e+00 0.00000e+00 0.00000e+00 0.00000e+00 
7.8 7.85 7.9 0.00000e+00 0.00000e+00 0.00000e+00 0.00000e+00 0.00000e+00 0.00000e+00 0.00000e+00 0.00000e+00 0.00000e+00 0.00000e+00 0.00000e+00 0.00000e+00 0.00000e+00 0.00000e+00 
7.9 7.95 8.0 0.00000e+00 0.00000e+00 0.00000e+00 0.00000e+00 0.00000e+00 0.00000e+00 0.00000e+00 0.00000e+00 0.00000e+00 0.00000e+00 0.00000e+00 0.00000e+00 0.00000e+00 0.00000e+00 
8.0 8.05 8.1 0.00000e+00 0.00000e+00 0.00000e+00 0.00000e+00 0.00000e+00 0.00000e+00 0.00000e+00 0.00000e+00 0.00000e+00 0.00000e+00 0.00000e+00 0.00000e+00 0.00000e+00 0.00000e+00 
8.1 8.15 8.2 0.00000e+00 0.00000e+00 0.00000e+00 0.00000e+00 0.00000e+00 0.00000e+00 0.00000e+00 0.00000e+00 0.00000e+00 0.00000e+00 0.00000e+00 0.00000e+00 0.00000e+00 0.00000e+00 
8.2 8.25 8.3 0.00000e+00 0.00000e+00 0.00000e+00 0.00000e+00 0.00000e+00 0.00000e+00 0.00000e+00 0.00000e+00 0.00000e+00 0.00000e+00 0.00000e+00 0.00000e+00 0.00000e+00 0.00000e+00 
8.3 8.35 8.4 0.00000e+00 0.00000e+00 0.00000e+00 0.00000e+00 0.00000e+00 0.00000e+00 0.00000e+00 0.00000e+00 0.00000e+00 0.00000e+00 0.00000e+00 0.00000e+00 0.00000e+00 0.00000e+00 
8.4 8.45 8.5 0.00000e+00 0.00000e+00 0.00000e+00 0.00000e+00 0.00000e+00 0.00000e+00 0.00000e+00 0.00000e+00 0.00000e+00 0.00000e+00 0.00000e+00 0.00000e+00 0.00000e+00 0.00000e+00 
8.5 8.55 8.6 0.00000e+00 0.00000e+00 0.00000e+00 0.00000e+00 0.00000e+00 0.00000e+00 0.00000e+00 0.00000e+00 0.00000e+00 0.00000e+00 0.00000e+00 0.00000e+00 0.00000e+00 0.00000e+00 
8.6 8.65 8.7 0.00000e+00 0.00000e+00 0.00000e+00 0.00000e+00 0.00000e+00 0.00000e+00 0.00000e+00 0.00000e+00 0.00000e+00 0.00000e+00 0.00000e+00 0.00000e+00 0.00000e+00 0.00000e+00 
8.7 8.75 8.8 0.00000e+00 0.00000e+00 0.00000e+00 0.00000e+00 0.00000e+00 0.00000e+00 0.00000e+00 0.00000e+00 0.00000e+00 0.00000e+00 0.00000e+00 0.00000e+00 0.00000e+00 0.00000e+00 
8.8 8.85 8.9 0.00000e+00 0.00000e+00 0.00000e+00 0.00000e+00 0.00000e+00 0.00000e+00 0.00000e+00 0.00000e+00 0.00000e+00 0.00000e+00 0.00000e+00 0.00000e+00 0.00000e+00 0.00000e+00 
8.9 8.95 9.0 0.00000e+00 0.00000e+00 0.00000e+00 0.00000e+00 0.00000e+00 0.00000e+00 0.00000e+00 0.00000e+00 0.00000e+00 0.00000e+00 0.00000e+00 0.00000e+00 0.00000e+00 0.00000e+00 
9.0 9.05 9.1 0.00000e+00 0.00000e+00 0.00000e+00 0.00000e+00 0.00000e+00 0.00000e+00 0.00000e+00 0.00000e+00 0.00000e+00 0.00000e+00 0.00000e+00 0.00000e+00 0.00000e+00 0.00000e+00 
9.1 9.15 9.2 0.00000e+00 0.00000e+00 0.00000e+00 0.00000e+00 0.00000e+00 0.00000e+00 0.00000e+00 0.00000e+00 0.00000e+00 0.00000e+00 0.00000e+00 0.00000e+00 0.00000e+00 0.00000e+00 
9.2 9.25 9.3 0.00000e+00 0.00000e+00 0.00000e+00 0.00000e+00 0.00000e+00 0.00000e+00 0.00000e+00 0.00000e+00 0.00000e+00 0.00000e+00 0.00000e+00 0.00000e+00 0.00000e+00 0.00000e+00 
9.3 9.35 9.4 0.00000e+00 0.00000e+00 0.00000e+00 0.00000e+00 0.00000e+00 0.00000e+00 0.00000e+00 0.00000e+00 0.00000e+00 0.00000e+00 0.00000e+00 0.00000e+00 0.00000e+00 0.00000e+00 
9.4 9.45 9.5 0.00000e+00 0.00000e+00 0.00000e+00 0.00000e+00 0.00000e+00 0.00000e+00 0.00000e+00 0.00000e+00 0.00000e+00 0.00000e+00 0.00000e+00 0.00000e+00 0.00000e+00 0.00000e+00 
9.5 9.55 9.6 0.00000e+00 0.00000e+00 0.00000e+00 0.00000e+00 0.00000e+00 0.00000e+00 0.00000e+00 0.00000e+00 0.00000e+00 0.00000e+00 0.00000e+00 0.00000e+00 0.00000e+00 0.00000e+00 
9.6 9.65 9.7 0.00000e+00 0.00000e+00 0.00000e+00 0.00000e+00 0.00000e+00 0.00000e+00 0.00000e+00 0.00000e+00 0.00000e+00 0.00000e+00 0.00000e+00 0.00000e+00 0.00000e+00 0.00000e+00 
9.7 9.75 9.8 0.00000e+00 0.00000e+00 0.00000e+00 0.00000e+00 0.00000e+00 0.00000e+00 0.00000e+00 0.00000e+00 0.00000e+00 0.00000e+00 0.00000e+00 0.00000e+00 0.00000e+00 0.00000e+00 
9.8 9.85 9.9 0.00000e+00 0.00000e+00 0.00000e+00 0.00000e+00 0.00000e+00 0.00000e+00 0.00000e+00 0.00000e+00 0.00000e+00 0.00000e+00 0.00000e+00 0.00000e+00 0.00000e+00 0.00000e+00 
9.9 9.95 10.0 0.00000e+00 0.00000e+00 0.00000e+00 0.00000e+00 0.00000e+00 0.00000e+00 0.00000e+00 0.00000e+00 0.00000e+00 0.00000e+00 0.00000e+00 0.00000e+00 0.00000e+00 0.00000e+00 
