-3.5 -3.45 -3.4 1.13484e-01 7.68567e-02 1.52461e-01 5.64379e-02 -1.06724e-01 1.00686e-01 1.50892e-01 6.10094e-02 1.29314e-01 7.16479e-02 -4.70792e-02 9.39600e-02 5.97220e-02 7.96292e-02 
-3.4 -3.35 -3.3 2.48580e-02 7.74256e-02 1.28459e-01 5.70650e-02 -2.47540e-01 1.06927e-01 1.02509e-01 6.02184e-02 6.90004e-02 7.40176e-02 -1.74178e-01 1.01988e-01 -5.24415e-03 8.28897e-02 
-3.3 -3.25 -3.2 6.55795e-02 1.05598e-01 2.10157e-01 7.57645e-02 -3.38947e-01 1.47939e-01 1.69021e-01 8.09601e-02 1.47225e-01 9.90915e-02 -2.07819e-01 1.41734e-01 -1.56010e-02 1.13349e-01 
-3.2 -3.15 -3.1 2.63662e-01 1.20259e-01 3.53465e-01 8.91585e-02 -1.30294e-01 1.70315e-01 3.26404e-01 9.29975e-02 3.26587e-01 1.16885e-01 3.63358e-02 1.60643e-01 1.86036e-01 1.27220e-01 
-3.1 -3.05 -3.0 3.69056e-01 1.53420e-01 4.76821e-01 1.10843e-01 -1.60119e-01 2.20017e-01 4.51101e-01 1.17687e-01 4.33702e-01 1.45817e-01 5.67402e-02 2.06563e-01 2.73947e-01 1.63738e-01 
-3.0 -2.95 -2.9 5.92068e-01 1.77848e-01 7.65087e-01 1.35558e-01 1.57110e-01 2.50160e-01 6.78276e-01 1.41254e-01 7.67367e-01 1.73060e-01 3.68791e-01 2.38837e-01 5.98947e-01 1.93185e-01 
-2.9 -2.85 -2.8 9.24615e-01 1.97729e-01 1.05381e+00 1.48006e-01 2.43009e-01 2.47952e-01 9.93347e-01 1.54372e-01 1.07225e+00 1.90638e-01 5.47199e-01 2.40380e-01 8.17146e-01 1.94056e-01 
-2.8 -2.75 -2.7 7.04260e-01 2.02835e-01 8.86053e-01 1.49297e-01 -2.37938e-01 2.94396e-01 8.55717e-01 1.55139e-01 8.05591e-01 1.96279e-01 1.49142e-01 2.75104e-01 5.21994e-01 2.15864e-01 
-2.7 -2.65 -2.6 1.28106e+00 2.41465e-01 1.36354e+00 1.79254e-01 2.89242e-01 3.33660e-01 1.37048e+00 1.87440e-01 1.34273e+00 2.32274e-01 6.15809e-01 3.21753e-01 1.08027e+00 2.51095e-01 
-2.6 -2.55 -2.5 1.12337e+00 2.57236e-01 1.30920e+00 1.79933e-01 -1.83633e-01 3.81032e-01 1.26223e+00 1.93351e-01 1.19535e+00 2.37864e-01 3.65332e-01 3.56281e-01 8.67443e-01 2.74351e-01 
-2.5 -2.45 -2.4 1.38198e+00 2.72012e-01 1.61824e+00 1.95845e-01 1.67571e-01 3.92718e-01 1.57502e+00 2.06597e-01 1.53811e+00 2.58558e-01 5.52204e-01 3.73237e-01 1.24384e+00 2.86607e-01 
-2.4 -2.35 -2.3 1.19601e+00 2.53693e-01 1.62951e+00 1.95359e-01 -4.68735e-01 4.05088e-01 1.55027e+00 1.98483e-01 1.41257e+00 2.53768e-01 1.54412e-02 3.32872e-01 1.00813e+00 2.95243e-01 
-2.3 -2.25 -2.2 1.19404e+00 2.99746e-01 1.75019e+00 2.16954e-01 -9.52006e-01 4.37670e-01 1.64420e+00 2.27542e-01 1.45977e+00 2.85041e-01 -2.61079e-01 4.08486e-01 8.61108e-01 3.17674e-01 
-2.2 -2.15 -2.1 1.97761e+00 3.24458e-01 2.43192e+00 2.38182e-01 -1.83963e-01 4.67489e-01 2.34698e+00 2.49760e-01 2.23152e+00 3.09996e-01 5.56622e-01 4.37495e-01 1.65921e+00 3.45040e-01 
-2.1 -2.05 -2.0 2.04584e+00 3.18540e-01 2.63743e+00 2.41030e-01 -3.89413e-01 4.92015e-01 2.51565e+00 2.51370e-01 2.37186e+00 3.06880e-01 4.39578e-01 4.62416e-01 1.73205e+00 3.64626e-01 
-2.0 -1.95 -1.9 1.91748e+00 3.37206e-01 2.46604e+00 2.44306e-01 -6.47485e-01 4.89559e-01 2.40061e+00 2.55319e-01 2.15279e+00 3.22927e-01 2.16019e-02 4.61588e-01 1.51686e+00 3.54449e-01 
-1.9 -1.85 -1.8 2.39700e+00 3.52975e-01 3.11230e+00 2.57532e-01 -7.20224e-01 4.98344e-01 2.94579e+00 2.71462e-01 2.81291e+00 3.33881e-01 4.33852e-01 4.76307e-01 1.92756e+00 3.69385e-01 
-1.8 -1.75 -1.7 2.89719e+00 3.87854e-01 3.66142e+00 2.78106e-01 -1.36386e-01 5.50564e-01 3.42008e+00 2.96409e-01 3.44191e+00 3.61002e-01 8.64738e-01 5.28037e-01 2.46404e+00 4.04051e-01 
-1.7 -1.65 -1.6 3.02137e+00 3.87924e-01 3.81412e+00 2.87462e-01 -4.52835e-01 5.62874e-01 3.63399e+00 2.98648e-01 3.40915e+00 3.52444e-01 7.43506e-01 5.22591e-01 2.48362e+00 4.13854e-01 
-1.6 -1.55 -1.5 2.71418e+00 3.84887e-01 3.82384e+00 2.93948e-01 -1.22543e+00 5.39107e-01 3.58737e+00 3.03967e-01 3.35986e+00 3.84206e-01 1.23574e-01 5.29674e-01 2.15307e+00 4.02132e-01 
-1.5 -1.45 -1.4 3.33853e+00 4.03672e-01 4.13912e+00 2.95412e-01 -2.91591e-01 5.78915e-01 3.96785e+00 3.07305e-01 3.79395e+00 3.88441e-01 8.11611e-01 5.48694e-01 2.89138e+00 4.25138e-01 
-1.4 -1.35 -1.3 3.72119e+00 4.16361e-01 4.69061e+00 3.09532e-01 -4.60692e-01 5.87233e-01 4.49780e+00 3.18427e-01 4.26053e+00 4.02565e-01 8.50367e-01 5.60550e-01 3.14578e+00 4.29470e-01 
-1.3 -1.25 -1.2 3.20955e+00 3.83061e-01 4.26259e+00 2.89770e-01 -1.10927e+00 5.25547e-01 4.02503e+00 3.18716e-01 3.70329e+00 3.71716e-01 2.43479e-01 5.04537e-01 2.60285e+00 3.98684e-01 
-1.2 -1.15 -1.1 2.97977e+00 4.23570e-01 4.36822e+00 3.11580e-01 -2.00786e+00 6.10806e-01 4.11374e+00 3.24118e-01 3.65063e+00 4.09521e-01 -4.93670e-01 5.80234e-01 2.29822e+00 4.44183e-01 
-1.1 -1.05 -1.0 4.11941e+00 4.50746e-01 5.17750e+00 3.24563e-01 -1.64077e-01 6.48287e-01 4.93641e+00 3.41128e-01 4.73104e+00 4.27797e-01 1.05578e+00 6.22362e-01 3.61956e+00 4.69029e-01 
-1.0 -0.95 -0.9 4.39413e+00 4.09505e-01 5.47086e+00 3.09767e-01 -1.03390e-01 6.41805e-01 5.27497e+00 3.26531e-01 5.00614e+00 3.97492e-01 1.38733e+00 6.10865e-01 3.85738e+00 4.68304e-01 
-0.9 -0.85 -0.8 4.51243e+00 4.58715e-01 5.60969e+00 3.35690e-01 -3.54834e-01 6.59621e-01 5.39027e+00 3.49268e-01 5.10527e+00 4.40985e-01 1.10475e+00 6.24539e-01 3.81726e+00 4.79556e-01 
-0.8 -0.75 -0.7 4.81039e+00 4.48304e-01 6.08705e+00 3.30222e-01 7.47792e-02 6.42635e-01 5.62149e+00 3.41715e-01 5.69318e+00 4.32222e-01 2.03715e+00 6.11861e-01 4.14952e+00 4.68527e-01 
-0.7 -0.65 -0.6 4.24817e+00 4.48736e-01 5.56811e+00 3.30649e-01 -1.04129e+00 6.40603e-01 5.29717e+00 3.42500e-01 4.92876e+00 4.34095e-01 5.83308e-01 6.12623e-01 3.52241e+00 4.68027e-01 
-0.6 -0.55 -0.5 4.10680e+00 4.53451e-01 5.53052e+00 3.35747e-01 -1.40842e+00 6.43751e-01 5.23094e+00 3.47624e-01 4.83048e+00 4.38900e-01 2.96605e-01 6.16131e-01 3.32878e+00 4.72595e-01 
-0.5 -0.45 -0.4 5.09151e+00 4.54815e-01 6.26378e+00 3.36839e-01 -8.76036e-02 6.44866e-01 6.01104e+00 3.48853e-01 5.71617e+00 4.29465e-01 1.45522e+00 5.94501e-01 4.38471e+00 4.74020e-01 
-0.4 -0.35 -0.3 4.65496e+00 4.67850e-01 6.04939e+00 3.46774e-01 -9.73733e-01 6.62649e-01 5.73689e+00 3.57866e-01 5.41377e+00 4.54562e-01 8.10662e-01 6.37264e-01 3.84419e+00 4.85551e-01 
-0.3 -0.25 -0.2 4.51412e+00 4.70540e-01 5.92152e+00 3.40978e-01 -1.04326e+00 6.78943e-01 5.60086e+00 3.56480e-01 5.27985e+00 4.49303e-01 7.43077e-01 6.37101e-01 3.72874e+00 4.90613e-01 
-0.2 -0.15 -0.1 4.87236e+00 4.60468e-01 6.24653e+00 3.42245e-01 -7.74023e-01 6.49531e-01 5.95372e+00 3.53794e-01 5.60837e+00 4.46617e-01 9.70720e-01 6.23172e-01 4.09420e+00 4.79003e-01 
-0.1 -0.05 0.0 4.63927e+00 4.54208e-01 6.00740e+00 3.29785e-01 -1.04913e+00 6.44216e-01 5.74057e+00 3.41357e-01 5.34264e+00 4.39407e-01 6.81513e-01 6.16882e-01 3.87043e+00 4.73461e-01 
0.0 0.05 0.1 4.74903e+00 4.28525e-01 6.12990e+00 3.25135e-01 -8.68277e-01 5.85689e-01 5.84195e+00 3.35265e-01 5.47342e+00 4.17382e-01 8.53622e-01 5.65089e-01 3.98022e+00 4.44073e-01 
0.1 0.15 0.2 5.38391e+00 4.65552e-01 6.59856e+00 3.45872e-01 8.62999e-03 6.57478e-01 6.32994e+00 3.57445e-01 6.08339e+00 4.51639e-01 1.68604e+00 6.30749e-01 4.64737e+00 4.84274e-01 
0.2 0.25 0.3 4.61719e+00 4.36304e-01 6.02461e+00 3.28112e-01 -1.04952e+00 6.04021e-01 5.73444e+00 3.38375e-01 5.34855e+00 4.24780e-01 7.00075e-01 5.82725e-01 3.83616e+00 4.52026e-01 
0.3 0.35 0.4 4.40482e+00 4.24006e-01 5.67176e+00 3.20821e-01 -1.04912e+00 5.91992e-01 5.50030e+00 3.28179e-01 4.94499e+00 4.17787e-01 5.90141e-01 5.68072e-01 3.68147e+00 4.41306e-01 
0.4 0.45 0.5 5.52030e+00 4.50571e-01 6.65035e+00 3.38864e-01 2.99296e-01 6.23763e-01 6.36976e+00 3.48921e-01 6.23903e+00 4.39305e-01 2.02652e+00 6.02370e-01 4.75515e+00 4.66230e-01 
0.5 0.55 0.6 5.35066e+00 4.53702e-01 6.44686e+00 3.38216e-01 3.02551e-01 6.36945e-01 6.21153e+00 3.49886e-01 5.99284e+00 4.39854e-01 1.86808e+00 6.11035e-01 4.67845e+00 4.72251e-01 
0.6 0.65 0.7 3.69361e+00 4.52160e-01 5.40743e+00 3.18506e-01 -1.90291e+00 6.34379e-01 5.12012e+00 3.29765e-01 4.42063e+00 4.36172e-01 -2.97542e-01 6.21463e-01 2.97747e+00 4.63530e-01 
0.7 0.75 0.8 4.64756e+00 4.37208e-01 5.79602e+00 3.23867e-01 -7.58218e-01 5.91583e-01 5.53436e+00 3.35022e-01 5.31306e+00 4.23773e-01 1.28250e+00 5.93785e-01 3.79547e+00 4.60588e-01 
0.8 0.85 0.9 4.74698e+00 4.44968e-01 5.84154e+00 3.28898e-01 -1.10733e-01 6.32296e-01 5.61862e+00 3.41175e-01 5.35653e+00 4.29973e-01 1.39246e+00 6.04142e-01 4.10028e+00 4.64669e-01 
0.9 0.95 1.0 4.04917e+00 4.43584e-01 5.26755e+00 3.26606e-01 -8.84933e-01 6.34473e-01 5.00414e+00 3.38189e-01 4.70022e+00 4.29169e-01 6.69247e-01 6.06178e-01 3.34804e+00 4.62836e-01 
1.0 1.05 1.1 4.14243e+00 4.03006e-01 5.30951e+00 3.07681e-01 -7.04151e-01 5.43868e-01 5.05989e+00 3.17147e-01 4.77588e+00 3.92469e-01 8.28438e-01 5.25754e-01 3.45797e+00 4.17343e-01 
1.1 1.15 1.2 3.68754e+00 4.12800e-01 4.70438e+00 3.03294e-01 -5.68786e-01 5.76832e-01 4.47408e+00 3.14636e-01 4.26730e+00 3.98600e-01 8.17125e-01 5.65047e-01 3.07565e+00 4.23025e-01 
1.2 1.25 1.3 2.45996e+00 3.77714e-01 3.62968e+00 2.77956e-01 -1.83054e+00 5.36669e-01 3.41026e+00 2.89113e-01 2.99667e+00 3.63906e-01 -5.03632e-01 5.13576e-01 1.85331e+00 3.94239e-01 
1.3 1.35 1.4 3.21847e+00 3.85057e-01 4.17765e+00 2.86622e-01 -8.28377e-01 5.72397e-01 3.98194e+00 2.97741e-01 3.72520e+00 3.71698e-01 5.18013e-01 5.16366e-01 2.58936e+00 4.16295e-01 
1.4 1.45 1.5 3.89584e+00 3.85320e-01 4.66290e+00 2.89535e-01 2.91394e-01 5.20423e-01 4.47377e+00 2.99510e-01 4.39642e+00 3.73795e-01 1.54029e+00 4.99705e-01 3.39465e+00 4.01954e-01 
1.5 1.55 1.6 2.47869e+00 3.95633e-01 3.52250e+00 2.91550e-01 -5.75121e-01 5.15354e-01 3.63561e+00 2.91873e-01 2.97120e+00 3.79669e-01 -2.36906e-01 5.34401e-01 2.47312e+00 3.90806e-01 
1.6 1.65 1.7 2.53443e+00 3.75811e-01 3.37422e+00 2.74886e-01 -9.86106e-01 5.33705e-01 3.20950e+00 2.86990e-01 2.96394e+00 3.60391e-01 2.27241e-01 5.13542e-01 1.97568e+00 3.90444e-01 
1.7 1.75 1.8 3.46195e+00 3.82058e-01 3.94613e+00 2.83990e-01 6.64077e-01 5.41715e-01 3.82828e+00 2.94518e-01 3.82454e+00 3.69515e-01 1.67422e+00 5.14628e-01 3.03591e+00 4.00405e-01 
1.8 1.85 1.9 2.64831e+00 3.66832e-01 3.18772e+00 2.69078e-01 6.84901e-02 5.27981e-01 3.07429e+00 2.81037e-01 2.97560e+00 3.51686e-01 9.06958e-01 4.97478e-01 2.29232e+00 3.87468e-01 
1.9 1.95 2.0 1.82288e+00 3.35130e-01 2.50590e+00 2.44592e-01 -8.23398e-01 4.81999e-01 2.37062e+00 2.57161e-01 2.17055e+00 3.18489e-01 3.81174e-02 4.48830e-01 1.53487e+00 3.55981e-01 
2.0 2.05 2.1 2.21237e+00 3.18449e-01 2.71197e+00 2.37910e-01 -2.65916e-02 4.61828e-01 2.64465e+00 2.51797e-01 2.52247e+00 3.07550e-01 6.82534e-01 4.22740e-01 1.93078e+00 3.43154e-01 
2.1 2.15 2.2 1.62019e+00 3.21950e-01 2.18822e+00 2.36501e-01 -7.71250e-01 4.32752e-01 2.07077e+00 2.48241e-01 1.92470e+00 3.07000e-01 9.50947e-02 4.32843e-01 1.21889e+00 3.26428e-01 
2.2 2.25 2.3 1.74406e+00 2.97628e-01 2.17966e+00 2.23464e-01 -2.44573e-01 4.15054e-01 2.07829e+00 2.31695e-01 2.01800e+00 2.88229e-01 4.73608e-01 3.95311e-01 1.43185e+00 3.11320e-01 
2.3 2.35 2.4 1.32315e+00 2.90926e-01 1.77321e+00 2.17838e-01 -6.64162e-01 3.77887e-01 1.68637e+00 2.28235e-01 1.55712e+00 2.78723e-01 8.52210e-02 3.82653e-01 9.68874e-01 2.93918e-01 
2.4 2.45 2.5 1.24515e+00 2.75168e-01 1.61694e+00 2.06205e-01 -3.43479e-01 3.81361e-01 1.53645e+00 2.13954e-01 1.47293e+00 2.65147e-01 2.30317e-01 3.63401e-01 9.98413e-01 2.90090e-01 
2.5 2.55 2.6 9.00374e-01 2.35233e-01 1.25161e+00 1.77214e-01 -4.95635e-01 3.23530e-01 1.13489e+00 1.84630e-01 1.09252e+00 2.27808e-01 -1.32436e-02 3.08533e-01 6.84099e-01 2.46420e-01 
2.6 2.65 2.7 1.07997e+00 2.15607e-01 1.23324e+00 1.60350e-01 1.63341e-01 3.01031e-01 1.18878e+00 1.67154e-01 1.21299e+00 2.07901e-01 4.70492e-01 2.84454e-01 9.24981e-01 2.26433e-01 
2.7 2.75 2.8 4.21128e-01 2.00911e-01 7.62512e-01 1.44147e-01 -5.06873e-01 2.73853e-01 6.61140e-01 1.56237e-01 6.29998e-01 1.83565e-01 -1.59977e-01 2.59711e-01 3.41846e-01 2.08199e-01 
2.8 2.85 2.9 9.27677e-01 1.96645e-01 1.01736e+00 1.48275e-01 2.13244e-01 2.69601e-01 9.84797e-01 1.53505e-01 1.03553e+00 1.91142e-01 5.45612e-01 2.57283e-01 7.85275e-01 2.06430e-01 
2.9 2.95 3.0 1.23921e-01 1.49060e-01 3.65838e-01 1.07847e-01 -6.65669e-01 1.97191e-01 3.06615e-01 1.13858e-01 2.47693e-01 1.41745e-01 -3.60125e-01 2.02135e-01 -2.69960e-02 1.49152e-01 
3.0 3.05 3.1 4.54045e-01 1.59858e-01 5.67882e-01 1.21164e-01 -7.74025e-02 2.14827e-01 5.27387e-01 1.24670e-01 5.48375e-01 1.56900e-01 1.53770e-01 2.09078e-01 3.47153e-01 1.64990e-01 
3.1 3.15 3.2 4.41493e-01 1.35998e-01 4.52167e-01 1.01077e-01 6.00728e-02 1.80250e-01 4.25450e-01 1.03887e-01 4.31869e-01 1.28951e-01 2.37991e-01 1.76189e-01 3.24883e-01 1.39586e-01 
3.2 3.25 3.3 1.31241e-01 1.09654e-01 2.35874e-01 7.99539e-02 -2.20479e-01 1.52899e-01 2.07667e-01 8.42284e-02 1.93917e-01 1.04776e-01 -9.34468e-02 1.46325e-01 7.57318e-02 1.15261e-01 
3.3 3.35 3.4 1.46144e-01 8.50087e-02 2.02437e-01 6.32725e-02 -1.23377e-01 1.16202e-01 1.88535e-01 6.65907e-02 1.81788e-01 8.14160e-02 2.38304e-03 1.10297e-01 8.49762e-02 8.99520e-02 
3.4 3.45 3.5 2.12813e-01 7.72044e-02 2.14610e-01 5.93755e-02 7.81576e-02 9.97583e-02 2.15056e-01 6.10787e-02 2.29932e-01 7.62429e-02 1.38685e-01 9.93958e-02 1.62869e-01 7.94081e-02 
