0.0 0.065449846958 0.13089969392 9.30020e+01 2.92638e+00 1.21349e+02 2.02763e+00 -2.53780e+01 4.38408e+00 1.15515e+02 2.14996e+00 1.08655e+02 2.75870e+00 1.50895e+01 4.17012e+00 7.52703e+01 3.08022e+00 
0.13089969392 0.19634954088 0.26179938783 9.54270e+01 3.55857e+00 1.27058e+02 2.40070e+00 -2.55608e+01 5.28308e+00 1.20696e+02 2.56083e+00 1.12327e+02 3.33070e+00 1.12942e+01 5.24401e+00 7.63952e+01 3.86515e+00 
0.26179938783 0.32724923479 0.39269908175 1.11846e+02 3.60600e+00 1.45528e+02 2.46298e+00 -2.78169e+01 5.81663e+00 1.38626e+02 2.61629e+00 1.31653e+02 3.40010e+00 2.12662e+01 5.24669e+00 9.21650e+01 3.97065e+00 
0.39269908175 0.45814892871 0.52359877567 8.87616e+01 3.19888e+00 1.18254e+02 2.17450e+00 -2.86745e+01 4.85992e+00 1.12191e+02 2.31273e+00 1.04665e+02 3.00313e+00 9.79761e+00 4.64794e+00 7.05760e+01 3.44332e+00 
0.52359877567 0.58904862263 0.65449846958 7.29059e+01 2.82198e+00 9.80451e+01 1.90089e+00 -2.89976e+01 4.38430e+00 9.29899e+01 2.04250e+00 8.62251e+01 2.61621e+00 6.07212e+00 4.09375e+00 5.72344e+01 3.01487e+00 
0.65449846958 0.71994831654 0.7853981635 6.73336e+01 2.50745e+00 8.66440e+01 1.64399e+00 -1.75819e+01 3.99499e+00 8.31537e+01 1.82975e+00 7.85591e+01 2.36307e+00 1.25024e+01 3.60861e+00 5.39777e+01 2.75126e+00 
0.7853981635 0.85084801046 0.91629785742 5.12050e+01 2.28437e+00 7.09141e+01 1.56048e+00 -2.58119e+01 3.31224e+00 6.78800e+01 1.70775e+00 6.12790e+01 2.14506e+00 1.67935e-01 3.30061e+00 3.97783e+01 2.46820e+00 
0.91629785742 0.98174770438 1.0471975513 4.91076e+01 2.12132e+00 6.56067e+01 1.42614e+00 -1.86082e+01 3.29632e+00 6.23224e+01 1.54323e+00 5.79095e+01 1.94838e+00 4.78918e+00 3.03105e+00 3.85408e+01 2.27563e+00 
1.0471975513 1.1126473983 1.1780972453 4.53772e+01 1.94086e+00 5.90156e+01 1.30915e+00 -1.18717e+01 3.04692e+00 5.62717e+01 1.40931e+00 5.29133e+01 1.79428e+00 7.96306e+00 2.80717e+00 3.67140e+01 2.09540e+00 
1.1780972453 1.2435470922 1.3089969392 3.91344e+01 1.83015e+00 5.22315e+01 1.25221e+00 -1.41187e+01 2.85615e+00 4.96030e+01 1.33025e+00 4.62041e+01 1.72234e+00 4.38137e+00 2.64614e+00 3.09883e+01 1.96743e+00 
1.3089969392 1.3744467861 1.4398966331 3.19233e+01 1.71605e+00 4.44033e+01 1.16141e+00 -1.66649e+01 2.70982e+00 4.20811e+01 1.26381e+00 3.82795e+01 1.60810e+00 -9.08628e-02 2.50191e+00 2.45532e+01 1.85008e+00 
1.4398966331 1.50534648 1.570796327 2.95892e+01 1.64062e+00 4.14690e+01 1.11188e+00 -1.60188e+01 2.58616e+00 3.91180e+01 1.17297e+00 3.58778e+01 1.53792e+00 -1.46315e-01 2.38896e+00 2.24470e+01 1.76799e+00 
1.570796327 1.636246174 1.7016960209 2.63673e+01 1.46353e+00 3.71746e+01 1.00235e+00 -1.51890e+01 2.27831e+00 3.50415e+01 1.06511e+00 3.19081e+01 1.37556e+00 -7.80436e-01 2.11027e+00 1.89949e+01 1.69041e+00 
1.7016960209 1.7671458679 1.8325957148 2.58615e+01 1.47441e+00 3.56087e+01 9.97560e-01 -1.15162e+01 2.17234e+00 3.39686e+01 1.00944e+00 3.09542e+01 1.38679e+00 9.29765e-01 2.15544e+00 2.04781e+01 1.49710e+00 
1.8325957148 1.8980455618 1.9634954088 2.29325e+01 1.44355e+00 3.35613e+01 9.20598e-01 -1.38301e+01 2.30687e+00 3.13279e+01 1.01774e+00 2.91610e+01 1.26606e+00 -7.56311e-01 2.13603e+00 1.70058e+01 1.57964e+00 
1.9634954088 2.0289452557 2.0943951027 2.05079e+01 1.40194e+00 3.07180e+01 9.09706e-01 -1.44269e+01 2.16874e+00 2.88344e+01 1.00293e+00 2.54664e+01 1.29478e+00 -3.33040e+00 1.98858e+00 1.53283e+01 1.52868e+00 
2.0943951027 2.1598449496 2.2252947966 2.03479e+01 1.36609e+00 3.01443e+01 8.71708e-01 -1.49058e+01 2.19564e+00 2.78348e+01 9.82721e-01 2.55823e+01 1.20588e+00 -2.73245e+00 1.99020e+00 1.47409e+01 1.48846e+00 
2.2252947966 2.2907446435 2.3561944905 1.80679e+01 1.33002e+00 2.78539e+01 8.88091e-01 -1.70678e+01 2.13739e+00 2.59664e+01 9.52225e-01 2.27926e+01 1.23806e+00 -4.92372e+00 1.94909e+00 1.25187e+01 1.45122e+00 
2.3561944905 2.4216443375 2.4870941844 1.53921e+01 1.35869e+00 2.56447e+01 8.97256e-01 -2.00863e+01 2.19176e+00 2.37641e+01 9.66366e-01 2.00589e+01 1.25921e+00 -8.05493e+00 2.00381e+00 9.85851e+00 1.48096e+00 
2.4870941844 2.5525440314 2.6179938783 1.65961e+01 1.29773e+00 2.60051e+01 8.72739e-01 -1.45645e+01 2.06522e+00 2.40674e+01 9.25187e-01 2.09563e+01 1.20309e+00 -4.96661e+00 1.90767e+00 1.25285e+01 1.40210e+00 
2.6179938783 2.6834437253 2.7488935723 1.58401e+01 1.34009e+00 2.49378e+01 8.84866e-01 -1.71706e+01 2.04572e+00 2.32901e+01 9.33656e-01 2.01173e+01 1.24157e+00 -5.68003e+00 1.97093e+00 1.08613e+01 1.42335e+00 
2.7488935723 2.8143434192 2.8797932662 1.17228e+01 1.34928e+00 2.21417e+01 8.80200e-01 -2.27278e+01 2.20078e+00 2.02338e+01 9.51378e-01 1.62761e+01 1.24610e+00 -1.11694e+01 2.00610e+00 6.30697e+00 1.47576e+00 
2.8797932662 2.9452431131 3.0106929601 1.24886e+01 1.35496e+00 2.26000e+01 8.76121e-01 -1.97673e+01 2.22364e+00 2.06790e+01 9.72146e-01 1.71464e+01 1.25402e+00 -8.90670e+00 2.02427e+00 7.44486e+00 1.48402e+00 
3.0106929601 3.076142807 3.141592654 1.27469e+01 1.09477e+00 2.19549e+01 7.56650e-01 -1.97733e+01 1.78496e+00 2.04101e+01 7.96520e-01 1.65674e+01 1.05477e+00 -8.33290e+00 1.62563e+00 7.35113e+00 1.21842e+00 
