0.0 0.05 0.1 2.16524e+02 5.31393e+00 2.42587e+02 3.73849e+00 6.38054e+01 7.91706e+00 2.35116e+02 3.90097e+00 2.35575e+02 5.10507e+00 1.08284e+02 7.56818e+00 1.97676e+02 5.54314e+00 
0.1 0.15 0.2 2.19045e+02 6.08744e+00 2.44414e+02 4.18739e+00 6.66703e+01 9.40253e+00 2.38122e+02 4.35520e+00 2.37189e+02 5.84758e+00 1.12551e+02 9.07138e+00 2.04177e+02 6.39774e+00 
0.2 0.25 0.3 2.43358e+02 6.46220e+00 2.66769e+02 4.44799e+00 8.73280e+01 1.00727e+01 2.59401e+02 4.62108e+00 2.63895e+02 6.22100e+00 1.34211e+02 9.52646e+00 2.24547e+02 6.69217e+00 
0.3 0.35 0.4 2.34973e+02 6.38917e+00 2.65251e+02 4.60762e+00 5.07156e+01 1.02006e+01 2.56824e+02 4.78089e+00 2.57106e+02 6.16534e+00 1.07597e+02 9.31215e+00 2.09592e+02 6.91521e+00 
0.4 0.45 0.5 2.71453e+02 7.32102e+00 3.07017e+02 5.03700e+00 6.63190e+01 1.09664e+01 2.97803e+02 5.23009e+00 2.96393e+02 7.04642e+00 1.27187e+02 1.07970e+01 2.44990e+02 7.46560e+00 
0.5 0.55 0.6 3.10952e+02 7.53893e+00 3.51104e+02 5.24328e+00 8.07734e+01 1.18034e+01 3.40454e+02 5.43819e+00 3.39612e+02 7.26798e+00 1.47017e+02 1.09871e+01 2.82693e+02 8.16588e+00 
0.6 0.65 0.7 3.04828e+02 7.38366e+00 3.31360e+02 5.03333e+00 1.15792e+02 1.15187e+01 3.22548e+02 5.24844e+00 3.29121e+02 7.15993e+00 1.73091e+02 1.09602e+01 2.81039e+02 7.73784e+00 
0.7 0.75 0.8 2.70526e+02 6.92772e+00 2.99668e+02 4.75555e+00 8.62322e+01 1.07670e+01 2.91056e+02 4.93689e+00 2.94085e+02 6.66660e+00 1.41390e+02 1.02533e+01 2.47169e+02 7.25226e+00 
0.8 0.85 0.9 2.52403e+02 6.65811e+00 2.78562e+02 4.55545e+00 8.37416e+01 1.03828e+01 2.70808e+02 4.73322e+00 2.73904e+02 6.40117e+00 1.34004e+02 9.88095e+00 2.31140e+02 6.97455e+00 
0.9 0.95 1.0 2.39304e+02 6.85446e+00 2.63642e+02 4.62717e+00 8.01814e+01 1.08650e+01 2.56290e+02 4.82231e+00 2.59697e+02 6.56584e+00 1.28182e+02 1.02938e+01 2.19118e+02 7.20939e+00 
1.0 1.05 1.1 2.24049e+02 6.40486e+00 2.47880e+02 4.36845e+00 7.40207e+01 1.04997e+01 2.41065e+02 4.54494e+00 2.43283e+02 6.14963e+00 1.17379e+02 9.52389e+00 2.06409e+02 6.98279e+00 
1.1 1.15 1.2 2.21222e+02 6.49541e+00 2.41337e+02 4.38447e+00 7.82115e+01 1.02630e+01 2.35174e+02 4.43663e+00 2.38942e+02 6.21417e+00 1.23099e+02 9.74241e+00 2.02525e+02 6.82797e+00 
1.2 1.25 1.3 2.02924e+02 6.18133e+00 2.25374e+02 4.26574e+00 6.42709e+01 9.90851e+00 2.18705e+02 4.38717e+00 2.21280e+02 6.02548e+00 1.05343e+02 9.18518e+00 1.85745e+02 6.50305e+00 
1.3 1.35 1.4 1.95921e+02 6.28372e+00 2.16768e+02 4.21954e+00 6.56078e+01 9.52437e+00 2.09901e+02 4.42704e+00 2.14228e+02 5.97325e+00 1.04170e+02 9.45984e+00 1.79229e+02 6.27016e+00 
1.4 1.45 1.5 2.00662e+02 6.21842e+00 2.13237e+02 3.99789e+00 8.20505e+01 9.84782e+00 2.10066e+02 4.37530e+00 2.12917e+02 5.60860e+00 1.20061e+02 9.32968e+00 1.85124e+02 6.54358e+00 
1.5 1.55 1.6 1.79188e+02 6.17212e+00 1.96098e+02 3.85542e+00 5.60378e+01 9.78896e+00 1.92597e+02 4.33501e+00 1.92661e+02 5.53767e+00 9.05332e+01 8.55207e+00 1.63185e+02 6.49319e+00 
1.6 1.65 1.7 1.69783e+02 5.92882e+00 1.88299e+02 4.00302e+00 5.24551e+01 9.35997e+00 1.82646e+02 4.18240e+00 1.85503e+02 5.66957e+00 9.07593e+01 8.86936e+00 1.54628e+02 6.24451e+00 
1.7 1.75 1.8 1.72957e+02 6.09697e+00 1.86482e+02 4.01347e+00 6.54047e+01 9.74815e+00 1.81987e+02 4.20103e+00 1.86751e+02 5.80787e+00 9.97923e+01 9.18446e+00 1.58296e+02 6.31577e+00 
1.8 1.85 1.9 1.58806e+02 5.75936e+00 1.76159e+02 3.90101e+00 4.68200e+01 9.06397e+00 1.71305e+02 4.07988e+00 1.72965e+02 5.49994e+00 8.20889e+01 8.56290e+00 1.44241e+02 6.07655e+00 
1.9 1.95 2.0 1.63858e+02 6.04775e+00 1.74759e+02 4.03245e+00 6.80328e+01 9.69146e+00 1.70937e+02 4.22929e+00 1.76198e+02 5.75712e+00 9.96308e+01 9.12411e+00 1.51303e+02 6.40269e+00 
2.0 2.05 2.1 1.54401e+02 5.88104e+00 1.66268e+02 3.92844e+00 5.93051e+01 9.39076e+00 1.62475e+02 4.11890e+00 1.66631e+02 5.54408e+00 9.02909e+01 8.85766e+00 1.42025e+02 6.21846e+00 
2.1 2.15 2.2 1.37144e+02 5.26793e+00 1.53173e+02 3.59988e+00 3.52944e+01 9.09844e+00 1.48970e+02 3.76160e+00 1.49710e+02 5.03807e+00 6.82743e+01 7.74908e+00 1.23460e+02 6.04885e+00 
2.2 2.25 2.3 1.40926e+02 5.76374e+00 1.54215e+02 3.78637e+00 5.33841e+01 9.32481e+00 1.48435e+02 4.01857e+00 1.55733e+02 5.41289e+00 8.19822e+01 8.71729e+00 1.29693e+02 6.14103e+00 
2.3 2.35 2.4 1.28722e+02 5.71605e+00 1.41289e+02 3.76687e+00 4.11526e+01 9.24275e+00 1.37686e+02 3.98879e+00 1.39646e+02 5.40404e+00 6.94969e+01 8.63136e+00 1.17416e+02 6.10012e+00 
2.4 2.45 2.5 1.19130e+02 5.47076e+00 1.31307e+02 3.62495e+00 3.54834e+01 8.80539e+00 1.28062e+02 3.82169e+00 1.29529e+02 5.18145e+00 6.27091e+01 8.24857e+00 1.08242e+02 5.82234e+00 
2.5 2.55 2.6 1.17064e+02 5.26177e+00 1.27708e+02 3.51359e+00 3.85096e+01 8.42350e+00 1.24631e+02 3.70192e+00 1.27062e+02 4.98829e+00 6.53161e+01 7.90454e+00 1.06562e+02 5.61240e+00 
2.6 2.65 2.7 1.12503e+02 5.24309e+00 1.22950e+02 3.49805e+00 3.88520e+01 8.79611e+00 1.19911e+02 3.67932e+00 1.23493e+02 5.11076e+00 6.40151e+01 8.11967e+00 1.04017e+02 5.80291e+00 
2.7 2.75 2.8 1.09315e+02 5.19220e+00 1.17971e+02 3.44314e+00 3.90647e+01 8.33849e+00 1.15391e+02 3.62679e+00 1.18149e+02 4.92350e+00 6.28756e+01 7.82719e+00 9.99843e+01 5.51653e+00 
2.8 2.85 2.9 1.05821e+02 4.96824e+00 1.13529e+02 3.31878e+00 3.92616e+01 7.91301e+00 1.10947e+02 3.49464e+00 1.14507e+02 4.71388e+00 6.27924e+01 7.42712e+00 9.65216e+01 5.27853e+00 
2.9 2.95 3.0 8.64951e+01 4.85746e+00 9.83357e+01 3.22830e+00 1.55898e+01 7.77387e+00 9.58319e+01 3.40415e+00 9.48429e+01 4.60260e+00 3.81524e+01 7.29150e+00 7.75723e+01 5.16622e+00 
3.0 3.05 3.1 9.35686e+01 5.08691e+00 1.00538e+02 3.35599e+00 3.23651e+01 8.20968e+00 9.86631e+01 3.53698e+00 1.00841e+02 4.82373e+00 5.40623e+01 7.70465e+00 8.50826e+01 5.40950e+00 
3.1 3.15 3.2 8.76578e+01 4.98769e+00 9.51485e+01 3.29132e+00 2.82677e+01 8.03915e+00 9.29613e+01 3.47664e+00 9.52391e+01 4.71819e+00 4.92875e+01 7.52873e+00 7.97400e+01 5.33237e+00 
3.2 3.25 3.3 8.05478e+01 5.10661e+00 8.81975e+01 3.33820e+00 2.14446e+01 8.26700e+00 8.62401e+01 3.53730e+00 8.76037e+01 4.81483e+00 4.30949e+01 7.76112e+00 7.43550e+01 5.43470e+00 
3.3 3.35 3.4 7.93863e+01 4.80504e+00 8.53866e+01 3.18846e+00 2.80511e+01 7.79200e+00 8.40913e+01 3.35715e+00 8.65541e+01 4.59934e+00 4.70290e+01 7.28264e+00 7.29218e+01 5.26245e+00 
3.4 3.45 3.5 6.82693e+01 4.68663e+00 7.59007e+01 3.07158e+00 1.57376e+01 7.59256e+00 7.40371e+01 3.25078e+00 7.47860e+01 4.42601e+00 3.41267e+01 7.10711e+00 6.10684e+01 4.99819e+00 
3.5 3.55 3.6 6.57702e+01 4.76869e+00 7.29589e+01 2.97556e+00 1.93215e+01 7.51937e+00 7.07281e+01 3.33793e+00 7.11651e+01 4.59332e+00 3.54607e+01 7.28285e+00 5.96682e+01 4.93903e+00 
3.6 3.65 3.7 5.18390e+01 4.70630e+00 6.26691e+01 3.06460e+00 -3.40896e+00 7.68452e+00 6.04579e+01 3.25831e+00 5.85953e+01 4.42259e+00 1.77954e+01 6.78376e+00 4.42950e+01 5.04911e+00 
3.7 3.75 3.8 6.50763e+01 4.74281e+00 6.95834e+01 3.07065e+00 1.98719e+01 6.92405e+00 6.85321e+01 3.27279e+00 7.15068e+01 4.44814e+00 4.05513e+01 7.08393e+00 5.62787e+01 4.61365e+00 
3.8 3.85 3.9 5.36646e+01 4.18111e+00 6.00005e+01 2.77291e+00 1.18571e+01 6.70812e+00 5.81586e+01 2.92818e+00 5.87846e+01 3.94072e+00 2.68303e+01 6.26187e+00 4.79179e+01 4.47079e+00 
3.9 3.95 4.0 4.30215e+01 4.18816e+00 5.07304e+01 2.74361e+00 2.06571e-01 6.77561e+00 4.91477e+01 2.91641e+00 4.82620e+01 3.93904e+00 1.50766e+01 6.31356e+00 3.67892e+01 4.33314e+00 
4.0 4.05 4.1 5.33030e+01 4.05059e+00 5.77204e+01 2.86574e+00 2.45236e+01 7.12024e+00 5.50636e+01 2.83183e+00 5.91332e+01 4.14278e+00 3.65042e+01 6.72354e+00 4.85003e+01 4.33317e+00 
4.1 4.15 4.2 3.64036e+01 4.33500e+00 4.42406e+01 2.76483e+00 -3.11803e+00 7.13626e+00 4.40626e+01 2.79314e+00 4.08311e+01 4.11246e+00 1.03932e+01 6.62596e+00 3.10552e+01 4.66292e+00 
4.2 4.25 4.3 3.29024e+01 3.87394e+00 3.96264e+01 2.53018e+00 -3.05719e+00 6.27468e+00 3.82776e+01 2.69595e+00 3.73207e+01 3.63583e+00 9.71508e+00 5.83725e+00 2.77624e+01 4.15970e+00 
4.3 4.35 4.4 3.52357e+01 4.08055e+00 3.84521e+01 2.57021e+00 5.68651e+00 6.74788e+00 3.73531e+01 2.75215e+00 3.89483e+01 3.80745e+00 1.68328e+01 6.23326e+00 2.89613e+01 4.30757e+00 
4.4 4.45 4.5 2.54942e+01 3.54461e+00 3.21645e+01 2.33318e+00 -7.18658e+00 5.68495e+00 3.07760e+01 2.48461e+00 2.96556e+01 3.32955e+00 4.62272e+00 5.29091e+00 2.05900e+01 3.80479e+00 
4.5 4.55 4.6 3.05088e+01 4.00115e+00 3.49772e+01 2.58445e+00 1.99208e+00 6.56209e+00 3.40455e+01 2.76649e+00 3.40092e+01 3.73753e+00 1.52469e+01 5.36666e+00 2.63984e+01 4.31974e+00 
4.6 4.65 4.7 2.66543e+01 3.98118e+00 2.92633e+01 2.62135e+00 -6.64759e-02 6.46444e+00 2.97642e+01 2.74247e+00 2.99998e+01 3.75154e+00 1.16662e+01 6.14777e+00 2.19236e+01 4.24702e+00 
4.7 4.75 4.8 2.84817e+01 3.96096e+00 3.10064e+01 2.55503e+00 6.60903e+00 6.49436e+00 3.03178e+01 2.75048e+00 3.11569e+01 3.69001e+00 1.52530e+01 5.99458e+00 2.52868e+01 4.28857e+00 
4.8 4.85 4.9 1.83155e+01 3.63885e+00 2.35668e+01 2.16022e+00 -5.03306e+00 6.12869e+00 2.23831e+01 2.51196e+00 2.18272e+01 3.08082e+00 2.54889e+00 5.52728e+00 1.54421e+01 3.85256e+00 
4.9 4.95 5.0 2.64576e+01 3.80777e+00 2.76043e+01 2.45319e+00 9.60738e+00 6.25152e+00 2.72758e+01 2.63888e+00 2.85167e+01 3.54058e+00 1.66795e+01 5.75580e+00 2.39682e+01 4.13243e+00 
5.0 5.05 5.1 2.06969e+01 3.68121e+00 2.23656e+01 2.34476e+00 6.61756e+00 6.17083e+00 2.19400e+01 2.52813e+00 2.27012e+01 3.41446e+00 1.15218e+01 5.62434e+00 1.95903e+01 4.04421e+00 
5.1 5.15 5.2 1.15018e+01 3.50274e+00 1.64029e+01 2.23641e+00 -7.96413e+00 5.78898e+00 1.55281e+01 2.41642e+00 1.41412e+01 3.24211e+00 -2.21533e+00 5.32195e+00 9.58633e+00 3.80815e+00 
5.2 5.25 5.3 1.37635e+01 3.12636e+00 1.67977e+01 2.10153e+00 -1.47477e+00 5.65777e+00 1.54285e+01 2.30317e+00 1.56347e+01 3.00069e+00 3.41789e+00 5.21033e+00 9.73741e+00 3.51107e+00 
5.3 5.35 5.4 1.83512e+01 3.41484e+00 1.86962e+01 2.15070e+00 6.46109e+00 5.74194e+00 1.85169e+01 2.35744e+00 1.97316e+01 3.10952e+00 1.25770e+01 5.17847e+00 1.60863e+01 3.80678e+00 
5.4 5.45 5.5 1.42172e+01 3.30584e+00 1.53550e+01 2.09088e+00 4.17603e+00 5.43934e+00 1.51366e+01 2.27322e+00 1.56766e+01 3.04485e+00 7.93229e+00 5.04522e+00 1.05368e+01 3.15600e+00 
5.5 5.55 5.6 1.53136e+01 3.26411e+00 1.48439e+01 2.08822e+00 6.40765e+00 5.42409e+00 1.54144e+01 2.25279e+00 1.64241e+01 3.01148e+00 8.05102e+00 4.98002e+00 1.38927e+01 3.57374e+00 
5.6 5.65 5.7 9.63137e+00 3.23862e+00 1.12785e+01 2.05072e+00 -2.32115e+00 5.45121e+00 1.10799e+01 2.23320e+00 1.07857e+01 2.97694e+00 3.02914e+00 4.91878e+00 7.36803e+00 3.58597e+00 
5.7 5.75 5.8 6.74193e+00 3.07773e+00 9.15447e+00 1.94159e+00 -4.92584e+00 5.16289e+00 8.62742e+00 2.11711e+00 8.49093e+00 2.84630e+00 1.96454e-01 4.73272e+00 4.71970e+00 3.38994e+00 
5.8 5.85 5.9 1.24221e+01 3.17326e+00 1.18401e+01 1.98074e+00 5.96662e+00 5.25525e+00 1.18555e+01 2.21641e+00 1.27011e+01 2.92689e+00 9.54955e+00 4.76249e+00 1.11283e+01 3.50059e+00 
5.9 5.95 6.0 8.54431e+00 2.89226e+00 9.11655e+00 1.83611e+00 1.34311e+00 4.77626e+00 8.87152e+00 1.99553e+00 9.37060e+00 2.65323e+00 4.85675e+00 4.36409e+00 7.20351e+00 3.17239e+00 
6.0 6.05 6.1 8.47701e+00 3.01922e+00 8.95921e+00 1.90456e+00 3.76751e+00 4.88937e+00 9.35057e+00 2.10962e+00 9.14463e+00 2.76684e+00 5.29376e+00 4.51632e+00 8.24140e+00 3.22708e+00 
6.1 6.15 6.2 3.75143e+00 2.41384e+00 5.05214e+00 1.56417e+00 -3.35049e+00 4.13457e+00 4.78914e+00 1.68158e+00 4.61600e+00 2.25723e+00 -3.92168e-01 3.73276e+00 2.09438e+00 2.68956e+00 
6.2 6.25 6.3 9.89301e-01 2.38908e+00 2.87941e+00 1.54756e+00 -6.44082e+00 3.92906e+00 2.64346e+00 1.65918e+00 1.26356e+00 2.20720e+00 -5.45646e+00 3.57751e+00 -3.53605e-01 2.71659e+00 
6.3 6.35 6.4 3.00182e+00 2.21961e+00 3.58295e+00 1.38376e+00 -1.34079e+00 3.68050e+00 3.57487e+00 1.52872e+00 2.43150e+00 1.97371e+00 -3.75875e-01 3.30846e+00 2.67126e+00 2.43366e+00 
6.4 6.45 6.5 5.90810e+00 2.40107e+00 5.59410e+00 1.53141e+00 3.53745e+00 3.83381e+00 5.66178e+00 1.68533e+00 6.17258e+00 2.18763e+00 4.78377e+00 3.56172e+00 5.96224e+00 2.64631e+00 
6.5 6.55 6.6 5.65284e+00 2.51488e+00 4.72797e+00 1.61413e+00 2.94588e+00 4.16054e+00 5.20373e+00 1.76392e+00 5.21335e+00 2.31169e+00 4.01470e+00 3.76750e+00 4.73946e+00 2.80705e+00 
6.6 6.65 6.7 5.89130e+00 2.62715e+00 4.90945e+00 1.67691e+00 3.36352e+00 4.31443e+00 4.87750e+00 1.84393e+00 5.80974e+00 2.39527e+00 5.64407e+00 3.89518e+00 4.89065e+00 2.91880e+00 
6.7 6.75 6.8 5.37763e+00 2.50489e+00 3.86625e+00 1.46658e+00 4.37522e+00 4.09496e+00 3.26598e+00 1.62230e+00 5.37403e+00 2.28666e+00 5.71734e+00 3.70988e+00 4.88351e+00 2.77555e+00 
6.8 6.85 6.9 -9.67902e-01 1.60369e+00 1.74968e-01 9.94910e-01 -4.38529e+00 2.72585e+00 -3.55365e-02 1.11141e+00 -5.13370e-01 1.43843e+00 -3.11621e+00 2.41554e+00 -1.57877e+00 1.81299e+00 
6.9 6.95 7.0 -2.99045e+00 1.62675e+00 -8.97692e-01 1.01866e+00 -6.86445e+00 2.72494e+00 -1.40022e+00 1.13196e+00 -2.09541e+00 1.46876e+00 -5.80608e+00 2.45075e+00 -3.22833e+00 1.82537e+00 
7.0 7.05 7.1 1.69895e+00 1.93656e+00 1.21867e+00 1.09229e+00 -8.41945e-01 2.92037e+00 1.21685e+00 1.20712e+00 2.20762e+00 1.75286e+00 -5.00856e-02 2.62002e+00 5.48310e-01 1.93460e+00 
7.1 7.15 7.2 -6.32268e-01 9.43757e-01 -2.31662e-01 5.86470e-01 -2.54175e+00 1.60774e+00 -1.15107e-01 6.54797e-01 -5.06787e-01 8.47988e-01 -1.79487e+00 1.41829e+00 -9.99653e-01 1.07287e+00 
7.2 7.25 7.3 -3.98441e+00 3.60370e-01 -2.15133e+00 1.95751e-01 -8.15501e+00 6.97317e-01 -2.52255e+00 2.28252e-01 -3.39854e+00 3.09138e-01 -6.60682e+00 5.97292e-01 -4.91655e+00 4.21368e-01 
7.3 7.35 7.4 -2.82166e+00 2.48050e-01 -1.50839e+00 1.33789e-01 -5.49985e+00 5.33238e-01 -1.78452e+00 1.56844e-01 -2.38539e+00 2.11620e-01 -4.57638e+00 4.46566e-01 -3.30764e+00 3.21137e-01 
7.4 7.45 7.5 -2.26470e+00 1.84428e-01 -1.21049e+00 9.90052e-02 -4.65520e+00 3.79765e-01 -1.43175e+00 1.16608e-01 -1.98508e+00 1.59050e-01 -3.76163e+00 3.06293e-01 -2.81114e+00 2.23059e-01 
7.5 7.55 7.6 -1.63899e+00 1.48290e-01 -8.12135e-01 7.45167e-02 -2.48956e+00 2.29694e-01 -7.85568e-01 7.26750e-02 -1.28504e+00 1.17996e-01 -2.68912e+00 2.55654e-01 -1.50930e+00 1.38903e-01 
7.6 7.65 7.7 -8.76583e-01 8.87691e-02 -4.64213e-01 4.72594e-02 -1.77067e+00 1.78310e-01 -5.54149e-01 5.61870e-02 -7.34391e-01 7.46790e-02 -1.45595e+00 1.47236e-01 -1.06621e+00 1.07532e-01 
7.7 7.75 7.8 -5.20631e-01 6.11794e-02 -2.91363e-01 3.41565e-02 -1.13125e+00 1.30751e-01 -3.61464e-01 3.98325e-02 -4.60462e-01 5.40202e-02 -9.84205e-01 1.02404e-01 -6.72805e-01 7.58774e-02 
7.8 7.85 7.9 -2.64212e-01 2.54981e-02 -1.37772e-01 1.33241e-02 -5.76167e-01 5.50628e-02 -1.77443e-01 1.69849e-02 -2.17526e-01 2.10586e-02 -4.37808e-01 4.23016e-02 -3.27593e-01 3.15311e-02 
7.9 7.95 8.0 -1.32050e-01 1.47647e-02 -7.18342e-02 7.73027e-03 -2.75895e-01 3.08295e-02 -8.37690e-02 9.36187e-03 -1.13166e-01 1.21964e-02 -2.18404e-01 2.44363e-02 -1.66844e-01 1.86336e-02 
8.0 8.05 8.1 -2.34929e-02 2.70310e-03 -9.87754e-03 1.16779e-03 -3.98897e-02 5.06109e-03 -1.49766e-02 1.72310e-03 -1.54843e-02 1.83301e-03 -3.86207e-02 4.44463e-03 -2.43092e-02 3.08218e-03 
8.1 8.15 8.2 -2.65587e-03 3.91963e-04 -1.29833e-03 1.93509e-04 -7.59190e-03 9.94431e-04 -1.69994e-03 2.51125e-04 -2.02803e-03 3.02058e-04 -4.34398e-03 6.40470e-04 -4.61851e-03 6.06252e-04 
8.2 8.25 8.3 -3.78633e-04 4.79908e-05 -1.92195e-04 2.49014e-05 -8.92037e-04 1.08654e-04 -2.43039e-04 3.07631e-05 -3.00625e-04 3.89816e-05 -6.17217e-04 7.83672e-05 -6.07039e-04 7.44993e-05 
8.3 8.35 8.4 -4.47209e-07 9.03985e-08 -1.82408e-08 7.31774e-09 -3.19477e-07 1.13201e-07 -2.87584e-07 5.80876e-08 -2.79989e-08 1.12647e-08 -7.27345e-07 1.47164e-07 -1.95673e-07 6.94697e-08 
8.4 8.45 8.5 0.00000e+00 0.00000e+00 0.00000e+00 0.00000e+00 0.00000e+00 0.00000e+00 0.00000e+00 0.00000e+00 0.00000e+00 0.00000e+00 0.00000e+00 0.00000e+00 0.00000e+00 0.00000e+00 
8.5 8.55 8.6 0.00000e+00 0.00000e+00 0.00000e+00 0.00000e+00 0.00000e+00 0.00000e+00 0.00000e+00 0.00000e+00 0.00000e+00 0.00000e+00 0.00000e+00 0.00000e+00 0.00000e+00 0.00000e+00 
8.6 8.65 8.7 0.00000e+00 0.00000e+00 0.00000e+00 0.00000e+00 0.00000e+00 0.00000e+00 0.00000e+00 0.00000e+00 0.00000e+00 0.00000e+00 0.00000e+00 0.00000e+00 0.00000e+00 0.00000e+00 
8.7 8.75 8.8 0.00000e+00 0.00000e+00 0.00000e+00 0.00000e+00 0.00000e+00 0.00000e+00 0.00000e+00 0.00000e+00 0.00000e+00 0.00000e+00 0.00000e+00 0.00000e+00 0.00000e+00 0.00000e+00 
8.8 8.85 8.9 0.00000e+00 0.00000e+00 0.00000e+00 0.00000e+00 0.00000e+00 0.00000e+00 0.00000e+00 0.00000e+00 0.00000e+00 0.00000e+00 0.00000e+00 0.00000e+00 0.00000e+00 0.00000e+00 
8.9 8.95 9.0 0.00000e+00 0.00000e+00 0.00000e+00 0.00000e+00 0.00000e+00 0.00000e+00 0.00000e+00 0.00000e+00 0.00000e+00 0.00000e+00 0.00000e+00 0.00000e+00 0.00000e+00 0.00000e+00 
9.0 9.05 9.1 0.00000e+00 0.00000e+00 0.00000e+00 0.00000e+00 0.00000e+00 0.00000e+00 0.00000e+00 0.00000e+00 0.00000e+00 0.00000e+00 0.00000e+00 0.00000e+00 0.00000e+00 0.00000e+00 
9.1 9.15 9.2 0.00000e+00 0.00000e+00 0.00000e+00 0.00000e+00 0.00000e+00 0.00000e+00 0.00000e+00 0.00000e+00 0.00000e+00 0.00000e+00 0.00000e+00 0.00000e+00 0.00000e+00 0.00000e+00 
9.2 9.25 9.3 0.00000e+00 0.00000e+00 0.00000e+00 0.00000e+00 0.00000e+00 0.00000e+00 0.00000e+00 0.00000e+00 0.00000e+00 0.00000e+00 0.00000e+00 0.00000e+00 0.00000e+00 0.00000e+00 
9.3 9.35 9.4 0.00000e+00 0.00000e+00 0.00000e+00 0.00000e+00 0.00000e+00 0.00000e+00 0.00000e+00 0.00000e+00 0.00000e+00 0.00000e+00 0.00000e+00 0.00000e+00 0.00000e+00 0.00000e+00 
9.4 9.45 9.5 0.00000e+00 0.00000e+00 0.00000e+00 0.00000e+00 0.00000e+00 0.00000e+00 0.00000e+00 0.00000e+00 0.00000e+00 0.00000e+00 0.00000e+00 0.00000e+00 0.00000e+00 0.00000e+00 
9.5 9.55 9.6 0.00000e+00 0.00000e+00 0.00000e+00 0.00000e+00 0.00000e+00 0.00000e+00 0.00000e+00 0.00000e+00 0.00000e+00 0.00000e+00 0.00000e+00 0.00000e+00 0.00000e+00 0.00000e+00 
9.6 9.65 9.7 0.00000e+00 0.00000e+00 0.00000e+00 0.00000e+00 0.00000e+00 0.00000e+00 0.00000e+00 0.00000e+00 0.00000e+00 0.00000e+00 0.00000e+00 0.00000e+00 0.00000e+00 0.00000e+00 
9.7 9.75 9.8 0.00000e+00 0.00000e+00 0.00000e+00 0.00000e+00 0.00000e+00 0.00000e+00 0.00000e+00 0.00000e+00 0.00000e+00 0.00000e+00 0.00000e+00 0.00000e+00 0.00000e+00 0.00000e+00 
9.8 9.85 9.9 0.00000e+00 0.00000e+00 0.00000e+00 0.00000e+00 0.00000e+00 0.00000e+00 0.00000e+00 0.00000e+00 0.00000e+00 0.00000e+00 0.00000e+00 0.00000e+00 0.00000e+00 0.00000e+00 
9.9 9.95 10.0 0.00000e+00 0.00000e+00 0.00000e+00 0.00000e+00 0.00000e+00 0.00000e+00 0.00000e+00 0.00000e+00 0.00000e+00 0.00000e+00 0.00000e+00 0.00000e+00 0.00000e+00 0.00000e+00 
