0.0 25.0 50.0 0.00000e+00 0.00000e+00 0.00000e+00 0.00000e+00 0.00000e+00 0.00000e+00 0.00000e+00 0.00000e+00 0.00000e+00 0.00000e+00 0.00000e+00 0.00000e+00 0.00000e+00 0.00000e+00 
50.0 75.0 100.0 -7.57590e-03 9.61187e-04 1.16889e-04 7.31269e-04 -2.65833e-02 1.31766e-03 -1.06400e-03 7.62445e-04 -5.32831e-03 9.29073e-04 -2.13172e-02 1.25274e-03 -1.03381e-02 1.00897e-03 
100.0 125.0 150.0 2.88007e-02 2.12832e-03 5.49669e-02 1.67509e-03 -6.00376e-02 2.91871e-03 5.04326e-02 1.71344e-03 3.97641e-02 2.10826e-03 -2.88928e-02 2.70304e-03 1.37174e-02 2.27003e-03 
150.0 175.0 200.0 9.33566e-02 2.21378e-03 1.12030e-01 1.72331e-03 5.33428e-03 2.79509e-03 1.07448e-01 1.78884e-03 1.06335e-01 2.14945e-03 3.91797e-02 2.79153e-03 7.87697e-02 2.24997e-03 
200.0 225.0 250.0 1.01045e-01 2.31438e-03 1.18549e-01 1.73536e-03 1.18991e-02 3.22414e-03 1.14281e-01 1.74429e-03 1.13127e-01 2.16000e-03 4.76548e-02 3.05045e-03 8.56554e-02 2.28621e-03 
250.0 275.0 300.0 9.67203e-02 2.12657e-03 1.12125e-01 1.58806e-03 1.49087e-02 2.97797e-03 1.08185e-01 1.66270e-03 1.08789e-01 2.04070e-03 4.88973e-02 2.82699e-03 8.21303e-02 2.24457e-03 
300.0 325.0 350.0 9.06156e-02 1.87609e-03 1.00728e-01 1.39352e-03 2.59596e-02 2.58360e-03 9.78005e-02 1.47539e-03 1.00142e-01 1.79119e-03 5.38812e-02 2.48431e-03 7.87937e-02 2.02090e-03 
350.0 375.0 400.0 7.99260e-02 1.57557e-03 8.70839e-02 1.19096e-03 2.78539e-02 2.14509e-03 8.50102e-02 1.24716e-03 8.75481e-02 1.51333e-03 5.07389e-02 2.04102e-03 7.05087e-02 1.65626e-03 
400.0 425.0 450.0 6.52130e-02 1.56571e-03 7.19817e-02 1.11535e-03 2.08277e-02 2.27375e-03 6.98921e-02 1.20174e-03 7.21566e-02 1.44845e-03 4.02743e-02 2.11800e-03 5.72388e-02 1.68713e-03 
450.0 475.0 500.0 5.96499e-02 1.47230e-03 6.31441e-02 1.04726e-03 2.56854e-02 2.15470e-03 6.20135e-02 1.12405e-03 6.46014e-02 1.36920e-03 4.13167e-02 1.96027e-03 5.34223e-02 1.57818e-03 
500.0 525.0 550.0 4.80896e-02 1.30654e-03 5.16682e-02 9.37494e-04 1.83400e-02 1.91176e-03 5.06507e-02 9.98015e-04 5.26893e-02 1.23346e-03 3.16798e-02 1.72562e-03 4.26438e-02 1.40286e-03 
550.0 575.0 600.0 4.21690e-02 1.23516e-03 4.47329e-02 8.80793e-04 1.82274e-02 1.66481e-03 4.43273e-02 9.26124e-04 4.56451e-02 1.13174e-03 2.86702e-02 1.60719e-03 3.79759e-02 1.27634e-03 
600.0 625.0 650.0 3.61838e-02 1.15005e-03 3.83625e-02 8.15635e-04 1.49832e-02 1.65647e-03 3.76758e-02 8.68514e-04 3.91927e-02 1.07540e-03 2.48663e-02 1.53894e-03 3.18840e-02 1.16481e-03 
650.0 675.0 700.0 3.01774e-02 1.03900e-03 3.22133e-02 7.38141e-04 1.15985e-02 1.53210e-03 3.15970e-02 7.91640e-04 3.27238e-02 9.68982e-04 2.02620e-02 1.41058e-03 2.66856e-02 1.12384e-03 
700.0 725.0 750.0 2.75046e-02 9.25971e-04 2.88182e-02 6.73922e-04 1.18523e-02 1.41695e-03 2.84447e-02 7.16234e-04 2.91384e-02 9.35680e-04 1.85614e-02 1.35945e-03 2.48791e-02 9.89448e-04 
750.0 775.0 800.0 2.46185e-02 9.15682e-04 2.52417e-02 6.78230e-04 1.07991e-02 1.36621e-03 2.51196e-02 7.11351e-04 2.59675e-02 8.94594e-04 1.71119e-02 1.26840e-03 2.15900e-02 1.02432e-03 
800.0 825.0 850.0 1.89778e-02 8.67840e-04 2.06786e-02 6.26519e-04 6.44461e-03 1.27794e-03 2.01811e-02 6.61492e-04 2.10576e-02 8.11524e-04 1.23195e-02 1.19550e-03 1.68443e-02 9.28141e-04 
850.0 875.0 900.0 1.64366e-02 8.38292e-04 1.79517e-02 5.85322e-04 5.28532e-03 1.22327e-03 1.75720e-02 6.34348e-04 1.80421e-02 7.72612e-04 1.03338e-02 1.14500e-03 1.44329e-02 8.97324e-04 
900.0 925.0 950.0 1.50105e-02 7.98850e-04 1.60897e-02 5.61557e-04 5.32444e-03 1.18125e-03 1.59335e-02 5.92980e-04 1.63574e-02 7.39813e-04 9.86624e-03 1.08867e-03 1.31978e-02 8.65464e-04 
950.0 975.0 1000.0 1.39984e-02 7.63344e-04 1.49884e-02 5.17420e-04 5.66199e-03 1.10935e-03 1.45642e-02 5.80793e-04 1.54744e-02 6.72713e-04 9.72923e-03 1.03339e-03 1.23871e-02 8.20553e-04 
1000.0 1025.0 1050.0 1.30138e-02 7.28330e-04 1.34286e-02 5.14657e-04 6.20482e-03 1.07742e-03 1.33059e-02 5.50938e-04 1.38565e-02 6.42677e-04 9.59524e-03 9.93478e-04 1.16813e-02 7.83925e-04 
1050.0 1075.0 1100.0 1.10139e-02 6.96809e-04 1.15705e-02 4.96660e-04 4.21271e-03 1.03450e-03 1.13321e-02 5.41787e-04 1.19043e-02 6.53391e-04 7.75205e-03 9.37572e-04 1.01032e-02 7.36367e-04 
1100.0 1125.0 1150.0 8.30410e-03 6.46843e-04 9.19417e-03 4.59812e-04 2.00868e-03 9.41548e-04 9.01961e-03 4.92647e-04 9.18617e-03 6.04614e-04 4.90921e-03 8.72865e-04 7.12451e-03 6.98861e-04 
1150.0 1175.0 1200.0 7.95580e-03 6.21819e-04 8.73473e-03 4.46694e-04 2.49419e-03 9.22031e-04 8.56551e-03 4.78713e-04 8.82692e-03 5.92542e-04 5.02626e-03 8.34421e-04 6.98822e-03 6.79755e-04 
1200.0 1225.0 1250.0 7.65866e-03 6.06314e-04 8.09249e-03 4.34642e-04 3.18963e-03 8.93600e-04 8.00207e-03 4.62045e-04 8.43070e-03 5.73857e-04 5.14318e-03 8.14347e-04 6.71906e-03 6.72164e-04 
1250.0 1275.0 1300.0 7.21350e-03 6.05473e-04 7.65309e-03 4.24462e-04 3.33902e-03 8.98976e-04 7.52913e-03 4.64919e-04 7.92871e-03 5.52433e-04 5.27863e-03 8.31736e-04 6.74073e-03 6.46607e-04 
1300.0 1325.0 1350.0 5.83560e-03 5.71786e-04 6.34703e-03 4.03138e-04 1.63346e-03 8.41501e-04 6.22039e-03 4.36418e-04 6.33362e-03 5.34248e-04 3.71134e-03 7.73271e-04 5.02124e-03 6.22464e-04 
1350.0 1375.0 1400.0 5.61215e-03 5.44831e-04 5.88335e-03 3.83428e-04 2.36936e-03 7.97670e-04 5.80787e-03 4.13140e-04 6.07313e-03 5.07586e-04 4.08970e-03 7.43867e-04 4.89896e-03 5.88371e-04 
1400.0 1425.0 1450.0 5.11893e-03 5.21779e-04 5.35350e-03 3.72998e-04 1.84531e-03 7.69136e-04 5.29908e-03 4.00803e-04 5.72894e-03 4.80650e-04 3.86430e-03 6.86667e-04 4.38639e-03 5.74022e-04 
1450.0 1475.0 1500.0 4.03105e-03 4.89892e-04 4.40793e-03 3.36700e-04 1.51118e-03 7.06588e-04 4.33878e-03 3.64180e-04 4.41365e-03 4.53442e-04 2.72495e-03 6.47774e-04 3.54681e-03 5.31911e-04 
1500.0 1525.0 1550.0 4.17902e-03 4.82054e-04 4.35361e-03 3.39385e-04 1.67017e-03 7.05142e-04 4.30463e-03 3.66226e-04 4.52181e-03 4.47770e-04 2.93247e-03 6.50490e-04 3.69571e-03 5.24393e-04 
1550.0 1575.0 1600.0 4.27128e-03 5.28806e-04 4.45499e-03 3.69998e-04 2.15541e-03 7.64569e-04 4.34704e-03 4.03224e-04 4.74514e-03 4.86662e-04 3.29541e-03 7.09879e-04 3.84672e-03 5.72892e-04 
1600.0 1625.0 1650.0 3.42502e-03 4.52866e-04 3.54990e-03 3.21920e-04 1.29805e-03 6.70733e-04 3.53370e-03 3.48046e-04 3.71046e-03 4.24442e-04 2.47536e-03 6.14675e-04 2.97937e-03 4.97625e-04 
1650.0 1675.0 1700.0 3.40518e-03 4.66790e-04 3.53610e-03 3.32622e-04 1.46762e-03 6.66416e-04 3.49411e-03 3.58729e-04 3.66512e-03 4.35635e-04 2.47798e-03 6.20204e-04 3.02757e-03 5.04427e-04 
1700.0 1725.0 1750.0 3.99064e-03 5.24343e-04 3.72636e-03 3.71663e-04 2.68757e-03 7.46369e-04 3.71414e-03 4.00902e-04 4.05967e-03 4.89170e-04 3.32596e-03 6.97490e-04 3.69657e-03 5.64296e-04 
1750.0 1775.0 1800.0 2.46007e-03 4.40148e-04 2.59546e-03 3.07488e-04 1.09710e-03 6.38323e-04 2.56246e-03 3.33034e-04 2.69628e-03 4.07758e-04 1.75422e-03 5.94266e-04 2.15257e-03 4.78180e-04 
1800.0 1825.0 1850.0 1.91379e-03 3.88517e-04 2.14969e-03 2.72966e-04 2.99695e-04 5.61051e-04 2.11072e-03 2.95669e-04 2.09407e-03 3.60072e-04 1.02948e-03 5.21006e-04 1.58757e-03 4.22970e-04 
1850.0 1875.0 1900.0 1.59879e-03 3.83285e-04 1.89511e-03 2.69758e-04 1.44793e-04 5.58674e-04 1.79326e-03 2.94085e-04 1.84623e-03 3.56360e-04 8.33924e-04 5.14362e-04 1.22525e-03 4.22070e-04 
1900.0 1925.0 1950.0 1.71984e-03 4.18632e-04 1.90960e-03 2.92248e-04 5.86875e-04 6.03748e-04 1.84091e-03 3.18451e-04 1.94720e-03 3.85831e-04 1.12538e-03 5.60867e-04 1.45910e-03 4.55768e-04 
1950.0 1975.0 2000.0 1.01599e-03 3.53367e-04 1.27513e-03 2.48881e-04 -1.46297e-04 5.46501e-04 1.21746e-03 2.70534e-04 1.17699e-03 3.28445e-04 2.81484e-04 4.74624e-04 7.89313e-04 3.86420e-04 
2000.0 2025.0 2050.0 1.42105e-03 3.25922e-04 1.53313e-03 2.30248e-04 3.75362e-04 4.70022e-04 1.50025e-03 2.50013e-04 1.56161e-03 3.03363e-04 8.31628e-04 4.36093e-04 1.17963e-03 3.55427e-04 
2050.0 2075.0 2100.0 1.12460e-03 3.14653e-04 1.29915e-03 2.21026e-04 7.54407e-05 4.53799e-04 1.25248e-03 2.40119e-04 1.28453e-03 2.91066e-04 6.12334e-04 4.19804e-04 9.07209e-04 3.43146e-04 
2100.0 2125.0 2150.0 1.26570e-03 3.56507e-04 1.33928e-03 2.55942e-04 4.63105e-04 4.95498e-04 1.34864e-03 2.76644e-04 1.38034e-03 3.32148e-04 9.35912e-04 4.64497e-04 1.10638e-03 3.85700e-04 
2150.0 2175.0 2200.0 1.03729e-03 3.16165e-04 1.19423e-03 2.39107e-04 4.02569e-04 4.59313e-04 1.08609e-03 2.42298e-04 1.16048e-03 2.92584e-04 7.73910e-04 4.22706e-04 8.94350e-04 3.48395e-04 
2200.0 2225.0 2250.0 7.92385e-04 3.31187e-04 9.26402e-04 2.33773e-04 1.37021e-05 4.74671e-04 9.06162e-04 2.53073e-04 9.01394e-04 3.08544e-04 4.27259e-04 4.41853e-04 6.45250e-04 3.59136e-04 
2250.0 2275.0 2300.0 4.33552e-04 2.80905e-04 6.48667e-04 1.96951e-04 -5.29201e-04 3.60825e-04 6.15858e-04 2.14987e-04 5.53761e-04 2.58640e-04 -1.76250e-04 3.33138e-04 3.04440e-04 3.07290e-04 
2300.0 2325.0 2350.0 6.91020e-04 2.91783e-04 7.99519e-04 2.08071e-04 1.00110e-04 4.09416e-04 7.81200e-04 2.26175e-04 7.64786e-04 2.70926e-04 3.61504e-04 3.81394e-04 5.76045e-04 3.17226e-04 
2350.0 2375.0 2400.0 6.59043e-04 2.62246e-04 8.39501e-04 2.06947e-04 1.85203e-04 3.73537e-04 8.24548e-04 2.24881e-04 7.69710e-04 2.43248e-04 4.38826e-04 3.49149e-04 5.67679e-04 2.84724e-04 
2400.0 2425.0 2450.0 4.17587e-04 2.44254e-04 5.66963e-04 1.74593e-04 -3.58403e-04 3.09678e-04 5.40452e-04 1.89178e-04 5.19897e-04 2.27281e-04 8.35248e-05 3.20371e-04 2.81625e-04 2.64881e-04 
2450.0 2475.0 2500.0 3.86096e-05 1.60778e-04 2.59401e-04 1.13011e-04 -6.71346e-04 2.29892e-04 2.25419e-04 1.23291e-04 1.50635e-04 1.48251e-04 -3.69313e-04 2.13146e-04 -1.04636e-04 1.75163e-04 
2500.0 2525.0 2550.0 3.37534e-04 2.05205e-04 4.84363e-04 1.46063e-04 -2.54562e-04 2.89151e-04 4.32440e-04 1.60183e-04 4.42631e-04 1.88957e-04 7.91221e-05 2.66460e-04 1.97692e-04 2.24733e-04 
2550.0 2575.0 2600.0 6.44386e-04 2.55992e-04 6.76816e-04 1.80839e-04 1.37913e-04 3.28073e-04 6.72479e-04 1.97317e-04 7.47505e-04 2.35775e-04 3.97076e-04 3.02257e-04 6.09065e-04 2.79650e-04 
2600.0 2625.0 2650.0 1.30256e-04 1.38684e-04 2.64116e-04 9.82331e-05 -3.29614e-04 1.99830e-04 2.43669e-04 1.07884e-04 2.11886e-04 1.27545e-04 -1.82094e-04 1.84775e-04 5.67095e-05 1.53393e-04 
2650.0 2675.0 2700.0 2.41475e-04 1.62386e-04 3.18375e-04 1.15701e-04 -1.80387e-04 2.30607e-04 3.03788e-04 1.26245e-04 2.92246e-04 1.50056e-04 7.34671e-06 2.13031e-04 1.52635e-04 1.77639e-04 
2700.0 2725.0 2750.0 7.12821e-04 2.33494e-04 5.57880e-04 1.49453e-04 3.80704e-04 2.70212e-04 6.45387e-04 1.79785e-04 6.23882e-04 1.95984e-04 7.19214e-04 3.07310e-04 5.93283e-04 2.31792e-04 
2750.0 2775.0 2800.0 4.99055e-04 1.71432e-04 4.78994e-04 1.21423e-04 2.93354e-04 2.40254e-04 4.41097e-04 1.26965e-04 5.20288e-04 1.58277e-04 4.34957e-04 2.22534e-04 4.47580e-04 1.86996e-04 
2800.0 2825.0 2850.0 3.11745e-04 1.33539e-04 3.41933e-04 9.39271e-05 6.75242e-05 1.92304e-04 3.35753e-04 1.02884e-04 3.47825e-04 1.23027e-04 1.99910e-04 1.76574e-04 2.41713e-04 1.47395e-04 
2850.0 2875.0 2900.0 2.14183e-04 1.02123e-04 2.55569e-04 7.29291e-05 -2.59809e-05 1.43817e-04 2.46929e-04 7.99861e-05 2.45725e-04 9.40132e-05 9.31917e-05 1.32394e-04 1.56575e-04 1.12227e-04 
2900.0 2925.0 2950.0 3.03415e-05 8.37239e-05 1.19974e-04 5.82160e-05 -2.07710e-04 1.22862e-04 1.08547e-04 6.33723e-05 8.70256e-05 7.63593e-05 -1.20600e-04 1.11344e-04 5.84766e-06 9.12094e-05 
2950.0 2975.0 3000.0 9.34321e-05 9.40552e-05 1.40530e-04 6.63884e-05 -1.07713e-04 1.34397e-04 1.31257e-04 7.28914e-05 1.36144e-04 8.61641e-05 -3.16886e-06 1.22850e-04 5.40701e-05 1.03509e-04 
3000.0 3025.0 3050.0 2.83769e-04 1.01227e-04 2.71376e-04 7.05397e-05 2.17967e-04 1.45394e-04 2.82419e-04 7.76771e-05 3.04567e-04 9.24471e-05 2.49473e-04 1.33796e-04 2.59477e-04 1.11954e-04 
3050.0 3075.0 3100.0 1.47045e-04 6.69854e-05 1.39422e-04 4.43053e-05 8.26602e-06 9.46557e-05 1.32979e-04 4.86268e-05 1.54305e-04 6.18686e-05 7.81334e-05 8.73255e-05 1.05929e-04 7.34579e-05 
3100.0 3125.0 3150.0 1.14415e-04 6.85049e-05 1.44664e-04 4.79995e-05 -6.68240e-05 9.96116e-05 1.33842e-04 5.30088e-05 1.38380e-04 6.24060e-05 2.19728e-05 9.03785e-05 6.55117e-05 7.64912e-05 
3150.0 3175.0 3200.0 3.72786e-04 1.06246e-04 3.18970e-04 7.46595e-05 2.85055e-04 1.37981e-04 3.30115e-04 8.21822e-05 3.74519e-04 9.73392e-05 3.31060e-04 1.27202e-04 3.63228e-04 1.17141e-04 
3200.0 3225.0 3250.0 3.43312e-05 5.18874e-05 7.57620e-05 3.60021e-05 -1.12863e-04 7.60585e-05 6.65323e-05 4.01355e-05 6.03830e-05 4.68107e-05 -4.52065e-05 6.82854e-05 2.67717e-06 5.82909e-05 
3250.0 3275.0 3300.0 1.11043e-04 6.06820e-05 1.45745e-04 4.73203e-05 -3.25199e-05 7.95770e-05 1.41165e-04 5.19511e-05 1.50349e-04 6.13027e-05 5.93526e-05 7.86790e-05 1.12095e-04 6.62793e-05 
3300.0 3325.0 3350.0 3.07276e-04 9.52857e-05 2.55427e-04 6.66463e-05 2.87752e-04 1.36370e-04 2.69252e-04 7.34619e-05 3.00712e-04 8.73005e-05 2.73621e-04 1.14556e-04 2.96136e-04 1.05042e-04 
3350.0 3375.0 3400.0 4.56550e-05 4.21818e-05 7.40281e-05 2.94327e-05 -5.97744e-05 6.11374e-05 6.57043e-05 3.25783e-05 6.56070e-05 3.83821e-05 -6.41193e-06 5.55299e-05 3.13130e-05 4.65785e-05 
3400.0 3425.0 3450.0 1.65793e-04 5.94588e-05 1.34711e-04 3.92429e-05 1.24612e-04 8.39567e-05 1.52825e-04 4.63748e-05 1.49055e-04 5.07658e-05 1.57739e-04 7.70309e-05 1.56170e-04 6.57927e-05 
3450.0 3475.0 3500.0 2.54888e-05 4.09650e-05 4.99475e-05 2.82867e-05 -6.70773e-05 5.99731e-05 4.26464e-05 3.13649e-05 4.11513e-05 3.72774e-05 -1.57659e-05 5.46009e-05 7.54712e-06 4.53878e-05 
3500.0 3525.0 3550.0 2.60642e-05 3.12677e-05 5.22015e-05 2.20960e-05 -5.68418e-05 4.45962e-05 4.74067e-05 2.43787e-05 4.44565e-05 2.84315e-05 -1.55286e-05 4.06867e-05 4.32352e-06 3.45996e-05 
3550.0 3575.0 3600.0 5.77153e-05 4.06267e-05 6.87992e-05 2.88806e-05 -3.42704e-05 4.93983e-05 6.61941e-05 3.17927e-05 4.92407e-05 3.50655e-05 7.64924e-06 4.54633e-05 4.67655e-05 4.46412e-05 
3600.0 3625.0 3650.0 -5.87785e-06 2.54535e-05 3.15689e-05 2.02882e-05 -8.89754e-05 3.63971e-05 2.62133e-05 2.24649e-05 2.51928e-05 2.61366e-05 -4.54793e-05 3.31174e-05 -2.65040e-05 2.81377e-05 
3650.0 3675.0 3700.0 9.36862e-05 4.31093e-05 8.55775e-05 2.96985e-05 6.84521e-05 6.22489e-05 8.84846e-05 3.33536e-05 9.45892e-05 3.88322e-05 1.71679e-04 7.09026e-05 9.38504e-05 4.82533e-05 
3700.0 3725.0 3750.0 -1.85077e-05 1.74475e-05 7.09799e-06 1.23161e-05 -8.95734e-05 2.50153e-05 6.25161e-07 1.35931e-05 -6.19308e-06 1.58980e-05 -5.77785e-05 2.27813e-05 -3.61618e-05 1.93312e-05 
3750.0 3775.0 3800.0 -2.49193e-05 1.93938e-05 1.12738e-06 1.34391e-05 -9.20732e-05 2.82219e-05 2.16054e-07 1.59905e-05 -1.33859e-05 1.73627e-05 -6.41203e-05 2.54645e-05 -4.13753e-05 2.20417e-05 
3800.0 3825.0 3850.0 3.74637e-05 2.69565e-05 5.12806e-05 2.19088e-05 2.50648e-06 3.70402e-05 4.10675e-05 2.13704e-05 4.26535e-05 2.48019e-05 2.24741e-05 3.43333e-05 2.94526e-05 2.95433e-05 
3850.0 3875.0 3900.0 -2.95118e-05 1.24460e-05 -4.95842e-06 8.63279e-06 -9.39741e-05 1.85791e-05 -1.07662e-05 9.61235e-06 -1.83165e-05 1.12388e-05 -6.47230e-05 1.65303e-05 -4.60709e-05 1.40223e-05 
3900.0 3925.0 3950.0 -9.60164e-06 1.97955e-05 1.51448e-05 1.62422e-05 -5.52883e-05 2.77231e-05 2.31000e-06 1.54955e-05 9.28705e-06 2.10166e-05 -2.99678e-05 2.55677e-05 -2.12779e-05 2.19074e-05 
3950.0 3975.0 4000.0 -2.23449e-05 1.06437e-05 -5.39198e-07 7.50238e-06 -7.44098e-05 1.51088e-05 -7.15527e-06 8.35835e-06 -1.22996e-05 9.63765e-06 -4.64582e-05 1.35726e-05 -3.71236e-05 1.17805e-05 
