-3.5 -3.45 -3.4 1.22001e+00 2.92747e-01 1.94134e+00 2.00928e-01 -1.54706e+00 4.55997e-01 1.84924e+00 2.17730e-01 1.58364e+00 2.75060e-01 -5.15194e-01 4.20429e-01 8.47532e-01 3.20081e-01 
-3.4 -3.35 -3.3 1.79550e+00 3.37386e-01 2.58285e+00 2.36984e-01 -1.57895e+00 5.18856e-01 2.45391e+00 2.49273e-01 2.16896e+00 3.21186e-01 -3.63094e-01 4.83787e-01 1.17984e+00 3.65013e-01 
-3.3 -3.25 -3.2 1.46542e+00 3.66647e-01 2.66951e+00 2.52545e-01 -2.52338e+00 5.66321e-01 2.44586e+00 2.68225e-01 1.99092e+00 3.41998e-01 -1.30513e+00 5.23794e-01 8.10539e-01 4.01251e-01 
-3.2 -3.15 -3.1 2.95402e+00 3.95078e-01 3.89193e+00 2.73653e-01 -9.73381e-01 6.04070e-01 3.71262e+00 2.89058e-01 3.46522e+00 3.74545e-01 3.52429e-01 5.64674e-01 2.39615e+00 4.21948e-01 
-3.1 -3.05 -3.0 3.21605e+00 4.44544e-01 4.37271e+00 3.03457e-01 -1.51074e+00 6.74553e-01 4.15139e+00 3.29856e-01 3.79107e+00 4.02733e-01 -3.27749e-02 6.02286e-01 2.51610e+00 4.78694e-01 
-3.0 -2.95 -2.9 2.90475e+00 4.76796e-01 4.49460e+00 3.23491e-01 -2.64487e+00 7.14012e-01 4.24432e+00 3.44943e-01 3.64561e+00 4.44779e-01 -9.84483e-01 6.95928e-01 2.22735e+00 4.96204e-01 
-2.9 -2.85 -2.8 3.63713e+00 5.08845e-01 5.51413e+00 3.51736e-01 -2.83013e+00 7.60855e-01 5.10672e+00 3.74571e-01 4.65385e+00 4.78021e-01 -9.08491e-01 7.34671e-01 2.79089e+00 5.32197e-01 
-2.8 -2.75 -2.7 4.22520e+00 5.47690e-01 6.29903e+00 3.74873e-01 -3.79874e+00 8.38907e-01 5.90635e+00 4.03069e-01 5.23552e+00 5.10714e-01 -9.48659e-01 7.83216e-01 2.91688e+00 5.85109e-01 
-2.7 -2.65 -2.6 5.34744e+00 5.88653e-01 7.45030e+00 4.06377e-01 -3.21409e+00 8.27490e-01 7.03656e+00 4.32292e-01 6.48737e+00 5.25680e-01 -1.18969e-01 8.40258e-01 3.93275e+00 5.87713e-01 
-2.6 -2.55 -2.5 6.71901e+00 5.89959e-01 8.87457e+00 4.30640e-01 -2.29994e+00 8.94058e-01 8.44933e+00 4.36879e-01 7.97020e+00 5.87038e-01 8.15113e-01 8.33148e-01 5.17751e+00 6.71736e-01 
-2.5 -2.45 -2.4 6.35837e+00 6.50087e-01 9.07140e+00 4.48160e-01 -4.07477e+00 1.00533e+00 8.54723e+00 4.75427e-01 7.71633e+00 6.12337e-01 -5.75075e-01 9.32712e-01 4.79921e+00 6.97646e-01 
-2.4 -2.35 -2.3 7.12283e+00 6.70442e-01 1.01591e+01 4.69213e-01 -4.44082e+00 1.04755e+00 9.54721e+00 4.95569e-01 8.66900e+00 6.34501e-01 -5.57827e-01 9.50628e-01 5.34734e+00 7.15957e-01 
-2.3 -2.25 -2.2 9.89831e+00 6.59127e-01 1.26508e+01 4.71664e-01 -1.86222e+00 9.10405e-01 1.20825e+01 4.95837e-01 1.14617e+01 6.27555e-01 2.10540e+00 9.13567e-01 7.55959e+00 7.50866e-01 
-2.2 -2.15 -2.1 8.73640e+00 7.67582e-01 1.26110e+01 5.37912e-01 -5.92218e+00 1.15852e+00 1.18275e+01 5.65839e-01 1.06853e+01 7.29309e-01 -9.58481e-01 1.09239e+00 6.52092e+00 8.13493e-01 
-2.1 -2.05 -2.0 1.07107e+01 8.08868e-01 1.44786e+01 5.69301e-01 -4.45678e+00 1.19900e+00 1.37294e+01 5.99471e-01 1.26700e+01 7.68243e-01 7.02693e-01 1.14279e+00 8.43048e+00 8.50637e-01 
-2.0 -1.95 -1.9 1.19769e+01 8.12455e-01 1.58345e+01 5.55010e-01 -3.65504e+00 1.09889e+00 1.50928e+01 6.01972e-01 1.39321e+01 7.40742e-01 1.31985e+00 1.14764e+00 9.49454e+00 8.49502e-01 
-1.9 -1.85 -1.8 1.41518e+01 7.83669e-01 1.80787e+01 5.64800e-01 -2.51081e+00 1.28114e+00 1.72583e+01 5.91642e-01 1.67029e+01 7.24725e-01 3.64596e+00 1.03122e+00 1.17411e+01 9.01684e-01 
-1.8 -1.75 -1.7 1.40744e+01 8.45243e-01 1.88350e+01 6.00502e-01 -4.47562e+00 1.35528e+00 1.78209e+01 6.31336e-01 1.66492e+01 8.03794e-01 1.60686e+00 1.18047e+00 1.14976e+01 9.48208e-01 
-1.7 -1.65 -1.6 1.43578e+01 8.86268e-01 1.96886e+01 6.32005e-01 -5.39314e+00 1.25577e+00 1.86301e+01 6.62151e-01 1.70703e+01 8.46192e-01 4.29155e-01 1.24170e+00 1.19257e+01 9.02890e-01 
-1.6 -1.55 -1.5 1.71618e+01 8.69657e-01 2.20586e+01 6.27233e-01 -3.73419e+00 1.33042e+00 2.10274e+01 6.56336e-01 1.98932e+01 8.31833e-01 3.53371e+00 1.20292e+00 1.38970e+01 9.48703e-01 
-1.5 -1.45 -1.4 1.74604e+01 8.97798e-01 2.25722e+01 6.73220e-01 -4.81040e+00 1.31862e+00 2.18277e+01 6.76984e-01 1.98199e+01 9.04637e-01 2.55462e+00 1.24329e+00 1.41893e+01 9.48007e-01 
-1.4 -1.35 -1.3 1.82162e+01 1.00416e+00 2.40204e+01 7.07306e-01 -5.73829e+00 1.50983e+00 2.29253e+01 7.40270e-01 2.14692e+01 9.15149e-01 1.48231e+00 1.35602e+00 1.46020e+01 1.05786e+00 
-1.3 -1.25 -1.2 1.84611e+01 1.03023e+00 2.49042e+01 7.27699e-01 -7.13760e+00 1.58639e+00 2.36469e+01 7.60241e-01 2.17389e+01 9.83072e-01 1.24663e+00 1.47603e+00 1.44501e+01 1.10848e+00 
-1.2 -1.15 -1.1 2.00429e+01 1.02796e+00 2.67572e+01 7.29910e-01 -6.64373e+00 1.53944e+00 2.53813e+01 7.64674e-01 2.35656e+01 9.80948e-01 2.14676e+00 1.44801e+00 1.61085e+01 1.08795e+00 
-1.1 -1.05 -1.0 2.18139e+01 1.06993e+00 2.84131e+01 7.70122e-01 -6.44180e+00 1.62763e+00 2.71748e+01 7.99032e-01 2.51939e+01 1.03399e+00 2.94143e+00 1.53111e+00 1.77645e+01 1.13006e+00 
-1.0 -0.95 -0.9 2.22052e+01 9.58887e-01 2.96433e+01 7.69606e-01 -6.04868e+00 1.64762e+00 2.75523e+01 7.53273e-01 2.66589e+01 1.04341e+00 3.38466e+00 1.31354e+00 1.86044e+01 1.16939e+00 
-0.9 -0.85 -0.8 2.10820e+01 1.11963e+00 2.92974e+01 7.84372e-01 -1.00300e+01 1.65293e+00 2.76642e+01 8.30273e-01 2.52521e+01 1.06279e+00 -8.00548e-02 1.58578e+00 1.65929e+01 1.16755e+00 
-0.8 -0.75 -0.7 2.38619e+01 1.10052e+00 3.14570e+01 7.80217e-01 -6.14948e+00 1.62806e+00 3.01268e+01 8.25865e-01 2.76517e+01 1.06954e+00 3.70670e+00 1.53961e+00 1.99021e+01 1.17239e+00 
-0.7 -0.65 -0.6 2.49237e+01 1.11048e+00 3.25300e+01 7.92344e-01 -5.95737e+00 1.65287e+00 3.09441e+01 8.19911e-01 2.89941e+01 1.06154e+00 4.17798e+00 1.55863e+00 2.03684e+01 1.15478e+00 
-0.6 -0.55 -0.5 2.57998e+01 1.13713e+00 3.36359e+01 8.03347e-01 -5.77248e+00 1.70967e+00 3.19479e+01 8.46740e-01 3.08872e+01 9.86222e-01 4.57853e+00 1.60969e+00 2.12044e+01 1.20735e+00 
-0.5 -0.45 -0.4 2.29181e+01 1.14546e+00 3.17120e+01 8.13329e-01 -1.06184e+01 1.72781e+00 2.99646e+01 8.51599e-01 2.72899e+01 1.09360e+00 2.31703e-01 1.61546e+00 1.79935e+01 1.21776e+00 
-0.4 -0.35 -0.3 2.42944e+01 1.18374e+00 3.34025e+01 8.09540e-01 -1.01705e+01 1.79562e+00 3.14200e+01 8.77749e-01 2.89393e+01 1.10573e+00 1.07379e+00 1.67590e+00 1.91954e+01 1.26096e+00 
-0.3 -0.25 -0.2 2.62548e+01 1.10297e+00 3.46778e+01 7.97791e-01 -7.67711e+00 1.74497e+00 3.28870e+01 8.30621e-01 3.07643e+01 1.06031e+00 3.73964e+00 1.53033e+00 2.10491e+01 1.23125e+00 
-0.2 -0.15 -0.1 2.64803e+01 1.12494e+00 3.53094e+01 8.32932e-01 -7.22215e+00 1.68957e+00 3.36943e+01 8.72610e-01 3.13362e+01 1.11682e+00 3.90335e+00 1.63535e+00 2.17660e+01 1.20358e+00 
-0.1 -0.05 0.0 2.76300e+01 1.11033e+00 3.56029e+01 8.02666e-01 -5.11268e+00 1.58091e+00 3.39147e+01 8.36928e-01 3.20055e+01 1.06542e+00 5.77527e+00 1.50008e+00 2.27769e+01 1.16835e+00 
0.0 0.05 0.1 2.48513e+01 1.15119e+00 3.39623e+01 8.23970e-01 -1.10517e+01 1.71124e+00 3.17616e+01 8.52939e-01 2.94751e+01 1.10278e+00 1.17633e+00 1.61391e+00 1.91769e+01 1.21478e+00 
0.1 0.15 0.2 2.42896e+01 1.15918e+00 3.34195e+01 8.24519e-01 -1.03768e+01 1.67294e+00 3.16215e+01 8.62438e-01 2.88170e+01 1.10792e+00 5.81619e-01 1.63362e+00 1.89399e+01 1.23112e+00 
0.2 0.25 0.3 2.73758e+01 1.15736e+00 3.53172e+01 8.26271e-01 -6.70463e+00 1.69840e+00 3.38555e+01 8.64700e-01 3.17318e+01 1.10845e+00 4.96371e+00 1.62323e+00 2.25527e+01 1.21989e+00 
0.3 0.35 0.4 2.61114e+01 1.16363e+00 3.43521e+01 7.92335e-01 -6.74441e+00 1.70983e+00 3.26097e+01 8.67066e-01 3.05440e+01 1.04780e+00 3.95926e+00 1.61350e+00 2.13100e+01 1.21333e+00 
0.4 0.45 0.5 2.36526e+01 1.13470e+00 3.24113e+01 8.13209e-01 -9.94835e+00 1.68406e+00 3.07241e+01 8.47106e-01 2.79787e+01 1.08965e+00 7.18900e-01 1.58931e+00 1.89015e+01 1.19759e+00 
0.5 0.55 0.6 2.45499e+01 1.15913e+00 3.27889e+01 8.14233e-01 -6.52419e+00 1.54544e+00 3.09747e+01 8.59519e-01 2.90355e+01 1.07950e+00 3.09680e+00 1.59280e+00 2.04659e+01 1.11749e+00 
0.6 0.65 0.7 2.47434e+01 1.12835e+00 3.28092e+01 7.92433e-01 -6.99670e+00 1.64764e+00 3.11288e+01 8.43777e-01 2.90772e+01 1.08597e+00 3.52072e+00 1.59053e+00 1.99985e+01 1.16950e+00 
0.7 0.75 0.8 2.20394e+01 1.10633e+00 3.02127e+01 7.90485e-01 -8.99763e+00 1.67107e+00 2.86115e+01 8.26757e-01 2.64016e+01 1.05865e+00 1.07130e+00 1.52339e+00 1.76306e+01 1.15903e+00 
0.8 0.85 0.9 2.29728e+01 1.06564e+00 3.04228e+01 7.47177e-01 -6.63740e+00 1.57761e+00 2.89664e+01 8.00380e-01 2.69811e+01 9.91691e-01 3.30913e+00 1.42171e+00 1.88305e+01 1.12796e+00 
0.9 0.95 1.0 2.16367e+01 1.03457e+00 2.90321e+01 7.46684e-01 -7.48161e+00 1.51932e+00 2.75006e+01 7.78172e-01 2.55572e+01 9.91738e-01 2.14210e+00 1.43468e+00 1.73297e+01 1.08796e+00 
1.0 1.05 1.1 2.21770e+01 9.60979e-01 2.87425e+01 6.86822e-01 -4.56236e+00 1.38889e+00 2.73144e+01 7.30462e-01 2.56451e+01 9.23099e-01 4.24504e+00 1.31661e+00 1.82828e+01 1.00942e+00 
1.1 1.15 1.2 2.03571e+01 9.99187e-01 2.67816e+01 7.15448e-01 -6.17232e+00 1.51123e+00 2.54597e+01 7.47822e-01 2.37778e+01 9.56036e-01 2.96444e+00 1.39732e+00 1.61157e+01 1.07023e+00 
1.2 1.25 1.3 1.91238e+01 9.43479e-01 2.52297e+01 6.50652e-01 -6.81997e+00 1.44050e+00 2.39400e+01 7.10054e-01 2.24447e+01 8.52309e-01 1.66538e+00 1.31669e+00 1.46305e+01 1.02421e+00 
1.3 1.35 1.4 1.80066e+01 9.13269e-01 2.39623e+01 6.63499e-01 -6.69800e+00 1.33841e+00 2.27230e+01 6.91327e-01 2.11808e+01 8.77576e-01 1.46290e+00 1.32033e+00 1.39201e+01 1.03634e+00 
1.4 1.45 1.5 1.79993e+01 9.48313e-01 2.33341e+01 6.77242e-01 -3.91794e+00 1.45276e+00 2.22236e+01 7.07922e-01 2.09227e+01 9.07486e-01 3.29020e+00 1.32985e+00 1.49590e+01 1.00390e+00 
1.5 1.55 1.6 1.57531e+01 8.83438e-01 2.09376e+01 6.50570e-01 -5.54209e+00 1.30875e+00 2.00623e+01 6.46633e-01 1.83282e+01 8.75504e-01 1.54564e+00 1.23256e+00 1.26843e+01 9.01874e-01 
1.6 1.65 1.7 1.44488e+01 8.46652e-01 1.93624e+01 6.03058e-01 -4.61622e+00 1.24769e+00 1.84251e+01 6.32752e-01 1.69510e+01 8.07059e-01 1.21023e+00 1.18543e+00 1.20026e+01 8.89645e-01 
1.7 1.75 1.8 1.21610e+01 8.22576e-01 1.72224e+01 6.03926e-01 -6.87672e+00 1.28882e+00 1.61760e+01 6.14352e-01 1.45491e+01 8.16993e-01 -4.45231e-01 1.22948e+00 9.43486e+00 8.97693e-01 
1.8 1.85 1.9 1.28668e+01 8.18245e-01 1.70484e+01 5.79347e-01 -4.75454e+00 1.18138e+00 1.62190e+01 6.23107e-01 1.50515e+01 8.00386e-01 1.03777e+00 1.11148e+00 1.01315e+01 8.84939e-01 
1.9 1.95 2.0 1.09013e+01 8.04342e-01 1.53867e+01 5.50054e-01 -5.74700e+00 1.21009e+00 1.43545e+01 5.97227e-01 1.32985e+01 7.66387e-01 1.52669e-01 1.13751e+00 8.42232e+00 8.53584e-01 
2.0 2.05 2.1 1.08692e+01 7.78386e-01 1.47344e+01 5.50632e-01 -3.98394e+00 1.03701e+00 1.40826e+01 5.74429e-01 1.28829e+01 6.85684e-01 1.01385e+00 1.08837e+00 8.73597e+00 7.53560e-01 
2.1 2.15 2.2 8.85986e+00 6.98119e-01 1.24305e+01 4.98086e-01 -5.25526e+00 1.08323e+00 1.16935e+01 5.27433e-01 1.07850e+01 6.78516e-01 -8.14985e-01 1.02428e+00 6.70595e+00 7.63849e-01 
2.2 2.25 2.3 1.03658e+01 6.97446e-01 1.27858e+01 4.91239e-01 -1.09050e+00 1.02725e+00 1.20368e+01 5.13532e-01 1.18825e+01 6.61490e-01 2.08006e+00 9.17530e-01 8.44239e+00 7.27971e-01 
2.3 2.35 2.4 6.66611e+00 6.24408e-01 9.85113e+00 4.59664e-01 -5.05211e+00 9.66559e-01 9.25378e+00 4.65756e-01 8.19794e+00 6.23334e-01 -1.30353e+00 8.75223e-01 4.81394e+00 7.01088e-01 
2.4 2.45 2.5 7.14598e+00 6.59656e-01 9.90509e+00 4.51833e-01 -3.33062e+00 9.85253e-01 9.23171e+00 4.89044e-01 8.63319e+00 6.04335e-01 2.71392e-01 9.31723e-01 5.54603e+00 6.95788e-01 
2.5 2.55 2.6 5.61723e+00 5.80922e-01 8.17950e+00 4.15268e-01 -3.95703e+00 9.00299e-01 7.63904e+00 4.36613e-01 6.95313e+00 5.58577e-01 -6.01987e-01 8.27784e-01 4.32220e+00 6.35265e-01 
2.6 2.65 2.7 5.91550e+00 5.39269e-01 7.63333e+00 3.75467e-01 -1.73547e+00 8.36545e-01 7.40631e+00 3.99560e-01 6.96179e+00 5.11715e-01 1.09158e+00 7.51896e-01 4.74708e+00 5.90636e-01 
2.7 2.75 2.8 4.61268e+00 5.08509e-01 6.43475e+00 3.68257e-01 -2.70344e+00 7.62501e-01 6.19653e+00 3.79745e-01 5.74164e+00 4.70276e-01 -4.09287e-01 7.11046e-01 3.46912e+00 5.42365e-01 
2.8 2.85 2.9 3.25247e+00 4.85158e-01 5.09721e+00 3.35559e-01 -3.51830e+00 7.54144e-01 4.74701e+00 3.59642e-01 4.10449e+00 4.56600e-01 -1.26325e+00 6.90287e-01 2.23811e+00 5.26944e-01 
2.9 2.95 3.0 3.29348e+00 4.58985e-01 4.79797e+00 3.23548e-01 -2.66136e+00 6.92084e-01 4.48890e+00 3.40501e-01 4.04284e+00 4.35624e-01 -5.39036e-01 6.20412e-01 2.78817e+00 4.41582e-01 
3.0 3.05 3.1 3.40625e+00 4.17779e-01 4.72601e+00 2.84942e-01 -1.29643e+00 6.17958e-01 4.40458e+00 3.21591e-01 4.25305e+00 4.12200e-01 5.74925e-01 6.03131e-01 2.75494e+00 4.48406e-01 
3.1 3.15 3.2 2.46211e+00 3.63017e-01 3.53289e+00 2.60715e-01 -1.62043e+00 5.75278e-01 3.32275e+00 2.73358e-01 3.00809e+00 3.53563e-01 -1.02973e-01 5.10177e-01 1.88282e+00 3.96016e-01 
3.2 3.25 3.3 1.95407e+00 3.49087e-01 2.94056e+00 2.43742e-01 -1.75409e+00 5.26222e-01 2.75579e+00 2.58263e-01 2.43974e+00 3.21318e-01 -4.73268e-01 4.96762e-01 1.40629e+00 3.72502e-01 
3.3 3.35 3.4 2.00489e+00 3.21996e-01 2.69758e+00 2.21355e-01 -1.07096e+00 4.66853e-01 2.58090e+00 2.38420e-01 2.42546e+00 3.01419e-01 4.86932e-02 4.51113e-01 1.53317e+00 3.42923e-01 
3.4 3.45 3.5 1.22304e+00 2.84510e-01 1.96212e+00 1.94519e-01 -1.68698e+00 4.36881e-01 1.71130e+00 2.14598e-01 1.60610e+00 2.59329e-01 -5.04013e-01 3.97808e-01 5.71636e-01 3.11093e-01 
