0.0 25.0 50.0 4.15256e-01 2.80517e-02 5.31132e-01 1.96310e-02 -4.88542e-02 4.22205e-02 5.09218e-01 2.01032e-02 4.60505e-01 2.73990e-02 1.45580e-02 4.09149e-02 3.84875e-01 2.89099e-02 
50.0 75.0 100.0 6.41642e-01 1.48979e-02 6.90979e-01 1.06694e-02 2.63102e-01 2.19102e-02 6.69640e-01 1.07130e-02 6.95073e-01 1.44653e-02 3.80691e-01 2.10594e-02 5.89615e-01 1.48918e-02 
100.0 125.0 150.0 1.42861e-01 2.88332e-03 1.37609e-01 2.11568e-03 1.00346e-01 4.05359e-03 1.36068e-01 2.20763e-03 1.50295e-01 2.76889e-03 1.24343e-01 3.85414e-03 1.34678e-01 2.99395e-03 
150.0 175.0 200.0 3.98874e-02 8.55032e-04 3.59759e-02 6.43243e-04 3.52921e-02 1.18527e-03 3.62258e-02 6.73544e-04 4.08496e-02 8.18234e-04 3.97016e-02 1.12254e-03 3.86250e-02 9.00560e-04 
200.0 225.0 250.0 1.31491e-02 3.38468e-04 1.14516e-02 2.56104e-04 1.26018e-02 4.63432e-04 1.17239e-02 2.70532e-04 1.32293e-02 3.22965e-04 1.37169e-02 4.36813e-04 1.29448e-02 3.57857e-04 
250.0 275.0 300.0 4.66397e-03 1.48248e-04 4.06760e-03 1.14751e-04 4.49590e-03 1.96993e-04 4.15970e-03 1.20650e-04 4.69024e-03 1.42008e-04 4.89169e-03 1.86525e-04 4.59882e-03 1.56303e-04 
300.0 325.0 350.0 2.15426e-03 7.82166e-05 1.83736e-03 6.14046e-05 2.19588e-03 1.02313e-04 1.89487e-03 6.42141e-05 2.14965e-03 7.53196e-05 2.34039e-03 9.68184e-05 2.14546e-03 8.25563e-05 
350.0 375.0 400.0 9.78654e-04 4.32836e-05 8.24781e-04 3.41973e-05 1.03210e-03 5.56797e-05 8.56615e-04 3.60022e-05 9.70235e-04 4.15500e-05 1.07926e-03 5.29357e-05 9.86140e-04 4.55244e-05 
400.0 425.0 450.0 4.38812e-04 2.59004e-05 3.74398e-04 2.05460e-05 4.47092e-04 3.29049e-05 3.88838e-04 2.16103e-05 4.34846e-04 2.48470e-05 4.73140e-04 3.14557e-05 4.40492e-04 2.71496e-05 
450.0 475.0 500.0 2.07149e-04 1.55306e-05 1.75523e-04 1.22862e-05 2.17597e-04 1.99909e-05 1.81347e-04 1.29617e-05 2.03052e-04 1.48426e-05 2.25647e-04 1.88737e-05 2.09264e-04 1.63011e-05 
500.0 525.0 550.0 1.07194e-04 9.49850e-06 9.04078e-05 7.57686e-06 1.12264e-04 1.18326e-05 9.37520e-05 7.99945e-06 1.06961e-04 9.13297e-06 1.17153e-04 1.13095e-05 1.06499e-04 9.84403e-06 
550.0 575.0 600.0 6.50206e-05 7.19030e-06 5.44501e-05 6.00407e-06 6.61872e-05 8.10721e-06 5.70490e-05 6.26128e-06 6.39180e-05 7.06823e-06 7.26097e-05 8.23146e-06 6.43205e-05 7.32643e-06 
600.0 625.0 650.0 2.50440e-05 3.97214e-06 2.16157e-05 3.29421e-06 2.17856e-05 4.54926e-06 2.27896e-05 3.44542e-06 2.42523e-05 3.88028e-06 2.58131e-05 4.52685e-06 2.36312e-05 4.08157e-06 
650.0 675.0 700.0 1.48909e-05 2.86431e-06 1.23440e-05 2.30095e-06 1.28114e-05 3.02465e-06 1.28901e-05 2.40741e-06 1.28043e-05 2.58955e-06 1.28111e-05 2.93744e-06 1.48944e-05 2.90955e-06 
700.0 725.0 750.0 8.32526e-06 1.49209e-06 6.96223e-06 1.23063e-06 8.17901e-06 1.72098e-06 7.42242e-06 1.29367e-06 8.00174e-06 1.44898e-06 8.73512e-06 1.70775e-06 8.44610e-06 1.54851e-06 
750.0 775.0 800.0 3.57363e-06 9.29550e-07 3.02809e-06 7.18688e-07 3.66361e-06 1.09661e-06 3.35878e-06 8.16685e-07 3.72747e-06 8.80248e-07 4.40515e-06 1.08304e-06 4.26689e-06 1.03378e-06 
800.0 825.0 850.0 6.51365e-07 3.38573e-07 6.46476e-07 2.60891e-07 1.01917e-08 4.16618e-07 6.53192e-07 2.83473e-07 6.86689e-07 3.14394e-07 5.53848e-07 4.12171e-07 4.14144e-07 3.58679e-07 
850.0 875.0 900.0 1.05856e-06 3.65824e-07 1.04825e-06 3.16914e-07 7.44755e-07 3.90943e-07 1.04849e-06 3.31172e-07 1.12517e-06 3.61099e-07 8.78563e-07 3.88100e-07 9.26083e-07 3.66194e-07 
900.0 925.0 950.0 -3.41930e-07 5.56985e-08 -2.01004e-07 3.49330e-08 -6.08189e-07 1.00892e-07 -2.37904e-07 4.02495e-08 -2.88480e-07 4.83203e-08 -5.04112e-07 7.92749e-08 -4.24362e-07 6.75100e-08 
950.0 975.0 1000.0 -6.03873e-08 3.72532e-08 -4.21457e-08 2.18845e-08 -1.17106e-07 6.70064e-08 -4.72707e-08 2.71933e-08 -5.95801e-08 3.06460e-08 -9.61363e-08 5.30672e-08 -1.15987e-07 4.33546e-08 
1000.0 1025.0 1050.0 -9.51041e-08 1.88140e-08 -5.60385e-08 1.10714e-08 -1.64053e-07 3.37548e-08 -6.78085e-08 1.34611e-08 -7.85967e-08 1.54744e-08 -1.36836e-07 2.69593e-08 -1.16992e-07 2.32703e-08 
1050.0 1075.0 1100.0 -3.24442e-08 1.09044e-08 -1.89264e-08 6.40401e-09 -6.03991e-08 1.95234e-08 -2.31415e-08 7.80958e-09 -2.65356e-08 8.94234e-09 -4.66585e-08 1.56074e-08 -4.17562e-08 1.35760e-08 
1100.0 1125.0 1150.0 -3.16672e-08 5.91360e-09 -1.73910e-08 3.46310e-09 -5.62332e-08 1.05271e-08 -2.20524e-08 4.27973e-09 -2.33910e-08 4.69614e-09 -4.54549e-08 8.44784e-09 -3.44526e-08 6.50507e-09 
1150.0 1175.0 1200.0 -1.77370e-08 3.84562e-09 -1.00938e-08 2.18123e-09 -3.11193e-08 6.56501e-09 -1.26772e-08 2.76153e-09 -1.41076e-08 3.03685e-09 -2.54438e-08 5.48696e-09 -2.36093e-08 4.56279e-09 
1200.0 1225.0 1250.0 -1.37460e-08 2.31780e-09 -7.79159e-09 1.45183e-09 -2.39781e-08 4.05652e-09 -9.47006e-09 1.65525e-09 -1.11936e-08 1.88712e-09 -1.96533e-08 3.30166e-09 -1.79698e-08 2.95331e-09 
1250.0 1275.0 1300.0 -4.69606e-09 1.27706e-09 -2.75012e-09 7.44440e-10 -8.55855e-09 2.22507e-09 -3.36080e-09 9.19935e-10 -3.84268e-09 1.03349e-09 -6.72522e-09 1.81556e-09 -5.97829e-09 1.56484e-09 
1300.0 1325.0 1350.0 -3.83475e-09 1.04725e-09 -2.33660e-09 6.17301e-10 -7.03486e-09 1.79961e-09 -2.75196e-09 7.54463e-10 -2.74875e-09 7.18625e-10 -5.47390e-09 1.48867e-09 -5.24019e-09 1.41863e-09 
1350.0 1375.0 1400.0 -1.81847e-09 3.27982e-10 -1.21673e-09 2.22663e-10 -3.71839e-09 6.25320e-10 -1.30972e-09 2.36667e-10 -1.68998e-09 3.08657e-10 -2.86614e-09 4.95651e-10 -2.61273e-09 4.40591e-10 
1400.0 1425.0 1450.0 -1.13938e-09 2.08003e-10 -6.76872e-10 1.28427e-10 -2.13810e-09 3.82133e-10 -8.60096e-10 1.53495e-10 -9.39814e-10 1.77784e-10 -1.68286e-09 3.19321e-10 -1.50431e-09 2.69713e-10 
1450.0 1475.0 1500.0 -5.48782e-10 1.32950e-10 -3.33344e-10 7.53023e-11 -8.27053e-10 2.13833e-10 -3.95210e-10 9.62527e-11 -4.63052e-10 1.03989e-10 -7.80420e-10 1.87940e-10 -5.80417e-10 1.51527e-10 
1500.0 1525.0 1550.0 -3.30799e-10 6.37204e-11 -1.92891e-10 3.67063e-11 -5.94135e-10 1.18399e-10 -2.38712e-10 4.61467e-11 -2.67308e-10 5.06880e-11 -4.69027e-10 9.22200e-11 -4.19041e-10 8.37938e-11 
1550.0 1575.0 1600.0 -2.07242e-10 3.27501e-11 -1.19662e-10 1.88912e-11 -3.74445e-10 5.93122e-11 -1.49791e-10 2.37459e-11 -1.65561e-10 2.60559e-11 -2.93522e-10 4.62171e-11 -2.64386e-10 4.20324e-11 
1600.0 1625.0 1650.0 -9.25701e-11 1.31757e-11 -5.33333e-11 7.57086e-12 -1.43657e-10 2.24281e-11 -6.70035e-11 9.56000e-12 -6.60482e-11 1.00709e-11 -1.16638e-10 1.86510e-11 -1.16742e-10 1.73889e-11 
1650.0 1675.0 1700.0 -2.75411e-11 4.28160e-12 -1.65235e-11 2.58360e-12 -5.23404e-11 8.23607e-12 -1.99274e-11 3.10910e-12 -2.28341e-11 3.55770e-12 -3.89597e-11 6.03168e-12 -3.70095e-11 5.84762e-12 
1700.0 1725.0 1750.0 -1.46068e-11 1.83054e-12 -8.67616e-12 1.07067e-12 -2.90088e-11 3.53166e-12 -1.05958e-11 1.33039e-12 -1.19603e-11 1.47314e-12 -2.06013e-11 2.57610e-12 -2.05659e-11 2.50932e-12 
1750.0 1775.0 1800.0 -9.90978e-12 1.24247e-12 -5.63928e-12 7.06148e-13 -1.92725e-11 2.36514e-12 -7.30214e-12 9.02826e-13 -7.76793e-12 9.70627e-13 -1.39637e-11 1.74635e-12 -1.36774e-11 1.68252e-12 
1800.0 1825.0 1850.0 -3.29478e-12 3.94524e-13 -1.77760e-12 2.16973e-13 -6.04266e-12 7.58321e-13 -2.35035e-12 2.83745e-13 -2.44627e-12 2.98048e-13 -4.63622e-12 5.54082e-13 -4.29492e-12 5.39934e-13 
1850.0 1875.0 1900.0 -1.99662e-12 2.19970e-13 -1.12762e-12 1.24059e-13 -3.69403e-12 4.07751e-13 -1.45228e-12 1.60266e-13 -1.55028e-12 1.70277e-13 -2.80701e-12 3.08667e-13 -2.81244e-12 3.01568e-13 
1900.0 1925.0 1950.0 -7.20654e-13 7.21178e-14 -4.06451e-13 4.06457e-14 -1.31369e-12 1.32055e-13 -5.24820e-13 5.25751e-14 -5.58121e-13 5.57541e-14 -1.01172e-12 1.01126e-13 -9.35776e-13 9.41809e-14 
1950.0 1975.0 2000.0 -6.94971e-14 1.06058e-14 -3.89470e-14 5.89621e-15 -1.29813e-13 1.92006e-14 -5.06073e-14 7.74567e-15 -5.34845e-14 8.07331e-15 -9.75745e-14 1.48412e-14 -9.24935e-14 1.37197e-14 
2000.0 2025.0 2050.0 -2.37683e-14 3.13122e-15 -1.26753e-14 1.74390e-15 -4.70420e-14 6.19384e-15 -1.73354e-14 2.28760e-15 -1.73829e-14 2.38660e-15 -3.33099e-14 4.37991e-15 -3.35615e-14 4.42782e-15 
2050.0 2075.0 2100.0 -9.31826e-15 1.09715e-15 -5.93070e-23 5.00677e-22 -1.79802e-14 2.16790e-15 -6.66859e-15 7.91545e-16 -7.97174e-23 6.81501e-22 -1.30348e-14 1.56470e-15 -1.28468e-14 1.55091e-15 
2100.0 2125.0 2150.0 -1.12613e-15 1.20280e-16 -5.90014e-16 6.40823e-17 -2.15727e-15 2.29828e-16 -8.23266e-16 8.79878e-17 -8.07041e-16 8.75916e-17 -1.54126e-15 1.66604e-16 -1.54342e-15 1.64550e-16 
2150.0 2175.0 2200.0 -3.33019e-17 5.77681e-18 -1.80936e-17 3.00450e-18 -7.41490e-17 1.20191e-17 -2.43690e-17 4.23233e-18 -2.47127e-17 4.10167e-18 -4.64965e-17 8.05504e-18 -5.30920e-17 8.61635e-18 
2200.0 2225.0 2250.0 -1.50839e-18 2.85426e-19 -7.21219e-19 2.31765e-19 -3.16946e-18 6.03594e-19 -1.10421e-18 2.09053e-19 -9.84254e-19 3.16088e-19 -2.10514e-18 3.98116e-19 -2.27161e-18 4.32782e-19 
2250.0 2275.0 2300.0 -3.86649e-20 7.00310e-21 -1.96972e-20 3.57455e-21 -8.95545e-20 1.60259e-20 -2.83394e-20 5.13955e-21 -2.68734e-20 4.87069e-21 -5.38868e-20 9.74600e-21 -6.42417e-20 1.15080e-20 
2300.0 2325.0 2350.0 -1.06898e-22 2.89281e-23 -4.63608e-23 1.23861e-23 -2.34280e-22 7.37856e-23 -7.83985e-23 2.12394e-23 -6.32205e-23 1.68846e-23 -1.48881e-22 4.02394e-23 -1.68156e-22 5.30665e-23 
2350.0 2375.0 2400.0 0.00000e+00 0.00000e+00 0.00000e+00 0.00000e+00 0.00000e+00 0.00000e+00 0.00000e+00 0.00000e+00 0.00000e+00 0.00000e+00 0.00000e+00 0.00000e+00 0.00000e+00 0.00000e+00 
2400.0 2425.0 2450.0 0.00000e+00 0.00000e+00 0.00000e+00 0.00000e+00 0.00000e+00 0.00000e+00 0.00000e+00 0.00000e+00 0.00000e+00 0.00000e+00 0.00000e+00 0.00000e+00 0.00000e+00 0.00000e+00 
2450.0 2475.0 2500.0 0.00000e+00 0.00000e+00 0.00000e+00 0.00000e+00 0.00000e+00 0.00000e+00 0.00000e+00 0.00000e+00 0.00000e+00 0.00000e+00 0.00000e+00 0.00000e+00 0.00000e+00 0.00000e+00 
2500.0 2525.0 2550.0 0.00000e+00 0.00000e+00 0.00000e+00 0.00000e+00 0.00000e+00 0.00000e+00 0.00000e+00 0.00000e+00 0.00000e+00 0.00000e+00 0.00000e+00 0.00000e+00 0.00000e+00 0.00000e+00 
2550.0 2575.0 2600.0 0.00000e+00 0.00000e+00 0.00000e+00 0.00000e+00 0.00000e+00 0.00000e+00 0.00000e+00 0.00000e+00 0.00000e+00 0.00000e+00 0.00000e+00 0.00000e+00 0.00000e+00 0.00000e+00 
2600.0 2625.0 2650.0 0.00000e+00 0.00000e+00 0.00000e+00 0.00000e+00 0.00000e+00 0.00000e+00 0.00000e+00 0.00000e+00 0.00000e+00 0.00000e+00 0.00000e+00 0.00000e+00 0.00000e+00 0.00000e+00 
2650.0 2675.0 2700.0 0.00000e+00 0.00000e+00 0.00000e+00 0.00000e+00 0.00000e+00 0.00000e+00 0.00000e+00 0.00000e+00 0.00000e+00 0.00000e+00 0.00000e+00 0.00000e+00 0.00000e+00 0.00000e+00 
2700.0 2725.0 2750.0 0.00000e+00 0.00000e+00 0.00000e+00 0.00000e+00 0.00000e+00 0.00000e+00 0.00000e+00 0.00000e+00 0.00000e+00 0.00000e+00 0.00000e+00 0.00000e+00 0.00000e+00 0.00000e+00 
2750.0 2775.0 2800.0 0.00000e+00 0.00000e+00 0.00000e+00 0.00000e+00 0.00000e+00 0.00000e+00 0.00000e+00 0.00000e+00 0.00000e+00 0.00000e+00 0.00000e+00 0.00000e+00 0.00000e+00 0.00000e+00 
2800.0 2825.0 2850.0 0.00000e+00 0.00000e+00 0.00000e+00 0.00000e+00 0.00000e+00 0.00000e+00 0.00000e+00 0.00000e+00 0.00000e+00 0.00000e+00 0.00000e+00 0.00000e+00 0.00000e+00 0.00000e+00 
2850.0 2875.0 2900.0 0.00000e+00 0.00000e+00 0.00000e+00 0.00000e+00 0.00000e+00 0.00000e+00 0.00000e+00 0.00000e+00 0.00000e+00 0.00000e+00 0.00000e+00 0.00000e+00 0.00000e+00 0.00000e+00 
2900.0 2925.0 2950.0 0.00000e+00 0.00000e+00 0.00000e+00 0.00000e+00 0.00000e+00 0.00000e+00 0.00000e+00 0.00000e+00 0.00000e+00 0.00000e+00 0.00000e+00 0.00000e+00 0.00000e+00 0.00000e+00 
2950.0 2975.0 3000.0 0.00000e+00 0.00000e+00 0.00000e+00 0.00000e+00 0.00000e+00 0.00000e+00 0.00000e+00 0.00000e+00 0.00000e+00 0.00000e+00 0.00000e+00 0.00000e+00 0.00000e+00 0.00000e+00 
3000.0 3025.0 3050.0 0.00000e+00 0.00000e+00 0.00000e+00 0.00000e+00 0.00000e+00 0.00000e+00 0.00000e+00 0.00000e+00 0.00000e+00 0.00000e+00 0.00000e+00 0.00000e+00 0.00000e+00 0.00000e+00 
3050.0 3075.0 3100.0 0.00000e+00 0.00000e+00 0.00000e+00 0.00000e+00 0.00000e+00 0.00000e+00 0.00000e+00 0.00000e+00 0.00000e+00 0.00000e+00 0.00000e+00 0.00000e+00 0.00000e+00 0.00000e+00 
3100.0 3125.0 3150.0 0.00000e+00 0.00000e+00 0.00000e+00 0.00000e+00 0.00000e+00 0.00000e+00 0.00000e+00 0.00000e+00 0.00000e+00 0.00000e+00 0.00000e+00 0.00000e+00 0.00000e+00 0.00000e+00 
3150.0 3175.0 3200.0 0.00000e+00 0.00000e+00 0.00000e+00 0.00000e+00 0.00000e+00 0.00000e+00 0.00000e+00 0.00000e+00 0.00000e+00 0.00000e+00 0.00000e+00 0.00000e+00 0.00000e+00 0.00000e+00 
3200.0 3225.0 3250.0 0.00000e+00 0.00000e+00 0.00000e+00 0.00000e+00 0.00000e+00 0.00000e+00 0.00000e+00 0.00000e+00 0.00000e+00 0.00000e+00 0.00000e+00 0.00000e+00 0.00000e+00 0.00000e+00 
3250.0 3275.0 3300.0 0.00000e+00 0.00000e+00 0.00000e+00 0.00000e+00 0.00000e+00 0.00000e+00 0.00000e+00 0.00000e+00 0.00000e+00 0.00000e+00 0.00000e+00 0.00000e+00 0.00000e+00 0.00000e+00 
3300.0 3325.0 3350.0 0.00000e+00 0.00000e+00 0.00000e+00 0.00000e+00 0.00000e+00 0.00000e+00 0.00000e+00 0.00000e+00 0.00000e+00 0.00000e+00 0.00000e+00 0.00000e+00 0.00000e+00 0.00000e+00 
3350.0 3375.0 3400.0 0.00000e+00 0.00000e+00 0.00000e+00 0.00000e+00 0.00000e+00 0.00000e+00 0.00000e+00 0.00000e+00 0.00000e+00 0.00000e+00 0.00000e+00 0.00000e+00 0.00000e+00 0.00000e+00 
3400.0 3425.0 3450.0 0.00000e+00 0.00000e+00 0.00000e+00 0.00000e+00 0.00000e+00 0.00000e+00 0.00000e+00 0.00000e+00 0.00000e+00 0.00000e+00 0.00000e+00 0.00000e+00 0.00000e+00 0.00000e+00 
3450.0 3475.0 3500.0 0.00000e+00 0.00000e+00 0.00000e+00 0.00000e+00 0.00000e+00 0.00000e+00 0.00000e+00 0.00000e+00 0.00000e+00 0.00000e+00 0.00000e+00 0.00000e+00 0.00000e+00 0.00000e+00 
3500.0 3525.0 3550.0 0.00000e+00 0.00000e+00 0.00000e+00 0.00000e+00 0.00000e+00 0.00000e+00 0.00000e+00 0.00000e+00 0.00000e+00 0.00000e+00 0.00000e+00 0.00000e+00 0.00000e+00 0.00000e+00 
3550.0 3575.0 3600.0 0.00000e+00 0.00000e+00 0.00000e+00 0.00000e+00 0.00000e+00 0.00000e+00 0.00000e+00 0.00000e+00 0.00000e+00 0.00000e+00 0.00000e+00 0.00000e+00 0.00000e+00 0.00000e+00 
3600.0 3625.0 3650.0 0.00000e+00 0.00000e+00 0.00000e+00 0.00000e+00 0.00000e+00 0.00000e+00 0.00000e+00 0.00000e+00 0.00000e+00 0.00000e+00 0.00000e+00 0.00000e+00 0.00000e+00 0.00000e+00 
3650.0 3675.0 3700.0 0.00000e+00 0.00000e+00 0.00000e+00 0.00000e+00 0.00000e+00 0.00000e+00 0.00000e+00 0.00000e+00 0.00000e+00 0.00000e+00 0.00000e+00 0.00000e+00 0.00000e+00 0.00000e+00 
3700.0 3725.0 3750.0 0.00000e+00 0.00000e+00 0.00000e+00 0.00000e+00 0.00000e+00 0.00000e+00 0.00000e+00 0.00000e+00 0.00000e+00 0.00000e+00 0.00000e+00 0.00000e+00 0.00000e+00 0.00000e+00 
3750.0 3775.0 3800.0 0.00000e+00 0.00000e+00 0.00000e+00 0.00000e+00 0.00000e+00 0.00000e+00 0.00000e+00 0.00000e+00 0.00000e+00 0.00000e+00 0.00000e+00 0.00000e+00 0.00000e+00 0.00000e+00 
3800.0 3825.0 3850.0 0.00000e+00 0.00000e+00 0.00000e+00 0.00000e+00 0.00000e+00 0.00000e+00 0.00000e+00 0.00000e+00 0.00000e+00 0.00000e+00 0.00000e+00 0.00000e+00 0.00000e+00 0.00000e+00 
3850.0 3875.0 3900.0 0.00000e+00 0.00000e+00 0.00000e+00 0.00000e+00 0.00000e+00 0.00000e+00 0.00000e+00 0.00000e+00 0.00000e+00 0.00000e+00 0.00000e+00 0.00000e+00 0.00000e+00 0.00000e+00 
3900.0 3925.0 3950.0 0.00000e+00 0.00000e+00 0.00000e+00 0.00000e+00 0.00000e+00 0.00000e+00 0.00000e+00 0.00000e+00 0.00000e+00 0.00000e+00 0.00000e+00 0.00000e+00 0.00000e+00 0.00000e+00 
3950.0 3975.0 4000.0 0.00000e+00 0.00000e+00 0.00000e+00 0.00000e+00 0.00000e+00 0.00000e+00 0.00000e+00 0.00000e+00 0.00000e+00 0.00000e+00 0.00000e+00 0.00000e+00 0.00000e+00 0.00000e+00 
