-3.5 -3.45 -3.4 7.38079e-03 4.77116e-03 1.18279e-02 3.66475e-03 -1.23553e-02 5.48342e-03 1.08229e-02 3.91810e-03 9.97421e-03 4.51701e-03 -3.93064e-03 5.18710e-03 2.86457e-03 5.07951e-03 
-3.4 -3.35 -3.3 1.08297e-02 4.67040e-03 1.41019e-02 3.61126e-03 -5.21105e-03 5.88054e-03 1.55351e-02 4.33102e-03 1.31092e-02 4.41524e-03 3.13728e-03 5.63047e-03 9.11720e-03 5.52852e-03 
-3.3 -3.25 -3.2 1.15486e-02 4.64522e-03 1.50728e-02 3.57894e-03 -1.52720e-03 6.06054e-03 1.39689e-02 3.82056e-03 1.43442e-02 4.40078e-03 6.59184e-03 5.81656e-03 7.62569e-03 4.93048e-03 
-3.2 -3.15 -3.1 3.36218e-02 7.19333e-03 3.38982e-02 5.61567e-03 1.91524e-02 8.88890e-03 3.34734e-02 5.91303e-03 3.62073e-02 6.93413e-03 2.85969e-02 8.75072e-03 2.97338e-02 7.47651e-03 
-3.1 -3.05 -3.0 1.44480e-02 5.33606e-03 1.99880e-02 4.12792e-03 -8.08954e-03 6.72036e-03 1.87508e-02 4.42694e-03 1.79755e-02 5.03371e-03 3.04348e-03 6.44747e-03 9.14063e-03 5.65490e-03 
-3.0 -2.95 -2.9 2.33994e-02 7.19526e-03 2.78829e-02 5.69071e-03 -4.50120e-05 8.72655e-03 2.69497e-02 6.03511e-03 2.68577e-02 6.88521e-03 1.16728e-02 8.54322e-03 1.69276e-02 7.54651e-03 
-2.9 -2.85 -2.8 3.15653e-02 6.87912e-03 3.71757e-02 5.44004e-03 8.60443e-03 8.38092e-03 3.53528e-02 5.79596e-03 3.77561e-02 6.58758e-03 1.91816e-02 8.14491e-03 2.62694e-02 7.23950e-03 
-2.8 -2.75 -2.7 2.17584e-02 6.23054e-03 2.88378e-02 4.84890e-03 -7.91020e-03 7.87715e-03 2.72938e-02 5.18314e-03 2.64144e-02 5.89867e-03 6.55150e-03 7.51483e-03 1.49564e-02 6.60565e-03 
-2.7 -2.65 -2.6 3.69065e-02 6.96040e-03 4.03110e-02 5.52333e-03 1.03597e-02 8.74070e-03 3.96579e-02 5.83333e-03 4.05949e-02 6.73281e-03 2.34165e-02 8.42544e-03 2.96446e-02 7.37408e-03 
-2.6 -2.55 -2.5 3.48732e-02 7.49127e-03 4.16921e-02 5.91745e-03 2.36155e-03 9.29114e-03 3.95005e-02 6.25372e-03 4.09870e-02 7.18892e-03 1.94497e-02 8.98231e-03 2.70454e-02 7.86853e-03 
-2.5 -2.45 -2.4 3.32551e-02 7.53988e-03 4.02957e-02 5.89383e-03 -4.17060e-04 9.53245e-03 3.84939e-02 6.24452e-03 3.88758e-02 7.20113e-03 1.67951e-02 9.16275e-03 2.50971e-02 7.92764e-03 
-2.4 -2.35 -2.3 3.92326e-02 7.13661e-03 4.70167e-02 5.63457e-03 2.58566e-03 8.98647e-03 4.50478e-02 5.97986e-03 4.53382e-02 6.80677e-03 2.10737e-02 8.58000e-03 3.11156e-02 7.54382e-03 
-2.3 -2.25 -2.2 3.54932e-02 7.32942e-03 4.40032e-02 5.64349e-03 -7.53477e-03 9.79376e-03 4.03631e-02 6.02780e-03 4.22700e-02 6.96778e-03 1.68452e-02 9.09654e-03 2.55424e-02 7.76429e-03 
-2.2 -2.15 -2.1 4.62401e-02 7.51163e-03 5.10887e-02 5.68448e-03 7.22786e-03 9.71756e-03 4.92157e-02 6.05211e-03 5.26136e-02 7.13320e-03 2.76752e-02 9.20318e-03 3.69817e-02 7.95861e-03 
-2.1 -2.05 -2.0 4.12951e-02 8.63090e-03 5.18885e-02 6.82568e-03 -4.17829e-03 1.06920e-02 4.88476e-02 7.14521e-03 4.96240e-02 8.35991e-03 1.86872e-02 1.05076e-02 3.04729e-02 8.88554e-03 
-2.0 -1.95 -1.9 5.33430e-02 8.43267e-03 6.37593e-02 6.68337e-03 2.02719e-03 1.04914e-02 6.11105e-02 7.02910e-03 6.28169e-02 8.11315e-03 2.97928e-02 1.01650e-02 4.11815e-02 8.80037e-03 
-1.9 -1.85 -1.8 4.62979e-02 8.03734e-03 5.64843e-02 6.34977e-03 -2.57551e-03 1.02007e-02 5.39764e-02 6.70857e-03 5.41615e-02 7.70169e-03 2.25409e-02 9.74881e-03 3.46883e-02 8.31476e-03 
-1.8 -1.75 -1.7 6.00780e-02 9.43841e-03 7.08885e-02 7.53693e-03 1.07327e-02 1.13661e-02 6.69202e-02 7.90668e-03 6.93157e-02 9.24209e-03 3.29932e-02 1.13567e-02 4.63261e-02 9.74273e-03 
-1.7 -1.65 -1.6 8.35211e-02 9.73410e-03 8.74145e-02 7.75606e-03 3.26376e-02 1.19298e-02 8.68932e-02 8.15281e-03 8.75456e-02 9.29923e-03 6.12741e-02 1.16230e-02 6.92077e-02 9.75678e-03 
-1.6 -1.55 -1.5 5.68067e-02 1.05206e-02 7.02204e-02 8.37160e-03 -7.63312e-03 1.32210e-02 6.64837e-02 8.78251e-03 6.68428e-02 1.01305e-02 2.43810e-02 1.26468e-02 4.13384e-02 1.10253e-02 
-1.5 -1.45 -1.4 7.09266e-02 1.01848e-02 8.15001e-02 7.97611e-03 9.01584e-03 1.31914e-02 7.88813e-02 8.39755e-03 8.02293e-02 9.77487e-03 4.05531e-02 1.25797e-02 5.52947e-02 1.07088e-02 
-1.4 -1.35 -1.3 7.68075e-02 1.06261e-02 8.47336e-02 8.48990e-03 1.69483e-02 1.34829e-02 8.22658e-02 8.83921e-03 8.59261e-02 1.03510e-02 5.28779e-02 1.29262e-02 6.09304e-02 1.07109e-02 
-1.3 -1.25 -1.2 8.33066e-02 9.79484e-03 8.89222e-02 7.67750e-03 3.18155e-02 1.26871e-02 8.69552e-02 8.05747e-03 9.11772e-02 9.40828e-03 6.11207e-02 1.17984e-02 7.31134e-02 9.75395e-03 
-1.2 -1.15 -1.1 7.08698e-02 1.07209e-02 8.15302e-02 8.88962e-03 -4.52456e-04 1.30590e-02 7.79591e-02 9.22734e-03 7.84796e-02 1.05439e-02 4.04638e-02 1.25833e-02 4.95922e-02 1.11739e-02 
-1.1 -1.05 -1.0 7.36532e-02 1.01071e-02 8.31090e-02 8.30788e-03 1.79864e-02 1.22414e-02 8.06714e-02 8.64751e-03 8.28739e-02 9.88295e-03 4.69336e-02 1.18642e-02 6.12592e-02 1.04858e-02 
-1.0 -0.95 -0.9 7.31304e-02 1.12492e-02 8.97601e-02 9.25462e-03 -3.88795e-03 1.36424e-02 7.95793e-02 9.18472e-03 8.82269e-02 1.10931e-02 3.72104e-02 1.34201e-02 4.80522e-02 1.11098e-02 
-0.9 -0.85 -0.8 8.09674e-02 1.07417e-02 9.12472e-02 8.91846e-03 5.40957e-03 1.31458e-02 9.00359e-02 9.18543e-03 9.01527e-02 1.06356e-02 4.59906e-02 1.29065e-02 6.01669e-02 1.12067e-02 
-0.8 -0.75 -0.7 9.30192e-02 1.29702e-02 1.05316e-01 1.09838e-02 2.25795e-02 1.45403e-02 1.04113e-01 1.12915e-02 1.04460e-01 1.28557e-02 5.81793e-02 1.47757e-02 7.52564e-02 1.31511e-02 
-0.7 -0.65 -0.6 1.09324e-01 1.27709e-02 1.17218e-01 1.06156e-02 3.94953e-02 1.50169e-02 1.13689e-01 1.09816e-02 1.20772e-01 1.26321e-02 8.08846e-02 1.49072e-02 9.05984e-02 1.29916e-02 
-0.6 -0.55 -0.5 9.49678e-02 1.29926e-02 1.09450e-01 1.10420e-02 8.09207e-03 1.46144e-02 1.05097e-01 1.13699e-02 1.08093e-01 1.28832e-02 5.21615e-02 1.48528e-02 7.48804e-02 1.30025e-02 
-0.5 -0.45 -0.4 1.11866e-01 1.22257e-02 1.20388e-01 1.03481e-02 4.19795e-02 1.40680e-02 1.18275e-01 1.06737e-02 1.22645e-01 1.21347e-02 8.02082e-02 1.39187e-02 9.56885e-02 1.25162e-02 
-0.4 -0.35 -0.3 1.11593e-01 1.29775e-02 1.22053e-01 1.09630e-02 3.60739e-02 1.48829e-02 1.19367e-01 1.13993e-02 1.24032e-01 1.26766e-02 8.16322e-02 1.45178e-02 9.27526e-02 1.32315e-02 
-0.3 -0.25 -0.2 8.14350e-02 1.12747e-02 9.66797e-02 8.99041e-03 9.34020e-03 1.33151e-02 9.40360e-02 9.13803e-03 9.60382e-02 1.07739e-02 4.95941e-02 1.34868e-02 6.66703e-02 1.15372e-02 
-0.2 -0.15 -0.1 1.25046e-01 1.45292e-02 1.32543e-01 1.21995e-02 5.28725e-02 1.69638e-02 1.29741e-01 1.26159e-02 1.36828e-01 1.44347e-02 9.39530e-02 1.67898e-02 1.06200e-01 1.47548e-02 
-0.1 -0.05 0.0 1.03316e-01 1.28756e-02 1.16389e-01 1.05783e-02 3.66548e-02 1.53676e-02 1.11360e-01 1.10495e-02 1.18092e-01 1.24816e-02 7.16859e-02 1.51891e-02 9.02933e-02 1.31813e-02 
0.0 0.05 0.1 1.05594e-01 1.32794e-02 1.18865e-01 1.14236e-02 2.45713e-02 1.50884e-02 1.14148e-01 1.16632e-02 1.20448e-01 1.34012e-02 7.29005e-02 1.53846e-02 8.43880e-02 1.34962e-02 
0.1 0.15 0.2 1.03781e-01 1.36390e-02 1.12843e-01 1.14100e-02 2.61186e-02 1.55386e-02 1.10098e-01 1.16702e-02 1.15174e-01 1.35123e-02 6.89683e-02 1.56921e-02 8.52352e-02 1.37743e-02 
0.2 0.25 0.3 1.05009e-01 1.27023e-02 1.16161e-01 1.04493e-02 2.64240e-02 1.54331e-02 1.13361e-01 1.08641e-02 1.17990e-01 1.24476e-02 6.98612e-02 1.46711e-02 8.52752e-02 1.31979e-02 
0.3 0.35 0.4 8.41670e-02 1.27222e-02 9.83912e-02 1.07824e-02 1.31844e-02 1.41116e-02 9.54008e-02 1.12286e-02 9.59269e-02 1.24359e-02 4.73490e-02 1.44216e-02 6.99296e-02 1.27343e-02 
0.4 0.45 0.5 9.34703e-02 1.24292e-02 1.08366e-01 1.03799e-02 1.52937e-02 1.50224e-02 1.04557e-01 1.07273e-02 1.08203e-01 1.22990e-02 5.49056e-02 1.46614e-02 7.23635e-02 1.27806e-02 
0.5 0.55 0.6 1.05414e-01 1.23669e-02 1.14317e-01 1.00833e-02 3.56709e-02 1.48857e-02 1.11544e-01 1.03915e-02 1.16963e-01 1.21637e-02 7.45679e-02 1.46038e-02 8.68137e-02 1.25350e-02 
0.6 0.65 0.7 1.01755e-01 1.22885e-02 1.08081e-01 9.82684e-03 3.17629e-02 1.51251e-02 1.03931e-01 1.02804e-02 1.09065e-01 1.17011e-02 7.24925e-02 1.46092e-02 7.95329e-02 1.26291e-02 
0.7 0.75 0.8 8.96652e-02 1.20192e-02 1.02304e-01 9.75353e-03 1.85792e-02 1.41819e-02 9.83452e-02 1.02951e-02 1.02347e-01 1.15212e-02 5.84585e-02 1.36661e-02 7.03266e-02 1.22952e-02 
0.8 0.85 0.9 8.82564e-02 1.11673e-02 9.74273e-02 9.28702e-03 1.54841e-02 1.43602e-02 9.58464e-02 9.50939e-03 9.71729e-02 1.11549e-02 5.79984e-02 1.32036e-02 6.97037e-02 1.18768e-02 
0.9 0.95 1.0 8.17554e-02 1.06258e-02 9.25038e-02 8.53214e-03 1.42301e-02 1.31807e-02 9.05537e-02 9.01415e-03 9.11474e-02 1.01810e-02 5.00243e-02 1.26464e-02 6.57171e-02 1.11146e-02 
1.0 1.05 1.1 7.94098e-02 1.04417e-02 8.93225e-02 8.20368e-03 1.94888e-02 1.32956e-02 8.73984e-02 8.78998e-03 9.19087e-02 1.00099e-02 5.10251e-02 1.26226e-02 6.58309e-02 1.09899e-02 
1.1 1.15 1.2 8.04223e-02 1.03306e-02 8.69126e-02 7.94315e-03 1.48347e-02 1.31537e-02 8.36549e-02 8.37951e-03 8.58533e-02 9.65638e-03 5.26671e-02 1.20547e-02 6.46534e-02 1.08575e-02 
1.2 1.25 1.3 9.25929e-02 1.02561e-02 9.97604e-02 8.29303e-03 3.38794e-02 1.26629e-02 9.93122e-02 8.61448e-03 1.02394e-01 9.92265e-03 6.75168e-02 1.21724e-02 7.96861e-02 1.05235e-02 
1.3 1.35 1.4 5.89703e-02 9.20593e-03 7.09626e-02 7.00307e-03 1.96058e-03 1.18843e-02 6.72595e-02 7.66145e-03 6.82495e-02 8.77248e-03 3.18339e-02 1.12368e-02 4.51871e-02 9.73817e-03 
1.4 1.45 1.5 6.51240e-02 9.01372e-03 7.73961e-02 7.13167e-03 2.72859e-03 1.13926e-02 7.43334e-02 7.48719e-03 7.56465e-02 8.65988e-03 3.60018e-02 1.09425e-02 5.02370e-02 9.38100e-03 
1.5 1.55 1.6 5.54230e-02 9.32398e-03 6.74225e-02 7.32042e-03 -5.69253e-03 1.17365e-02 6.43613e-02 7.75759e-03 6.40900e-02 8.84350e-03 2.56594e-02 1.11851e-02 3.91473e-02 9.71825e-03 
1.6 1.65 1.7 6.67788e-02 8.97592e-03 7.63163e-02 7.12229e-03 1.80663e-02 1.14242e-02 7.42490e-02 7.47132e-03 7.80328e-02 8.60362e-03 4.21672e-02 1.09025e-02 5.34951e-02 9.46048e-03 
1.7 1.75 1.8 6.28432e-02 8.55401e-03 7.15770e-02 6.70115e-03 1.28277e-02 1.09147e-02 6.86996e-02 7.09342e-03 7.18098e-02 8.16853e-03 4.03078e-02 1.04358e-02 5.03093e-02 9.00428e-03 
1.8 1.85 1.9 4.78799e-02 8.23540e-03 5.70841e-02 6.49286e-03 -3.32064e-04 1.04616e-02 5.46698e-02 6.81812e-03 5.55442e-02 7.95286e-03 2.88009e-02 1.00191e-02 3.76680e-02 8.64381e-03 
1.9 1.95 2.0 5.86021e-02 8.21253e-03 6.63019e-02 6.46389e-03 1.18273e-02 1.03422e-02 6.42707e-02 6.85668e-03 6.61315e-02 7.83799e-03 3.71517e-02 9.91001e-03 4.72464e-02 8.65214e-03 
2.0 2.05 2.1 3.87860e-02 7.25854e-03 4.97407e-02 5.67738e-03 -6.78261e-03 9.37314e-03 4.72575e-02 6.03668e-03 4.73783e-02 6.87818e-03 1.78416e-02 8.80489e-03 2.78683e-02 7.74612e-03 
2.1 2.15 2.2 3.55554e-02 7.24337e-03 4.38353e-02 5.53300e-03 -3.43406e-03 9.34621e-03 4.22568e-02 5.94731e-03 4.13047e-02 6.79056e-03 1.56512e-02 8.96108e-03 2.70159e-02 7.63775e-03 
2.2 2.25 2.3 3.13661e-02 7.14895e-03 4.22188e-02 5.53670e-03 -1.04794e-02 9.37929e-03 3.93992e-02 5.91666e-03 3.99250e-02 6.78309e-03 9.76165e-03 8.78392e-03 2.20059e-02 7.65472e-03 
2.3 2.35 2.4 4.25852e-02 7.49683e-03 4.76113e-02 5.90754e-03 2.64447e-03 9.62317e-03 4.72586e-02 6.21061e-03 4.63947e-02 7.22975e-03 2.40948e-02 9.22004e-03 3.13164e-02 8.01668e-03 
2.4 2.45 2.5 4.13461e-02 7.57224e-03 4.80206e-02 5.92345e-03 6.72365e-03 9.49543e-03 4.56331e-02 6.27841e-03 4.59346e-02 7.30863e-03 2.43908e-02 9.27869e-03 3.25209e-02 7.95182e-03 
2.5 2.55 2.6 2.88163e-02 6.56903e-03 3.63407e-02 5.11267e-03 -7.87492e-03 8.51165e-03 3.45429e-02 5.41674e-03 3.42249e-02 6.27431e-03 1.10113e-02 8.10298e-03 1.90261e-02 7.00306e-03 
2.6 2.65 2.7 2.38031e-02 6.57651e-03 3.02669e-02 5.15641e-03 -8.86440e-03 7.97158e-03 2.86819e-02 5.46908e-03 2.82885e-02 6.27603e-03 9.30304e-03 7.93617e-03 1.67705e-02 6.99136e-03 
2.7 2.75 2.8 2.01574e-02 6.02903e-03 2.68189e-02 4.68495e-03 -9.25838e-03 7.92747e-03 2.55582e-02 4.99359e-03 2.37712e-02 5.72757e-03 4.04357e-03 7.40242e-03 1.29270e-02 6.50202e-03 
2.8 2.85 2.9 1.91450e-02 5.61029e-03 2.54264e-02 4.32251e-03 -7.71464e-03 7.20143e-03 2.37194e-02 4.60320e-03 2.36983e-02 5.33054e-03 6.40341e-03 6.89819e-03 1.22122e-02 5.93247e-03 
2.9 2.95 3.0 1.71670e-02 5.71200e-03 2.34020e-02 4.47294e-03 -7.42779e-03 7.13097e-03 2.18872e-02 4.76913e-03 2.13252e-02 5.42547e-03 5.08276e-03 6.84309e-03 1.16514e-02 6.04263e-03 
3.0 3.05 3.1 1.85284e-02 5.78164e-03 2.39849e-02 4.49366e-03 -5.01838e-03 7.28332e-03 2.24074e-02 4.79728e-03 2.29173e-02 5.49455e-03 8.77019e-03 7.03151e-03 1.26681e-02 6.12523e-03 
3.1 3.15 3.2 1.43687e-02 5.28657e-03 1.91894e-02 4.04371e-03 -6.71853e-03 6.82884e-03 1.77370e-02 4.34271e-03 1.76100e-02 4.97453e-03 3.71465e-03 6.49096e-03 9.12215e-03 5.64354e-03 
3.2 3.25 3.3 1.94469e-02 5.29391e-03 2.25743e-02 4.13694e-03 3.53102e-06 6.64415e-03 2.10833e-02 4.39065e-03 2.23328e-02 5.06409e-03 1.15606e-02 6.40967e-03 1.36720e-02 5.57280e-03 
3.3 3.35 3.4 1.96987e-02 5.84003e-03 2.05162e-02 4.56969e-03 4.78813e-03 7.23233e-03 2.03229e-02 4.86716e-03 2.03578e-02 5.57026e-03 1.18400e-02 7.01916e-03 1.56402e-02 6.16413e-03 
3.4 3.45 3.5 1.77367e-02 5.17731e-03 1.99975e-02 4.02853e-03 7.32885e-03 6.38562e-03 1.93252e-02 4.31092e-03 2.07036e-02 4.90938e-03 1.25360e-02 6.20718e-03 1.51375e-02 5.49514e-03 
