-3.5 -3.45 -3.4 5.56105e-01 1.62033e-01 6.81172e-01 1.09938e-01 -1.59737e-01 2.43142e-01 6.27500e-01 1.18964e-01 5.78171e-01 1.44899e-01 1.28680e-01 2.25449e-01 3.11835e-01 1.69231e-01 
-3.4 -3.35 -3.3 5.61715e-01 1.81474e-01 8.00772e-01 1.25889e-01 -3.46282e-01 2.83038e-01 7.56218e-01 1.34345e-01 6.84715e-01 1.70078e-01 -5.99379e-02 2.56157e-01 4.50478e-01 1.99136e-01 
-3.3 -3.25 -3.2 1.27809e+00 2.10194e-01 1.45439e+00 1.53987e-01 1.52747e-01 3.08994e-01 1.40085e+00 1.59854e-01 1.44016e+00 2.03878e-01 6.01704e-01 3.05390e-01 1.12058e+00 2.27962e-01 
-3.2 -3.15 -3.1 1.23497e+00 2.24981e-01 1.50799e+00 1.63042e-01 -3.22711e-01 3.09808e-01 1.44095e+00 1.71690e-01 1.42344e+00 2.14581e-01 2.28475e-01 2.93789e-01 1.01359e+00 2.38769e-01 
-3.1 -3.05 -3.0 1.15703e+00 2.66931e-01 1.55319e+00 1.85870e-01 -5.33585e-01 4.05553e-01 1.46993e+00 1.97527e-01 1.38525e+00 2.51544e-01 9.08619e-02 3.76398e-01 8.84552e-01 2.86863e-01 
-3.0 -2.95 -2.9 2.05299e+00 3.18545e-01 2.35538e+00 2.28020e-01 1.12480e-01 4.76566e-01 2.21346e+00 2.44215e-01 2.28390e+00 3.00164e-01 9.53731e-01 4.33883e-01 1.67340e+00 3.48563e-01 
-2.9 -2.85 -2.8 2.51439e+00 3.21779e-01 3.01143e+00 2.33453e-01 3.94839e-01 4.91148e-01 2.79628e+00 2.42997e-01 2.99831e+00 3.10917e-01 1.17937e+00 4.43677e-01 2.08700e+00 3.23161e-01 
-2.8 -2.75 -2.7 1.73918e+00 3.29388e-01 2.44324e+00 2.32351e-01 -1.10607e+00 4.95807e-01 2.29869e+00 2.45174e-01 2.11313e+00 3.12282e-01 -1.56041e-01 4.60662e-01 1.31639e+00 3.52342e-01 
-2.7 -2.65 -2.6 3.67126e+00 3.70407e-01 4.05650e+00 2.70346e-01 9.90973e-01 5.31155e-01 3.94719e+00 2.83639e-01 4.04237e+00 3.54351e-01 2.05831e+00 5.01219e-01 3.23818e+00 3.91818e-01 
-2.6 -2.55 -2.5 3.62650e+00 3.95719e-01 4.22368e+00 2.78825e-01 3.89192e-01 5.95762e-01 4.09661e+00 2.95048e-01 3.79984e+00 3.57891e-01 1.54944e+00 5.54752e-01 3.15344e+00 4.23392e-01 
-2.5 -2.45 -2.4 4.40972e+00 4.31784e-01 5.01267e+00 3.08339e-01 7.97740e-01 6.27579e-01 4.86763e+00 3.24772e-01 4.88351e+00 4.10591e-01 2.16597e+00 5.99243e-01 3.84213e+00 4.52811e-01 
-2.4 -2.35 -2.3 4.04881e+00 4.08561e-01 5.03226e+00 3.03160e-01 -4.39342e-01 5.72932e-01 4.80832e+00 3.16130e-01 4.65981e+00 3.93568e-01 1.15815e+00 5.44765e-01 3.35337e+00 4.29256e-01 
-2.3 -2.25 -2.2 4.23637e+00 4.48139e-01 5.40660e+00 3.38767e-01 -1.10599e+00 6.53053e-01 5.22352e+00 3.39801e-01 4.81928e+00 4.54010e-01 5.08168e-01 6.69328e-01 3.42340e+00 4.74526e-01 
-2.2 -2.15 -2.1 5.07629e+00 4.83600e-01 6.37027e+00 3.63582e-01 -6.83259e-01 6.96199e-01 6.09459e+00 3.70207e-01 5.83373e+00 4.80986e-01 1.29451e+00 6.55905e-01 4.21975e+00 5.11790e-01 
-2.1 -2.05 -2.0 7.54252e+00 5.51176e-01 8.48588e+00 4.02790e-01 1.86360e+00 7.13522e-01 8.25251e+00 4.22231e-01 8.29766e+00 5.26784e-01 3.88752e+00 6.76989e-01 6.72134e+00 5.41775e-01 
-2.0 -1.95 -1.9 6.62582e+00 5.47730e-01 7.90137e+00 3.89575e-01 1.55752e-02 8.01489e-01 7.69102e+00 4.13912e-01 7.36841e+00 5.13517e-01 2.22438e+00 7.63939e-01 5.61400e+00 5.78645e-01 
-1.9 -1.85 -1.8 6.81297e+00 5.96304e-01 8.66586e+00 4.11519e-01 -9.27770e-01 8.79248e-01 8.17103e+00 4.48734e-01 7.86593e+00 5.69275e-01 1.79797e+00 8.29459e-01 5.62010e+00 6.31207e-01 
-1.8 -1.75 -1.7 8.87879e+00 5.85243e-01 1.03232e+01 4.31374e-01 1.29550e+00 8.34143e-01 9.96770e+00 4.48441e-01 9.90655e+00 5.64240e-01 3.97961e+00 7.92970e-01 7.73936e+00 6.13711e-01 
-1.7 -1.65 -1.6 9.71444e+00 6.10433e-01 1.12902e+01 4.46805e-01 1.27941e+00 8.49056e-01 1.08796e+01 4.65620e-01 1.08155e+01 5.85998e-01 4.20766e+00 8.05913e-01 8.32884e+00 6.26477e-01 
-1.6 -1.55 -1.5 9.33499e+00 6.55801e-01 1.15939e+01 5.14283e-01 -4.75604e-02 9.51504e-01 1.11477e+01 5.37716e-01 1.05891e+01 6.29837e-01 3.13935e+00 9.01214e-01 7.94888e+00 6.89757e-01 
-1.5 -1.45 -1.4 9.73024e+00 6.24049e-01 1.17510e+01 4.57877e-01 2.88011e-01 9.20878e-01 1.14212e+01 4.78854e-01 1.08483e+01 5.98380e-01 3.52706e+00 8.73529e-01 8.57204e+00 6.71353e-01 
-1.4 -1.35 -1.3 1.14795e+01 6.59525e-01 1.35389e+01 4.83768e-01 1.18654e+00 9.83753e-01 1.31959e+01 4.94628e-01 1.28677e+01 6.34390e-01 4.78663e+00 8.99030e-01 9.92346e+00 7.12302e-01 
-1.3 -1.25 -1.2 1.09291e+01 6.84398e-01 1.33699e+01 4.93817e-01 -1.57647e-01 1.00526e+00 1.28272e+01 5.15650e-01 1.24011e+01 6.55885e-01 3.55746e+00 9.50531e-01 9.31446e+00 7.21143e-01 
-1.2 -1.15 -1.1 1.00935e+01 6.59690e-01 1.30036e+01 4.81613e-01 -1.99902e+00 9.53559e-01 1.24124e+01 5.01759e-01 1.15785e+01 6.34187e-01 1.90605e+00 9.05106e-01 8.37436e+00 6.92800e-01 
-1.1 -1.05 -1.0 1.26228e+01 6.89802e-01 1.51068e+01 5.05612e-01 1.26317e+00 9.71939e-01 1.47301e+01 5.20771e-01 1.41461e+01 6.64467e-01 4.70295e+00 9.43231e-01 1.12408e+01 7.12683e-01 
-1.0 -0.95 -0.9 1.25188e+01 6.92826e-01 1.52338e+01 5.06800e-01 1.03922e-01 9.98591e-01 1.46166e+01 5.26900e-01 1.41751e+01 6.67400e-01 4.26042e+00 9.50358e-01 1.07009e+01 7.25696e-01 
-0.9 -0.85 -0.8 1.32520e+01 7.16325e-01 1.60768e+01 5.24260e-01 2.85963e-01 1.03238e+00 1.54358e+01 5.44929e-01 1.52790e+01 6.92499e-01 4.61036e+00 9.82635e-01 1.13670e+01 7.50214e-01 
-0.8 -0.75 -0.7 1.50383e+01 7.16170e-01 1.73286e+01 5.20667e-01 2.92988e+00 1.04123e+00 1.67582e+01 5.42027e-01 1.66676e+01 6.88617e-01 7.08202e+00 9.88710e-01 1.32703e+01 7.51582e-01 
-0.7 -0.65 -0.6 1.27973e+01 7.40411e-01 1.60605e+01 5.34895e-01 -1.58420e+00 1.06866e+00 1.53599e+01 5.56908e-01 1.46319e+01 7.11693e-01 2.96415e+00 1.01556e+00 1.05521e+01 7.67945e-01 
-0.6 -0.55 -0.5 1.36493e+01 7.08711e-01 1.67920e+01 5.22370e-01 -2.92752e-01 1.01082e+00 1.61077e+01 5.42580e-01 1.54762e+01 6.83699e-01 4.24354e+00 9.64040e-01 1.16648e+01 7.41184e-01 
-0.5 -0.45 -0.4 1.46504e+01 7.36709e-01 1.77110e+01 5.39647e-01 5.82004e-01 1.06027e+00 1.70292e+01 5.60818e-01 1.65018e+01 7.10032e-01 5.18964e+00 1.00986e+00 1.26517e+01 7.71224e-01 
-0.4 -0.35 -0.3 1.57659e+01 7.08199e-01 1.84859e+01 5.25724e-01 2.20956e+00 9.99863e-01 1.77814e+01 5.43583e-01 1.76548e+01 6.86824e-01 6.91350e+00 9.59423e-01 1.37103e+01 7.36554e-01 
-0.3 -0.25 -0.2 1.49326e+01 6.92442e-01 1.79758e+01 5.15906e-01 7.99212e-01 9.71255e-01 1.72642e+01 5.33430e-01 1.68356e+01 6.71877e-01 5.51976e+00 9.32926e-01 1.28692e+01 7.19873e-01 
-0.2 -0.15 -0.1 1.56169e+01 7.47484e-01 1.87094e+01 5.43492e-01 1.41323e+00 1.08122e+00 1.79099e+01 5.67316e-01 1.75019e+01 7.20077e-01 6.11412e+00 1.02850e+00 1.35885e+01 7.83108e-01 
-0.1 -0.05 0.0 1.50304e+01 7.14845e-01 1.82191e+01 5.27427e-01 4.86264e-02 1.01432e+00 1.72987e+01 5.73625e-01 1.69298e+01 6.90993e-01 5.19607e+00 9.72909e-01 1.25312e+01 7.98049e-01 
0.0 0.05 0.1 1.49872e+01 7.66350e-01 1.81979e+01 5.55441e-01 3.87341e-01 1.11817e+00 1.74936e+01 5.77655e-01 1.68952e+01 7.37683e-01 5.13183e+00 1.06430e+00 1.29262e+01 8.02747e-01 
0.1 0.15 0.2 1.68412e+01 7.29968e-01 1.94871e+01 5.39509e-01 3.13299e+00 1.03742e+00 1.88210e+01 5.59892e-01 1.86761e+01 7.06347e-01 7.76073e+00 9.92825e-01 1.48694e+01 7.60947e-01 
0.2 0.25 0.3 1.45783e+01 6.83988e-01 1.77298e+01 5.11669e-01 -2.74216e-01 1.07134e+00 1.70182e+01 5.28781e-01 1.64779e+01 6.64120e-01 4.46242e+00 1.02112e+00 1.21787e+01 7.74322e-01 
0.3 0.35 0.4 1.42601e+01 7.05159e-01 1.74729e+01 5.30980e-01 -4.96564e-01 1.02646e+00 1.67561e+01 5.38067e-01 1.61368e+01 6.96400e-01 4.26815e+00 9.79609e-01 1.21907e+01 7.35874e-01 
0.4 0.45 0.5 1.47445e+01 7.23378e-01 1.79304e+01 5.30207e-01 7.62064e-01 1.03651e+00 1.70439e+01 5.50695e-01 1.66361e+01 6.99305e-01 5.45082e+00 9.90682e-01 1.26909e+01 7.54791e-01 
0.5 0.55 0.6 1.60363e+01 6.86933e-01 1.85009e+01 5.14590e-01 2.54542e+00 1.08701e+00 1.79026e+01 5.32046e-01 1.77588e+01 6.66622e-01 7.46257e+00 9.18154e-01 1.38344e+01 7.84076e-01 
0.6 0.65 0.7 1.30505e+01 7.27692e-01 1.62566e+01 5.29211e-01 -1.07304e+00 1.10465e+00 1.55522e+01 5.50042e-01 1.48917e+01 7.00839e-01 3.68074e+00 1.00704e+00 1.09159e+01 7.87537e-01 
0.7 0.75 0.8 1.42331e+01 6.74011e-01 1.69889e+01 5.02398e-01 1.39734e+00 1.05291e+00 1.63401e+01 5.20053e-01 1.61460e+01 6.96960e-01 5.80005e+00 9.99928e-01 1.23100e+01 7.02177e-01 
0.8 0.85 0.9 1.31043e+01 6.91261e-01 1.58855e+01 5.06174e-01 2.54613e-01 1.00869e+00 1.52822e+01 5.26355e-01 1.47660e+01 6.65712e-01 4.50922e+00 9.47213e-01 1.12526e+01 7.31397e-01 
0.9 0.95 1.0 1.21247e+01 6.96007e-01 1.50254e+01 5.09198e-01 -1.26669e-01 9.41217e-01 1.43881e+01 5.28687e-01 1.38061e+01 6.71145e-01 3.96841e+00 9.00218e-01 1.05949e+01 6.94347e-01 
1.0 1.05 1.1 1.27383e+01 6.63535e-01 1.53662e+01 4.93926e-01 6.37216e-01 9.86234e-01 1.47598e+01 5.12077e-01 1.46379e+01 6.29857e-01 4.61244e+00 8.92165e-01 1.10376e+01 7.20805e-01 
1.1 1.15 1.2 1.18053e+01 6.44712e-01 1.40806e+01 4.72550e-01 1.01819e+00 1.00437e+00 1.35412e+01 4.91411e-01 1.32829e+01 6.20909e-01 4.60686e+00 8.81594e-01 1.02840e+01 7.17586e-01 
1.2 1.25 1.3 1.05629e+01 6.32963e-01 1.29084e+01 4.87251e-01 -1.18764e-01 8.90316e-01 1.23957e+01 5.06284e-01 1.19649e+01 6.41525e-01 3.44406e+00 8.50597e-01 9.01838e+00 6.60627e-01 
1.3 1.35 1.4 1.01813e+01 6.56518e-01 1.25050e+01 4.67730e-01 -1.57861e-01 9.61001e-01 1.19915e+01 4.86667e-01 1.16619e+01 6.17749e-01 3.34114e+00 9.10712e-01 8.65257e+00 6.90105e-01 
1.4 1.45 1.5 1.08365e+01 5.83626e-01 1.26896e+01 4.36782e-01 1.60242e+00 8.15719e-01 1.22210e+01 4.52124e-01 1.21368e+01 5.65760e-01 4.90695e+00 7.80898e-01 9.40447e+00 6.08329e-01 
1.5 1.55 1.6 8.70675e+00 6.02069e-01 1.08173e+01 4.41761e-01 -3.18248e-01 8.71079e-01 1.03662e+01 4.60386e-01 9.93148e+00 5.78888e-01 2.75213e+00 8.25916e-01 7.56760e+00 6.36830e-01 
1.6 1.65 1.7 7.25696e+00 5.73024e-01 9.42050e+00 4.16150e-01 -1.73367e+00 8.36199e-01 8.97958e+00 4.34528e-01 8.42554e+00 5.49330e-01 1.23776e+00 7.89490e-01 5.95959e+00 6.04430e-01 
1.7 1.75 1.8 9.45268e+00 5.85938e-01 1.06388e+01 4.33044e-01 2.09160e+00 8.14190e-01 1.03125e+01 4.47434e-01 1.04177e+01 5.66126e-01 4.90033e+00 7.95872e-01 8.23419e+00 6.01087e-01 
1.8 1.85 1.9 7.31881e+00 5.51740e-01 8.86176e+00 3.94205e-01 1.43173e-01 7.83527e-01 8.55848e+00 4.24074e-01 8.26120e+00 5.06296e-01 2.52418e+00 7.44042e-01 6.34172e+00 5.79923e-01 
1.9 1.95 2.0 6.25564e+00 5.11355e-01 7.65939e+00 3.61078e-01 -5.43654e-01 6.99588e-01 7.38805e+00 3.89264e-01 7.13721e+00 4.89912e-01 1.94965e+00 6.76957e-01 5.16066e+00 5.16576e-01 
2.0 2.05 2.1 5.78903e+00 4.88870e-01 7.13084e+00 3.56555e-01 -3.75490e-01 7.06456e-01 6.85677e+00 3.72970e-01 6.58196e+00 4.68302e-01 1.71443e+00 6.66099e-01 4.90230e+00 5.16552e-01 
2.1 2.15 2.2 5.59333e+00 4.86833e-01 6.75549e+00 3.56648e-01 -4.93265e-01 7.18798e-01 6.50574e+00 3.73430e-01 6.32777e+00 4.66216e-01 1.94366e+00 6.57952e-01 4.46541e+00 5.26042e-01 
2.2 2.25 2.3 4.51780e+00 4.11357e-01 5.70449e+00 3.07258e-01 -7.40652e-01 5.74667e-01 5.44648e+00 3.19779e-01 5.22175e+00 3.96803e-01 1.10500e+00 5.46410e-01 3.71367e+00 4.31657e-01 
2.3 2.35 2.4 4.20863e+00 4.44715e-01 5.16808e+00 3.22065e-01 -2.77241e-01 6.52759e-01 4.96437e+00 3.37386e-01 4.79296e+00 4.25665e-01 1.28461e+00 6.11769e-01 3.54154e+00 4.72783e-01 
2.4 2.45 2.5 4.13059e+00 3.92334e-01 4.97163e+00 2.96188e-01 -4.82795e-03 5.34612e-01 4.79096e+00 3.08221e-01 4.66907e+00 3.79191e-01 1.45820e+00 5.11114e-01 3.53654e+00 4.13576e-01 
2.5 2.55 2.6 2.92650e+00 3.74079e-01 3.76473e+00 2.70562e-01 -4.65405e-01 5.38979e-01 3.58014e+00 2.84373e-01 3.48082e+00 3.50187e-01 5.77649e-01 5.11656e-01 2.51678e+00 3.94000e-01 
2.6 2.65 2.7 2.91751e+00 3.41313e-01 3.45739e+00 2.44178e-01 1.77998e-01 5.15569e-01 3.40520e+00 2.63379e-01 3.26618e+00 3.21771e-01 1.10460e+00 4.67487e-01 2.55539e+00 3.71921e-01 
2.7 2.75 2.8 1.99254e+00 2.99340e-01 2.53932e+00 2.35553e-01 -1.25432e+00 4.88405e-01 2.51523e+00 2.32682e-01 2.23102e+00 3.15017e-01 1.91039e-01 3.95686e-01 1.56619e+00 3.14980e-01 
2.8 2.85 2.9 2.37673e+00 3.11439e-01 2.79973e+00 2.25472e-01 3.30186e-01 4.59821e-01 2.70308e+00 2.37627e-01 2.70624e+00 3.00608e-01 1.29379e+00 3.70291e-01 2.12297e+00 3.32532e-01 
2.9 2.95 3.0 1.34260e+00 2.47839e-01 1.92803e+00 1.96047e-01 -5.14647e-01 3.86488e-01 1.73233e+00 1.92309e-01 1.75903e+00 2.60355e-01 4.03224e-02 3.26791e-01 1.12921e+00 2.83358e-01 
3.0 3.05 3.1 1.59562e+00 2.71682e-01 1.91189e+00 1.99312e-01 9.84238e-02 3.82180e-01 1.82514e+00 2.07674e-01 1.83565e+00 2.62019e-01 6.18935e-01 3.66329e-01 1.39429e+00 2.83788e-01 
3.1 3.15 3.2 1.03306e+00 2.21407e-01 1.45335e+00 1.62749e-01 -2.90406e-01 2.86979e-01 1.29625e+00 1.68102e-01 1.35503e+00 2.16574e-01 3.59185e-01 3.15420e-01 8.80680e-01 2.17658e-01 
3.2 3.25 3.3 8.65367e-01 2.00029e-01 1.13765e+00 1.40613e-01 -3.18250e-01 2.94118e-01 1.06626e+00 1.50780e-01 1.04637e+00 1.86194e-01 1.46388e-01 2.74962e-01 6.59693e-01 2.13641e-01 
3.3 3.35 3.4 5.78380e-01 1.67884e-01 7.98179e-01 1.22150e-01 -3.05473e-01 2.45734e-01 7.39782e-01 1.27082e-01 7.20464e-01 1.62788e-01 2.97196e-02 2.29619e-01 4.30476e-01 1.79375e-01 
3.4 3.45 3.5 5.31376e-01 1.51645e-01 7.26175e-01 1.10584e-01 -8.95319e-02 2.17802e-01 6.46074e-01 1.15692e-01 6.45614e-01 1.37444e-01 1.09721e-01 2.04644e-01 4.59193e-01 1.61338e-01 
