0.0 0.065449846958 0.13089969392 1.33564e+03 1.47951e+01 1.12298e+03 9.93567e+00 1.42422e+03 2.34649e+01 1.13258e+03 1.02501e+01 1.34018e+03 1.43317e+01 1.45476e+03 2.25610e+01 1.33633e+03 1.54286e+01 
0.13089969392 0.19634954088 0.26179938783 1.41069e+03 1.77419e+01 1.19331e+03 1.16808e+01 1.49325e+03 2.86978e+01 1.20565e+03 1.20916e+01 1.42050e+03 1.69977e+01 1.53687e+03 2.69386e+01 1.41357e+03 1.84239e+01 
0.26179938783 0.32724923479 0.39269908175 1.75566e+03 1.85325e+01 1.46721e+03 1.25428e+01 1.89399e+03 2.98960e+01 1.48070e+03 1.28377e+01 1.75695e+03 1.83347e+01 1.93422e+03 2.87565e+01 1.75575e+03 1.92174e+01 
0.39269908175 0.45814892871 0.52359877567 1.40787e+03 1.63338e+01 1.18019e+03 1.09993e+01 1.51187e+03 2.61434e+01 1.19010e+03 1.12183e+01 1.41269e+03 1.60462e+01 1.54358e+03 2.51543e+01 1.40764e+03 1.69454e+01 
0.52359877567 0.58904862263 0.65449846958 1.17593e+03 1.50728e+01 9.88268e+02 1.00236e+01 1.25314e+03 2.41197e+01 9.95953e+02 1.03369e+01 1.18076e+03 1.46045e+01 1.28309e+03 2.32517e+01 1.17310e+03 1.55994e+01 
0.65449846958 0.71994831654 0.7853981635 1.01866e+03 1.45632e+01 8.63244e+02 9.23989e+00 1.08008e+03 2.31755e+01 8.70325e+02 9.52369e+00 1.02928e+03 1.34195e+01 1.10313e+03 2.23365e+01 1.01920e+03 1.50884e+01 
0.7853981635 0.85084801046 0.91629785742 9.26710e+02 1.31814e+01 7.76399e+02 9.04631e+00 9.87002e+02 2.22645e+01 7.83454e+02 9.19345e+00 9.28397e+02 1.32465e+01 1.01369e+03 2.03002e+01 9.25417e+02 1.39564e+01 
0.91629785742 0.98174770438 1.0471975513 8.46478e+02 1.31355e+01 7.11372e+02 8.67148e+00 9.01212e+02 2.10690e+01 7.17312e+02 8.93967e+00 8.46922e+02 1.27715e+01 9.20533e+02 2.04369e+01 8.47220e+02 1.34628e+01 
1.0471975513 1.1126473983 1.1780972453 7.86999e+02 1.27041e+01 6.60966e+02 8.40173e+00 8.50994e+02 2.02645e+01 6.66439e+02 8.63500e+00 7.91719e+02 1.19454e+01 8.62829e+02 1.90799e+01 7.93651e+02 1.30182e+01 
1.1780972453 1.2435470922 1.3089969392 7.58960e+02 1.24054e+01 6.32328e+02 8.12890e+00 8.25100e+02 2.00428e+01 6.37207e+02 8.38158e+00 7.60934e+02 1.20119e+01 8.38586e+02 1.93836e+01 7.60401e+02 1.27972e+01 
1.3089969392 1.3744467861 1.4398966331 7.38067e+02 1.19164e+01 6.14976e+02 7.90961e+00 8.01898e+02 1.94898e+01 6.19272e+02 8.12246e+00 7.37472e+02 1.19691e+01 8.15299e+02 1.88194e+01 7.38466e+02 1.23238e+01 
1.4398966331 1.50534648 1.570796327 7.09041e+02 1.18539e+01 5.86760e+02 7.83717e+00 7.82867e+02 1.93851e+01 5.93228e+02 8.04197e+00 7.06450e+02 1.15370e+01 7.90364e+02 1.85847e+01 7.11394e+02 1.23308e+01 
1.570796327 1.636246174 1.7016960209 6.98166e+02 1.20049e+01 5.78526e+02 7.80185e+00 7.71330e+02 1.96076e+01 5.82258e+02 8.04617e+00 7.00170e+02 1.16258e+01 7.82280e+02 1.89020e+01 6.99502e+02 1.24388e+01 
1.7016960209 1.7671458679 1.8325957148 7.04945e+02 1.13906e+01 5.77127e+02 7.28703e+00 7.93549e+02 1.87474e+01 5.80452e+02 7.81796e+00 7.05159e+02 1.07742e+01 8.05094e+02 1.79176e+01 7.04879e+02 1.18869e+01 
1.8325957148 1.8980455618 1.9634954088 6.88894e+02 1.15289e+01 5.66007e+02 7.53314e+00 7.72008e+02 1.89075e+01 5.69275e+02 7.71534e+00 6.88208e+02 1.11777e+01 7.81387e+02 1.82582e+01 6.88818e+02 1.19864e+01 
1.9634954088 2.0289452557 2.0943951027 7.00016e+02 1.11936e+01 5.71744e+02 7.24147e+00 8.05293e+02 1.87397e+01 5.75070e+02 7.46642e+00 7.01658e+02 1.08433e+01 8.05396e+02 1.77864e+01 7.05198e+02 1.17476e+01 
2.0943951027 2.1598449496 2.2252947966 7.02872e+02 1.10857e+01 5.75302e+02 7.14763e+00 8.00562e+02 1.82693e+01 5.78611e+02 7.35786e+00 7.06898e+02 1.07401e+01 8.09305e+02 1.76872e+01 7.03063e+02 1.14373e+01 
2.2252947966 2.2907446435 2.3561944905 7.08375e+02 1.05607e+01 5.74909e+02 6.77583e+00 8.11795e+02 1.75693e+01 5.78210e+02 6.94641e+00 7.09609e+02 1.02097e+01 8.17419e+02 1.71904e+01 7.06312e+02 1.09717e+01 
2.3561944905 2.4216443375 2.4870941844 7.11240e+02 1.03918e+01 5.77434e+02 6.61555e+00 8.17101e+02 1.72690e+01 5.80495e+02 6.85622e+00 7.12165e+02 1.00121e+01 8.26231e+02 1.66939e+01 7.10196e+02 1.07346e+01 
2.4870941844 2.5525440314 2.6179938783 7.43170e+02 9.78073e+00 5.98463e+02 6.29457e+00 8.75483e+02 1.60009e+01 6.02376e+02 6.50359e+00 7.42579e+02 9.52447e+00 8.72801e+02 1.58409e+01 7.50141e+02 1.02876e+01 
2.6179938783 2.6834437253 2.7488935723 7.53771e+02 9.27393e+00 6.06320e+02 5.79014e+00 8.89065e+02 1.55191e+01 6.07999e+02 6.09909e+00 7.55242e+02 9.02185e+00 8.95407e+02 1.49498e+01 7.54073e+02 9.61715e+00 
2.7488935723 2.8143434192 2.8797932662 7.69855e+02 8.66173e+00 6.15793e+02 5.50222e+00 9.16173e+02 1.46604e+01 6.18751e+02 5.67660e+00 7.70419e+02 8.38964e+00 9.20410e+02 1.40140e+01 7.71120e+02 9.04415e+00 
2.8797932662 2.9452431131 3.0106929601 7.78748e+02 8.35981e+00 6.21692e+02 4.89562e+00 9.30487e+02 1.40810e+01 6.24608e+02 5.06136e+00 7.80009e+02 7.43820e+00 9.35727e+02 1.35807e+01 7.79264e+02 8.66473e+00 
3.0106929601 3.076142807 3.141592654 7.67692e+02 6.55957e+00 6.14543e+02 4.19982e+00 9.12089e+02 1.08915e+01 6.17000e+02 4.33893e+00 7.68800e+02 6.34456e+00 9.17582e+02 1.05133e+01 7.67893e+02 6.79057e+00 
