-3.5 -3.45 -3.4 3.47344e+01 1.41896e+00 2.63247e+01 9.19770e-01 4.20483e+01 2.31167e+00 2.78246e+01 1.00738e+00 3.34813e+01 1.29660e+00 4.19463e+01 2.07525e+00 3.61366e+01 1.58115e+00 
-3.4 -3.35 -3.3 4.95375e+01 1.72862e+00 3.79142e+01 1.12932e+00 5.85839e+01 2.82064e+00 3.98223e+01 1.22463e+00 4.79673e+01 1.59829e+00 5.93644e+01 2.53985e+00 5.07998e+01 1.90129e+00 
-3.3 -3.25 -3.2 6.85686e+01 2.06787e+00 5.27474e+01 1.35835e+00 8.22004e+01 3.22164e+00 5.47920e+01 1.43964e+00 6.67233e+01 1.91449e+00 8.22661e+01 3.02588e+00 7.07437e+01 2.20536e+00 
-3.2 -3.15 -3.1 8.69522e+01 2.40425e+00 6.71555e+01 1.57771e+00 1.03020e+02 3.86719e+00 7.01208e+01 1.71033e+00 8.45831e+01 2.22116e+00 1.03693e+02 3.51446e+00 8.92785e+01 2.64528e+00 
-3.1 -3.05 -3.0 1.08772e+02 2.72368e+00 8.43461e+01 1.80769e+00 1.27666e+02 4.32816e+00 8.79973e+01 1.94631e+00 1.05509e+02 2.53964e+00 1.27897e+02 3.96949e+00 1.11382e+02 2.97536e+00 
-3.0 -2.95 -2.9 1.40108e+02 3.13537e+00 1.09284e+02 2.08466e+00 1.64961e+02 5.06179e+00 1.13083e+02 2.24000e+00 1.36502e+02 2.92459e+00 1.65960e+02 4.56813e+00 1.43320e+02 3.45139e+00 
-2.9 -2.85 -2.8 1.68343e+02 3.25458e+00 1.31655e+02 2.16244e+00 1.98529e+02 5.16623e+00 1.36080e+02 2.31158e+00 1.65124e+02 3.04509e+00 2.00412e+02 4.76695e+00 1.71406e+02 3.52190e+00 
-2.8 -2.75 -2.7 1.97028e+02 3.53441e+00 1.56374e+02 2.38247e+00 2.27343e+02 5.51394e+00 1.60878e+02 2.52105e+00 1.94245e+02 3.33995e+00 2.30059e+02 5.15378e+00 2.00320e+02 3.77302e+00 
-2.7 -2.65 -2.6 2.38439e+02 4.01119e+00 1.88507e+02 2.70014e+00 2.78684e+02 6.29716e+00 1.94054e+02 2.86678e+00 2.34636e+02 3.78001e+00 2.80180e+02 5.83352e+00 2.43081e+02 4.32081e+00 
-2.6 -2.55 -2.5 2.79479e+02 4.22487e+00 2.22079e+02 2.86375e+00 3.24488e+02 6.58770e+00 2.27945e+02 3.02276e+00 2.75860e+02 4.01139e+00 3.27310e+02 6.16049e+00 2.84012e+02 4.51873e+00 
-2.5 -2.45 -2.4 3.32011e+02 4.95446e+00 2.62336e+02 3.32127e+00 3.89235e+02 7.71393e+00 2.69644e+02 3.54272e+00 3.26710e+02 4.64815e+00 3.91936e+02 7.19613e+00 3.37248e+02 5.30629e+00 
-2.4 -2.35 -2.3 3.59817e+02 4.76332e+00 2.87281e+02 3.24276e+00 4.16709e+02 7.42346e+00 2.94100e+02 3.41192e+00 3.55300e+02 4.54147e+00 4.20022e+02 6.93137e+00 3.65093e+02 5.08384e+00 
-2.3 -2.25 -2.2 4.18278e+02 5.10617e+00 3.32930e+02 3.46088e+00 4.85934e+02 7.88743e+00 3.40915e+02 3.64321e+00 4.14392e+02 4.82410e+00 4.91450e+02 7.47304e+00 4.23444e+02 5.40809e+00 
-2.2 -2.15 -2.1 4.66311e+02 5.21207e+00 3.73154e+02 3.58201e+00 5.40344e+02 8.01337e+00 3.80777e+02 3.73602e+00 4.62288e+02 4.99865e+00 5.45473e+02 7.56285e+00 4.71772e+02 5.50472e+00 
-2.1 -2.05 -2.0 5.11601e+02 5.59761e+00 4.10269e+02 3.83067e+00 5.89592e+02 8.65985e+00 4.18156e+02 4.01192e+00 5.07022e+02 5.35487e+00 5.96229e+02 8.14419e+00 5.16783e+02 5.93138e+00 
-2.0 -1.95 -1.9 5.69004e+02 5.97969e+00 4.55962e+02 4.10715e+00 6.59676e+02 9.14867e+00 4.65088e+02 4.28923e+00 5.63914e+02 5.72839e+00 6.64782e+02 8.66418e+00 5.75699e+02 6.30446e+00 
-1.9 -1.85 -1.8 6.16103e+02 6.04047e+00 4.95076e+02 4.16990e+00 7.11432e+02 9.18127e+00 5.04335e+02 4.33610e+00 6.11831e+02 5.83040e+00 7.18825e+02 8.76854e+00 6.22420e+02 6.33506e+00 
-1.8 -1.75 -1.7 6.72639e+02 6.36280e+00 5.40140e+02 4.40630e+00 7.78969e+02 9.64601e+00 5.49865e+02 4.56301e+00 6.68017e+02 6.15043e+00 7.86101e+02 9.22669e+00 6.79068e+02 6.64353e+00 
-1.7 -1.65 -1.6 7.19385e+02 6.51513e+00 5.78373e+02 4.48265e+00 8.31555e+02 9.95306e+00 5.89001e+02 4.66011e+00 7.13483e+02 6.26688e+00 8.36914e+02 9.47385e+00 7.26366e+02 6.82446e+00 
-1.6 -1.55 -1.5 7.72444e+02 6.66578e+00 6.22456e+02 4.61585e+00 8.91692e+02 1.01003e+01 6.32947e+02 4.78438e+00 7.67957e+02 6.42688e+00 8.99107e+02 9.65978e+00 7.79621e+02 6.96148e+00 
-1.5 -1.45 -1.4 8.18849e+02 6.89719e+00 6.60597e+02 4.76608e+00 9.42010e+02 1.04844e+01 6.71670e+02 4.94388e+00 8.14131e+02 6.65607e+00 9.51482e+02 1.00109e+01 8.26649e+02 7.20724e+00 
-1.4 -1.35 -1.3 8.86577e+02 7.07140e+00 7.13090e+02 4.90309e+00 1.02760e+03 1.06746e+01 7.24674e+02 5.08012e+00 8.80751e+02 6.82656e+00 1.03724e+03 1.02321e+01 8.93318e+02 7.36615e+00 
-1.3 -1.25 -1.2 9.19839e+02 7.30365e+00 7.41616e+02 5.06941e+00 1.06457e+03 1.10392e+01 7.52883e+02 5.23968e+00 9.14815e+02 7.06904e+00 1.07353e+03 1.05872e+01 9.27128e+02 7.60347e+00 
-1.2 -1.15 -1.1 9.59115e+02 7.26358e+00 7.75381e+02 5.05648e+00 1.10547e+03 1.09269e+01 7.86659e+02 5.22400e+00 9.54456e+02 7.03449e+00 1.11525e+03 1.04946e+01 9.66169e+02 7.55255e+00 
-1.1 -1.05 -1.0 9.98997e+02 7.61197e+00 8.07969e+02 5.28837e+00 1.15146e+03 1.14815e+01 8.19670e+02 5.46614e+00 9.94019e+02 7.36813e+00 1.16099e+03 1.10214e+01 1.00650e+03 7.92007e+00 
-1.0 -0.95 -0.9 1.04360e+03 7.78960e+00 8.44893e+02 5.41847e+00 1.20214e+03 1.17244e+01 8.56270e+02 5.60051e+00 1.03949e+03 7.54021e+00 1.21289e+03 1.12567e+01 1.05058e+03 8.10512e+00 
-0.9 -0.85 -0.8 1.08329e+03 7.76265e+00 8.76333e+02 5.41361e+00 1.25043e+03 1.16588e+01 8.88260e+02 5.58160e+00 1.07865e+03 7.53386e+00 1.26083e+03 1.12217e+01 1.09062e+03 8.05060e+00 
-0.8 -0.75 -0.7 1.11959e+03 7.81911e+00 9.05502e+02 5.45087e+00 1.29509e+03 1.17210e+01 9.17806e+02 5.62516e+00 1.11463e+03 7.58132e+00 1.30547e+03 1.12758e+01 1.12818e+03 8.10579e+00 
-0.7 -0.65 -0.6 1.13846e+03 7.98996e+00 9.22405e+02 5.55729e+00 1.31145e+03 1.20362e+01 9.34674e+02 5.73681e+00 1.13394e+03 7.71723e+00 1.32241e+03 1.15209e+01 1.14610e+03 8.29847e+00 
-0.6 -0.55 -0.5 1.15897e+03 8.15055e+00 9.40518e+02 5.65671e+00 1.33091e+03 1.22975e+01 9.52992e+02 5.84681e+00 1.15446e+03 7.89579e+00 1.34218e+03 1.18204e+01 1.16856e+03 8.44684e+00 
-0.5 -0.45 -0.4 1.19162e+03 8.04940e+00 9.66669e+02 5.62183e+00 1.37265e+03 1.20484e+01 9.77863e+02 5.79248e+00 1.18896e+03 7.81243e+00 1.38537e+03 1.16268e+01 1.19825e+03 8.32977e+00 
-0.4 -0.35 -0.3 1.21181e+03 8.15027e+00 9.82703e+02 5.68082e+00 1.39760e+03 1.22832e+01 9.94828e+02 5.84573e+00 1.20782e+03 7.91915e+00 1.40774e+03 1.18239e+01 1.22017e+03 8.44852e+00 
-0.3 -0.25 -0.2 1.23061e+03 8.28046e+00 9.96131e+02 5.78889e+00 1.42211e+03 1.24136e+01 1.00906e+03 5.96087e+00 1.22572e+03 8.02930e+00 1.43286e+03 1.19468e+01 1.23850e+03 8.59392e+00 
-0.2 -0.15 -0.1 1.22818e+03 8.16092e+00 9.96319e+02 5.70410e+00 1.41570e+03 1.21721e+01 1.00823e+03 5.87535e+00 1.22402e+03 7.92080e+00 1.42700e+03 1.17744e+01 1.23574e+03 8.43678e+00 
-0.1 -0.05 0.0 1.24454e+03 8.40613e+00 1.00741e+03 5.86080e+00 1.43872e+03 1.25275e+01 1.02035e+03 6.05448e+00 1.23957e+03 8.18847e+00 1.44943e+03 1.21158e+01 1.25259e+03 8.68488e+00 
0.0 0.05 0.1 1.25070e+03 8.38249e+00 1.01262e+03 5.85508e+00 1.44567e+03 1.25450e+01 1.02522e+03 6.03234e+00 1.24613e+03 8.14137e+00 1.45711e+03 1.21008e+01 1.25829e+03 8.68265e+00 
0.1 0.15 0.2 1.22704e+03 8.05238e+00 9.96339e+02 5.63707e+00 1.41028e+03 1.20359e+01 1.00849e+03 5.80400e+00 1.22333e+03 7.82322e+00 1.42306e+03 1.16048e+01 1.23363e+03 8.33875e+00 
0.2 0.25 0.3 1.21115e+03 8.29284e+00 9.82513e+02 5.79268e+00 1.39405e+03 1.24136e+01 9.94976e+02 5.97594e+00 1.20660e+03 8.04194e+00 1.40527e+03 1.19458e+01 1.21874e+03 8.60653e+00 
0.3 0.35 0.4 1.21084e+03 8.12890e+00 9.80858e+02 5.66672e+00 1.39751e+03 1.22133e+01 9.93224e+02 5.84101e+00 1.20648e+03 7.88958e+00 1.40883e+03 1.17607e+01 1.21808e+03 8.42743e+00 
0.4 0.45 0.5 1.18891e+03 8.16967e+00 9.64019e+02 5.68283e+00 1.36929e+03 1.23076e+01 9.76448e+02 5.86226e+00 1.18425e+03 7.92298e+00 1.38001e+03 1.18465e+01 1.19671e+03 8.47792e+00 
0.5 0.55 0.6 1.17615e+03 7.91790e+00 9.51669e+02 5.54997e+00 1.35980e+03 1.18404e+01 9.64089e+02 5.69790e+00 1.17131e+03 7.72319e+00 1.37012e+03 1.14364e+01 1.18409e+03 8.18990e+00 
0.6 0.65 0.7 1.16121e+03 8.08168e+00 9.38414e+02 5.63215e+00 1.34477e+03 1.21468e+01 9.50998e+02 5.80989e+00 1.15605e+03 7.83729e+00 1.35480e+03 1.16829e+01 1.16928e+03 8.38980e+00 
0.7 0.75 0.8 1.11571e+03 7.82594e+00 9.04558e+02 5.43725e+00 1.29037e+03 1.17023e+01 9.15747e+02 5.61684e+00 1.11299e+03 7.55698e+00 1.29624e+03 1.13215e+01 1.12573e+03 8.06716e+00 
0.8 0.85 0.9 1.09555e+03 7.85917e+00 8.84394e+02 5.47538e+00 1.26832e+03 1.18345e+01 8.97022e+02 5.64757e+00 1.08978e+03 7.62406e+00 1.27837e+03 1.13700e+01 1.10322e+03 8.16717e+00 
0.9 0.95 1.0 1.03763e+03 7.60592e+00 8.41235e+02 5.30003e+00 1.19412e+03 1.13996e+01 8.52458e+02 5.46445e+00 1.03405e+03 7.36387e+00 1.20496e+03 1.09952e+01 1.04526e+03 7.88893e+00 
1.0 1.05 1.1 9.95263e+02 7.50591e+00 8.06198e+02 5.22294e+00 1.14382e+03 1.12261e+01 8.17775e+02 5.41108e+00 9.90563e+02 7.25001e+00 1.15355e+03 1.08127e+01 1.00267e+03 7.79105e+00 
1.1 1.15 1.2 9.68322e+02 7.63645e+00 7.82764e+02 5.28825e+00 1.12114e+03 1.15730e+01 7.93856e+02 5.47941e+00 9.64067e+02 7.37522e+00 1.12806e+03 1.11193e+01 9.77873e+02 7.98032e+00 
1.2 1.25 1.3 9.06870e+02 7.23662e+00 7.33784e+02 5.01496e+00 1.04613e+03 1.08748e+01 7.44669e+02 5.18699e+00 9.02437e+02 6.99858e+00 1.05245e+03 1.05176e+01 9.15561e+02 7.48802e+00 
1.3 1.35 1.4 8.70836e+02 7.17433e+00 7.03646e+02 4.96977e+00 1.00351e+03 1.08356e+01 7.13779e+02 5.15021e+00 8.67272e+02 6.92706e+00 1.01348e+03 1.03827e+01 8.77293e+02 7.48102e+00 
1.4 1.45 1.5 8.20471e+02 6.93099e+00 6.61721e+02 4.81158e+00 9.46431e+02 1.04871e+01 6.72272e+02 4.97914e+00 8.15693e+02 6.70291e+00 9.55297e+02 1.00258e+01 8.27235e+02 7.23423e+00 
1.5 1.55 1.6 7.69059e+02 6.69523e+00 6.21219e+02 4.64881e+00 8.84981e+02 1.00909e+01 6.30872e+02 4.82110e+00 7.65359e+02 6.45618e+00 8.94980e+02 9.62547e+00 7.75751e+02 6.98744e+00 
1.6 1.65 1.7 7.21718e+02 6.47644e+00 5.81562e+02 4.48997e+00 8.31554e+02 9.87851e+00 5.92196e+02 4.63489e+00 7.17597e+02 6.25567e+00 8.40244e+02 9.44984e+00 7.27418e+02 6.79893e+00 
1.7 1.75 1.8 6.73774e+02 6.27376e+00 5.41592e+02 4.32937e+00 7.79767e+02 9.49380e+00 5.51371e+02 4.50640e+00 6.68735e+02 6.02661e+00 7.85818e+02 9.07681e+00 6.80830e+02 6.55641e+00 
1.8 1.85 1.9 6.19902e+02 6.00332e+00 4.96603e+02 4.14080e+00 7.18862e+02 9.11944e+00 5.06534e+02 4.31581e+00 6.14059e+02 5.76389e+00 7.24911e+02 8.67025e+00 6.26550e+02 6.30790e+00 
1.9 1.95 2.0 5.67764e+02 5.90161e+00 4.55215e+02 4.05177e+00 6.59766e+02 9.00355e+00 4.63667e+02 4.23385e+00 5.63236e+02 5.63906e+00 6.64907e+02 8.51087e+00 5.74227e+02 6.23403e+00 
2.0 2.05 2.1 5.16810e+02 5.55631e+00 4.13528e+02 3.81947e+00 5.98256e+02 8.50548e+00 4.22061e+02 3.98536e+00 5.11325e+02 5.32785e+00 6.03303e+02 8.05775e+00 5.22988e+02 5.85415e+00 
2.1 2.15 2.2 4.65260e+02 5.30155e+00 3.71876e+02 3.64022e+00 5.40721e+02 8.11548e+00 3.79965e+02 3.80810e+00 4.60880e+02 5.07101e+00 5.44839e+02 7.66479e+00 4.71311e+02 5.60440e+00 
2.2 2.25 2.3 4.19598e+02 5.07002e+00 3.33851e+02 3.46363e+00 4.90354e+02 7.82929e+00 3.41469e+02 3.63332e+00 4.14914e+02 4.84309e+00 4.93796e+02 7.34969e+00 4.25516e+02 5.39659e+00 
2.3 2.35 2.4 3.71201e+02 4.73372e+00 2.95902e+02 3.23748e+00 4.31088e+02 7.29219e+00 3.02689e+02 3.40242e+00 3.67379e+02 4.50727e+00 4.35101e+02 6.83565e+00 3.76046e+02 5.03494e+00 
2.4 2.45 2.5 3.16243e+02 4.41081e+00 2.51759e+02 2.99196e+00 3.66147e+02 6.85601e+00 2.58448e+02 3.15663e+00 3.11822e+02 4.18005e+00 3.69142e+02 6.40822e+00 3.21312e+02 4.70825e+00 
2.5 2.55 2.6 2.79612e+02 4.18126e+00 2.22099e+02 2.83955e+00 3.24631e+02 6.48812e+00 2.27844e+02 2.99171e+00 2.76147e+02 3.97105e+00 3.27958e+02 6.07554e+00 2.83814e+02 4.45727e+00 
2.6 2.65 2.7 2.40693e+02 3.87177e+00 1.90447e+02 2.63234e+00 2.80617e+02 6.01622e+00 1.95766e+02 2.77318e+00 2.37575e+02 3.66644e+00 2.83703e+02 5.60211e+00 2.44745e+02 4.14006e+00 
2.7 2.75 2.8 2.01672e+02 3.59363e+00 1.59575e+02 2.42507e+00 2.35007e+02 5.61913e+00 1.64160e+02 2.57935e+00 1.98813e+02 3.38544e+00 2.36999e+02 5.20046e+00 2.05427e+02 3.87454e+00 
2.8 2.85 2.9 1.66794e+02 3.39194e+00 1.31033e+02 2.28185e+00 1.95516e+02 5.30948e+00 1.35602e+02 2.42552e+00 1.63387e+02 3.19012e+00 1.96690e+02 4.91564e+00 1.70749e+02 3.64771e+00 
2.9 2.95 3.0 1.39335e+02 3.03259e+00 1.09078e+02 2.03033e+00 1.63746e+02 4.81262e+00 1.12944e+02 2.17431e+00 1.36538e+02 2.83179e+00 1.64684e+02 4.39329e+00 1.42617e+02 3.30139e+00 
3.0 3.05 3.1 1.14015e+02 2.67975e+00 8.83931e+01 1.79385e+00 1.36423e+02 4.22412e+00 9.17217e+01 1.91284e+00 1.11486e+02 2.51279e+00 1.37707e+02 3.88452e+00 1.17002e+02 2.89751e+00 
3.1 3.15 3.2 8.56976e+01 2.43800e+00 6.64111e+01 1.61011e+00 1.02101e+02 3.89621e+00 6.92122e+01 1.74347e+00 8.34997e+01 2.25000e+00 1.01913e+02 3.53754e+00 8.84624e+01 2.67938e+00 
3.2 3.25 3.3 6.48555e+01 1.97407e+00 5.05110e+01 1.33034e+00 7.55860e+01 3.10907e+00 5.25925e+01 1.41688e+00 6.33775e+01 1.85755e+00 7.65171e+01 2.85055e+00 6.64971e+01 2.14279e+00 
3.3 3.35 3.4 5.17905e+01 1.64166e+00 3.91042e+01 1.07873e+00 6.36047e+01 2.64491e+00 4.12862e+01 1.17279e+00 4.98057e+01 1.51257e+00 6.30127e+01 2.38396e+00 5.39504e+01 1.81849e+00 
3.4 3.45 3.5 3.56780e+01 1.46749e+00 2.68628e+01 9.37798e-01 4.38817e+01 2.45050e+00 2.84981e+01 1.04215e+00 3.41893e+01 1.32160e+00 4.32379e+01 2.14776e+00 3.74416e+01 1.67083e+00 
