0.0 25.0 50.0 1.18002e+01 7.34564e-02 9.87331e+00 5.07796e-02 1.27702e+01 1.13075e-01 9.90434e+00 5.19189e-02 1.18855e+01 7.18849e-02 1.30432e+01 1.09234e-01 1.17459e+01 7.57854e-02 
50.0 75.0 100.0 1.23337e+01 6.24756e-02 1.03348e+01 4.29760e-02 1.32906e+01 9.67235e-02 1.04164e+01 4.40495e-02 1.23682e+01 6.09637e-02 1.35244e+01 9.36354e-02 1.23442e+01 6.44213e-02 
100.0 125.0 150.0 4.63320e+00 2.93118e-02 3.95171e+00 2.00802e-02 4.76898e+00 4.53556e-02 4.00601e+00 2.08338e-02 4.63691e+00 2.82435e-02 4.90277e+00 4.33907e-02 4.64320e+00 3.05863e-02 
150.0 175.0 200.0 1.58662e+00 1.26016e-02 1.36146e+00 8.63708e-03 1.60409e+00 1.95106e-02 1.39010e+00 9.07959e-03 1.58178e+00 1.20612e-02 1.65595e+00 1.83586e-02 1.59648e+00 1.33551e-02 
200.0 225.0 250.0 6.37223e-01 5.88180e-03 5.44683e-01 4.07444e-03 6.49069e-01 8.99608e-03 5.59132e-01 4.31038e-03 6.32245e-01 5.55618e-03 6.69852e-01 8.39581e-03 6.40762e-01 6.33353e-03 
250.0 275.0 300.0 2.81811e-01 3.17987e-03 2.40640e-01 2.21310e-03 2.88610e-01 4.83513e-03 2.47958e-01 2.34740e-03 2.78910e-01 2.99707e-03 2.97610e-01 4.52435e-03 2.85686e-01 3.42018e-03 
300.0 325.0 350.0 1.41534e-01 1.83741e-03 1.18644e-01 1.26875e-03 1.49541e-01 2.84850e-03 1.23205e-01 1.36029e-03 1.38739e-01 1.71172e-03 1.52999e-01 2.59021e-03 1.44656e-01 1.99278e-03 
350.0 375.0 400.0 7.45521e-02 1.14940e-03 6.24457e-02 7.94039e-04 7.91833e-02 1.76022e-03 6.50435e-02 8.55196e-04 7.29108e-02 1.06104e-03 8.05565e-02 1.61054e-03 7.62839e-02 1.25029e-03 
400.0 425.0 450.0 4.02065e-02 7.36077e-04 3.36581e-02 5.05756e-04 4.24616e-02 1.11748e-03 3.52165e-02 5.52440e-04 3.94424e-02 6.73165e-04 4.32831e-02 1.02045e-03 4.11589e-02 8.02209e-04 
450.0 475.0 500.0 2.40648e-02 4.67325e-04 2.00127e-02 3.35365e-04 2.62910e-02 7.02279e-04 2.08662e-02 3.54295e-04 2.35120e-02 4.49104e-04 2.67032e-02 6.62537e-04 2.48235e-02 5.10344e-04 
500.0 525.0 550.0 1.47611e-02 3.29139e-04 1.23185e-02 2.30180e-04 1.59982e-02 4.90948e-04 1.28588e-02 2.51482e-04 1.44289e-02 3.00169e-04 1.61337e-02 4.46606e-04 1.52314e-02 3.60027e-04 
550.0 575.0 600.0 8.69931e-03 2.34481e-04 7.28094e-03 1.64488e-04 9.28995e-03 3.52482e-04 7.62465e-03 1.79141e-04 8.50333e-03 2.11768e-04 9.47465e-03 3.14141e-04 8.95278e-03 2.58216e-04 
600.0 625.0 650.0 6.06411e-03 1.69627e-04 4.95834e-03 1.19719e-04 6.76964e-03 2.52424e-04 5.23894e-03 1.29873e-04 5.83281e-03 1.55554e-04 6.73839e-03 2.28351e-04 6.31255e-03 1.86528e-04 
650.0 675.0 700.0 3.76991e-03 1.22392e-04 3.12610e-03 8.77534e-05 4.13282e-03 1.77511e-04 3.30242e-03 9.50411e-05 3.63678e-03 1.13029e-04 4.09380e-03 1.62983e-04 3.90068e-03 1.34065e-04 
700.0 725.0 750.0 2.63182e-03 9.45274e-05 2.17545e-03 6.79893e-05 2.87197e-03 1.38053e-04 2.29746e-03 7.37754e-05 2.53989e-03 8.71637e-05 2.88611e-03 1.24962e-04 2.72760e-03 1.03877e-04 
750.0 775.0 800.0 1.70121e-03 6.99066e-05 1.39809e-03 4.94830e-05 1.89908e-03 1.03137e-04 1.47680e-03 5.44949e-05 1.64138e-03 6.32905e-05 1.89933e-03 9.05450e-05 1.77316e-03 7.71239e-05 
800.0 825.0 850.0 1.28918e-03 5.54133e-05 1.06063e-03 4.03169e-05 1.42022e-03 7.88913e-05 1.12299e-03 4.36066e-05 1.24149e-03 5.13267e-05 1.42491e-03 7.18102e-05 1.33685e-03 6.05012e-05 
850.0 875.0 900.0 9.04157e-04 4.28347e-05 7.40114e-04 3.07714e-05 1.02118e-03 6.16016e-05 7.79515e-04 3.37681e-05 8.75513e-04 3.89756e-05 1.01640e-03 5.58009e-05 9.42445e-04 4.71100e-05 
900.0 925.0 950.0 6.65843e-04 3.38493e-05 5.37012e-04 2.54395e-05 7.64277e-04 4.74313e-05 5.73095e-04 2.71201e-05 6.34311e-04 3.20338e-05 7.41444e-04 4.46937e-05 7.00203e-04 3.70540e-05 
950.0 975.0 1000.0 4.20767e-04 2.53068e-05 3.52344e-04 1.83410e-05 4.89684e-04 3.56229e-05 3.68893e-04 2.02039e-05 4.06101e-04 2.33752e-05 4.75422e-04 3.23569e-05 4.47572e-04 2.79187e-05 
1000.0 1025.0 1050.0 3.68650e-04 2.40299e-05 2.99415e-04 1.74418e-05 4.20078e-04 3.44154e-05 3.15916e-04 1.91721e-05 3.53381e-04 2.20244e-05 4.14631e-04 3.09809e-05 3.84140e-04 2.67579e-05 
1050.0 1075.0 1100.0 2.56029e-04 1.82991e-05 2.06977e-04 1.35961e-05 2.91978e-04 2.55180e-05 2.21323e-04 1.47500e-05 2.43667e-04 1.69368e-05 2.87979e-04 2.32020e-05 2.68160e-04 2.00450e-05 
1100.0 1125.0 1150.0 1.57177e-04 1.40619e-05 1.28822e-04 1.05269e-05 1.80351e-04 1.90567e-05 1.35795e-04 1.14289e-05 1.49825e-04 1.29995e-05 1.72851e-04 1.75896e-05 1.64076e-04 1.54174e-05 
1150.0 1175.0 1200.0 1.51061e-04 1.24908e-05 1.17504e-04 9.12541e-06 1.86075e-04 1.77062e-05 1.28257e-04 9.96607e-06 1.41287e-04 1.14405e-05 1.77837e-04 1.60030e-05 1.62719e-04 1.38300e-05 
1200.0 1225.0 1250.0 1.02254e-04 9.66735e-06 8.29447e-05 7.38309e-06 1.15701e-04 1.28642e-05 8.93534e-05 7.94946e-06 9.73813e-05 9.04577e-06 1.14634e-04 1.19575e-05 1.06043e-04 1.04934e-05 
1250.0 1275.0 1300.0 8.18678e-05 8.03047e-06 6.40025e-05 5.83099e-06 9.49801e-05 1.09945e-05 7.00147e-05 6.42100e-06 7.65370e-05 7.30391e-06 9.50071e-05 1.02467e-05 8.38071e-05 8.62635e-06 
1300.0 1325.0 1350.0 5.89391e-05 6.56643e-06 4.88106e-05 5.16230e-06 6.33135e-05 8.28293e-06 5.19143e-05 5.50925e-06 5.63760e-05 6.21053e-06 6.39649e-05 7.83697e-06 6.11697e-05 6.99255e-06 
1350.0 1375.0 1400.0 5.00696e-05 5.06244e-06 3.93706e-05 3.74652e-06 6.15642e-05 6.96036e-06 4.25288e-05 4.09553e-06 4.72978e-05 4.64645e-06 5.79931e-05 6.35638e-06 5.44064e-05 5.54741e-06 
1400.0 1425.0 1450.0 2.67602e-05 3.14744e-06 2.09140e-05 2.31871e-06 3.27034e-05 4.40655e-06 2.28424e-05 2.54179e-06 2.48501e-05 2.88162e-06 3.07769e-05 3.97058e-06 2.95531e-05 3.49358e-06 
1450.0 1475.0 1500.0 2.75879e-05 3.17590e-06 2.24368e-05 2.50910e-06 2.99838e-05 4.02047e-06 2.39966e-05 2.67852e-06 2.63228e-05 3.01113e-06 3.08123e-05 3.76605e-06 2.80749e-05 3.40535e-06 
1500.0 1525.0 1550.0 1.82515e-05 2.18337e-06 1.45168e-05 1.66588e-06 2.13099e-05 2.90639e-06 1.57133e-05 1.80132e-06 1.71498e-05 2.03474e-06 2.07390e-05 2.67540e-06 1.90889e-05 2.38464e-06 
1550.0 1575.0 1600.0 1.50788e-05 1.86411e-06 1.20265e-05 1.42749e-06 1.72004e-05 2.43327e-06 1.32194e-05 1.54563e-06 1.40936e-05 1.72967e-06 1.72281e-05 2.22403e-06 1.59203e-05 2.01516e-06 
1600.0 1625.0 1650.0 1.03693e-05 1.52509e-06 8.29040e-06 1.15334e-06 1.20011e-05 2.04313e-06 8.95148e-06 1.25197e-06 9.82006e-06 1.41802e-06 1.17411e-05 1.88057e-06 1.09888e-05 1.66130e-06 
1650.0 1675.0 1700.0 7.28485e-06 1.25276e-06 5.51668e-06 9.13845e-07 8.22980e-06 1.71508e-06 6.04409e-06 1.00558e-06 6.79482e-06 1.14630e-06 8.10954e-06 1.54556e-06 7.69912e-06 1.38963e-06 
1700.0 1725.0 1750.0 7.02636e-06 1.10112e-06 5.88710e-06 8.93996e-07 7.25029e-06 1.29896e-06 6.26006e-06 9.51643e-07 6.84964e-06 1.05217e-06 7.57344e-06 1.26080e-06 7.19196e-06 1.15693e-06 
1750.0 1775.0 1800.0 4.94031e-06 8.07581e-07 3.79287e-06 5.93429e-07 6.17972e-06 1.10856e-06 4.19094e-06 6.57341e-07 4.52814e-06 7.31471e-07 5.74869e-06 1.00785e-06 5.52514e-06 9.03122e-07 
1800.0 1825.0 1850.0 4.87537e-06 7.37376e-07 3.79456e-06 5.56449e-07 5.95304e-06 9.95695e-07 4.15643e-06 6.12486e-07 4.51529e-06 6.73380e-07 5.58598e-06 8.95076e-07 5.32618e-06 8.16790e-07 
1850.0 1875.0 1900.0 2.65624e-06 4.66562e-07 2.04954e-06 3.41820e-07 3.02795e-06 6.33929e-07 2.34553e-06 4.00523e-07 2.30313e-06 3.97397e-07 2.92059e-06 5.59871e-07 2.97078e-06 5.41997e-07 
1900.0 1925.0 1950.0 2.07685e-06 3.66259e-07 1.65136e-06 2.78356e-07 2.55885e-06 5.01445e-07 1.80263e-06 3.05785e-07 2.10482e-06 3.47417e-07 2.33246e-06 4.41729e-07 2.33338e-06 4.12848e-07 
1950.0 1975.0 2000.0 1.98999e-06 3.66838e-07 1.51616e-06 2.75036e-07 2.63509e-06 5.39259e-07 1.66234e-06 3.02859e-07 1.91434e-06 3.51374e-07 2.28880e-06 4.49458e-07 2.29049e-06 4.34679e-07 
2000.0 2025.0 2050.0 8.20693e-07 1.87221e-07 6.13894e-07 1.30389e-07 9.21348e-07 2.59624e-07 6.64456e-07 1.47253e-07 7.75197e-07 1.67432e-07 8.96212e-07 2.26566e-07 8.95856e-07 2.11264e-07 
2050.0 2075.0 2100.0 7.78500e-07 1.63076e-07 5.63548e-07 1.17076e-07 9.76710e-07 2.23454e-07 6.65703e-07 1.34611e-07 6.55615e-07 1.41594e-07 8.97353e-07 2.00180e-07 8.67027e-07 1.82008e-07 
2100.0 2125.0 2150.0 6.21435e-07 1.27988e-07 4.70294e-07 9.23616e-08 8.20419e-07 1.83948e-07 5.20626e-07 1.03626e-07 5.69039e-07 1.14417e-07 7.47900e-07 1.61849e-07 7.02714e-07 1.45798e-07 
2150.0 2175.0 2200.0 2.99288e-07 1.01850e-07 2.85654e-07 8.53448e-08 3.06366e-07 1.24153e-07 3.26321e-07 1.01125e-07 3.19318e-07 9.88681e-08 3.41508e-07 1.23312e-07 3.45780e-07 1.17708e-07 
2200.0 2225.0 2250.0 2.03196e-07 6.12446e-08 1.54917e-07 4.24814e-08 2.64760e-07 9.09007e-08 1.64053e-07 4.88199e-08 1.82858e-07 5.33286e-08 2.41542e-07 7.83263e-08 2.24006e-07 7.17636e-08 
2250.0 2275.0 2300.0 3.00030e-07 8.33843e-08 2.13768e-07 5.84963e-08 3.73654e-07 1.14561e-07 2.59630e-07 6.83544e-08 2.52360e-07 7.12938e-08 3.48262e-07 1.02702e-07 3.31903e-07 9.33409e-08 
2300.0 2325.0 2350.0 1.34383e-07 4.66715e-08 9.55403e-08 2.99147e-08 2.28284e-08 3.21109e-08 1.09911e-07 3.58450e-08 1.21365e-07 3.91177e-08 1.67389e-07 6.21079e-08 3.07455e-08 2.43281e-08 
2350.0 2375.0 2400.0 1.10789e-08 1.43466e-08 1.48799e-08 1.06612e-08 -6.12261e-09 1.95890e-08 1.36958e-08 1.18177e-08 1.40517e-08 1.30786e-08 4.90918e-09 1.76220e-08 1.34728e-08 1.77995e-08 
2400.0 2425.0 2450.0 6.00423e-08 2.03573e-08 4.43846e-08 1.40854e-08 8.63606e-08 3.78729e-08 6.22947e-08 1.99019e-08 5.08253e-08 1.73860e-08 6.40810e-08 2.50875e-08 7.93776e-08 2.95291e-08 
2450.0 2475.0 2500.0 1.16104e-07 3.37155e-08 9.71307e-08 2.80813e-08 1.34964e-07 3.98265e-08 1.04458e-07 2.98761e-08 1.11061e-07 3.24996e-08 1.43860e-07 4.08682e-08 1.36131e-07 3.84700e-08 
2500.0 2525.0 2550.0 1.05547e-08 9.56335e-09 7.84066e-09 6.02385e-09 -2.27968e-09 1.28069e-08 5.89228e-09 6.23511e-09 7.26898e-09 7.27487e-09 7.03070e-09 1.17702e-08 5.54743e-09 9.53452e-09 
2550.0 2575.0 2600.0 2.35258e-08 1.36363e-08 1.60460e-08 8.67958e-09 4.02090e-08 2.21000e-08 1.90006e-08 1.04368e-08 2.01432e-08 1.13210e-08 2.93656e-08 1.81757e-08 3.17919e-08 1.65877e-08 
2600.0 2625.0 2650.0 -5.68831e-09 2.70216e-09 -2.72751e-09 1.85725e-09 -1.49104e-08 4.17258e-09 -3.20794e-09 2.13583e-09 -4.78105e-09 2.35230e-09 -9.66050e-09 3.42926e-09 -8.91872e-09 3.18819e-09 
2650.0 2675.0 2700.0 -1.78160e-09 2.42641e-09 -4.38154e-10 1.50624e-09 -5.57278e-09 4.06833e-09 -6.37315e-10 1.84195e-09 -1.33275e-09 1.98001e-09 -3.02236e-09 3.24566e-09 -2.73193e-09 2.93381e-09 
2700.0 2725.0 2750.0 -3.05572e-09 1.17779e-09 -1.10628e-09 8.24566e-10 -6.04064e-09 1.97594e-09 -1.53609e-09 9.64992e-10 -1.74868e-09 1.07599e-09 -4.87416e-09 1.61200e-09 -4.11233e-09 1.43045e-09 
2750.0 2775.0 2800.0 -3.96760e-09 1.44609e-09 -1.64840e-09 1.06447e-09 -1.02162e-08 1.94375e-09 -2.31340e-09 1.17561e-09 -2.76199e-09 1.31822e-09 -6.51133e-09 1.81803e-09 -5.51265e-09 1.64251e-09 
2800.0 2825.0 2850.0 -1.51593e-09 1.34539e-09 -4.41390e-10 8.36954e-10 8.32320e-10 3.49257e-09 -9.34593e-10 1.02273e-09 -9.84263e-10 1.10097e-09 -2.46742e-09 1.80856e-09 2.45345e-09 2.97371e-09 
2850.0 2875.0 2900.0 -2.75034e-09 5.69022e-10 -1.51788e-09 3.42666e-10 -5.18803e-09 9.91882e-10 -1.90076e-09 4.20195e-10 -2.19625e-09 4.63520e-10 -4.06872e-09 7.90884e-10 -3.50683e-09 7.12593e-10 
2900.0 2925.0 2950.0 -2.13669e-09 4.24281e-10 -1.13570e-09 2.55519e-10 -3.85780e-09 7.63333e-10 -1.37985e-09 2.88690e-10 -1.41457e-09 2.93092e-10 -3.05201e-09 6.01589e-10 -2.67791e-09 5.68760e-10 
2950.0 2975.0 3000.0 -1.74162e-09 3.68735e-10 -9.36851e-10 2.25828e-10 -3.20090e-09 6.58547e-10 -1.19241e-09 2.74852e-10 -1.36924e-09 3.02149e-10 -2.35093e-09 5.37626e-10 -2.25745e-09 4.59521e-10 
3000.0 3025.0 3050.0 3.04950e-09 1.44790e-09 1.74680e-09 8.61555e-10 4.87215e-09 2.41233e-09 2.43864e-09 1.11425e-09 2.17456e-09 1.11990e-09 3.85764e-09 1.91791e-09 3.85149e-09 1.82111e-09 
3050.0 3075.0 3100.0 -9.01259e-10 1.96481e-10 -5.21195e-10 1.14364e-10 -1.68083e-09 3.56496e-10 -6.43845e-10 1.42403e-10 -7.29322e-10 1.57848e-10 -1.29203e-09 2.77590e-10 -1.17253e-09 2.52416e-10 
3100.0 3125.0 3150.0 -5.86400e-10 1.37347e-10 -3.16395e-10 8.88598e-11 -1.09486e-09 2.52692e-10 -4.28646e-10 9.76265e-11 -4.39940e-10 1.22914e-10 -8.33397e-10 1.94561e-10 -7.69875e-10 1.78547e-10 
3150.0 3175.0 3200.0 -2.87750e-10 1.09941e-10 -1.23034e-10 7.12771e-11 -5.83511e-10 1.74202e-10 -1.82651e-10 8.54627e-11 -1.98018e-10 9.13452e-11 -4.56936e-10 1.45797e-10 -3.09906e-10 1.24232e-10 
3200.0 3225.0 3250.0 -4.02360e-10 6.87339e-11 -2.37826e-10 3.92886e-11 -7.46340e-10 1.27951e-10 -2.90448e-10 4.97259e-11 -2.90030e-10 5.19213e-11 -5.70683e-10 9.72424e-11 -5.26190e-10 9.04262e-11 
3250.0 3275.0 3300.0 -2.64648e-10 3.91694e-11 -1.41971e-10 2.17740e-11 -4.64139e-10 7.71487e-11 -1.91074e-10 2.83314e-11 -1.96646e-10 3.00951e-11 -3.75260e-10 5.54292e-11 -3.27213e-10 5.45356e-11 
3300.0 3325.0 3350.0 -1.69220e-10 3.00103e-11 -1.01180e-10 1.90697e-11 -2.94140e-10 5.88230e-11 -1.22224e-10 2.17497e-11 -1.36659e-10 2.60965e-11 -2.39828e-10 4.23717e-11 -2.07383e-10 4.16466e-11 
3350.0 3375.0 3400.0 -1.31090e-10 2.13282e-11 -7.01887e-11 1.15116e-11 -2.45009e-10 3.91040e-11 -9.46972e-11 1.54581e-11 -9.71665e-11 1.58831e-11 -1.85780e-10 3.01112e-11 -1.72904e-10 2.76990e-11 
3400.0 3425.0 3450.0 -9.39814e-11 1.41952e-11 -5.52164e-11 8.06728e-12 -1.58599e-10 2.44778e-11 -6.79801e-11 1.02890e-11 -7.63309e-11 1.11305e-11 -1.36413e-10 1.97633e-11 -1.17947e-10 1.84673e-11 
3450.0 3475.0 3500.0 -4.97505e-11 1.50514e-11 -2.93433e-11 1.42685e-11 -1.12932e-10 4.54473e-11 -3.58421e-11 1.09225e-11 -4.17888e-11 1.96513e-11 -7.07229e-11 2.12207e-11 -8.17484e-11 3.23530e-11 
3500.0 3525.0 3550.0 -6.54068e-11 9.17622e-12 -3.57927e-11 5.14221e-12 -1.08783e-10 1.86337e-11 -4.73938e-11 6.66289e-12 -4.93968e-11 7.08223e-12 -9.23674e-11 1.29277e-11 -7.70436e-11 1.32245e-11 
3550.0 3575.0 3600.0 -4.23466e-11 5.28992e-12 -2.28440e-11 2.91354e-12 -7.84773e-11 9.79166e-12 -3.06898e-11 3.84015e-12 -3.15197e-11 4.01313e-12 -5.85616e-11 7.45838e-12 -5.55795e-11 6.94848e-12 
3600.0 3625.0 3650.0 -1.60788e-11 2.93725e-12 -9.20945e-12 1.66259e-12 -2.81352e-11 5.28146e-12 -1.16637e-11 2.13191e-12 -1.26907e-11 2.29035e-12 -2.26772e-11 4.13993e-12 -1.99529e-11 3.74915e-12 
3650.0 3675.0 3700.0 -1.09695e-11 1.57271e-12 -5.61642e-12 8.34894e-13 -2.09773e-11 2.99188e-12 -7.75907e-12 1.15735e-12 -7.74906e-12 1.14888e-12 -1.54850e-11 2.21364e-12 -1.48633e-11 2.12579e-12 
3700.0 3725.0 3750.0 2.64875e-24 2.46786e-23 -2.90086e-12 5.45954e-13 -1.00235e-11 1.91598e-12 2.09685e-24 1.81011e-23 -3.89014e-12 7.43215e-13 3.35614e-24 3.43693e-23 -7.10639e-12 1.36253e-12 
3750.0 3775.0 3800.0 -5.81141e-12 7.99195e-13 -3.01830e-12 4.33268e-13 -1.16190e-11 1.56918e-12 -4.21982e-12 5.81250e-13 -4.24954e-12 6.02560e-13 -8.18683e-12 1.12375e-12 -8.45423e-12 1.12894e-12 
3800.0 3825.0 3850.0 -4.50303e-12 5.57485e-13 -2.39013e-12 3.06142e-13 -8.60528e-12 1.07190e-12 -3.26910e-12 4.05335e-13 -3.29284e-12 4.21027e-13 -6.23504e-12 7.92583e-13 -6.21833e-12 7.54825e-13 
3850.0 3875.0 3900.0 -2.30758e-12 3.14752e-13 -1.23298e-12 1.72099e-13 -4.59380e-12 6.06831e-13 -1.67624e-12 2.29093e-13 -1.69663e-12 2.36537e-13 -3.39889e-12 4.55772e-13 -3.26345e-12 4.32096e-13 
3900.0 3925.0 3950.0 -1.55602e-12 2.52038e-13 -8.05646e-13 1.29357e-13 -2.94231e-12 4.71452e-13 -1.13061e-12 1.83462e-13 -1.10886e-12 1.77702e-13 -2.19037e-12 3.54039e-13 -2.09027e-12 3.35629e-13 
3950.0 3975.0 4000.0 -6.16414e-13 8.70836e-14 -3.51544e-13 4.88323e-14 -1.29217e-12 1.62188e-13 -4.48115e-13 6.34058e-14 -4.39427e-13 6.10619e-14 -9.15634e-13 1.26222e-13 -9.06171e-13 1.13770e-13 
