-3.5 -3.45 -3.4 2.37522e+01 1.16523e+00 1.79972e+01 7.73456e-01 2.92086e+01 1.85157e+00 1.88819e+01 8.36745e-01 2.29948e+01 1.08001e+00 2.89839e+01 1.68084e+00 2.48746e+01 1.28354e+00 
-3.4 -3.35 -3.3 3.31038e+01 1.31321e+00 2.55126e+01 9.19823e-01 3.96275e+01 2.04865e+00 2.64611e+01 9.43145e-01 3.22144e+01 1.23664e+00 4.01254e+01 1.89722e+00 3.39297e+01 1.41957e+00 
-3.3 -3.25 -3.2 4.24744e+01 1.56792e+00 3.30326e+01 1.05605e+00 4.98001e+01 2.43609e+00 3.42491e+01 1.12429e+00 4.16063e+01 1.47668e+00 5.05484e+01 2.26237e+00 4.33144e+01 1.68604e+00 
-3.2 -3.15 -3.1 5.63483e+01 1.85727e+00 4.36867e+01 1.25274e+00 6.72424e+01 2.94151e+00 4.53000e+01 1.33555e+00 5.50794e+01 1.74781e+00 6.74564e+01 2.67798e+00 5.77171e+01 2.03328e+00 
-3.1 -3.05 -3.0 7.00093e+01 2.22345e+00 5.46420e+01 1.49176e+00 8.06127e+01 3.18682e+00 5.65166e+01 1.59991e+00 6.85570e+01 2.07684e+00 8.32035e+01 3.20399e+00 6.99756e+01 2.21138e+00 
-3.0 -2.95 -2.9 8.77554e+01 2.49471e+00 6.92157e+01 1.69770e+00 1.03658e+02 3.94075e+00 7.13054e+01 1.80566e+00 8.65488e+01 2.34622e+00 1.03664e+02 3.57559e+00 8.96761e+01 2.72336e+00 
-2.9 -2.85 -2.8 1.03699e+02 2.54422e+00 8.17107e+01 1.72545e+00 1.21361e+02 3.95228e+00 8.36866e+01 1.82136e+00 1.02548e+02 2.41224e+00 1.23389e+02 3.68638e+00 1.04642e+02 2.71872e+00 
-2.8 -2.75 -2.7 1.22060e+02 2.75557e+00 9.78741e+01 1.90629e+00 1.39571e+02 4.19956e+00 9.97078e+01 1.98512e+00 1.21296e+02 2.64468e+00 1.42026e+02 3.97407e+00 1.23008e+02 2.90400e+00 
-2.7 -2.65 -2.6 1.51049e+02 3.22467e+00 1.19782e+02 2.20909e+00 1.77012e+02 4.96088e+00 1.22348e+02 2.31864e+00 1.49549e+02 3.07355e+00 1.78618e+02 4.65713e+00 1.52801e+02 3.42835e+00 
-2.6 -2.55 -2.5 1.75987e+02 3.40050e+00 1.40471e+02 2.35322e+00 2.03872e+02 5.17820e+00 1.42926e+02 2.45238e+00 1.74863e+02 3.26165e+00 2.07148e+02 4.89645e+00 1.77283e+02 3.58925e+00 
-2.5 -2.45 -2.4 2.05323e+02 3.71647e+00 1.63382e+02 2.57610e+00 2.42051e+02 5.61414e+00 1.66321e+02 2.68745e+00 2.03786e+02 3.56363e+00 2.43984e+02 5.30395e+00 2.08254e+02 3.92374e+00 
-2.4 -2.35 -2.3 2.21672e+02 3.71331e+00 1.77843e+02 2.57215e+00 2.57323e+02 5.60188e+00 1.80522e+02 2.66897e+00 2.20595e+02 3.56995e+00 2.59450e+02 5.35558e+00 2.23829e+02 3.88324e+00 
-2.3 -2.25 -2.2 2.58033e+02 4.01701e+00 2.06497e+02 2.78262e+00 3.01078e+02 6.10183e+00 2.09563e+02 2.89819e+00 2.56817e+02 3.85860e+00 3.03974e+02 5.77684e+00 2.59986e+02 4.23364e+00 
-2.2 -2.15 -2.1 2.88622e+02 4.10206e+00 2.31659e+02 2.86628e+00 3.36781e+02 6.13051e+00 2.34482e+02 2.96153e+00 2.88027e+02 3.97042e+00 3.39840e+02 5.90155e+00 2.90559e+02 4.25748e+00 
-2.1 -2.05 -2.0 3.09521e+02 4.31872e+00 2.49945e+02 3.02270e+00 3.54481e+02 6.52166e+00 2.52805e+02 3.12131e+00 3.09097e+02 4.18406e+00 3.59467e+02 6.23788e+00 3.09681e+02 4.51997e+00 
-2.0 -1.95 -1.9 3.45919e+02 4.65200e+00 2.78667e+02 3.24624e+00 4.01076e+02 6.98750e+00 2.81866e+02 3.35888e+00 3.45491e+02 4.48687e+00 4.05213e+02 6.69234e+00 3.47675e+02 4.84875e+00 
-1.9 -1.85 -1.8 3.69083e+02 4.70091e+00 2.98374e+02 3.31748e+00 4.24227e+02 6.98004e+00 3.01508e+02 3.39912e+00 3.68659e+02 4.59603e+00 4.29831e+02 6.76514e+00 3.69673e+02 4.85881e+00 
-1.8 -1.75 -1.7 4.07409e+02 4.96404e+00 3.28896e+02 3.50934e+00 4.72316e+02 7.38815e+00 3.31817e+02 3.58923e+00 4.07512e+02 4.85821e+00 4.77827e+02 7.12590e+00 4.08524e+02 5.13069e+00 
-1.7 -1.65 -1.6 4.33714e+02 5.02557e+00 3.50766e+02 3.53772e+00 5.00863e+02 7.49650e+00 3.53919e+02 3.63159e+00 4.33662e+02 4.89886e+00 5.06965e+02 7.22709e+00 4.34602e+02 5.20099e+00 
-1.6 -1.55 -1.5 4.62745e+02 5.09147e+00 3.74532e+02 3.60673e+00 5.34746e+02 7.52427e+00 3.77676e+02 3.69322e+00 4.62797e+02 4.97493e+00 5.41013e+02 7.28301e+00 4.63712e+02 5.25027e+00 
-1.5 -1.45 -1.4 4.87824e+02 5.15721e+00 3.95675e+02 3.66211e+00 5.64125e+02 7.58359e+00 3.98696e+02 3.74406e+00 4.88289e+02 5.04910e+00 5.70475e+02 7.33511e+00 4.89815e+02 5.30332e+00 
-1.4 -1.35 -1.3 5.28530e+02 5.44471e+00 4.27784e+02 3.85366e+00 6.11979e+02 8.03785e+00 4.30831e+02 3.94795e+00 5.29180e+02 5.31647e+00 6.19234e+02 7.79143e+00 5.28972e+02 5.60835e+00 
-1.3 -1.25 -1.2 5.48449e+02 5.57579e+00 4.44747e+02 3.96497e+00 6.32069e+02 8.20907e+00 4.47546e+02 4.04163e+00 5.49518e+02 5.47318e+00 6.40812e+02 7.99331e+00 5.47466e+02 5.72029e+00 
-1.2 -1.15 -1.1 5.71027e+02 5.65206e+00 4.64028e+02 4.00843e+00 6.57228e+02 8.33121e+00 4.66941e+02 4.09483e+00 5.72017e+02 5.53599e+00 6.65223e+02 8.10083e+00 5.71028e+02 5.80328e+00 
-1.1 -1.05 -1.0 5.96743e+02 5.80858e+00 4.84525e+02 4.13146e+00 6.88639e+02 8.55351e+00 4.87708e+02 4.21233e+00 5.97412e+02 5.70226e+00 6.95948e+02 8.32767e+00 5.97182e+02 5.96346e+00 
-1.0 -0.95 -0.9 6.24811e+02 5.76268e+00 5.07530e+02 4.13161e+00 7.20883e+02 8.36575e+00 5.09995e+02 4.20176e+00 6.25871e+02 5.69554e+00 7.30456e+02 8.18131e+00 6.23864e+02 5.88451e+00 
-0.9 -0.85 -0.8 6.46750e+02 5.89313e+00 5.25111e+02 4.21165e+00 7.46662e+02 8.59234e+00 5.28139e+02 4.28306e+00 6.47167e+02 5.81313e+00 7.55635e+02 8.40924e+00 6.46326e+02 6.01505e+00 
-0.8 -0.75 -0.7 6.63521e+02 5.89686e+00 5.38741e+02 4.20272e+00 7.67836e+02 8.63870e+00 5.41807e+02 4.28634e+00 6.64658e+02 5.78523e+00 7.75412e+02 8.41560e+00 6.63994e+02 6.04376e+00 
-0.7 -0.65 -0.6 6.75335e+02 5.97126e+00 5.49534e+02 4.26941e+00 7.75516e+02 8.77966e+00 5.52299e+02 4.34660e+00 6.76939e+02 5.86946e+00 7.86854e+02 8.50102e+00 6.73422e+02 6.14087e+00 
-0.6 -0.55 -0.5 6.77856e+02 5.99697e+00 5.53929e+02 4.29276e+00 7.74870e+02 8.73032e+00 5.56464e+02 4.36486e+00 6.79871e+02 5.90240e+00 7.84247e+02 8.54212e+00 6.77059e+02 6.12055e+00 
-0.5 -0.45 -0.4 7.08023e+02 6.12487e+00 5.75717e+02 4.38601e+00 8.19065e+02 8.87196e+00 5.77970e+02 4.45246e+00 7.10513e+02 6.03820e+00 8.27960e+02 8.73873e+00 7.07454e+02 6.21848e+00 
-0.4 -0.35 -0.3 7.18807e+02 6.19042e+00 5.84961e+02 4.42598e+00 8.28953e+02 9.03099e+00 5.87410e+02 4.49275e+00 7.21061e+02 6.10299e+00 8.38861e+02 8.85651e+00 7.17704e+02 6.30416e+00 
-0.3 -0.25 -0.2 7.32841e+02 6.15555e+00 5.95272e+02 4.41727e+00 8.48726e+02 8.92668e+00 5.98179e+02 4.48682e+00 7.34351e+02 6.06603e+00 8.57123e+02 8.75116e+00 7.32574e+02 6.27229e+00 
-0.2 -0.15 -0.1 7.28049e+02 6.12810e+00 5.92272e+02 4.38894e+00 8.40534e+02 8.90761e+00 5.94764e+02 4.45750e+00 7.30210e+02 6.03894e+00 8.50249e+02 8.73502e+00 7.26992e+02 6.24232e+00 
-0.1 -0.05 0.0 7.41396e+02 6.39248e+00 6.02236e+02 4.61830e+00 8.58652e+02 9.19769e+00 6.04732e+02 4.65325e+00 7.43546e+02 6.35408e+00 8.68254e+02 9.09427e+00 7.40365e+02 6.45968e+00 
0.0 0.05 0.1 7.39512e+02 6.24948e+00 6.01251e+02 4.47526e+00 8.55886e+02 9.10295e+00 6.03743e+02 4.54044e+00 7.41676e+02 6.16474e+00 8.64653e+02 8.92577e+00 7.38469e+02 6.35797e+00 
0.1 0.15 0.2 7.35921e+02 6.18441e+00 5.98892e+02 4.43010e+00 8.49344e+02 8.99685e+00 6.01428e+02 4.50838e+00 7.38015e+02 6.07930e+00 8.57995e+02 8.79544e+00 7.35023e+02 6.32001e+00 
0.2 0.25 0.3 7.13849e+02 6.13581e+00 5.82303e+02 4.41134e+00 8.20452e+02 8.87180e+00 5.84467e+02 4.48293e+00 7.15740e+02 6.06061e+00 8.30129e+02 8.68889e+00 7.12748e+02 6.25544e+00 
0.3 0.35 0.4 7.09817e+02 6.04687e+00 5.78457e+02 4.32654e+00 8.16298e+02 8.81020e+00 5.80618e+02 4.39292e+00 7.12446e+02 5.95979e+00 8.26886e+02 8.63745e+00 7.08224e+02 6.15924e+00 
0.4 0.45 0.5 7.01273e+02 6.06779e+00 5.71427e+02 4.33713e+00 8.05131e+02 8.90106e+00 5.73968e+02 4.40562e+00 7.03290e+02 5.97825e+00 8.15982e+02 8.67586e+00 6.99549e+02 6.20861e+00 
0.5 0.55 0.6 6.93300e+02 6.08039e+00 5.64079e+02 4.34281e+00 7.99433e+02 8.85439e+00 5.66443e+02 4.41032e+00 6.95550e+02 5.99317e+00 8.09321e+02 8.70461e+00 6.92143e+02 6.18322e+00 
0.6 0.65 0.7 6.92576e+02 6.07659e+00 5.61701e+02 4.34358e+00 8.03427e+02 8.86922e+00 5.64637e+02 4.41777e+00 6.93970e+02 5.97846e+00 8.11730e+02 8.66760e+00 6.92353e+02 6.20606e+00 
0.7 0.75 0.8 6.71919e+02 5.90145e+00 5.45102e+02 4.21900e+00 7.78366e+02 8.60030e+00 5.48099e+02 4.29179e+00 6.73157e+02 5.80647e+00 7.86681e+02 8.41409e+00 6.71812e+02 6.02524e+00 
0.8 0.85 0.9 6.55630e+02 5.92534e+00 5.31138e+02 4.22898e+00 7.61334e+02 8.63299e+00 5.34160e+02 4.30882e+00 6.56769e+02 5.81956e+00 7.69232e+02 8.44684e+00 6.55774e+02 6.05194e+00 
0.9 0.95 1.0 6.26118e+02 5.80744e+00 5.08054e+02 4.14822e+00 7.23726e+02 8.44873e+00 5.11108e+02 4.22496e+00 6.27046e+02 5.70502e+00 7.31892e+02 8.27314e+00 6.24974e+02 5.92324e+00 
1.0 1.05 1.1 5.91588e+02 5.71129e+00 4.81446e+02 4.06981e+00 6.79379e+02 8.36638e+00 4.84325e+02 4.15830e+00 5.92722e+02 5.59163e+00 6.87691e+02 8.13121e+00 5.91416e+02 5.86517e+00 
1.1 1.15 1.2 5.78154e+02 5.60969e+00 4.69125e+02 4.00113e+00 6.69429e+02 8.13633e+00 4.72378e+02 4.07380e+00 5.78679e+02 5.51617e+00 6.74685e+02 8.00394e+00 5.79855e+02 5.70548e+00 
1.2 1.25 1.3 5.38087e+02 5.46288e+00 4.37616e+02 3.89058e+00 6.16853e+02 8.05020e+00 4.40694e+02 3.96106e+00 5.39219e+02 5.37273e+00 6.24902e+02 7.82010e+00 5.38016e+02 5.61056e+00 
1.3 1.35 1.4 5.16188e+02 5.35635e+00 4.19190e+02 3.79135e+00 5.95361e+02 7.86950e+00 4.21967e+02 3.87666e+00 5.17157e+02 5.24153e+00 6.01557e+02 7.68571e+00 5.16621e+02 5.48747e+00 
1.4 1.45 1.5 4.89009e+02 5.25449e+00 3.96962e+02 3.71113e+00 5.62529e+02 7.79977e+00 3.99749e+02 3.80450e+00 4.89810e+02 5.12319e+00 5.70225e+02 7.52138e+00 4.89292e+02 5.41982e+00 
1.5 1.55 1.6 4.65713e+02 5.15488e+00 3.77237e+02 3.66277e+00 5.36913e+02 7.58456e+00 3.80343e+02 3.75029e+00 4.65937e+02 5.03760e+00 5.43570e+02 7.33656e+00 4.65998e+02 5.30724e+00 
1.6 1.65 1.7 4.38322e+02 5.02633e+00 3.54803e+02 3.55396e+00 5.05483e+02 7.37526e+00 3.57616e+02 3.64247e+00 4.38829e+02 4.90752e+00 5.14577e+02 7.14574e+00 4.39302e+02 5.16584e+00 
1.7 1.75 1.8 4.08042e+02 4.90020e+00 3.29777e+02 3.45505e+00 4.69876e+02 7.27167e+00 3.33573e+02 3.53826e+00 4.07879e+02 4.77152e+00 4.77031e+02 7.00963e+00 4.08232e+02 5.07575e+00 
1.8 1.85 1.9 3.76867e+02 4.54280e+00 3.03804e+02 3.21354e+00 4.36603e+02 6.70921e+00 3.06910e+02 3.30481e+00 3.76501e+02 4.42188e+00 4.42053e+02 6.46322e+00 3.77893e+02 4.70787e+00 
1.9 1.95 2.0 3.47506e+02 4.62669e+00 2.79391e+02 3.22868e+00 4.04236e+02 6.91211e+00 2.82647e+02 3.34485e+00 3.46400e+02 4.45543e+00 4.07979e+02 6.61735e+00 3.49401e+02 4.82892e+00 
2.0 2.05 2.1 3.16392e+02 4.31122e+00 2.53809e+02 3.03204e+00 3.67046e+02 6.44504e+00 2.57385e+02 3.11836e+00 3.14810e+02 4.19805e+00 3.71844e+02 6.18600e+00 3.17578e+02 4.48194e+00 
2.1 2.15 2.2 2.83430e+02 4.09324e+00 2.27973e+02 2.86545e+00 3.28403e+02 6.13868e+00 2.30864e+02 2.96061e+00 2.82717e+02 3.96172e+00 3.32121e+02 5.86211e+00 2.84993e+02 4.27458e+00 
2.2 2.25 2.3 2.59815e+02 3.96932e+00 2.07482e+02 2.77277e+00 3.05177e+02 5.94669e+00 2.10642e+02 2.87745e+00 2.58763e+02 3.83319e+00 3.07448e+02 5.67607e+00 2.62279e+02 4.15110e+00 
2.3 2.35 2.4 2.25006e+02 3.68177e+00 1.81023e+02 2.56513e+00 2.58757e+02 5.54874e+00 1.83398e+02 2.66660e+00 2.24643e+02 3.54147e+00 2.63233e+02 5.26135e+00 2.25735e+02 3.87130e+00 
2.4 2.45 2.5 1.95836e+02 3.45233e+00 1.56718e+02 2.38547e+00 2.26348e+02 5.26383e+00 1.59477e+02 2.49018e+00 1.94526e+02 3.30781e+00 2.29416e+02 4.96473e+00 1.97143e+02 3.64834e+00 
2.5 2.55 2.6 1.73235e+02 3.23587e+00 1.38588e+02 2.24037e+00 2.02294e+02 4.91914e+00 1.40864e+02 2.33316e+00 1.72491e+02 3.10842e+00 2.03459e+02 4.65813e+00 1.75146e+02 3.42056e+00 
2.6 2.65 2.7 1.50949e+02 3.00489e+00 1.19954e+02 2.08469e+00 1.76452e+02 4.52882e+00 1.21923e+02 2.16967e+00 1.49928e+02 2.88754e+00 1.78680e+02 4.31214e+00 1.51790e+02 3.16058e+00 
2.7 2.75 2.8 1.29832e+02 2.84394e+00 1.02843e+02 1.96061e+00 1.52820e+02 4.33808e+00 1.05007e+02 2.06090e+00 1.28746e+02 2.70679e+00 1.53905e+02 4.05718e+00 1.31461e+02 3.02616e+00 
2.8 2.85 2.9 1.05770e+02 2.64519e+00 8.38618e+01 1.83618e+00 1.23440e+02 4.01288e+00 8.58572e+01 1.91474e+00 1.04687e+02 2.53365e+00 1.24479e+02 3.78167e+00 1.07373e+02 2.79784e+00 
2.9 2.95 3.0 8.94310e+01 2.45708e+00 6.99586e+01 1.65626e+00 1.06178e+02 3.89825e+00 7.20929e+01 1.77065e+00 8.78337e+01 2.29365e+00 1.06596e+02 3.53188e+00 9.11607e+01 2.69061e+00 
3.0 3.05 3.1 7.18264e+01 2.09634e+00 5.61036e+01 1.43895e+00 8.51326e+01 3.17384e+00 5.77311e+01 1.51281e+00 7.07488e+01 1.99543e+00 8.53425e+01 2.97747e+00 7.28972e+01 2.20704e+00 
3.1 3.15 3.2 5.51392e+01 1.90452e+00 4.31466e+01 1.28165e+00 6.57871e+01 3.00158e+00 4.44166e+01 1.37847e+00 5.42528e+01 1.77095e+00 6.62226e+01 2.71853e+00 5.65675e+01 2.08871e+00 
3.2 3.25 3.3 4.17756e+01 1.56092e+00 3.29851e+01 1.07593e+00 4.86192e+01 2.38308e+00 3.40382e+01 1.13261e+00 4.14213e+01 1.48746e+00 4.97066e+01 2.22618e+00 4.26018e+01 1.66969e+00 
3.3 3.35 3.4 3.47436e+01 1.32115e+00 2.62344e+01 8.82703e-01 4.30986e+01 2.08159e+00 2.75470e+01 9.50699e-01 3.35390e+01 1.22942e+00 4.26139e+01 1.89970e+00 3.60809e+01 1.44621e+00 
3.4 3.45 3.5 2.27014e+01 1.16857e+00 1.76435e+01 7.74463e-01 2.80120e+01 1.90801e+00 1.82024e+01 8.33372e-01 2.24534e+01 1.08523e+00 2.74229e+01 1.70333e+00 2.38272e+01 1.30931e+00 
