0.0 25.0 50.0 7.08084e+00 5.75381e-02 5.86648e+00 4.01273e-02 7.83818e+00 8.74629e-02 5.87256e+00 4.09579e-02 7.13782e+00 5.64246e-02 7.99884e+00 8.46530e-02 7.03808e+00 5.93135e-02 
50.0 75.0 100.0 1.87411e+01 6.90704e-02 1.51821e+01 4.79280e-02 2.16924e+01 1.04634e-01 1.52586e+01 4.91675e-02 1.87950e+01 6.72444e-02 2.19689e+01 1.01550e-01 1.87219e+01 7.10258e-02 
100.0 125.0 150.0 1.73417e+01 5.72070e-02 1.39844e+01 3.93843e-02 2.01865e+01 8.78020e-02 1.41127e+01 4.06159e-02 1.73292e+01 5.53812e-02 2.03921e+01 8.43684e-02 1.73893e+01 5.93954e-02 
150.0 175.0 200.0 1.21439e+01 4.66558e-02 9.78569e+00 3.19191e-02 1.40976e+01 7.25060e-02 9.92372e+00 3.30081e-02 1.20868e+01 4.51586e-02 1.42186e+01 6.90840e-02 1.22289e+01 4.88422e-02 
200.0 225.0 250.0 8.43576e+00 3.85322e-02 6.77785e+00 2.58827e-02 9.81606e+00 6.00290e-02 6.90164e+00 2.72003e-02 8.36456e+00 3.69160e-02 9.87518e+00 5.70956e-02 8.53061e+00 4.04127e-02 
250.0 275.0 300.0 5.90530e+00 3.43767e-02 4.74981e+00 2.27146e-02 6.83594e+00 5.44507e-02 4.85387e+00 2.39870e-02 5.84212e+00 3.24800e-02 6.87443e+00 5.15348e-02 5.99233e+00 3.61478e-02 
300.0 325.0 350.0 4.32595e+00 2.89317e-02 3.45907e+00 1.94423e-02 5.04268e+00 4.57372e-02 3.54857e+00 2.00191e-02 4.26286e+00 2.77334e-02 5.05445e+00 4.31417e-02 4.40217e+00 3.06209e-02 
350.0 375.0 400.0 3.04018e+00 2.50721e-02 2.45180e+00 1.66124e-02 3.50928e+00 3.90288e-02 2.51513e+00 1.75090e-02 3.00118e+00 2.37852e-02 3.50172e+00 3.76354e-02 3.10995e+00 2.60970e-02 
400.0 425.0 450.0 2.21788e+00 2.08667e-02 1.78508e+00 1.38382e-02 2.54010e+00 3.31787e-02 1.83902e+00 1.46292e-02 2.18006e+00 1.97432e-02 2.54827e+00 3.11419e-02 2.26460e+00 2.22095e-02 
450.0 475.0 500.0 1.69416e+00 1.79991e-02 1.35944e+00 1.17574e-02 1.95485e+00 2.86876e-02 1.40231e+00 1.26309e-02 1.66439e+00 1.67047e-02 1.95638e+00 2.68296e-02 1.73452e+00 1.92245e-02 
500.0 525.0 550.0 1.23358e+00 1.52021e-02 9.93367e-01 9.96958e-03 1.40317e+00 2.44772e-02 1.02749e+00 1.06227e-02 1.20903e+00 1.42656e-02 1.41080e+00 2.27912e-02 1.26148e+00 1.63114e-02 
550.0 575.0 600.0 9.30287e-01 1.18763e-02 7.47017e-01 7.87200e-03 1.06889e+00 1.91684e-02 7.74869e-01 8.39131e-03 9.09268e-01 1.11462e-02 1.06554e+00 1.75430e-02 9.57466e-01 1.29240e-02 
600.0 625.0 650.0 6.98122e-01 1.01989e-02 5.61540e-01 6.72106e-03 7.95878e-01 1.63112e-02 5.83283e-01 7.19202e-03 6.81765e-01 9.53427e-03 7.96835e-01 1.51065e-02 7.17543e-01 1.10027e-02 
650.0 675.0 700.0 5.43431e-01 8.43116e-03 4.37562e-01 5.52911e-03 6.19729e-01 1.34370e-02 4.54372e-01 5.98031e-03 5.31211e-01 7.78167e-03 6.20594e-01 1.24011e-02 5.58954e-01 9.12348e-03 
700.0 725.0 750.0 4.09310e-01 6.93097e-03 3.30224e-01 4.60477e-03 4.62958e-01 1.09685e-02 3.44080e-01 4.93971e-03 3.98814e-01 6.46539e-03 4.63559e-01 1.01298e-02 4.21650e-01 7.49959e-03 
750.0 775.0 800.0 3.20557e-01 5.98456e-03 2.60977e-01 3.87532e-03 3.63037e-01 9.63819e-03 2.70689e-01 4.25225e-03 3.15770e-01 5.45022e-03 3.63787e-01 8.85057e-03 3.30686e-01 6.53542e-03 
800.0 825.0 850.0 2.63200e-01 4.76538e-03 2.09139e-01 3.28166e-03 2.97998e-01 7.80537e-03 2.20172e-01 3.44761e-03 2.55175e-01 4.42899e-03 3.01702e-01 6.83211e-03 2.69319e-01 5.39050e-03 
850.0 875.0 900.0 2.01349e-01 4.04502e-03 1.61664e-01 2.68820e-03 2.29797e-01 6.39640e-03 1.69307e-01 2.90465e-03 1.95214e-01 3.74603e-03 2.28988e-01 5.86098e-03 2.08460e-01 4.41138e-03 
900.0 925.0 950.0 1.63639e-01 3.54343e-03 1.31025e-01 2.34946e-03 1.87696e-01 5.58334e-03 1.37360e-01 2.53960e-03 1.58581e-01 3.27276e-03 1.84737e-01 5.18449e-03 1.69952e-01 3.85005e-03 
950.0 975.0 1000.0 1.27768e-01 3.04208e-03 1.03029e-01 2.01206e-03 1.44388e-01 4.84178e-03 1.07978e-01 2.18216e-03 1.23899e-01 2.80574e-03 1.44348e-01 4.42820e-03 1.32190e-01 3.33265e-03 
1000.0 1025.0 1050.0 1.02190e-01 2.58123e-03 8.24285e-02 1.70550e-03 1.15251e-01 4.09411e-03 8.65163e-02 1.85320e-03 9.89321e-02 2.36620e-03 1.14755e-01 3.72539e-03 1.05877e-01 2.83437e-03 
1050.0 1075.0 1100.0 8.71402e-02 2.21220e-03 6.96807e-02 1.47139e-03 1.00231e-01 3.49540e-03 7.33243e-02 1.60106e-03 8.41030e-02 2.03379e-03 9.94625e-02 3.17397e-03 9.06288e-02 2.43327e-03 
1100.0 1125.0 1150.0 6.85489e-02 1.92677e-03 5.54435e-02 1.28167e-03 7.68686e-02 3.04094e-03 5.82814e-02 1.39849e-03 6.63312e-02 1.76700e-03 7.68842e-02 2.75443e-03 7.10566e-02 2.12529e-03 
1150.0 1175.0 1200.0 5.77204e-02 1.56139e-03 4.62259e-02 1.05198e-03 6.53915e-02 2.52789e-03 4.87090e-02 1.14392e-03 5.56652e-02 1.43769e-03 6.56912e-02 2.20663e-03 5.96159e-02 1.77320e-03 
1200.0 1225.0 1250.0 4.78408e-02 1.41507e-03 3.83487e-02 9.10075e-04 5.48316e-02 2.22131e-03 4.03387e-02 1.03035e-03 4.62522e-02 1.23983e-03 5.48920e-02 1.89475e-03 4.97245e-02 1.55925e-03 
1250.0 1275.0 1300.0 3.82098e-02 1.24473e-03 3.08439e-02 8.35406e-04 4.29952e-02 1.93396e-03 3.25149e-02 9.13998e-04 3.68794e-02 1.13837e-03 4.29253e-02 1.74563e-03 3.96086e-02 1.36831e-03 
1300.0 1325.0 1350.0 3.27042e-02 1.06029e-03 2.62147e-02 7.09386e-04 3.73789e-02 1.66267e-03 2.76908e-02 7.76355e-04 3.14727e-02 9.69356e-04 3.70929e-02 1.50013e-03 3.40952e-02 1.17380e-03 
1350.0 1375.0 1400.0 2.65100e-02 9.08748e-04 2.11726e-02 6.07260e-04 3.05244e-02 1.42624e-03 2.24182e-02 6.65222e-04 2.54426e-02 8.30212e-04 3.01650e-02 1.28627e-03 2.77243e-02 1.00672e-03 
1400.0 1425.0 1450.0 2.33797e-02 8.74249e-04 1.88030e-02 5.83802e-04 2.64171e-02 1.35558e-03 1.98515e-02 6.46669e-04 2.25435e-02 7.97092e-04 2.64320e-02 1.22151e-03 2.43783e-02 9.65483e-04 
1450.0 1475.0 1500.0 1.95702e-02 7.97907e-04 1.56889e-02 5.41783e-04 2.18639e-02 1.26414e-03 1.65803e-02 5.90363e-04 1.88383e-02 7.34051e-04 2.18184e-02 1.14775e-03 2.03826e-02 8.77414e-04 
1500.0 1525.0 1550.0 1.65295e-02 6.90824e-04 1.31841e-02 4.63550e-04 1.90699e-02 1.07816e-03 1.40007e-02 5.09572e-04 1.58191e-02 6.28931e-04 1.87967e-02 9.68664e-04 1.73354e-02 7.68162e-04 
1550.0 1575.0 1600.0 1.44528e-02 6.59931e-04 1.16311e-02 4.52660e-04 1.65551e-02 9.96970e-04 1.22182e-02 4.94067e-04 1.38671e-02 6.05934e-04 1.64244e-02 9.06501e-04 1.50860e-02 7.26763e-04 
1600.0 1625.0 1650.0 1.17331e-02 5.38493e-04 9.43250e-03 3.64714e-04 1.36238e-02 8.20838e-04 9.99406e-03 4.00276e-04 1.12683e-02 4.91394e-04 1.32287e-02 7.47688e-04 1.24481e-02 5.92421e-04 
1650.0 1675.0 1700.0 1.12101e-02 5.17748e-04 8.83999e-03 3.54706e-04 1.26848e-02 7.83784e-04 9.30576e-03 3.91914e-04 1.07014e-02 4.73411e-04 1.29780e-02 7.09098e-04 1.16090e-02 5.79784e-04 
1700.0 1725.0 1750.0 8.99490e-03 4.37850e-04 7.14437e-03 2.94224e-04 1.06133e-02 6.73773e-04 7.59245e-03 3.23819e-04 8.60454e-03 3.97168e-04 1.03080e-02 6.09948e-04 9.48807e-03 4.76817e-04 
1750.0 1775.0 1800.0 7.71111e-03 3.97123e-04 6.14115e-03 2.69354e-04 8.95904e-03 6.09347e-04 6.52191e-03 2.96480e-04 7.47376e-03 3.59701e-04 8.81498e-03 5.48649e-04 8.10188e-03 4.40921e-04 
1800.0 1825.0 1850.0 6.25040e-03 3.52690e-04 4.98209e-03 2.41487e-04 7.05177e-03 5.60111e-04 5.27710e-03 2.65925e-04 5.96520e-03 3.20650e-04 7.02547e-03 4.98728e-04 6.45354e-03 4.01868e-04 
1850.0 1875.0 1900.0 5.50508e-03 3.31555e-04 4.43082e-03 2.26053e-04 6.12690e-03 5.04391e-04 4.71099e-03 2.48471e-04 5.27578e-03 3.02043e-04 6.18459e-03 4.55825e-04 5.71109e-03 3.67145e-04 
1900.0 1925.0 1950.0 4.70010e-03 2.80012e-04 3.71741e-03 1.87168e-04 5.56453e-03 4.33437e-04 3.98215e-03 2.06177e-04 4.51235e-03 2.52111e-04 5.43680e-03 3.86403e-04 4.98040e-03 3.12059e-04 
1950.0 1975.0 2000.0 4.35294e-03 2.68778e-04 3.44012e-03 1.81902e-04 4.96175e-03 4.07887e-04 3.69411e-03 2.00958e-04 4.14752e-03 2.44026e-04 4.89783e-03 3.66673e-04 4.61238e-03 2.98729e-04 
2000.0 2025.0 2050.0 3.57736e-03 2.32804e-04 2.84662e-03 1.57766e-04 4.23106e-03 3.65973e-04 3.02501e-03 1.74917e-04 3.40846e-03 2.10849e-04 4.07233e-03 3.20251e-04 3.74543e-03 2.61279e-04 
2050.0 2075.0 2100.0 3.48614e-03 2.30499e-04 2.70489e-03 1.61957e-04 4.08081e-03 3.61381e-04 2.90676e-03 1.79096e-04 3.30503e-03 2.10315e-04 3.97377e-03 3.25276e-04 3.63361e-03 2.63717e-04 
2100.0 2125.0 2150.0 3.00798e-03 2.03353e-04 2.29860e-03 1.41280e-04 3.53424e-03 3.22675e-04 2.46866e-03 1.56795e-04 2.84142e-03 1.83872e-04 3.38185e-03 2.87937e-04 3.13831e-03 2.35284e-04 
2150.0 2175.0 2200.0 2.38661e-03 1.91492e-04 1.88374e-03 1.31292e-04 2.68108e-03 2.92028e-04 2.02718e-03 1.44279e-04 2.25081e-03 1.74762e-04 2.71981e-03 2.61521e-04 2.49094e-03 2.14837e-04 
2200.0 2225.0 2250.0 2.11619e-03 1.71424e-04 1.64409e-03 1.18047e-04 2.42983e-03 2.56510e-04 1.77280e-03 1.30196e-04 1.95664e-03 1.55950e-04 2.36524e-03 2.33066e-04 2.20405e-03 1.90027e-04 
2250.0 2275.0 2300.0 1.83018e-03 1.43311e-04 1.43277e-03 9.62100e-05 2.13605e-03 2.18946e-04 1.53990e-03 1.07260e-04 1.73923e-03 1.28386e-04 2.11200e-03 1.96385e-04 1.94996e-03 1.61498e-04 
2300.0 2325.0 2350.0 1.39500e-03 1.27872e-04 1.17334e-03 9.34534e-05 1.54278e-03 1.92757e-04 1.20096e-03 9.72932e-05 1.32990e-03 1.16639e-04 1.54263e-03 1.72925e-04 1.45763e-03 1.42659e-04 
2350.0 2375.0 2400.0 1.46985e-03 1.42402e-04 1.16320e-03 1.00081e-04 1.66827e-03 2.08507e-04 1.26054e-03 1.10140e-04 1.37734e-03 1.26961e-04 1.65177e-03 1.88427e-04 1.50533e-03 1.58294e-04 
2400.0 2425.0 2450.0 1.45706e-03 1.52414e-04 1.14856e-03 1.07767e-04 1.71277e-03 2.06732e-04 1.25068e-03 1.17549e-04 1.38233e-03 1.40049e-04 1.61517e-03 1.89001e-04 1.57561e-03 1.67059e-04 
2450.0 2475.0 2500.0 1.11278e-03 1.12267e-04 8.81653e-04 7.85072e-05 1.32416e-03 1.61642e-04 9.33201e-04 8.67884e-05 1.07104e-03 1.02013e-04 1.25397e-03 1.49258e-04 1.15400e-03 1.25292e-04 
2500.0 2525.0 2550.0 7.94653e-04 8.35347e-05 6.43612e-04 5.85958e-05 8.52062e-04 1.22896e-04 6.83819e-04 6.44594e-05 7.57538e-04 7.60921e-05 8.78445e-04 1.10912e-04 8.36126e-04 9.25619e-05 
2550.0 2575.0 2600.0 8.11922e-04 8.18046e-05 6.32387e-04 5.80211e-05 9.19416e-04 1.20125e-04 6.80210e-04 6.39369e-05 7.61929e-04 7.48444e-05 9.27083e-04 1.08194e-04 8.42956e-04 9.14392e-05 
2600.0 2625.0 2650.0 9.73034e-04 8.67963e-05 7.35061e-04 6.07557e-05 1.20635e-03 1.28215e-04 8.07865e-04 6.66379e-05 9.11978e-04 7.90748e-05 1.13688e-03 1.16748e-04 1.04345e-03 9.64707e-05 
2650.0 2675.0 2700.0 4.99266e-04 6.30653e-05 4.23931e-04 4.56515e-05 6.19942e-04 1.00674e-04 4.58814e-04 5.16266e-05 5.04189e-04 6.12142e-05 6.03391e-04 8.75724e-05 5.59101e-04 7.32692e-05 
2700.0 2725.0 2750.0 5.73318e-04 6.12255e-05 4.77108e-04 4.73820e-05 7.18690e-04 8.90445e-05 5.15181e-04 5.19409e-05 5.80995e-04 6.15260e-05 6.49124e-04 8.11420e-05 6.11004e-04 6.77330e-05 
2750.0 2775.0 2800.0 6.52121e-04 7.05801e-05 4.89556e-04 4.97052e-05 7.35805e-04 9.35412e-05 5.21504e-04 5.03535e-05 6.08028e-04 6.38641e-05 7.60136e-04 8.86590e-05 6.66957e-04 7.44837e-05 
2800.0 2825.0 2850.0 3.92327e-04 4.92841e-05 3.11498e-04 3.32753e-05 4.57204e-04 7.36841e-05 3.38439e-04 3.76817e-05 3.60307e-04 4.33092e-05 4.32926e-04 6.46769e-05 4.19245e-04 5.47325e-05 
2850.0 2875.0 2900.0 4.14528e-04 4.95388e-05 3.25292e-04 3.48700e-05 4.75707e-04 7.11865e-05 3.51018e-04 3.84391e-05 3.86071e-04 4.50820e-05 4.69841e-04 6.52164e-05 4.41589e-04 5.50423e-05 
2900.0 2925.0 2950.0 3.81469e-04 4.98914e-05 2.86724e-04 3.43115e-05 4.58573e-04 7.56385e-05 3.16663e-04 3.81442e-05 3.55792e-04 4.47809e-05 4.53114e-04 6.68740e-05 4.14529e-04 5.62115e-05 
2950.0 2975.0 3000.0 2.72259e-04 3.35262e-05 2.17007e-04 2.35271e-05 3.10520e-04 4.71461e-05 2.35354e-04 2.61227e-05 2.60424e-04 3.02770e-05 3.00082e-04 4.21315e-05 2.82234e-04 3.57456e-05 
3000.0 3025.0 3050.0 1.69646e-04 2.79891e-05 1.40970e-04 1.89771e-05 1.99739e-04 4.47533e-05 1.52533e-04 2.13352e-05 1.63963e-04 2.49931e-05 1.90478e-04 3.84463e-05 1.80398e-04 3.19480e-05 
3050.0 3075.0 3100.0 2.58170e-04 3.36437e-05 2.06972e-04 2.45612e-05 3.14490e-04 4.78650e-05 2.17427e-04 2.62647e-05 2.49118e-04 3.13942e-05 2.97208e-04 4.25401e-05 2.67476e-04 3.55742e-05 
3100.0 3125.0 3150.0 1.89989e-04 2.70331e-05 1.41314e-04 1.92051e-05 2.22907e-04 3.97682e-05 1.60235e-04 2.11409e-05 1.80384e-04 2.45979e-05 2.19679e-04 3.55982e-05 1.99292e-04 3.03031e-05 
3150.0 3175.0 3200.0 1.64873e-04 2.47880e-05 1.26788e-04 1.71823e-05 2.11629e-04 3.83147e-05 1.39337e-04 1.90460e-05 1.53253e-04 2.23242e-05 2.01274e-04 3.42610e-05 1.83204e-04 2.76729e-05 
3200.0 3225.0 3250.0 1.39426e-04 2.20919e-05 1.12421e-04 1.59607e-05 1.50990e-04 3.15117e-05 1.21138e-04 1.75498e-05 1.32046e-04 2.01923e-05 1.54293e-04 2.83226e-05 1.40615e-04 2.46562e-05 
3250.0 3275.0 3300.0 1.73005e-04 2.23182e-05 1.32421e-04 1.60836e-05 2.17618e-04 3.18104e-05 1.44594e-04 1.77734e-05 1.60057e-04 2.02414e-05 2.05736e-04 2.85625e-05 1.89213e-04 2.49219e-05 
3300.0 3325.0 3350.0 1.37335e-04 1.89959e-05 1.06903e-04 1.38817e-05 1.68924e-04 2.65075e-05 1.16775e-04 1.52248e-05 1.27581e-04 1.74294e-05 1.60898e-04 2.39606e-05 1.46952e-04 2.09801e-05 
3350.0 3375.0 3400.0 1.02124e-04 1.53159e-05 8.10171e-05 1.12219e-05 1.13867e-04 2.14178e-05 8.76768e-05 1.21519e-05 1.03722e-04 1.57087e-05 1.23476e-04 2.15267e-05 1.05385e-04 1.66833e-05 
3400.0 3425.0 3450.0 9.28908e-05 1.44801e-05 7.18508e-05 1.04375e-05 9.81975e-05 2.10230e-05 7.85460e-05 1.14492e-05 8.70220e-05 1.32565e-05 9.28878e-05 1.81326e-05 9.63556e-05 1.62356e-05 
3450.0 3475.0 3500.0 7.30523e-05 1.16926e-05 5.78269e-05 8.42868e-06 7.97177e-05 1.68753e-05 6.24915e-05 9.24979e-06 6.88222e-05 1.07048e-05 8.71535e-05 1.63784e-05 7.27501e-05 1.29071e-05 
3500.0 3525.0 3550.0 6.67077e-05 1.06770e-05 5.32709e-05 7.46673e-06 6.89281e-05 1.50766e-05 5.67768e-05 8.34326e-06 6.37358e-05 9.55226e-06 7.50451e-05 1.39896e-05 6.86410e-05 1.20346e-05 
3550.0 3575.0 3600.0 4.99989e-05 9.14026e-06 4.16623e-05 6.45542e-06 5.05920e-05 1.30260e-05 4.47160e-05 7.17863e-06 4.76942e-05 8.33099e-06 4.88507e-05 1.14684e-05 5.38766e-05 1.04253e-05 
3600.0 3625.0 3650.0 4.14701e-05 7.97259e-06 3.29717e-05 5.44134e-06 4.21404e-05 1.14057e-05 3.50295e-05 6.04388e-06 3.80930e-05 6.94385e-06 4.34654e-05 1.00383e-05 4.32432e-05 8.91360e-06 
3650.0 3675.0 3700.0 5.94333e-05 1.16243e-05 4.60259e-05 8.27463e-06 6.33334e-05 1.42787e-05 4.85253e-05 9.02375e-06 5.86500e-05 1.08637e-05 6.07660e-05 1.34953e-05 5.73855e-05 1.20502e-05 
3700.0 3725.0 3750.0 4.86492e-05 8.52461e-06 3.92230e-05 6.17358e-06 5.62664e-05 1.19271e-05 4.09558e-05 6.78849e-06 4.62689e-05 7.78850e-06 5.41815e-05 1.08588e-05 5.14836e-05 9.39163e-06 
3750.0 3775.0 3800.0 6.09074e-05 8.93997e-06 4.80578e-05 6.59459e-06 7.47806e-05 1.22653e-05 5.13122e-05 7.22831e-06 5.81669e-05 8.20748e-06 6.69440e-05 1.09626e-05 6.60021e-05 9.83213e-06 
3800.0 3825.0 3850.0 2.47772e-05 4.75699e-06 2.03424e-05 3.36671e-06 2.60195e-05 6.87304e-06 2.14448e-05 3.69746e-06 2.29134e-05 4.32922e-06 2.56697e-05 6.26865e-06 2.47348e-05 5.34511e-06 
3850.0 3875.0 3900.0 3.52910e-05 6.41027e-06 2.58383e-05 4.21121e-06 3.85061e-05 8.84897e-06 3.15914e-05 5.26763e-06 3.40133e-05 5.98957e-06 4.01291e-05 8.38662e-06 3.50752e-05 6.79927e-06 
3900.0 3925.0 3950.0 3.29202e-05 5.80100e-06 2.64424e-05 4.33262e-06 3.57568e-05 7.75921e-06 2.86297e-05 4.74867e-06 3.10400e-05 5.34655e-06 3.60110e-05 7.13417e-06 3.29406e-05 6.38657e-06 
3950.0 3975.0 4000.0 2.34955e-05 4.23040e-06 1.81353e-05 2.93793e-06 3.21079e-05 6.65017e-06 1.90610e-05 3.25421e-06 2.18073e-05 3.78548e-06 3.24724e-05 6.03812e-06 2.42276e-05 4.74468e-06 
