0.0 0.05 0.1 1.68158e+03 1.67283e+01 1.39881e+03 1.13907e+01 1.84254e+03 2.60545e+01 1.40934e+03 1.16892e+01 1.68624e+03 1.62987e+01 1.87599e+03 2.52418e+01 1.68086e+03 1.72468e+01 
0.1 0.15 0.2 1.70667e+03 2.01358e+01 1.42408e+03 1.31446e+01 1.86168e+03 3.25520e+01 1.43402e+03 1.36303e+01 1.71302e+03 1.93829e+01 1.89827e+03 3.12002e+01 1.70706e+03 2.07752e+01 
0.2 0.25 0.3 1.91334e+03 1.91560e+01 1.58183e+03 1.37898e+01 2.09357e+03 3.01909e+01 1.60697e+03 1.32589e+01 1.91796e+03 1.86112e+01 2.12624e+03 2.92326e+01 1.91385e+03 1.97879e+01 
0.3 0.35 0.4 2.09501e+03 2.13757e+01 1.74824e+03 1.42546e+01 2.28527e+03 3.44040e+01 1.76026e+03 1.45577e+01 2.10361e+03 2.09551e+01 2.33345e+03 3.37006e+01 2.09569e+03 2.20944e+01 
0.4 0.45 0.5 1.82143e+03 1.92377e+01 1.51217e+03 1.24542e+01 2.00724e+03 2.70948e+01 1.52107e+03 1.29063e+01 1.82668e+03 1.83463e+01 2.04225e+03 2.74531e+01 1.82239e+03 1.76434e+01 
0.5 0.55 0.6 1.61647e+03 1.63540e+01 1.34646e+03 1.08905e+01 1.76465e+03 2.61206e+01 1.35627e+03 1.12063e+01 1.62189e+03 1.58796e+01 1.79991e+03 2.60231e+01 1.61481e+03 1.68937e+01 
0.6 0.65 0.7 1.49746e+03 1.70348e+01 1.24601e+03 1.11678e+01 1.63633e+03 2.72459e+01 1.25482e+03 1.14935e+01 1.50238e+03 1.65341e+01 1.67037e+03 2.67701e+01 1.49397e+03 1.73535e+01 
0.7 0.75 0.8 1.39806e+03 1.60366e+01 1.16058e+03 1.05150e+01 1.53824e+03 2.55389e+01 1.17008e+03 1.08364e+01 1.40069e+03 1.55454e+01 1.56309e+03 2.51536e+01 1.39900e+03 1.63070e+01 
0.8 0.85 0.9 1.31341e+03 1.57098e+01 1.09647e+03 1.03306e+01 1.42728e+03 2.54458e+01 1.10369e+03 1.06425e+01 1.31866e+03 1.52308e+01 1.45403e+03 2.56119e+01 1.31570e+03 1.66967e+01 
0.9 0.95 1.0 1.28438e+03 1.60607e+01 1.06214e+03 1.04826e+01 1.42365e+03 2.70599e+01 1.07172e+03 1.08056e+01 1.28514e+03 1.55633e+01 1.44460e+03 2.53186e+01 1.28648e+03 1.63995e+01 
1.0 1.05 1.1 1.19695e+03 1.44818e+01 9.95444e+02 1.01462e+01 1.30672e+03 2.32910e+01 1.00136e+03 1.02945e+01 1.19792e+03 1.50363e+01 1.32997e+03 2.24867e+01 1.19540e+03 1.57373e+01 
1.1 1.15 1.2 1.17339e+03 1.52480e+01 9.72393e+02 9.96317e+00 1.29303e+03 2.49020e+01 9.80463e+02 1.02890e+01 1.17525e+03 1.47454e+01 1.31462e+03 2.39421e+01 1.17378e+03 1.58293e+01 
1.2 1.25 1.3 1.11261e+03 1.47059e+01 9.22789e+02 9.42003e+00 1.21038e+03 2.49920e+01 9.30704e+02 9.95843e+00 1.11415e+03 1.38363e+01 1.24374e+03 2.22715e+01 1.10598e+03 1.58587e+01 
1.3 1.35 1.4 1.08521e+03 1.49931e+01 8.97901e+02 9.77202e+00 1.19463e+03 2.48984e+01 9.05727e+02 1.01074e+01 1.08668e+03 1.44805e+01 1.21802e+03 2.35635e+01 1.08423e+03 1.57771e+01 
1.4 1.45 1.5 1.03086e+03 1.36290e+01 8.56111e+02 9.73012e+00 1.12573e+03 2.47701e+01 8.65534e+02 1.03751e+01 1.03257e+03 1.44181e+01 1.14942e+03 2.34591e+01 1.03362e+03 1.60518e+01 
1.5 1.55 1.6 1.01451e+03 1.51854e+01 8.35026e+02 9.29671e+00 1.12459e+03 2.28860e+01 8.45270e+02 9.88316e+00 1.01661e+03 1.31347e+01 1.14520e+03 2.39537e+01 1.01403e+03 1.46635e+01 
1.6 1.65 1.7 9.56960e+02 1.44482e+01 7.90102e+02 9.57683e+00 1.05581e+03 2.35535e+01 7.98183e+02 9.75614e+00 9.56277e+02 1.42108e+01 1.07057e+03 2.31809e+01 9.57487e+02 1.50023e+01 
1.7 1.75 1.8 9.34049e+02 1.31753e+01 7.62286e+02 9.53852e+00 1.04198e+03 2.11432e+01 7.73854e+02 9.65612e+00 9.26784e+02 1.43272e+01 1.05713e+03 2.03161e+01 9.33761e+02 1.48613e+01 
1.8 1.85 1.9 8.89306e+02 1.44868e+01 7.34127e+02 9.40358e+00 9.89170e+02 2.39581e+01 7.40410e+02 9.74930e+00 8.90771e+02 1.39578e+01 1.00077e+03 2.28040e+01 8.92760e+02 1.51781e+01 
1.9 1.95 2.0 8.42999e+02 1.41798e+01 6.93905e+02 9.39047e+00 9.35636e+02 2.40026e+01 7.05092e+02 8.85686e+00 8.42065e+02 1.42068e+01 9.51211e+02 2.30154e+01 8.47056e+02 1.51998e+01 
2.0 2.05 2.1 8.10981e+02 1.35317e+01 6.65380e+02 8.36290e+00 9.11108e+02 2.14236e+01 6.75739e+02 9.23212e+00 8.13285e+02 1.27241e+01 9.18855e+02 2.11634e+01 8.19718e+02 1.42498e+01 
2.1 2.15 2.2 7.39025e+02 1.36511e+01 6.12230e+02 8.91970e+00 8.10716e+02 2.24615e+01 6.17901e+02 9.19698e+00 7.40004e+02 1.32730e+01 8.24554e+02 2.14562e+01 7.40288e+02 1.42666e+01 
2.2 2.25 2.3 7.31129e+02 1.32715e+01 5.95752e+02 8.65358e+00 8.03844e+02 2.02219e+01 6.02423e+02 9.00475e+00 7.27914e+02 1.28121e+01 8.26132e+02 1.85812e+01 7.21844e+02 1.30261e+01 
2.3 2.35 2.4 7.08982e+02 1.33422e+01 5.75450e+02 8.63152e+00 8.12279e+02 2.15125e+01 5.82495e+02 8.98864e+00 7.06839e+02 1.27988e+01 8.16510e+02 2.09500e+01 7.15062e+02 1.37155e+01 
2.4 2.45 2.5 6.14886e+02 1.25212e+01 5.06459e+02 8.16087e+00 6.83530e+02 2.14224e+01 5.11555e+02 8.48011e+00 6.15059e+02 1.20388e+01 6.90193e+02 1.95439e+01 6.16436e+02 1.30629e+01 
2.5 2.55 2.6 5.82792e+02 1.12901e+01 4.74678e+02 7.86881e+00 6.53584e+02 1.81801e+01 4.81699e+02 7.73973e+00 5.79080e+02 1.16030e+01 6.62437e+02 1.73637e+01 5.84974e+02 1.18031e+01 
2.6 2.65 2.7 5.37840e+02 1.10074e+01 4.34434e+02 7.87973e+00 6.09040e+02 1.77822e+01 4.44292e+02 7.52794e+00 5.29170e+02 1.17033e+01 5.99138e+02 1.92481e+01 5.43280e+02 1.15125e+01 
2.7 2.75 2.8 4.91499e+02 1.07114e+01 4.01813e+02 7.02984e+00 5.53101e+02 1.95607e+01 4.06449e+02 7.32198e+00 4.90740e+02 1.02759e+01 5.57382e+02 1.65273e+01 4.95641e+02 1.24253e+01 
2.8 2.85 2.9 4.52864e+02 1.09342e+01 3.69822e+02 7.13458e+00 5.16453e+02 1.85762e+01 3.73968e+02 7.42953e+00 4.52474e+02 1.04986e+01 5.14387e+02 1.69876e+01 4.60007e+02 1.18670e+01 
2.9 2.95 3.0 4.02543e+02 1.14809e+01 3.28795e+02 6.99170e+00 4.65063e+02 1.84164e+01 3.31852e+02 7.09126e+00 4.03081e+02 1.03512e+01 4.58734e+02 1.83400e+01 4.11887e+02 1.16845e+01 
3.0 3.05 3.1 3.59775e+02 1.10737e+01 2.94227e+02 6.75029e+00 3.99336e+02 1.77789e+01 2.97175e+02 7.41957e+00 3.60291e+02 9.98730e+00 4.10335e+02 1.63281e+01 3.59724e+02 1.13030e+01 
3.1 3.15 3.2 3.50234e+02 9.42221e+00 2.81086e+02 6.66823e+00 4.08814e+02 1.51944e+01 2.84393e+02 6.44577e+00 3.44815e+02 9.33509e+00 4.10759e+02 1.45212e+01 3.57344e+02 1.11031e+01 
3.2 3.25 3.3 2.83429e+02 8.80729e+00 2.29065e+02 5.76670e+00 3.21358e+02 1.60283e+01 2.32340e+02 6.01433e+00 2.77322e+02 9.51629e+00 3.17648e+02 1.57299e+01 2.84834e+02 1.01796e+01 
3.3 3.35 3.4 2.65949e+02 8.68079e+00 2.08837e+02 5.96659e+00 3.13187e+02 1.41474e+01 2.13020e+02 5.69146e+00 2.60984e+02 8.64046e+00 3.13839e+02 1.34788e+01 2.64997e+02 1.00062e+01 
3.4 3.45 3.5 2.14605e+02 7.95011e+00 1.72723e+02 5.19343e+00 2.46428e+02 1.42231e+01 1.75075e+02 5.41591e+00 2.13719e+02 7.61910e+00 2.48432e+02 1.22975e+01 2.16440e+02 9.04013e+00 
3.5 3.55 3.6 1.84092e+02 7.64542e+00 1.49612e+02 5.35907e+00 2.11259e+02 1.39006e+01 1.50203e+02 5.51271e+00 1.85822e+02 7.98502e+00 2.13289e+02 1.18464e+01 1.85575e+02 8.80203e+00 
3.6 3.65 3.7 1.53237e+02 7.58184e+00 1.21327e+02 4.84614e+00 1.73656e+02 1.06005e+01 1.23254e+02 5.06912e+00 1.52128e+02 7.24217e+00 1.73669e+02 1.01624e+01 1.55600e+02 7.73815e+00 
3.7 3.75 3.8 1.10098e+02 6.15145e+00 8.57158e+01 4.35092e+00 1.17080e+02 1.00505e+01 8.63745e+01 4.54146e+00 1.03264e+02 6.50927e+00 1.24264e+02 9.55382e+00 1.07397e+02 6.45658e+00 
3.8 3.85 3.9 8.27555e+01 5.65941e+00 6.84444e+01 3.82729e+00 9.11594e+01 9.57188e+00 6.86984e+01 3.82286e+00 8.35005e+01 5.70819e+00 9.34771e+01 9.39645e+00 8.32622e+01 5.91586e+00 
3.9 3.95 4.0 8.06336e+01 4.99192e+00 6.35217e+01 3.55266e+00 9.40587e+01 9.07745e+00 6.43506e+01 3.41433e+00 8.02155e+01 5.27932e+00 9.70118e+01 7.67367e+00 7.99907e+01 5.76855e+00 
4.0 4.05 4.1 4.67459e+01 4.51942e+00 3.67003e+01 2.95301e+00 5.18413e+01 7.41859e+00 3.79836e+01 3.07394e+00 4.51334e+01 4.43820e+00 5.14652e+01 7.39394e+00 4.62344e+01 4.76896e+00 
4.1 4.15 4.2 3.13959e+01 3.73759e+00 2.56766e+01 2.40255e+00 3.64093e+01 6.06493e+00 2.57354e+01 2.51177e+00 3.17765e+01 3.57569e+00 3.57711e+01 5.86617e+00 3.24278e+01 3.90745e+00 
4.2 4.25 4.3 2.19005e+01 2.83114e+00 1.73217e+01 1.87627e+00 2.46601e+01 4.66181e+00 1.73564e+01 1.97055e+00 2.16937e+01 2.76010e+00 2.54911e+01 4.40246e+00 2.20313e+01 2.94732e+00 
4.3 4.35 4.4 1.30516e+01 2.10933e+00 1.00406e+01 1.40746e+00 1.62892e+01 3.35142e+00 1.03868e+01 1.42097e+00 1.28383e+01 2.03681e+00 1.60748e+01 3.20997e+00 1.33501e+01 2.19997e+00 
4.4 4.45 4.5 2.77764e+00 1.31469e+00 2.53663e+00 9.05635e-01 2.18096e+00 2.00052e+00 -1.89116e+00 4.32971e-01 2.93705e+00 1.29861e+00 2.38058e+00 1.95059e+00 -3.71416e+00 6.95187e-01 
4.5 4.55 4.6 -8.52090e-01 9.51903e-02 -4.94789e-01 5.22760e-02 -1.52996e+00 1.73057e-01 -5.19489e-01 5.82719e-02 -8.51761e-01 9.07666e-02 -1.45075e+00 1.56601e-01 -8.91252e-01 1.02625e-01 
4.6 4.65 4.7 0.00000e+00 0.00000e+00 0.00000e+00 0.00000e+00 0.00000e+00 0.00000e+00 0.00000e+00 0.00000e+00 0.00000e+00 0.00000e+00 0.00000e+00 0.00000e+00 0.00000e+00 0.00000e+00 
4.7 4.75 4.8 0.00000e+00 0.00000e+00 0.00000e+00 0.00000e+00 0.00000e+00 0.00000e+00 0.00000e+00 0.00000e+00 0.00000e+00 0.00000e+00 0.00000e+00 0.00000e+00 0.00000e+00 0.00000e+00 
4.8 4.85 4.9 0.00000e+00 0.00000e+00 0.00000e+00 0.00000e+00 0.00000e+00 0.00000e+00 0.00000e+00 0.00000e+00 0.00000e+00 0.00000e+00 0.00000e+00 0.00000e+00 0.00000e+00 0.00000e+00 
4.9 4.95 5.0 0.00000e+00 0.00000e+00 0.00000e+00 0.00000e+00 0.00000e+00 0.00000e+00 0.00000e+00 0.00000e+00 0.00000e+00 0.00000e+00 0.00000e+00 0.00000e+00 0.00000e+00 0.00000e+00 
5.0 5.05 5.1 0.00000e+00 0.00000e+00 0.00000e+00 0.00000e+00 0.00000e+00 0.00000e+00 0.00000e+00 0.00000e+00 0.00000e+00 0.00000e+00 0.00000e+00 0.00000e+00 0.00000e+00 0.00000e+00 
5.1 5.15 5.2 0.00000e+00 0.00000e+00 0.00000e+00 0.00000e+00 0.00000e+00 0.00000e+00 0.00000e+00 0.00000e+00 0.00000e+00 0.00000e+00 0.00000e+00 0.00000e+00 0.00000e+00 0.00000e+00 
5.2 5.25 5.3 0.00000e+00 0.00000e+00 0.00000e+00 0.00000e+00 0.00000e+00 0.00000e+00 0.00000e+00 0.00000e+00 0.00000e+00 0.00000e+00 0.00000e+00 0.00000e+00 0.00000e+00 0.00000e+00 
5.3 5.35 5.4 0.00000e+00 0.00000e+00 0.00000e+00 0.00000e+00 0.00000e+00 0.00000e+00 0.00000e+00 0.00000e+00 0.00000e+00 0.00000e+00 0.00000e+00 0.00000e+00 0.00000e+00 0.00000e+00 
5.4 5.45 5.5 0.00000e+00 0.00000e+00 0.00000e+00 0.00000e+00 0.00000e+00 0.00000e+00 0.00000e+00 0.00000e+00 0.00000e+00 0.00000e+00 0.00000e+00 0.00000e+00 0.00000e+00 0.00000e+00 
5.5 5.55 5.6 0.00000e+00 0.00000e+00 0.00000e+00 0.00000e+00 0.00000e+00 0.00000e+00 0.00000e+00 0.00000e+00 0.00000e+00 0.00000e+00 0.00000e+00 0.00000e+00 0.00000e+00 0.00000e+00 
5.6 5.65 5.7 0.00000e+00 0.00000e+00 0.00000e+00 0.00000e+00 0.00000e+00 0.00000e+00 0.00000e+00 0.00000e+00 0.00000e+00 0.00000e+00 0.00000e+00 0.00000e+00 0.00000e+00 0.00000e+00 
5.7 5.75 5.8 0.00000e+00 0.00000e+00 0.00000e+00 0.00000e+00 0.00000e+00 0.00000e+00 0.00000e+00 0.00000e+00 0.00000e+00 0.00000e+00 0.00000e+00 0.00000e+00 0.00000e+00 0.00000e+00 
5.8 5.85 5.9 0.00000e+00 0.00000e+00 0.00000e+00 0.00000e+00 0.00000e+00 0.00000e+00 0.00000e+00 0.00000e+00 0.00000e+00 0.00000e+00 0.00000e+00 0.00000e+00 0.00000e+00 0.00000e+00 
5.9 5.95 6.0 0.00000e+00 0.00000e+00 0.00000e+00 0.00000e+00 0.00000e+00 0.00000e+00 0.00000e+00 0.00000e+00 0.00000e+00 0.00000e+00 0.00000e+00 0.00000e+00 0.00000e+00 0.00000e+00 
6.0 6.05 6.1 0.00000e+00 0.00000e+00 0.00000e+00 0.00000e+00 0.00000e+00 0.00000e+00 0.00000e+00 0.00000e+00 0.00000e+00 0.00000e+00 0.00000e+00 0.00000e+00 0.00000e+00 0.00000e+00 
6.1 6.15 6.2 0.00000e+00 0.00000e+00 0.00000e+00 0.00000e+00 0.00000e+00 0.00000e+00 0.00000e+00 0.00000e+00 0.00000e+00 0.00000e+00 0.00000e+00 0.00000e+00 0.00000e+00 0.00000e+00 
6.2 6.25 6.3 0.00000e+00 0.00000e+00 0.00000e+00 0.00000e+00 0.00000e+00 0.00000e+00 0.00000e+00 0.00000e+00 0.00000e+00 0.00000e+00 0.00000e+00 0.00000e+00 0.00000e+00 0.00000e+00 
6.3 6.35 6.4 0.00000e+00 0.00000e+00 0.00000e+00 0.00000e+00 0.00000e+00 0.00000e+00 0.00000e+00 0.00000e+00 0.00000e+00 0.00000e+00 0.00000e+00 0.00000e+00 0.00000e+00 0.00000e+00 
6.4 6.45 6.5 0.00000e+00 0.00000e+00 0.00000e+00 0.00000e+00 0.00000e+00 0.00000e+00 0.00000e+00 0.00000e+00 0.00000e+00 0.00000e+00 0.00000e+00 0.00000e+00 0.00000e+00 0.00000e+00 
6.5 6.55 6.6 0.00000e+00 0.00000e+00 0.00000e+00 0.00000e+00 0.00000e+00 0.00000e+00 0.00000e+00 0.00000e+00 0.00000e+00 0.00000e+00 0.00000e+00 0.00000e+00 0.00000e+00 0.00000e+00 
6.6 6.65 6.7 0.00000e+00 0.00000e+00 0.00000e+00 0.00000e+00 0.00000e+00 0.00000e+00 0.00000e+00 0.00000e+00 0.00000e+00 0.00000e+00 0.00000e+00 0.00000e+00 0.00000e+00 0.00000e+00 
6.7 6.75 6.8 0.00000e+00 0.00000e+00 0.00000e+00 0.00000e+00 0.00000e+00 0.00000e+00 0.00000e+00 0.00000e+00 0.00000e+00 0.00000e+00 0.00000e+00 0.00000e+00 0.00000e+00 0.00000e+00 
6.8 6.85 6.9 0.00000e+00 0.00000e+00 0.00000e+00 0.00000e+00 0.00000e+00 0.00000e+00 0.00000e+00 0.00000e+00 0.00000e+00 0.00000e+00 0.00000e+00 0.00000e+00 0.00000e+00 0.00000e+00 
6.9 6.95 7.0 0.00000e+00 0.00000e+00 0.00000e+00 0.00000e+00 0.00000e+00 0.00000e+00 0.00000e+00 0.00000e+00 0.00000e+00 0.00000e+00 0.00000e+00 0.00000e+00 0.00000e+00 0.00000e+00 
7.0 7.05 7.1 0.00000e+00 0.00000e+00 0.00000e+00 0.00000e+00 0.00000e+00 0.00000e+00 0.00000e+00 0.00000e+00 0.00000e+00 0.00000e+00 0.00000e+00 0.00000e+00 0.00000e+00 0.00000e+00 
7.1 7.15 7.2 0.00000e+00 0.00000e+00 0.00000e+00 0.00000e+00 0.00000e+00 0.00000e+00 0.00000e+00 0.00000e+00 0.00000e+00 0.00000e+00 0.00000e+00 0.00000e+00 0.00000e+00 0.00000e+00 
7.2 7.25 7.3 0.00000e+00 0.00000e+00 0.00000e+00 0.00000e+00 0.00000e+00 0.00000e+00 0.00000e+00 0.00000e+00 0.00000e+00 0.00000e+00 0.00000e+00 0.00000e+00 0.00000e+00 0.00000e+00 
7.3 7.35 7.4 0.00000e+00 0.00000e+00 0.00000e+00 0.00000e+00 0.00000e+00 0.00000e+00 0.00000e+00 0.00000e+00 0.00000e+00 0.00000e+00 0.00000e+00 0.00000e+00 0.00000e+00 0.00000e+00 
7.4 7.45 7.5 0.00000e+00 0.00000e+00 0.00000e+00 0.00000e+00 0.00000e+00 0.00000e+00 0.00000e+00 0.00000e+00 0.00000e+00 0.00000e+00 0.00000e+00 0.00000e+00 0.00000e+00 0.00000e+00 
7.5 7.55 7.6 0.00000e+00 0.00000e+00 0.00000e+00 0.00000e+00 0.00000e+00 0.00000e+00 0.00000e+00 0.00000e+00 0.00000e+00 0.00000e+00 0.00000e+00 0.00000e+00 0.00000e+00 0.00000e+00 
7.6 7.65 7.7 0.00000e+00 0.00000e+00 0.00000e+00 0.00000e+00 0.00000e+00 0.00000e+00 0.00000e+00 0.00000e+00 0.00000e+00 0.00000e+00 0.00000e+00 0.00000e+00 0.00000e+00 0.00000e+00 
7.7 7.75 7.8 0.00000e+00 0.00000e+00 0.00000e+00 0.00000e+00 0.00000e+00 0.00000e+00 0.00000e+00 0.00000e+00 0.00000e+00 0.00000e+00 0.00000e+00 0.00000e+00 0.00000e+00 0.00000e+00 
7.8 7.85 7.9 0.00000e+00 0.00000e+00 0.00000e+00 0.00000e+00 0.00000e+00 0.00000e+00 0.00000e+00 0.00000e+00 0.00000e+00 0.00000e+00 0.00000e+00 0.00000e+00 0.00000e+00 0.00000e+00 
7.9 7.95 8.0 0.00000e+00 0.00000e+00 0.00000e+00 0.00000e+00 0.00000e+00 0.00000e+00 0.00000e+00 0.00000e+00 0.00000e+00 0.00000e+00 0.00000e+00 0.00000e+00 0.00000e+00 0.00000e+00 
8.0 8.05 8.1 0.00000e+00 0.00000e+00 0.00000e+00 0.00000e+00 0.00000e+00 0.00000e+00 0.00000e+00 0.00000e+00 0.00000e+00 0.00000e+00 0.00000e+00 0.00000e+00 0.00000e+00 0.00000e+00 
8.1 8.15 8.2 0.00000e+00 0.00000e+00 0.00000e+00 0.00000e+00 0.00000e+00 0.00000e+00 0.00000e+00 0.00000e+00 0.00000e+00 0.00000e+00 0.00000e+00 0.00000e+00 0.00000e+00 0.00000e+00 
8.2 8.25 8.3 0.00000e+00 0.00000e+00 0.00000e+00 0.00000e+00 0.00000e+00 0.00000e+00 0.00000e+00 0.00000e+00 0.00000e+00 0.00000e+00 0.00000e+00 0.00000e+00 0.00000e+00 0.00000e+00 
8.3 8.35 8.4 0.00000e+00 0.00000e+00 0.00000e+00 0.00000e+00 0.00000e+00 0.00000e+00 0.00000e+00 0.00000e+00 0.00000e+00 0.00000e+00 0.00000e+00 0.00000e+00 0.00000e+00 0.00000e+00 
8.4 8.45 8.5 0.00000e+00 0.00000e+00 0.00000e+00 0.00000e+00 0.00000e+00 0.00000e+00 0.00000e+00 0.00000e+00 0.00000e+00 0.00000e+00 0.00000e+00 0.00000e+00 0.00000e+00 0.00000e+00 
8.5 8.55 8.6 0.00000e+00 0.00000e+00 0.00000e+00 0.00000e+00 0.00000e+00 0.00000e+00 0.00000e+00 0.00000e+00 0.00000e+00 0.00000e+00 0.00000e+00 0.00000e+00 0.00000e+00 0.00000e+00 
8.6 8.65 8.7 0.00000e+00 0.00000e+00 0.00000e+00 0.00000e+00 0.00000e+00 0.00000e+00 0.00000e+00 0.00000e+00 0.00000e+00 0.00000e+00 0.00000e+00 0.00000e+00 0.00000e+00 0.00000e+00 
8.7 8.75 8.8 0.00000e+00 0.00000e+00 0.00000e+00 0.00000e+00 0.00000e+00 0.00000e+00 0.00000e+00 0.00000e+00 0.00000e+00 0.00000e+00 0.00000e+00 0.00000e+00 0.00000e+00 0.00000e+00 
8.8 8.85 8.9 0.00000e+00 0.00000e+00 0.00000e+00 0.00000e+00 0.00000e+00 0.00000e+00 0.00000e+00 0.00000e+00 0.00000e+00 0.00000e+00 0.00000e+00 0.00000e+00 0.00000e+00 0.00000e+00 
8.9 8.95 9.0 0.00000e+00 0.00000e+00 0.00000e+00 0.00000e+00 0.00000e+00 0.00000e+00 0.00000e+00 0.00000e+00 0.00000e+00 0.00000e+00 0.00000e+00 0.00000e+00 0.00000e+00 0.00000e+00 
9.0 9.05 9.1 0.00000e+00 0.00000e+00 0.00000e+00 0.00000e+00 0.00000e+00 0.00000e+00 0.00000e+00 0.00000e+00 0.00000e+00 0.00000e+00 0.00000e+00 0.00000e+00 0.00000e+00 0.00000e+00 
9.1 9.15 9.2 0.00000e+00 0.00000e+00 0.00000e+00 0.00000e+00 0.00000e+00 0.00000e+00 0.00000e+00 0.00000e+00 0.00000e+00 0.00000e+00 0.00000e+00 0.00000e+00 0.00000e+00 0.00000e+00 
9.2 9.25 9.3 0.00000e+00 0.00000e+00 0.00000e+00 0.00000e+00 0.00000e+00 0.00000e+00 0.00000e+00 0.00000e+00 0.00000e+00 0.00000e+00 0.00000e+00 0.00000e+00 0.00000e+00 0.00000e+00 
9.3 9.35 9.4 0.00000e+00 0.00000e+00 0.00000e+00 0.00000e+00 0.00000e+00 0.00000e+00 0.00000e+00 0.00000e+00 0.00000e+00 0.00000e+00 0.00000e+00 0.00000e+00 0.00000e+00 0.00000e+00 
9.4 9.45 9.5 0.00000e+00 0.00000e+00 0.00000e+00 0.00000e+00 0.00000e+00 0.00000e+00 0.00000e+00 0.00000e+00 0.00000e+00 0.00000e+00 0.00000e+00 0.00000e+00 0.00000e+00 0.00000e+00 
9.5 9.55 9.6 0.00000e+00 0.00000e+00 0.00000e+00 0.00000e+00 0.00000e+00 0.00000e+00 0.00000e+00 0.00000e+00 0.00000e+00 0.00000e+00 0.00000e+00 0.00000e+00 0.00000e+00 0.00000e+00 
9.6 9.65 9.7 0.00000e+00 0.00000e+00 0.00000e+00 0.00000e+00 0.00000e+00 0.00000e+00 0.00000e+00 0.00000e+00 0.00000e+00 0.00000e+00 0.00000e+00 0.00000e+00 0.00000e+00 0.00000e+00 
9.7 9.75 9.8 0.00000e+00 0.00000e+00 0.00000e+00 0.00000e+00 0.00000e+00 0.00000e+00 0.00000e+00 0.00000e+00 0.00000e+00 0.00000e+00 0.00000e+00 0.00000e+00 0.00000e+00 0.00000e+00 
9.8 9.85 9.9 0.00000e+00 0.00000e+00 0.00000e+00 0.00000e+00 0.00000e+00 0.00000e+00 0.00000e+00 0.00000e+00 0.00000e+00 0.00000e+00 0.00000e+00 0.00000e+00 0.00000e+00 0.00000e+00 
9.9 9.95 10.0 0.00000e+00 0.00000e+00 0.00000e+00 0.00000e+00 0.00000e+00 0.00000e+00 0.00000e+00 0.00000e+00 0.00000e+00 0.00000e+00 0.00000e+00 0.00000e+00 0.00000e+00 0.00000e+00 
