-3.5 -3.45 -3.4 9.39359e+01 2.86795e+00 7.68749e+01 1.82812e+00 1.04709e+02 4.74675e+00 7.89184e+01 1.98860e+00 9.30986e+01 2.63180e+00 1.05628e+02 4.33964e+00 9.61783e+01 3.13633e+00 
-3.4 -3.35 -3.3 1.08077e+02 2.97327e+00 8.66252e+01 1.92213e+00 1.24586e+02 4.84733e+00 8.95665e+01 2.06997e+00 1.05996e+02 2.76099e+00 1.24526e+02 4.47283e+00 1.10550e+02 3.23646e+00 
-3.3 -3.25 -3.2 1.13551e+02 2.89406e+00 9.19517e+01 1.87397e+00 1.27781e+02 4.74486e+00 9.48794e+01 2.01400e+00 1.11646e+02 2.69109e+00 1.28987e+02 4.35879e+00 1.15847e+02 3.14541e+00 
-3.2 -3.15 -3.1 1.24721e+02 2.82597e+00 1.00602e+02 1.87070e+00 1.41484e+02 4.51017e+00 1.03710e+02 1.99415e+00 1.22696e+02 2.65106e+00 1.42807e+02 4.18401e+00 1.27103e+02 3.04214e+00 
-3.1 -3.05 -3.0 1.28596e+02 2.91726e+00 1.04703e+02 1.91388e+00 1.43541e+02 4.78496e+00 1.07733e+02 2.04668e+00 1.26838e+02 2.72767e+00 1.45436e+02 4.42192e+00 1.30936e+02 3.19391e+00 
-3.0 -2.95 -2.9 1.44772e+02 2.81203e+00 1.17571e+02 1.94127e+00 1.64330e+02 4.48616e+00 1.20489e+02 1.98238e+00 1.43453e+02 2.77777e+00 1.67311e+02 4.44018e+00 1.47598e+02 3.01726e+00 
-2.9 -2.85 -2.8 1.53280e+02 3.13957e+00 1.24215e+02 2.06431e+00 1.72905e+02 5.05854e+00 1.27890e+02 2.19853e+00 1.50935e+02 2.94754e+00 1.74499e+02 4.69788e+00 1.56100e+02 3.37637e+00 
-2.8 -2.75 -2.7 1.60903e+02 3.05054e+00 1.31292e+02 2.00790e+00 1.79226e+02 4.92639e+00 1.34766e+02 2.13510e+00 1.59004e+02 2.86547e+00 1.81857e+02 4.57241e+00 1.63212e+02 3.27813e+00 
-2.7 -2.65 -2.6 1.75678e+02 3.07090e+00 1.42437e+02 2.03299e+00 1.99158e+02 4.91584e+00 1.46375e+02 2.15783e+00 1.73277e+02 2.89057e+00 2.00759e+02 4.58607e+00 1.78836e+02 3.28367e+00 
-2.6 -2.55 -2.5 1.87616e+02 3.28848e+00 1.52458e+02 2.14098e+00 2.12792e+02 5.32586e+00 1.56093e+02 2.29259e+00 1.85846e+02 3.06183e+00 2.16216e+02 4.88785e+00 1.90723e+02 3.52667e+00 
-2.5 -2.45 -2.4 2.00379e+02 3.24155e+00 1.62063e+02 2.15086e+00 2.28183e+02 5.18232e+00 1.66415e+02 2.28023e+00 1.97678e+02 3.05516e+00 2.30190e+02 4.83142e+00 2.03658e+02 3.46959e+00 
-2.4 -2.35 -2.3 2.13277e+02 3.14728e+00 1.72729e+02 2.12532e+00 2.42189e+02 5.18186e+00 1.77239e+02 2.23980e+00 2.10514e+02 2.98559e+00 2.44672e+02 4.62432e+00 2.15927e+02 3.50189e+00 
-2.3 -2.25 -2.2 2.21468e+02 3.20285e+00 1.79440e+02 2.15340e+00 2.51718e+02 5.04257e+00 1.84021e+02 2.26993e+00 2.19375e+02 3.01909e+00 2.55398e+02 4.70021e+00 2.24789e+02 3.40622e+00 
-2.2 -2.15 -2.1 2.33257e+02 3.21325e+00 1.89001e+02 2.17565e+00 2.66118e+02 5.09522e+00 1.94085e+02 2.30962e+00 2.30230e+02 3.05434e+00 2.67547e+02 4.72272e+00 2.37379e+02 3.45039e+00 
-2.1 -2.05 -2.0 2.43893e+02 3.40068e+00 1.98172e+02 2.29248e+00 2.77925e+02 5.20475e+00 2.03163e+02 2.41185e+00 2.40875e+02 3.23166e+00 2.78664e+02 5.02550e+00 2.48588e+02 3.53446e+00 
-2.0 -1.95 -1.9 2.57829e+02 3.30833e+00 2.08772e+02 2.25263e+00 2.95095e+02 5.13835e+00 2.14014e+02 2.36609e+00 2.54572e+02 3.14985e+00 2.96627e+02 4.83942e+00 2.61878e+02 3.50211e+00 
-1.9 -1.85 -1.8 2.68080e+02 3.52763e+00 2.17354e+02 2.38279e+00 3.05536e+02 5.52027e+00 2.22506e+02 2.50045e+00 2.65581e+02 3.33097e+00 3.08353e+02 5.20837e+00 2.71822e+02 3.73287e+00 
-1.8 -1.75 -1.7 2.83799e+02 3.38098e+00 2.30157e+02 2.38758e+00 3.29373e+02 5.67246e+00 2.35099e+02 2.43690e+00 2.81359e+02 3.33692e+00 3.29402e+02 5.11813e+00 2.87849e+02 3.56902e+00 
-1.7 -1.65 -1.6 2.92086e+02 3.57589e+00 2.37109e+02 2.42926e+00 3.34652e+02 5.52942e+00 2.43425e+02 2.52385e+00 2.88596e+02 3.40485e+00 3.35069e+02 5.25218e+00 2.97618e+02 3.76231e+00 
-1.6 -1.55 -1.5 2.98304e+02 3.57416e+00 2.42629e+02 2.44775e+00 3.38526e+02 5.51121e+00 2.48198e+02 2.55911e+00 2.95128e+02 3.41920e+00 3.41631e+02 5.23024e+00 3.02224e+02 3.76398e+00 
-1.5 -1.45 -1.4 3.11328e+02 3.61363e+00 2.53108e+02 2.44879e+00 3.54546e+02 5.62112e+00 2.59010e+02 2.55855e+00 3.08327e+02 3.41285e+00 3.57599e+02 5.29302e+00 3.15495e+02 3.82413e+00 
-1.4 -1.35 -1.3 3.17552e+02 3.56989e+00 2.58260e+02 2.45450e+00 3.61663e+02 5.59366e+00 2.63979e+02 2.56207e+00 3.14371e+02 3.41923e+00 3.64642e+02 5.27146e+00 3.21608e+02 3.75450e+00 
-1.3 -1.25 -1.2 3.27468e+02 3.69053e+00 2.66390e+02 2.52851e+00 3.72198e+02 5.69344e+00 2.72154e+02 2.63732e+00 3.24373e+02 3.53823e+00 3.76017e+02 5.41379e+00 3.31396e+02 3.87498e+00 
-1.2 -1.15 -1.1 3.37888e+02 3.72776e+00 2.75340e+02 2.56211e+00 3.83202e+02 5.73859e+00 2.81091e+02 2.67085e+00 3.34907e+02 3.57467e+00 3.87277e+02 5.45237e+00 3.41731e+02 3.91405e+00 
-1.1 -1.05 -1.0 3.48071e+02 3.64005e+00 2.83199e+02 2.52591e+00 3.96466e+02 5.53073e+00 2.89229e+02 2.62901e+00 3.44826e+02 3.49886e+00 4.00067e+02 5.27134e+00 3.52258e+02 3.81255e+00 
-1.0 -0.95 -0.9 3.59224e+02 3.82035e+00 2.92046e+02 2.63016e+00 4.12682e+02 5.68727e+00 2.98238e+02 2.74209e+00 3.55810e+02 3.66321e+00 4.13298e+02 5.57394e+00 3.65479e+02 3.91368e+00 
-0.9 -0.85 -0.8 3.61046e+02 3.77703e+00 2.93792e+02 2.60580e+00 4.10041e+02 5.70848e+00 2.99867e+02 2.72738e+00 3.57946e+02 3.62642e+00 4.15358e+02 5.50588e+00 3.65175e+02 3.98834e+00 
-0.8 -0.75 -0.7 3.63784e+02 3.72456e+00 2.96393e+02 2.58242e+00 4.13405e+02 5.66376e+00 3.02529e+02 2.68950e+00 3.60534e+02 3.57693e+00 4.17344e+02 5.39286e+00 3.67527e+02 3.94042e+00 
-0.7 -0.65 -0.6 3.75520e+02 3.77246e+00 3.07007e+02 2.54679e+00 4.28390e+02 5.74733e+00 3.11950e+02 2.72455e+00 3.74567e+02 3.50161e+00 4.35922e+02 5.20008e+00 3.81266e+02 3.76660e+00 
-0.6 -0.55 -0.5 3.77392e+02 3.64737e+00 3.07701e+02 2.55960e+00 4.28509e+02 5.46150e+00 3.13848e+02 2.65457e+00 3.74279e+02 3.51890e+00 4.32947e+02 5.22875e+00 3.81457e+02 3.80456e+00 
-0.5 -0.45 -0.4 3.91863e+02 3.81801e+00 3.17685e+02 2.65069e+00 4.50023e+02 5.80322e+00 3.24170e+02 2.75358e+00 3.88284e+02 3.67522e+00 4.53932e+02 5.54043e+00 3.96115e+02 3.99158e+00 
-0.4 -0.35 -0.3 3.83979e+02 3.77255e+00 3.12507e+02 2.63020e+00 4.35914e+02 5.74854e+00 3.18952e+02 2.72957e+00 3.80483e+02 3.63659e+00 4.41586e+02 5.45181e+00 3.87372e+02 3.96410e+00 
-0.3 -0.25 -0.2 3.92028e+02 3.96033e+00 3.19633e+02 2.74041e+00 4.45446e+02 6.04731e+00 3.25800e+02 2.84703e+00 3.89057e+02 3.81168e+00 4.50320e+02 5.77282e+00 3.95986e+02 4.14064e+00 
-0.2 -0.15 -0.1 3.85826e+02 3.82316e+00 3.14748e+02 2.65802e+00 4.37737e+02 5.79778e+00 3.20977e+02 2.76111e+00 3.82705e+02 3.68130e+00 4.42354e+02 5.53835e+00 3.89895e+02 3.99566e+00 
-0.1 -0.05 0.0 3.96038e+02 3.88695e+00 3.22048e+02 2.59338e+00 4.57192e+02 5.82916e+00 3.27880e+02 2.79559e+00 3.92257e+02 3.73635e+00 4.58193e+02 5.66106e+00 4.02427e+02 4.01006e+00 
0.0 0.05 0.1 3.86542e+02 3.89571e+00 3.15405e+02 2.68762e+00 4.38326e+02 5.96820e+00 3.21690e+02 2.79597e+00 3.83372e+02 3.74439e+00 4.42912e+02 5.68971e+00 3.90672e+02 4.07896e+00 
0.1 0.15 0.2 3.90529e+02 3.78227e+00 3.17958e+02 2.63457e+00 4.45221e+02 5.72907e+00 3.24503e+02 2.73711e+00 3.86911e+02 3.64047e+00 4.48729e+02 5.46654e+00 3.93733e+02 4.02536e+00 
0.2 0.25 0.3 3.94853e+02 3.80914e+00 3.20812e+02 2.65686e+00 4.52473e+02 5.85394e+00 3.26861e+02 2.73178e+00 3.91693e+02 3.67024e+00 4.56165e+02 5.49797e+00 3.99516e+02 4.03380e+00 
0.3 0.35 0.4 3.86603e+02 3.85591e+00 3.14481e+02 2.66139e+00 4.41067e+02 5.90763e+00 3.20754e+02 2.76895e+00 3.83359e+02 3.70515e+00 4.45455e+02 5.62831e+00 3.90762e+02 4.03867e+00 
0.4 0.45 0.5 3.82079e+02 3.86048e+00 3.12182e+02 2.67467e+00 4.30609e+02 5.62875e+00 3.18353e+02 2.78092e+00 3.79038e+02 3.71300e+00 4.36782e+02 5.61232e+00 3.85218e+02 3.90503e+00 
0.5 0.55 0.6 3.80639e+02 3.77891e+00 3.09534e+02 2.61844e+00 4.34503e+02 5.75907e+00 3.15782e+02 2.72222e+00 3.77361e+02 3.63468e+00 4.38658e+02 5.49218e+00 3.84873e+02 3.95475e+00 
0.6 0.65 0.7 3.79014e+02 3.87924e+00 3.08851e+02 2.67682e+00 4.34422e+02 5.49092e+00 3.15150e+02 2.78499e+00 3.75711e+02 3.72735e+00 4.34883e+02 5.66389e+00 3.85498e+02 3.82111e+00 
0.7 0.75 0.8 3.68737e+02 3.85705e+00 2.99262e+02 2.51515e+00 4.20473e+02 5.95951e+00 3.05331e+02 2.61179e+00 3.65538e+02 3.70131e+00 4.24623e+02 5.67072e+00 3.72846e+02 4.04468e+00 
0.8 0.85 0.9 3.59441e+02 3.81811e+00 2.92894e+02 2.62313e+00 4.08068e+02 5.87687e+00 2.99075e+02 2.73700e+00 3.56107e+02 3.65816e+00 4.11920e+02 5.58081e+00 3.63727e+02 4.01245e+00 
0.9 0.95 1.0 3.52355e+02 3.68038e+00 2.86908e+02 2.56997e+00 4.02654e+02 5.32867e+00 2.93299e+02 2.65034e+00 3.50118e+02 3.56994e+00 4.06739e+02 5.09026e+00 3.58389e+02 3.70311e+00 
1.0 1.05 1.1 3.52998e+02 3.73177e+00 2.87153e+02 2.57757e+00 4.01922e+02 5.70710e+00 2.93184e+02 2.68912e+00 3.49797e+02 3.57647e+00 4.05876e+02 5.41669e+00 3.57136e+02 3.92346e+00 
1.1 1.15 1.2 3.39856e+02 3.67562e+00 2.75635e+02 2.43062e+00 3.88462e+02 5.68688e+00 2.81506e+02 2.53089e+00 3.36236e+02 3.36449e+00 3.91866e+02 5.39092e+00 3.44161e+02 3.86883e+00 
1.2 1.25 1.3 3.28415e+02 3.54805e+00 2.67079e+02 2.45609e+00 3.74518e+02 5.28703e+00 2.72978e+02 2.55925e+00 3.25078e+02 3.40519e+00 3.76966e+02 5.14255e+00 3.33154e+02 3.65984e+00 
1.3 1.35 1.4 3.18798e+02 3.55494e+00 2.59182e+02 2.44678e+00 3.62812e+02 5.45903e+00 2.64798e+02 2.55292e+00 3.15739e+02 3.40586e+00 3.66396e+02 5.18077e+00 3.22658e+02 3.73727e+00 
1.4 1.45 1.5 3.09362e+02 3.39757e+00 2.51610e+02 2.36464e+00 3.51344e+02 5.15786e+00 2.57178e+02 2.45641e+00 3.06317e+02 3.27557e+00 3.54994e+02 4.90386e+00 3.13140e+02 3.56812e+00 
1.5 1.55 1.6 3.04235e+02 3.61011e+00 2.46930e+02 2.46931e+00 3.47300e+02 5.57998e+00 2.52499e+02 2.58265e+00 3.01080e+02 3.45102e+00 3.50120e+02 5.28317e+00 3.08437e+02 3.80595e+00 
1.6 1.65 1.7 2.87213e+02 3.53670e+00 2.33238e+02 2.40920e+00 3.26864e+02 5.48378e+00 2.38734e+02 2.52761e+00 2.83989e+02 3.37180e+00 3.29586e+02 5.18160e+00 2.91283e+02 3.73894e+00 
1.7 1.75 1.8 2.86813e+02 3.60303e+00 2.32661e+02 2.34692e+00 3.28656e+02 5.60715e+00 2.38294e+02 2.45290e+00 2.84431e+02 3.24715e+00 3.31128e+02 5.28842e+00 2.91006e+02 3.81142e+00 
1.8 1.85 1.9 2.74942e+02 3.55192e+00 2.21913e+02 2.44199e+00 3.14368e+02 5.34945e+00 2.27451e+02 2.52444e+00 2.71536e+02 3.37437e+00 3.18244e+02 5.23640e+00 2.78158e+02 3.65140e+00 
1.9 1.95 2.0 2.56212e+02 3.35187e+00 2.07989e+02 2.28450e+00 2.90221e+02 5.53174e+00 2.13366e+02 2.40573e+00 2.53277e+02 3.19616e+00 2.93761e+02 4.90262e+00 2.61179e+02 3.63645e+00 
2.0 2.05 2.1 2.50111e+02 3.38773e+00 2.02221e+02 2.28413e+00 2.86082e+02 5.32436e+00 2.07204e+02 2.40412e+00 2.47121e+02 3.21592e+00 2.88545e+02 5.00023e+00 2.53820e+02 3.59847e+00 
2.1 2.15 2.2 2.31324e+02 3.36541e+00 1.88547e+02 2.28984e+00 2.60653e+02 5.28186e+00 1.92958e+02 2.38870e+00 2.29079e+02 3.23263e+00 2.63594e+02 4.96640e+00 2.34546e+02 3.57189e+00 
2.2 2.25 2.3 2.20339e+02 3.31535e+00 1.78414e+02 2.20516e+00 2.49137e+02 5.27374e+00 1.83494e+02 2.33894e+00 2.16840e+02 3.12109e+00 2.51867e+02 4.92771e+00 2.23521e+02 3.54057e+00 
2.3 2.35 2.4 2.17908e+02 3.18814e+00 1.75230e+02 2.13739e+00 2.53936e+02 5.22067e+00 1.80104e+02 2.26113e+00 2.14592e+02 3.01189e+00 2.53068e+02 4.82860e+00 2.23303e+02 3.41794e+00 
2.4 2.45 2.5 2.01812e+02 2.98952e+00 1.63326e+02 2.01953e+00 2.29587e+02 4.65290e+00 1.67740e+02 2.13639e+00 1.99013e+02 2.82355e+00 2.31491e+02 4.36849e+00 2.05181e+02 3.17911e+00 
2.5 2.55 2.6 1.87706e+02 3.05391e+00 1.51769e+02 2.03392e+00 2.13628e+02 4.85625e+00 1.56029e+02 2.15294e+00 1.84247e+02 2.84013e+00 2.15189e+02 4.53455e+00 1.91102e+02 3.26366e+00 
2.6 2.65 2.7 1.80343e+02 3.07175e+00 1.44442e+02 2.03180e+00 2.06503e+02 4.91459e+00 1.48488e+02 2.15479e+00 1.77670e+02 2.80921e+00 2.07455e+02 4.37732e+00 1.83957e+02 3.30579e+00 
2.7 2.75 2.8 1.66424e+02 3.03493e+00 1.34608e+02 2.01000e+00 1.89506e+02 4.87128e+00 1.38206e+02 2.12738e+00 1.64359e+02 2.86832e+00 1.91147e+02 4.53957e+00 1.69369e+02 3.25245e+00 
2.8 2.85 2.9 1.55469e+02 2.81492e+00 1.23393e+02 1.98888e+00 1.75848e+02 4.45388e+00 1.26739e+02 2.11902e+00 1.49223e+02 2.83441e+00 1.77664e+02 4.14612e+00 1.58130e+02 3.01912e+00 
2.9 2.95 3.0 1.48440e+02 3.04651e+00 1.18883e+02 1.97342e+00 1.70058e+02 4.92574e+00 1.22883e+02 2.12797e+00 1.45365e+02 2.81656e+00 1.71419e+02 4.57213e+00 1.51177e+02 3.27827e+00 
3.0 3.05 3.1 1.28932e+02 2.62155e+00 1.02949e+02 1.89051e+00 1.44327e+02 4.17957e+00 1.07981e+02 1.85587e+00 1.27131e+02 2.46312e+00 1.45776e+02 3.86862e+00 1.28949e+02 3.11693e+00 
3.1 3.15 3.2 1.23304e+02 2.85586e+00 1.00172e+02 1.88237e+00 1.37853e+02 4.58270e+00 1.03178e+02 2.01390e+00 1.23541e+02 2.84042e+00 1.41932e+02 4.37074e+00 1.25516e+02 3.08835e+00 
3.2 3.25 3.3 1.15552e+02 2.90727e+00 9.27225e+01 1.83650e+00 1.31197e+02 4.75686e+00 9.62162e+01 2.02336e+00 1.13081e+02 2.63199e+00 1.31424e+02 4.22600e+00 1.18147e+02 3.15523e+00 
3.3 3.35 3.4 1.00156e+02 2.75230e+00 8.17241e+01 1.71133e+00 1.13631e+02 4.56523e+00 8.40496e+01 1.92014e+00 9.89729e+01 2.42913e+00 1.12585e+02 4.12959e+00 1.03519e+02 3.08409e+00 
3.4 3.45 3.5 1.01010e+02 3.04573e+00 8.05039e+01 1.92389e+00 1.15524e+02 4.75410e+00 8.35133e+01 2.12372e+00 9.86884e+01 2.74678e+00 1.15982e+02 4.35363e+00 1.02708e+02 3.14222e+00 
