-3.5 -3.45 -3.4 1.33040e+01 1.39247e+00 1.36560e+01 9.10199e-01 3.19739e+00 2.28084e+00 1.33892e+01 9.94251e-01 1.45081e+01 1.28131e+00 8.34387e+00 2.03478e+00 1.14433e+01 1.55540e+00 
-3.4 -3.35 -3.3 1.87109e+01 1.69245e+00 1.95204e+01 1.11640e+00 5.59133e+00 2.69103e+00 1.90967e+01 1.20644e+00 2.04905e+01 1.56879e+00 1.15287e+01 2.46641e+00 1.69551e+01 1.84659e+00 
-3.3 -3.25 -3.2 3.01290e+01 2.11257e+00 2.95254e+01 1.37428e+00 1.59660e+01 3.41273e+00 2.92945e+01 1.49433e+00 3.21616e+01 1.94556e+00 2.25010e+01 3.10435e+00 2.83782e+01 2.31322e+00 
-3.2 -3.15 -3.1 3.41063e+01 2.39426e+00 3.51098e+01 1.58445e+00 1.16316e+01 3.84295e+00 3.44368e+01 1.71210e+00 3.68790e+01 2.22549e+00 2.14486e+01 3.49296e+00 3.05104e+01 2.63302e+00 
-3.1 -3.05 -3.0 3.81717e+01 2.75727e+00 4.17207e+01 1.84882e+00 5.10024e+00 4.31761e+00 4.07130e+01 1.96365e+00 4.20977e+01 2.59790e+00 1.78765e+01 3.99137e+00 3.33660e+01 2.96912e+00 
-3.0 -2.95 -2.9 4.89913e+01 3.02364e+00 5.34406e+01 1.99773e+00 1.12213e+01 4.84891e+00 5.21206e+01 2.14777e+00 5.38649e+01 2.81454e+00 2.42746e+01 4.44825e+00 4.40129e+01 3.30170e+00 
-2.9 -2.85 -2.8 5.68188e+01 3.33741e+00 6.32665e+01 2.22055e+00 7.65957e+00 5.32458e+00 6.14488e+01 2.36390e+00 6.30092e+01 3.14721e+00 2.52539e+01 4.93089e+00 5.00028e+01 3.59929e+00 
-2.8 -2.75 -2.7 6.31242e+01 3.48600e+00 7.30644e+01 2.34307e+00 2.71407e+00 5.47514e+00 7.07135e+01 2.47367e+00 7.05393e+01 3.30565e+00 2.28097e+01 5.12470e+00 5.57397e+01 3.71232e+00 
-2.7 -2.65 -2.6 7.50715e+01 3.91090e+00 8.69119e+01 2.62511e+00 3.51824e+00 6.13225e+00 8.44771e+01 2.78216e+00 8.31493e+01 3.69092e+00 2.57830e+01 5.71196e+00 6.67406e+01 4.17606e+00 
-2.6 -2.55 -2.5 8.96308e+01 4.15432e+00 1.03764e+02 2.81945e+00 4.35539e+00 6.47754e+00 1.00524e+02 2.96458e+00 9.91088e+01 3.94990e+00 3.04955e+01 6.08002e+00 7.91067e+01 4.41572e+00 
-2.5 -2.45 -2.4 1.04838e+02 4.54980e+00 1.20467e+02 3.09022e+00 1.19978e+01 7.18563e+00 1.16808e+02 3.24908e+00 1.15892e+02 4.32789e+00 3.97907e+01 6.67434e+00 9.47106e+01 4.89560e+00 
-2.4 -2.35 -2.3 1.12237e+02 4.79404e+00 1.33059e+02 3.24853e+00 1.14911e+00 7.51008e+00 1.28415e+02 3.41705e+00 1.25362e+02 4.55518e+00 3.35678e+01 7.01710e+00 9.93375e+01 5.11723e+00 
-2.3 -2.25 -2.2 1.34714e+02 5.14285e+00 1.55920e+02 3.48910e+00 1.19673e+01 8.01671e+00 1.51230e+02 3.64021e+00 1.48681e+02 4.91124e+00 4.89014e+01 7.47779e+00 1.20146e+02 5.48488e+00 
-2.2 -2.15 -2.1 1.52638e+02 5.87464e+00 1.75623e+02 3.97409e+00 1.12931e+01 8.49408e+00 1.70621e+02 4.16614e+00 1.68097e+02 5.59362e+00 4.85451e+01 8.03497e+00 1.37833e+02 6.23891e+00 
-2.1 -2.05 -2.0 1.65081e+02 5.57971e+00 1.92944e+02 3.81946e+00 9.72839e+00 8.69618e+00 1.86978e+02 3.98467e+00 1.81957e+02 5.34879e+00 5.34738e+01 8.16818e+00 1.46563e+02 5.91685e+00 
-2.0 -1.95 -1.9 1.83173e+02 5.97570e+00 2.12322e+02 4.07360e+00 2.23833e+01 9.21548e+00 2.05952e+02 4.25758e+00 2.01125e+02 5.71547e+00 6.35468e+01 8.73522e+00 1.67516e+02 6.29764e+00 
-1.9 -1.85 -1.8 1.95375e+02 6.14722e+00 2.29417e+02 4.22084e+00 1.75257e+01 9.37856e+00 2.21916e+02 4.39871e+00 2.15266e+02 5.90523e+00 6.20586e+01 8.94337e+00 1.77469e+02 6.44001e+00 
-1.8 -1.75 -1.7 2.01991e+02 6.30807e+00 2.42512e+02 4.35093e+00 1.48786e+00 9.68945e+00 2.34038e+02 4.52120e+00 2.23698e+02 6.08806e+00 5.12589e+01 9.21251e+00 1.81221e+02 6.61104e+00 
-1.7 -1.65 -1.6 2.13116e+02 6.50078e+00 2.57853e+02 4.45075e+00 -1.19518e+00 1.00571e+01 2.49188e+02 4.63130e+00 2.36060e+02 6.24530e+00 4.91294e+01 9.54982e+00 1.92156e+02 6.82966e+00 
-1.6 -1.55 -1.5 2.38412e+02 7.17098e+00 2.83248e+02 4.90721e+00 1.23789e+01 1.10623e+01 2.74944e+02 5.10533e+00 2.61246e+02 6.89849e+00 6.52693e+01 1.05314e+01 2.16280e+02 7.52657e+00 
-1.5 -1.45 -1.4 2.61414e+02 7.01908e+00 3.06876e+02 4.83420e+00 2.74592e+01 1.07706e+01 2.97914e+02 5.01312e+00 2.85744e+02 6.77012e+00 8.12567e+01 1.02729e+01 2.39186e+02 7.33157e+00 
-1.4 -1.35 -1.3 2.67097e+02 7.23479e+00 3.17555e+02 4.98302e+00 1.62963e+01 1.10967e+01 3.07486e+02 5.13010e+00 2.92584e+02 6.95109e+00 7.26527e+01 1.06106e+01 2.43308e+02 7.52194e+00 
-1.3 -1.25 -1.2 2.71922e+02 7.22974e+00 3.28071e+02 4.99622e+00 3.12937e+00 1.10386e+01 3.18158e+02 5.16421e+00 2.98343e+02 6.99939e+00 6.29518e+01 1.05858e+01 2.46408e+02 7.53140e+00 
-1.2 -1.15 -1.1 2.86694e+02 7.36279e+00 3.46438e+02 5.10305e+00 5.33472e+00 1.11971e+01 3.35767e+02 5.27019e+00 3.14583e+02 7.13040e+00 6.57755e+01 1.07527e+01 2.61068e+02 7.67039e+00 
-1.1 -1.05 -1.0 2.95656e+02 7.68907e+00 3.58154e+02 5.31162e+00 2.49350e+00 1.17341e+01 3.47620e+02 5.49371e+00 3.23606e+02 7.43573e+00 6.43497e+01 1.12478e+01 2.69353e+02 8.01048e+00 
-1.0 -0.95 -0.9 3.20286e+02 7.99919e+00 3.82074e+02 5.52312e+00 2.21308e+01 1.21738e+01 3.70829e+02 5.71353e+00 3.49283e+02 7.71575e+00 8.58325e+01 1.16752e+01 2.93437e+02 8.31631e+00 
-0.9 -0.85 -0.8 3.25153e+02 8.01410e+00 3.93092e+02 5.53562e+00 1.18007e+01 1.22379e+01 3.80569e+02 5.70665e+00 3.57946e+02 7.76033e+00 7.75440e+01 1.17618e+01 2.96863e+02 8.32459e+00 
-0.8 -0.75 -0.7 3.44483e+02 8.19533e+00 4.09550e+02 5.67026e+00 2.88061e+01 1.24920e+01 3.96486e+02 5.89435e+00 3.75520e+02 7.92222e+00 9.37387e+01 1.19473e+01 3.15996e+02 8.55628e+00 
-0.7 -0.65 -0.6 3.53830e+02 8.33963e+00 4.21100e+02 5.76118e+00 3.17982e+01 1.27729e+01 4.08650e+02 5.94933e+00 3.86106e+02 8.06397e+00 9.68723e+01 1.22797e+01 3.25861e+02 8.67690e+00 
-0.6 -0.55 -0.5 3.63997e+02 8.31402e+00 4.31951e+02 5.73246e+00 3.79295e+01 1.26219e+01 4.19386e+02 5.93111e+00 3.97150e+02 8.01198e+00 1.05686e+02 1.20791e+01 3.36148e+02 8.61657e+00 
-0.5 -0.45 -0.4 3.67663e+02 8.10948e+00 4.37745e+02 5.64317e+00 3.39917e+01 1.24366e+01 4.24571e+02 5.80848e+00 4.01029e+02 7.88071e+00 1.01603e+02 1.18338e+01 3.38669e+02 8.48084e+00 
-0.4 -0.35 -0.3 3.75260e+02 8.34669e+00 4.46622e+02 5.79775e+00 3.70424e+01 1.27056e+01 4.32594e+02 5.97646e+00 4.08963e+02 8.10945e+00 1.05648e+02 1.21795e+01 3.45666e+02 8.68244e+00 
-0.3 -0.25 -0.2 3.73739e+02 8.41863e+00 4.45453e+02 5.84830e+00 3.15050e+01 1.27980e+01 4.33107e+02 6.02503e+00 4.05405e+02 8.18734e+00 9.84053e+01 1.23082e+01 3.45525e+02 8.73709e+00 
-0.2 -0.15 -0.1 3.73816e+02 8.44826e+00 4.49121e+02 5.89111e+00 2.27669e+01 1.28199e+01 4.35732e+02 6.05137e+00 4.07439e+02 8.24579e+00 9.20295e+01 1.23374e+01 3.43937e+02 8.76731e+00 
-0.1 -0.05 0.0 3.81179e+02 8.42777e+00 4.53289e+02 5.86057e+00 3.87517e+01 1.27591e+01 4.40119e+02 6.04299e+00 4.14730e+02 8.17518e+00 1.05988e+02 1.22609e+01 3.52837e+02 8.74812e+00 
0.0 0.05 0.1 3.89976e+02 8.67648e+00 4.59910e+02 6.00146e+00 5.06932e+01 1.31611e+01 4.46820e+02 6.20375e+00 4.23437e+02 8.39335e+00 1.17017e+02 1.26765e+01 3.61628e+02 9.01866e+00 
0.1 0.15 0.2 3.84762e+02 8.37023e+00 4.57041e+02 5.87054e+00 4.38864e+01 1.25414e+01 4.43550e+02 6.03726e+00 4.18830e+02 8.14703e+00 1.08329e+02 1.20985e+01 3.57694e+02 8.66601e+00 
0.2 0.25 0.3 3.75194e+02 8.46945e+00 4.48753e+02 5.87530e+00 2.97762e+01 1.28222e+01 4.35029e+02 6.06520e+00 4.09530e+02 8.19619e+00 1.00169e+02 1.23333e+01 3.45994e+02 8.77816e+00 
0.3 0.35 0.4 3.62526e+02 8.32767e+00 4.34819e+02 5.78975e+00 2.03912e+01 1.27502e+01 4.21833e+02 5.95262e+00 3.94476e+02 8.10642e+00 8.68014e+01 1.22737e+01 3.33542e+02 8.66368e+00 
0.4 0.45 0.5 3.69000e+02 8.26292e+00 4.38928e+02 5.75387e+00 3.57558e+01 1.25193e+01 4.25791e+02 5.92250e+00 4.02241e+02 8.02802e+00 1.03182e+02 1.20484e+01 3.40022e+02 8.56875e+00 
0.5 0.55 0.6 3.61717e+02 8.40904e+00 4.30035e+02 5.82662e+00 3.40798e+01 1.27924e+01 4.17790e+02 6.02251e+00 3.93456e+02 8.14332e+00 9.97092e+01 1.22898e+01 3.35712e+02 8.74853e+00 
0.6 0.65 0.7 3.61705e+02 8.25846e+00 4.25896e+02 5.72314e+00 4.58536e+01 1.25419e+01 4.13972e+02 5.91284e+00 3.92547e+02 7.98837e+00 1.09961e+02 1.20243e+01 3.35350e+02 8.57769e+00 
0.7 0.75 0.8 3.57468e+02 8.14046e+00 4.18805e+02 5.71013e+00 4.60064e+01 1.22284e+01 4.07561e+02 5.85563e+00 3.87602e+02 7.93007e+00 1.10996e+02 1.17998e+01 3.28871e+02 8.43565e+00 
0.8 0.85 0.9 3.36808e+02 7.85277e+00 3.99133e+02 5.45007e+00 3.52399e+01 1.18426e+01 3.87503e+02 5.61499e+00 3.68905e+02 7.56786e+00 9.55978e+01 1.14835e+01 3.11690e+02 8.10385e+00 
0.9 0.95 1.0 3.21124e+02 7.77974e+00 3.85106e+02 5.40415e+00 2.13224e+01 1.17555e+01 3.71394e+02 5.58312e+00 3.53778e+02 7.53752e+00 8.72501e+01 1.12796e+01 2.93749e+02 8.05606e+00 
1.0 1.05 1.1 3.00981e+02 7.59277e+00 3.62839e+02 5.26187e+00 9.79125e+00 1.15455e+01 3.51670e+02 5.43121e+00 3.29960e+02 7.35748e+00 7.13939e+01 1.10923e+01 2.74800e+02 7.88673e+00 
1.1 1.15 1.2 2.96778e+02 7.58855e+00 3.53223e+02 5.25878e+00 1.72514e+01 1.16158e+01 3.42744e+02 5.43602e+00 3.25345e+02 7.34057e+00 8.09027e+01 1.10574e+01 2.69069e+02 7.93818e+00 
1.2 1.25 1.3 2.71598e+02 7.29865e+00 3.29292e+02 5.06713e+00 1.47598e+00 1.10841e+01 3.18601e+02 5.22716e+00 2.99203e+02 7.07955e+00 6.06842e+01 1.06418e+01 2.46273e+02 7.59045e+00 
1.3 1.35 1.4 2.75527e+02 7.13837e+00 3.24094e+02 4.95682e+00 2.95495e+01 1.08253e+01 3.14405e+02 5.11932e+00 3.01329e+02 6.91629e+00 8.53998e+01 1.03772e+01 2.51751e+02 7.44501e+00 
1.4 1.45 1.5 2.48846e+02 7.22296e+00 2.98791e+02 5.00878e+00 6.46462e+00 1.08985e+01 2.88980e+02 5.18726e+00 2.74075e+02 6.97761e+00 6.30603e+01 1.04755e+01 2.24796e+02 7.51863e+00 
1.5 1.55 1.6 2.47073e+02 6.97191e+00 2.90232e+02 4.81234e+00 2.62659e+01 1.05702e+01 2.81420e+02 5.00532e+00 2.70838e+02 6.70522e+00 7.69994e+01 1.01150e+01 2.26030e+02 7.27117e+00 
1.6 1.65 1.7 2.26277e+02 6.69332e+00 2.68047e+02 4.61878e+00 1.58986e+01 1.02286e+01 2.58995e+02 4.79129e+00 2.49645e+02 6.46524e+00 6.85073e+01 9.78198e+00 2.04917e+02 7.00519e+00 
1.7 1.75 1.8 2.02255e+02 6.21665e+00 2.42451e+02 4.30133e+00 2.73253e+00 9.50005e+00 2.34853e+02 4.45360e+00 2.23038e+02 6.00944e+00 5.07333e+01 9.06259e+00 1.82296e+02 6.50483e+00 
1.8 1.85 1.9 1.94808e+02 6.00371e+00 2.29082e+02 4.15528e+00 1.36021e+01 9.15959e+00 2.21641e+02 4.31650e+00 2.14834e+02 5.78300e+00 5.99613e+01 8.71343e+00 1.75470e+02 6.29773e+00 
1.9 1.95 2.0 1.73370e+02 5.75024e+00 2.06404e+02 3.98325e+00 2.82155e+00 8.82169e+00 1.99518e+02 4.15157e+00 1.91898e+02 5.53596e+00 4.72498e+01 8.30672e+00 1.54575e+02 6.07189e+00 
2.0 2.05 2.1 1.60873e+02 5.62930e+00 1.89609e+02 3.86021e+00 1.01729e+01 8.71679e+00 1.83691e+02 4.02759e+00 1.77853e+02 5.39843e+00 4.99197e+01 8.25816e+00 1.44614e+02 5.93765e+00 
2.1 2.15 2.2 1.46703e+02 5.22881e+00 1.72380e+02 3.72776e+00 9.69495e+00 7.99700e+00 1.67164e+02 3.89376e+00 1.63148e+02 5.20526e+00 4.74473e+01 7.59834e+00 1.31264e+02 5.49741e+00 
2.2 2.25 2.3 1.35186e+02 5.07856e+00 1.56440e+02 3.47545e+00 1.44703e+01 7.80096e+00 1.51354e+02 3.63871e+00 1.49544e+02 4.84487e+00 4.81645e+01 7.38843e+00 1.21648e+02 5.35090e+00 
2.3 2.35 2.4 1.18158e+02 4.75704e+00 1.37127e+02 3.25625e+00 1.06913e+01 7.35829e+00 1.32691e+02 3.40482e+00 1.30998e+02 4.55524e+00 4.12591e+01 6.92329e+00 1.06251e+02 5.04317e+00 
2.4 2.45 2.5 9.58651e+01 4.26436e+00 1.14583e+02 2.92635e+00 -4.42746e+00 6.60043e+00 1.11242e+02 3.06388e+00 1.06400e+02 4.07821e+00 2.32914e+01 6.18786e+00 8.48043e+01 4.54135e+00 
2.5 2.55 2.6 8.92423e+01 4.15557e+00 1.03595e+02 2.85258e+00 4.95532e+00 6.39993e+00 1.00323e+02 2.98249e+00 9.91614e+01 3.98287e+00 3.03681e+01 6.02996e+00 7.91837e+01 4.40649e+00 
2.6 2.65 2.7 7.54775e+01 3.73851e+00 8.75628e+01 2.55871e+00 2.35264e+00 5.80185e+00 8.47566e+01 2.68172e+00 8.43623e+01 3.57009e+00 2.58019e+01 5.42689e+00 6.57807e+01 3.98011e+00 
2.7 2.75 2.8 6.89297e+01 3.63535e+00 7.64500e+01 2.43952e+00 1.05480e+01 5.68904e+00 7.51802e+01 2.61806e+00 7.56706e+01 3.43395e+00 2.97208e+01 5.24145e+00 6.17684e+01 3.93429e+00 
2.8 2.85 2.9 5.35816e+01 3.27891e+00 6.15006e+01 2.22122e+00 1.09447e+00 5.11229e+00 5.93777e+01 2.35581e+00 5.98979e+01 3.09339e+00 1.94419e+01 4.74327e+00 4.62243e+01 3.52885e+00 
2.9 2.95 3.0 4.76434e+01 2.81458e+00 5.25592e+01 1.90798e+00 6.82388e+00 4.36151e+00 5.09485e+01 2.02203e+00 5.27773e+01 2.65311e+00 2.25681e+01 4.05609e+00 4.17482e+01 3.01402e+00 
3.0 3.05 3.1 4.02232e+01 2.83749e+00 4.33146e+01 1.88578e+00 9.51555e+00 4.61673e+00 4.25658e+01 2.03013e+00 4.39589e+01 2.64417e+00 2.05040e+01 4.11700e+00 3.59665e+01 3.09429e+00 
3.1 3.15 3.2 3.17837e+01 2.50559e+00 3.37748e+01 1.65205e+00 8.96250e+00 3.98985e+00 3.30689e+01 1.78760e+00 3.49171e+01 2.32000e+00 1.78658e+01 3.65237e+00 2.88786e+01 2.74382e+00 
3.2 3.25 3.3 2.39361e+01 1.98514e+00 2.58797e+01 1.35208e+00 4.78367e+00 3.06691e+00 2.51010e+01 1.43493e+00 2.66723e+01 1.87704e+00 1.26354e+01 2.84631e+00 2.11083e+01 2.13797e+00 
3.3 3.35 3.4 1.92587e+01 1.61333e+00 2.04029e+01 1.21601e+00 6.42343e+00 2.55412e+00 1.94669e+01 1.16181e+00 2.09775e+01 1.49506e+00 1.25983e+01 2.31787e+00 1.72129e+01 1.77399e+00 
3.4 3.45 3.5 1.17455e+01 1.24841e+00 1.25070e+01 8.28753e-01 1.56755e+00 1.97281e+00 1.23349e+01 8.98611e-01 1.29812e+01 1.15700e+00 6.43039e+00 1.79861e+00 1.01430e+01 1.37425e+00 
