-3.5 -3.45 -3.4 6.93904e+01 6.37883e+00 8.66421e+01 4.00305e+00 -1.52485e+01 1.06831e+01 8.43877e+01 4.30350e+00 7.71411e+01 5.92746e+00 5.35385e+00 9.90172e+00 6.08396e+01 6.84382e+00 
-3.4 -3.35 -3.3 8.93059e+01 6.05503e+00 1.03308e+02 3.86113e+00 7.07038e+00 1.01480e+01 1.00496e+02 4.09820e+00 9.84457e+01 5.69130e+00 3.03540e+01 9.43565e+00 7.89836e+01 6.37412e+00 
-3.3 -3.25 -3.2 7.07900e+01 6.01393e+00 9.44126e+01 3.81641e+00 -3.16980e+01 1.01103e+01 9.10975e+01 4.05431e+00 8.05517e+01 5.65840e+00 -6.51224e+00 9.41763e+00 6.05671e+01 6.44882e+00 
-3.2 -3.15 -3.1 1.01090e+02 6.29426e+00 1.19316e+02 4.10061e+00 6.19438e+00 1.04893e+01 1.14756e+02 4.26479e+00 1.13230e+02 6.07028e+00 3.18733e+01 9.79950e+00 9.11072e+01 6.84604e+00 
-3.1 -3.05 -3.0 9.63470e+01 6.23122e+00 1.17168e+02 4.22404e+00 -1.84188e+01 1.11356e+01 1.14786e+02 4.39704e+00 1.06285e+02 6.12631e+00 1.32239e+01 1.02108e+01 8.16540e+01 7.10667e+00 
-3.0 -2.95 -2.9 1.05089e+02 6.58614e+00 1.29320e+02 4.19145e+00 -9.95687e+00 1.10013e+01 1.24760e+02 4.44113e+00 1.17715e+02 6.20665e+00 1.97604e+01 1.02631e+01 9.34349e+01 7.00703e+00 
-2.9 -2.85 -2.8 1.19153e+02 6.51369e+00 1.41025e+02 4.24445e+00 -2.14342e+00 1.12274e+01 1.37186e+02 4.42318e+00 1.29723e+02 6.21441e+00 2.95048e+01 1.02120e+01 1.03807e+02 7.11927e+00 
-2.8 -2.75 -2.7 1.16293e+02 6.58513e+00 1.44056e+02 4.23800e+00 -1.43853e+01 1.09213e+01 1.38995e+02 4.45979e+00 1.30109e+02 6.25167e+00 1.83032e+01 1.02741e+01 1.02713e+02 6.98862e+00 
-2.7 -2.65 -2.6 1.35791e+02 6.43538e+00 1.59957e+02 4.31951e+00 6.74340e+00 1.09529e+01 1.55515e+02 4.40156e+00 1.48523e+02 6.32392e+00 3.88920e+01 1.01329e+01 1.20608e+02 7.01141e+00 
-2.6 -2.55 -2.5 1.32141e+02 6.70142e+00 1.61950e+02 4.32810e+00 -9.91643e+00 1.10777e+01 1.56600e+02 4.54159e+00 1.46887e+02 6.37858e+00 2.45762e+01 1.04526e+01 1.17896e+02 7.08986e+00 
-2.5 -2.45 -2.4 1.45035e+02 6.95156e+00 1.74745e+02 4.47962e+00 -2.58546e+00 1.10344e+01 1.69537e+02 4.72139e+00 1.60764e+02 6.55341e+00 3.99358e+01 1.01314e+01 1.30086e+02 7.11608e+00 
-2.4 -2.35 -2.3 1.53707e+02 7.14659e+00 1.83525e+02 4.64809e+00 -1.46646e+00 1.18162e+01 1.78577e+02 4.84475e+00 1.69232e+02 6.67449e+00 3.80909e+01 1.08984e+01 1.36629e+02 7.56394e+00 
-2.3 -2.25 -2.2 1.71773e+02 7.21711e+00 1.99936e+02 4.69429e+00 2.39920e+01 1.15232e+01 1.93872e+02 4.90636e+00 1.88317e+02 6.89786e+00 6.14287e+01 1.09475e+01 1.56445e+02 7.57049e+00 
-2.2 -2.15 -2.1 1.72368e+02 7.44820e+00 2.04925e+02 4.82908e+00 8.78519e+00 1.22087e+01 1.98349e+02 5.02890e+00 1.89765e+02 7.14726e+00 4.74535e+01 1.16716e+01 1.56226e+02 7.78519e+00 
-2.1 -2.05 -2.0 1.68990e+02 7.38146e+00 2.06452e+02 4.80526e+00 -1.48416e+01 1.22212e+01 1.96719e+02 5.06037e+00 1.86946e+02 7.06791e+00 3.34817e+01 1.15006e+01 1.48083e+02 7.75289e+00 
-2.0 -1.95 -1.9 2.03853e+02 7.38924e+00 2.32860e+02 4.87654e+00 3.94732e+01 1.17150e+01 2.26763e+02 5.05670e+00 2.20982e+02 7.12978e+00 7.81297e+01 1.14153e+01 1.88100e+02 7.60704e+00 
-1.9 -1.85 -1.8 1.93206e+02 7.15046e+00 2.29632e+02 4.72424e+00 1.08031e+01 1.15108e+01 2.22713e+02 4.89758e+00 2.11830e+02 6.88418e+00 4.99020e+01 1.10044e+01 1.74878e+02 7.45759e+00 
-1.8 -1.75 -1.7 1.94491e+02 7.53746e+00 2.35585e+02 4.83187e+00 3.66133e+00 1.21964e+01 2.27562e+02 5.15560e+00 2.16581e+02 7.10747e+00 4.85920e+01 1.14251e+01 1.77088e+02 7.72444e+00 
-1.7 -1.65 -1.6 2.12875e+02 7.49003e+00 2.48278e+02 5.00437e+00 3.03969e+01 1.19691e+01 2.41696e+02 5.11927e+00 2.33511e+02 7.24135e+00 6.80141e+01 1.14787e+01 1.96519e+02 7.92674e+00 
-1.6 -1.55 -1.5 2.13132e+02 7.60692e+00 2.53885e+02 5.03486e+00 1.46860e+01 1.22449e+01 2.46054e+02 5.20451e+00 2.33514e+02 7.35395e+00 5.82084e+01 1.17670e+01 1.94685e+02 7.90470e+00 
-1.5 -1.45 -1.4 2.11936e+02 7.78060e+00 2.56270e+02 5.13162e+00 4.65540e+00 1.27369e+01 2.48501e+02 5.36873e+00 2.32354e+02 7.54735e+00 4.73657e+01 1.21260e+01 1.93692e+02 8.19537e+00 
-1.4 -1.35 -1.3 2.26770e+02 7.64461e+00 2.67566e+02 5.11859e+00 2.80934e+01 1.23437e+01 2.60305e+02 5.24196e+00 2.46399e+02 7.47295e+00 6.61095e+01 1.18006e+01 2.11573e+02 7.97651e+00 
-1.3 -1.25 -1.2 2.50358e+02 7.98088e+00 2.87316e+02 5.29252e+00 5.03747e+01 1.29035e+01 2.78869e+02 5.45396e+00 2.71681e+02 7.73112e+00 9.51054e+01 1.23478e+01 2.31303e+02 8.08211e+00 
-1.2 -1.15 -1.1 2.38144e+02 7.81703e+00 2.83195e+02 5.19697e+00 2.03846e+01 1.25830e+01 2.73804e+02 5.36967e+00 2.63090e+02 7.50104e+00 6.55036e+01 1.20743e+01 2.15210e+02 8.18468e+00 
-1.1 -1.05 -1.0 2.54467e+02 7.65251e+00 2.93281e+02 5.00914e+00 4.48998e+01 1.20765e+01 2.86317e+02 5.28166e+00 2.75686e+02 7.21577e+00 9.05098e+01 1.16602e+01 2.34484e+02 7.79298e+00 
-1.0 -0.95 -0.9 2.53376e+02 7.83841e+00 2.94728e+02 5.26510e+00 3.14591e+01 1.24602e+01 2.86168e+02 5.40878e+00 2.75550e+02 7.60332e+00 8.19716e+01 1.20621e+01 2.30695e+02 8.10668e+00 
-0.9 -0.85 -0.8 2.45549e+02 8.04637e+00 2.97065e+02 5.32616e+00 1.12748e+01 1.25276e+01 2.85870e+02 5.52514e+00 2.68795e+02 7.80240e+00 6.04570e+01 1.24662e+01 2.22938e+02 8.33237e+00 
-0.8 -0.75 -0.7 2.57352e+02 7.91996e+00 3.04416e+02 5.31136e+00 2.89443e+01 1.25699e+01 2.94974e+02 5.46723e+00 2.79164e+02 7.76944e+00 7.67338e+01 1.21381e+01 2.36630e+02 8.19053e+00 
-0.7 -0.65 -0.6 2.54218e+02 8.01173e+00 3.02894e+02 5.32553e+00 2.30268e+01 1.30308e+01 2.92943e+02 5.56762e+00 2.78351e+02 7.84762e+00 7.01186e+01 1.23699e+01 2.34406e+02 8.12662e+00 
-0.6 -0.55 -0.5 2.82544e+02 8.37689e+00 3.24410e+02 5.54834e+00 6.23044e+01 1.29528e+01 3.16021e+02 5.64305e+00 3.04919e+02 8.10014e+00 1.03986e+02 1.29099e+01 2.64323e+02 8.39687e+00 
-0.5 -0.45 -0.4 2.64855e+02 8.02640e+00 3.12671e+02 5.26532e+00 3.32090e+01 1.25357e+01 3.03623e+02 5.51926e+00 2.88024e+02 7.61700e+00 7.90726e+01 1.23685e+01 2.48568e+02 8.00827e+00 
-0.4 -0.35 -0.3 2.82120e+02 7.84045e+00 3.24347e+02 5.30150e+00 5.56583e+01 1.26117e+01 3.15393e+02 5.43739e+00 3.05050e+02 7.64142e+00 1.05598e+02 1.19539e+01 2.60187e+02 8.22493e+00 
-0.3 -0.25 -0.2 2.67382e+02 8.14559e+00 3.17274e+02 5.49206e+00 3.04841e+01 1.29059e+01 3.05871e+02 5.62462e+00 2.92177e+02 7.96530e+00 7.81901e+01 1.24940e+01 2.44584e+02 8.41824e+00 
-0.2 -0.15 -0.1 2.77107e+02 8.25453e+00 3.24301e+02 5.51815e+00 4.26673e+01 1.28112e+01 3.14188e+02 5.68338e+00 3.01949e+02 8.00768e+00 9.19716e+01 1.26968e+01 2.61668e+02 8.14963e+00 
-0.1 -0.05 0.0 2.84055e+02 7.60138e+00 3.27913e+02 5.17139e+00 6.03225e+01 1.19228e+01 3.18320e+02 5.30370e+00 3.08085e+02 7.40848e+00 1.04383e+02 1.15065e+01 2.65748e+02 8.05812e+00 
0.0 0.05 0.1 2.76193e+02 8.15007e+00 3.22604e+02 5.52467e+00 3.97209e+01 1.26469e+01 3.13671e+02 5.66359e+00 3.01461e+02 7.85281e+00 9.10423e+01 1.23246e+01 2.54182e+02 8.28666e+00 
0.1 0.15 0.2 2.61082e+02 8.20692e+00 3.11013e+02 5.51765e+00 1.66579e+01 1.31031e+01 3.01329e+02 5.68740e+00 2.82197e+02 8.02932e+00 6.54873e+01 1.23917e+01 2.38539e+02 8.49540e+00 
0.2 0.25 0.3 2.70373e+02 8.11442e+00 3.19493e+02 5.47705e+00 3.34962e+01 1.29810e+01 3.09297e+02 5.59968e+00 2.95273e+02 7.93896e+00 8.25090e+01 1.24504e+01 2.48856e+02 8.43570e+00 
0.3 0.35 0.4 2.79763e+02 8.09409e+00 3.24169e+02 5.37667e+00 5.41004e+01 1.26187e+01 3.15231e+02 5.58624e+00 3.00557e+02 7.96158e+00 9.79183e+01 1.25369e+01 2.61408e+02 8.24423e+00 
0.4 0.45 0.5 2.75155e+02 7.90640e+00 3.19571e+02 5.31326e+00 4.60221e+01 1.29749e+01 3.10409e+02 5.39824e+00 2.98448e+02 7.68133e+00 9.76606e+01 1.18049e+01 2.52806e+02 8.43729e+00 
0.5 0.55 0.6 2.79500e+02 7.93267e+00 3.24265e+02 5.44900e+00 5.04999e+01 1.25619e+01 3.14361e+02 5.48981e+00 3.03923e+02 7.90637e+00 9.95783e+01 1.25404e+01 2.56753e+02 8.46190e+00 
0.6 0.65 0.7 2.62852e+02 7.94445e+00 3.11235e+02 5.33131e+00 3.34853e+01 1.26065e+01 3.00673e+02 5.48787e+00 2.88349e+02 7.71058e+00 8.00700e+01 1.21711e+01 2.42877e+02 8.21505e+00 
0.7 0.75 0.8 2.68005e+02 7.88905e+00 3.11996e+02 5.28091e+00 4.84503e+01 1.25111e+01 3.01811e+02 5.44474e+00 2.92728e+02 7.64224e+00 9.43233e+01 1.20960e+01 2.48154e+02 8.06623e+00 
0.8 0.85 0.9 2.79620e+02 7.72203e+00 3.16388e+02 5.27038e+00 6.89432e+01 1.27775e+01 3.07910e+02 5.48159e+00 2.99930e+02 7.60748e+00 1.16305e+02 1.17649e+01 2.60876e+02 8.32792e+00 
0.9 0.95 1.0 2.51760e+02 7.93897e+00 2.97135e+02 5.24809e+00 2.93582e+01 1.25741e+01 2.88150e+02 5.46457e+00 2.74516e+02 7.60315e+00 7.60259e+01 1.22045e+01 2.32177e+02 8.14444e+00 
1.0 1.05 1.1 2.50406e+02 7.76379e+00 2.91476e+02 5.17683e+00 4.60973e+01 1.17984e+01 2.84334e+02 5.35303e+00 2.71444e+02 7.59359e+00 8.42296e+01 1.19310e+01 2.35501e+02 7.72565e+00 
1.1 1.15 1.2 2.39147e+02 7.76012e+00 2.84828e+02 5.21395e+00 2.39851e+01 1.21816e+01 2.74401e+02 5.33422e+00 2.62277e+02 7.26531e+00 7.04905e+01 1.20523e+01 2.20500e+02 7.92998e+00 
1.2 1.25 1.3 2.36070e+02 7.92904e+00 2.77686e+02 5.25385e+00 2.88780e+01 1.28230e+01 2.69351e+02 5.42012e+00 2.58809e+02 7.59902e+00 8.64688e+01 1.15454e+01 2.17251e+02 8.26176e+00 
1.3 1.35 1.4 2.26177e+02 7.57686e+00 2.68978e+02 5.04833e+00 1.47097e+01 1.24682e+01 2.60648e+02 5.22194e+00 2.45024e+02 7.40854e+00 6.33849e+01 1.16170e+01 2.04304e+02 7.98322e+00 
1.4 1.45 1.5 2.18509e+02 7.71056e+00 2.65618e+02 4.67890e+00 1.49643e+01 1.24123e+01 2.57422e+02 4.82102e+00 2.39682e+02 7.45651e+00 5.97947e+01 1.19286e+01 1.99076e+02 7.92206e+00 
1.5 1.55 1.6 2.08754e+02 7.65972e+00 2.50453e+02 5.05671e+00 1.50260e+01 1.19507e+01 2.42931e+02 5.23086e+00 2.29808e+02 7.40893e+00 5.18482e+01 1.18777e+01 1.94207e+02 7.74154e+00 
1.6 1.65 1.7 2.10236e+02 7.47460e+00 2.48348e+02 4.89996e+00 1.84574e+01 1.21790e+01 2.40138e+02 5.14669e+00 2.29883e+02 7.12938e+00 6.22714e+01 1.15377e+01 1.94893e+02 7.83182e+00 
1.7 1.75 1.8 2.02749e+02 7.42687e+00 2.41495e+02 4.93139e+00 1.59044e+01 1.22367e+01 2.34418e+02 5.14940e+00 2.23697e+02 7.19608e+00 6.09008e+01 1.14969e+01 1.85534e+02 7.89365e+00 
1.8 1.85 1.9 1.95784e+02 7.25947e+00 2.31245e+02 4.68723e+00 1.45045e+01 1.18075e+01 2.24659e+02 4.96869e+00 2.13757e+02 6.81092e+00 5.40591e+01 1.12304e+01 1.79692e+02 7.60016e+00 
1.9 1.95 2.0 2.01377e+02 7.02874e+00 2.31316e+02 4.64672e+00 3.86345e+01 1.06399e+01 2.24024e+02 4.65118e+00 2.20089e+02 6.48974e+00 7.16934e+01 1.11883e+01 1.85956e+02 6.97158e+00 
2.0 2.05 2.1 1.66734e+02 7.13798e+00 2.06354e+02 4.68788e+00 -8.35235e+00 1.16571e+01 1.99613e+02 4.88182e+00 1.86337e+02 6.84544e+00 2.65611e+01 1.13515e+01 1.48790e+02 7.69114e+00 
2.1 2.15 2.2 1.65160e+02 7.09331e+00 2.00499e+02 4.63866e+00 2.99490e+00 1.08260e+01 1.94124e+02 4.84059e+00 1.82348e+02 6.78825e+00 3.53059e+01 1.09919e+01 1.52452e+02 7.05114e+00 
2.2 2.25 2.3 1.68511e+02 6.99216e+00 1.98345e+02 4.53306e+00 1.92407e+01 1.16038e+01 1.91880e+02 4.76813e+00 1.84128e+02 6.68674e+00 5.25695e+01 1.08402e+01 1.54642e+02 7.49314e+00 
2.3 2.35 2.4 1.46960e+02 6.80458e+00 1.82116e+02 4.32001e+00 -3.45429e+00 1.14106e+01 1.74585e+02 4.63131e+00 1.63704e+02 6.59883e+00 3.23101e+01 1.06684e+01 1.31532e+02 7.18168e+00 
2.4 2.45 2.5 1.44955e+02 6.69602e+00 1.74486e+02 4.27123e+00 -3.42375e+00 1.06735e+01 1.69068e+02 4.56634e+00 1.60578e+02 6.65896e+00 3.19499e+01 1.00952e+01 1.29722e+02 7.22285e+00 
2.5 2.55 2.6 1.37532e+02 6.72616e+00 1.65980e+02 4.35439e+00 -5.69167e+00 1.10824e+01 1.60877e+02 4.56598e+00 1.51959e+02 6.40791e+00 3.11741e+01 1.04759e+01 1.21983e+02 7.10287e+00 
2.6 2.65 2.7 1.30904e+02 6.45248e+00 1.56039e+02 4.38498e+00 1.58836e+00 1.05741e+01 1.52050e+02 4.54823e+00 1.43076e+02 6.37909e+00 3.11323e+01 1.04257e+01 1.17010e+02 7.08913e+00 
2.7 2.75 2.8 1.32594e+02 6.57343e+00 1.53362e+02 4.08225e+00 1.00467e+01 1.08530e+01 1.50294e+02 4.31058e+00 1.46608e+02 6.14204e+00 4.23089e+01 1.02239e+01 1.19061e+02 7.00578e+00 
2.8 2.85 2.9 1.24161e+02 6.31863e+00 1.44998e+02 4.06899e+00 9.40464e+00 1.05241e+01 1.41179e+02 4.37950e+00 1.36636e+02 5.95762e+00 4.28959e+01 9.76201e+00 1.13684e+02 6.84466e+00 
2.9 2.95 3.0 9.98287e+01 6.32046e+00 1.26647e+02 4.06649e+00 -1.69231e+01 1.02999e+01 1.20867e+02 4.28577e+00 1.16287e+02 5.83716e+00 2.40874e+01 9.06008e+00 9.29223e+01 6.54555e+00 
3.0 3.05 3.1 1.05211e+02 6.26740e+00 1.26516e+02 3.94136e+00 5.60131e+00 9.90864e+00 1.22944e+02 4.16577e+00 1.18477e+02 5.77492e+00 2.87772e+01 9.78515e+00 9.71842e+01 6.41434e+00 
3.1 3.15 3.2 8.20736e+01 5.98808e+00 1.06241e+02 3.78894e+00 -2.47466e+01 9.84246e+00 1.02500e+02 4.01364e+00 9.42443e+01 5.61410e+00 6.70793e-01 9.14227e+00 7.22668e+01 6.28075e+00 
3.2 3.25 3.3 8.23979e+01 6.08375e+00 1.01192e+02 3.91074e+00 -1.43902e+01 1.02430e+01 9.77787e+01 4.15537e+00 9.06059e+01 5.74369e+00 6.71063e+00 9.49174e+00 7.26748e+01 6.56378e+00 
3.3 3.35 3.4 6.86145e+01 6.11279e+00 9.02762e+01 3.86803e+00 -2.50039e+01 1.02890e+01 8.82138e+01 4.10662e+00 7.87792e+01 5.71047e+00 8.11247e-01 9.55569e+00 5.86048e+01 6.55384e+00 
3.4 3.45 3.5 6.25416e+01 5.31184e+00 8.19985e+01 3.41041e+00 -2.17008e+01 9.12768e+00 7.86629e+01 3.61556e+00 7.17752e+01 5.00506e+00 -1.00096e+00 8.22570e+00 5.44982e+01 5.85125e+00 
