0.0 0.05 0.1 4.91220e+01 1.60951e+00 6.04350e+01 1.18203e+00 -1.56877e+00 2.30866e+00 5.79780e+01 1.23209e+00 5.59165e+01 1.54727e+00 1.59498e+01 2.18580e+00 4.14956e+01 1.69421e+00 
0.1 0.15 0.2 5.06262e+01 1.87490e+00 6.16003e+01 1.32183e+00 1.16413e+00 2.70035e+00 5.91969e+01 1.38783e+00 5.73669e+01 1.78489e+00 1.77440e+01 2.65918e+00 4.36230e+01 1.91452e+00 
0.2 0.25 0.3 5.47005e+01 1.80694e+00 6.61189e+01 1.30875e+00 1.36969e+00 2.63569e+00 6.35181e+01 1.36799e+00 6.19543e+01 1.73102e+00 2.02128e+01 2.49113e+00 4.65215e+01 1.90525e+00 
0.3 0.35 0.4 5.74564e+01 1.88012e+00 6.97036e+01 1.35880e+00 -5.48311e-01 3.07023e+00 6.64586e+01 1.51198e+00 6.51615e+01 1.79962e+00 2.06274e+01 2.59801e+00 4.79982e+01 2.16264e+00 
0.4 0.45 0.5 6.47030e+01 2.26523e+00 7.91861e+01 1.59198e+00 -1.13023e+00 3.43785e+00 7.60031e+01 1.67558e+00 7.35218e+01 2.15042e+00 2.16628e+01 3.21511e+00 5.51389e+01 2.34555e+00 
0.5 0.55 0.6 7.61721e+01 2.20046e+00 9.08473e+01 1.66316e+00 -2.76887e-01 3.58246e+00 8.82895e+01 1.65783e+00 8.46357e+01 2.24012e+00 2.83015e+01 3.05512e+00 6.32742e+01 2.51474e+00 
0.6 0.65 0.7 7.86359e+01 2.19204e+00 8.92286e+01 1.55268e+00 1.82835e+01 3.30127e+00 8.65604e+01 1.63148e+00 8.67476e+01 2.08411e+00 4.03399e+01 3.09028e+00 6.94099e+01 2.32946e+00 
0.7 0.75 0.8 6.35122e+01 2.04563e+00 7.60179e+01 1.44555e+00 3.63304e+00 3.08853e+00 7.32226e+01 1.51918e+00 7.15238e+01 1.94495e+00 2.46405e+01 2.89124e+00 5.44918e+01 2.17393e+00 
0.8 0.85 0.9 5.98783e+01 1.99484e+00 7.13309e+01 1.40395e+00 3.34512e+00 3.07305e+00 6.87709e+01 1.47693e+00 6.72897e+01 1.89455e+00 2.38799e+01 2.82921e+00 5.15356e+01 2.12174e+00 
0.9 0.95 1.0 5.43592e+01 2.05664e+00 6.52008e+01 1.42143e+00 2.64547e+00 3.18474e+00 6.27407e+01 1.50126e+00 6.13399e+01 1.94404e+00 2.09551e+01 2.96585e+00 4.64572e+01 2.19723e+00 
1.0 1.05 1.1 5.29185e+01 1.89626e+00 6.30662e+01 1.33593e+00 3.45847e+00 2.84158e+00 6.08166e+01 1.40573e+00 5.94729e+01 1.80081e+00 2.10274e+01 2.68450e+00 4.55188e+01 2.01684e+00 
1.1 1.15 1.2 4.82312e+01 1.89127e+00 5.86719e+01 1.27058e+00 1.60781e+00 2.88315e+00 5.64852e+01 1.33554e+00 5.49676e+01 1.71116e+00 1.73155e+01 2.70653e+00 4.15886e+01 1.90087e+00 
1.2 1.25 1.3 4.98103e+01 2.02545e+00 5.81669e+01 1.39976e+00 6.86665e+00 3.12609e+00 5.61486e+01 1.47698e+00 5.56959e+01 1.91867e+00 2.24682e+01 2.91839e+00 4.31560e+01 2.16083e+00 
1.3 1.35 1.4 4.36898e+01 1.93204e+00 5.28117e+01 1.32388e+00 2.11564e-01 2.92968e+00 5.05331e+01 1.37453e+00 4.95718e+01 1.82454e+00 1.62085e+01 2.80593e+00 3.66468e+01 2.01674e+00 
1.4 1.45 1.5 4.36898e+01 1.89548e+00 5.18936e+01 1.28613e+00 3.86879e+00 2.95411e+00 4.99397e+01 1.37645e+00 4.92684e+01 1.76376e+00 1.79770e+01 2.74448e+00 3.76791e+01 2.03019e+00 
1.5 1.55 1.6 3.99072e+01 1.82812e+00 4.81642e+01 1.25148e+00 1.80272e+00 2.83988e+00 4.62620e+01 1.32697e+00 4.52767e+01 1.72108e+00 1.55716e+01 2.70214e+00 3.44235e+01 1.95224e+00 
1.6 1.65 1.7 3.70558e+01 1.76538e+00 4.53449e+01 1.21431e+00 -7.50672e-01 2.91762e+00 4.35666e+01 1.28677e+00 4.22493e+01 1.66498e+00 1.25353e+01 2.54459e+00 3.13846e+01 1.99322e+00 
1.7 1.75 1.8 3.50460e+01 1.92791e+00 4.25832e+01 1.33383e+00 -1.87135e+00 2.78799e+00 4.12959e+01 1.37846e+00 3.92856e+01 1.87221e+00 1.15012e+01 2.83735e+00 2.91767e+01 1.91299e+00 
1.8 1.85 1.9 3.39173e+01 1.89660e+00 4.17896e+01 1.27472e+00 -2.00432e+00 3.01528e+00 4.00678e+01 1.35796e+00 3.87637e+01 1.77668e+00 1.08792e+01 2.78523e+00 2.83266e+01 2.04411e+00 
1.9 1.95 2.0 3.49473e+01 1.82560e+00 4.14812e+01 1.24986e+00 2.91211e+00 2.88626e+00 3.96885e+01 1.29098e+00 3.95168e+01 1.74021e+00 1.45813e+01 2.66877e+00 2.96748e+01 1.92381e+00 
2.0 2.05 2.1 3.22156e+01 1.77665e+00 3.91845e+01 1.27671e+00 2.95100e+00 3.05092e+00 3.72720e+01 1.27868e+00 3.71893e+01 1.79252e+00 1.22256e+01 2.59413e+00 2.87091e+01 2.05712e+00 
2.1 2.15 2.2 2.83028e+01 1.82778e+00 3.54374e+01 1.22481e+00 -3.86269e+00 2.84375e+00 3.39102e+01 1.30734e+00 3.25982e+01 1.70914e+00 7.75578e+00 2.62638e+00 2.32047e+01 1.93532e+00 
2.2 2.25 2.3 3.17140e+01 1.81049e+00 3.66616e+01 1.20427e+00 3.59853e+00 2.98307e+00 3.50342e+01 1.31098e+00 3.56072e+01 1.66924e+00 1.50850e+01 2.67570e+00 2.66746e+01 2.00241e+00 
2.3 2.35 2.4 2.54714e+01 1.64024e+00 3.17356e+01 1.10728e+00 -2.91514e+00 2.58980e+00 3.04397e+01 1.18138e+00 2.92314e+01 1.53493e+00 7.32757e+00 2.38948e+00 2.10670e+01 1.77024e+00 
2.4 2.45 2.5 2.45657e+01 1.60027e+00 3.03556e+01 1.08208e+00 -1.79610e+00 2.70809e+00 2.91439e+01 1.15580e+00 2.81298e+01 1.49621e+00 8.21178e+00 2.33049e+00 2.02108e+01 1.79578e+00 
2.5 2.55 2.6 2.37780e+01 1.65145e+00 2.89672e+01 1.10314e+00 -9.79088e-01 2.63826e+00 2.78457e+01 1.18074e+00 2.70831e+01 1.54674e+00 8.20741e+00 2.42411e+00 1.98537e+01 1.78958e+00 
2.6 2.65 2.7 2.10793e+01 1.40744e+00 2.67198e+01 1.00253e+00 -3.51208e+00 2.16807e+00 2.53961e+01 1.02899e+00 2.46419e+01 1.38195e+00 6.00626e+00 2.12919e+00 1.82730e+01 1.73582e+00 
2.7 2.75 2.8 1.97893e+01 1.49990e+00 2.50376e+01 1.00588e+00 -2.87048e+00 2.19385e+00 2.39608e+01 1.07593e+00 2.33251e+01 1.33506e+00 4.93716e+00 2.19095e+00 1.65809e+01 1.51555e+00 
2.8 2.85 2.9 1.93852e+01 1.50619e+00 2.43364e+01 1.00993e+00 -1.17396e+00 2.44681e+00 2.30820e+01 1.07863e+00 2.31567e+01 1.46044e+00 6.11739e+00 2.27975e+00 1.66359e+01 1.66003e+00 
2.9 2.95 3.0 1.97818e+01 1.51378e+00 2.34135e+01 9.65543e-01 1.15816e-01 2.41770e+00 2.31322e+01 1.07510e+00 2.23473e+01 1.40986e+00 7.46206e+00 2.22240e+00 1.67258e+01 1.64133e+00 
3.0 3.05 3.1 1.74101e+01 1.29512e+00 2.16936e+01 9.00727e-01 -2.45713e+00 2.02902e+00 2.07881e+01 9.47969e-01 2.00949e+01 1.23419e+00 5.03065e+00 1.84621e+00 1.42179e+01 1.39137e+00 
3.1 3.15 3.2 1.60542e+01 1.48204e+00 2.02202e+01 9.66361e-01 -2.94806e+00 2.36980e+00 1.93502e+01 1.05709e+00 1.85986e+01 1.34826e+00 4.17775e+00 2.11449e+00 1.29803e+01 1.60896e+00 
3.2 3.25 3.3 1.67410e+01 1.37591e+00 1.99384e+01 9.18851e-01 2.02586e-01 2.18661e+00 1.92183e+01 9.85659e-01 1.89991e+01 1.28149e+00 6.70749e+00 2.01051e+00 1.40003e+01 1.49184e+00 
3.3 3.35 3.4 1.38102e+01 1.42971e+00 1.77775e+01 9.53810e-01 -3.31299e+00 2.29782e+00 1.68124e+01 1.01533e+00 1.63992e+01 1.34433e+00 4.02729e+00 1.97618e+00 1.09990e+01 1.55298e+00 
3.4 3.45 3.5 1.56188e+01 1.44532e+00 1.79042e+01 9.45710e-01 2.10162e+00 2.34772e+00 1.73775e+01 1.02020e+00 1.74497e+01 1.33802e+00 7.58039e+00 2.14518e+00 1.33761e+01 1.57710e+00 
3.5 3.55 3.6 1.14215e+01 1.41335e+00 1.45634e+01 9.25436e-01 -2.84761e+00 2.29106e+00 1.39516e+01 9.97889e-01 1.32949e+01 1.30931e+00 2.53914e+00 2.09608e+00 9.13666e+00 1.54060e+00 
3.6 3.65 3.7 1.18368e+01 1.33296e+00 1.48137e+01 8.85489e-01 -1.91037e+00 2.26429e+00 1.42008e+01 9.52865e-01 1.36501e+01 1.29803e+00 3.13690e+00 2.06753e+00 9.72473e+00 1.53058e+00 
3.7 3.75 3.8 9.53377e+00 1.26658e+00 1.26263e+01 8.40546e-01 -2.59562e+00 2.19160e+00 1.20047e+01 9.05368e-01 1.19168e+01 1.24920e+00 2.32522e+00 1.99820e+00 7.30443e+00 1.37898e+00 
3.8 3.85 3.9 1.09659e+01 1.34139e+00 1.23204e+01 8.30379e-01 -7.72018e-01 2.14704e+00 1.24192e+01 9.65592e-01 1.11810e+01 1.14889e+00 4.02122e+00 1.96907e+00 8.87023e+00 1.47629e+00 
3.9 3.95 4.0 8.03410e+00 1.24128e+00 1.08912e+01 8.18152e-01 -4.05843e+00 1.99458e+00 1.03075e+01 8.83194e-01 9.67642e+00 1.14901e+00 5.73409e-01 1.82326e+00 5.73345e+00 1.39704e+00 
4.0 4.05 4.1 1.22241e+01 1.22688e+00 1.25920e+01 8.18180e-01 4.24861e+00 1.96403e+00 1.28008e+01 8.74942e-01 1.26387e+01 1.14885e+00 6.62136e+00 1.82320e+00 1.00974e+01 1.33343e+00 
4.1 4.15 4.2 9.25467e+00 1.25928e+00 1.03370e+01 8.13494e-01 4.12026e-01 1.95567e+00 1.00261e+01 8.83849e-01 1.03137e+01 1.15870e+00 4.18490e+00 1.86511e+00 7.65833e+00 1.32541e+00 
4.2 4.25 4.3 4.72151e+00 9.95277e-01 7.36601e+00 6.70940e-01 -5.42338e+00 1.92934e+00 6.84136e+00 7.22532e-01 6.11115e+00 9.25024e-01 -2.24469e+00 1.74832e+00 3.05710e+00 1.31766e+00 
4.3 4.35 4.4 6.27876e+00 1.14258e+00 7.93721e+00 7.71438e-01 -2.54675e+00 1.88780e+00 7.59087e+00 8.38184e-01 7.23375e+00 1.09010e+00 1.31116e+00 1.67723e+00 4.54274e+00 1.27912e+00 
4.4 4.45 4.5 4.81003e+00 1.03635e+00 6.77481e+00 6.89478e-01 -3.40704e+00 1.64127e+00 6.38744e+00 7.45830e-01 5.91748e+00 9.58346e-01 -1.91942e-01 1.49944e+00 3.40840e+00 1.13272e+00 
4.5 4.55 4.6 5.72059e+00 1.07996e+00 6.83942e+00 6.89439e-01 -1.57407e+00 1.54597e+00 6.57820e+00 7.12603e-01 6.28437e+00 9.62439e-01 1.18525e+00 1.51859e+00 4.23920e+00 1.07553e+00 
4.6 4.65 4.7 4.38473e+00 1.04406e+00 5.66991e+00 7.19958e-01 -2.10557e+00 1.67135e+00 5.42338e+00 6.89836e-01 5.03228e+00 1.01483e+00 5.34356e-01 1.51971e+00 3.25683e+00 1.14712e+00 
4.7 4.75 4.8 3.22048e+00 1.04151e+00 4.83433e+00 6.75722e-01 -3.68957e+00 1.66246e+00 4.53909e+00 7.38909e-01 4.07799e+00 9.52056e-01 -7.73616e-01 1.53149e+00 1.87205e+00 1.13155e+00 
4.8 4.85 4.9 3.96662e+00 9.81303e-01 5.02304e+00 6.47336e-01 -1.25185e+00 1.56422e+00 4.88731e+00 7.20542e-01 4.66708e+00 9.02864e-01 9.40235e-01 1.42292e+00 3.11167e+00 1.07780e+00 
4.9 4.95 5.0 3.61806e+00 9.06703e-01 4.51309e+00 6.30520e-01 -1.01630e+00 1.52432e+00 4.31569e+00 6.50530e-01 4.07277e+00 8.77517e-01 9.04379e-01 1.37608e+00 2.83172e+00 1.00022e+00 
5.0 5.05 5.1 1.82614e+00 8.25686e-01 3.09925e+00 5.45545e-01 -3.69910e+00 1.49377e+00 2.64027e+00 6.47712e-01 2.47976e+00 7.58345e-01 -1.53059e+00 1.35705e+00 5.85040e-01 1.01342e+00 
5.1 5.15 5.2 2.73358e+00 9.30497e-01 3.51936e+00 6.00164e-01 -1.09956e+00 1.52419e+00 3.37672e+00 6.59413e-01 3.23132e+00 8.46884e-01 4.94836e-01 1.36893e+00 2.07579e+00 1.03468e+00 
5.2 5.25 5.3 1.59781e+00 8.61627e-01 2.56221e+00 5.61577e-01 -2.25922e+00 1.39272e+00 2.39350e+00 6.16594e-01 2.09871e+00 7.85295e-01 -7.32557e-01 1.25316e+00 9.38936e-01 9.56877e-01 
5.3 5.35 5.4 1.34922e+00 8.21074e-01 2.09294e+00 5.09429e-01 -1.63451e+00 1.34772e+00 1.93331e+00 5.83805e-01 1.66999e+00 7.11490e-01 -3.54370e-01 1.20890e+00 9.72040e-01 9.18499e-01 
5.4 5.45 5.5 1.57129e+00 7.83330e-01 2.20990e+00 5.36195e-01 -1.07850e+00 1.32243e+00 2.22886e+00 5.95664e-01 1.89503e+00 7.48375e-01 -1.86097e-01 1.12285e+00 1.26269e+00 9.12651e-01 
5.5 5.55 5.6 1.10157e+00 8.27425e-01 1.85645e+00 5.43909e-01 -1.96492e+00 1.31955e+00 1.68304e+00 5.99412e-01 1.48391e+00 7.53951e-01 -2.62255e-01 1.17319e+00 6.09363e-01 9.21481e-01 
5.6 5.65 5.7 2.39493e+00 7.85026e-01 2.43095e+00 5.20077e-01 1.00087e+00 1.23474e+00 2.42386e+00 5.70345e-01 2.56925e+00 7.17819e-01 1.52302e+00 1.13474e+00 2.14401e+00 8.68618e-01 
5.7 5.75 5.8 6.29695e-01 7.29867e-01 1.29291e+00 4.77628e-01 -1.61365e+00 1.15807e+00 1.08669e+00 5.26514e-01 9.57784e-01 6.70672e-01 -6.39428e-01 1.04821e+00 1.80463e-01 8.07822e-01 
5.8 5.85 5.9 2.13183e+00 7.38965e-01 1.97373e+00 4.90505e-01 8.24500e-01 1.13546e+00 2.07732e+00 5.39917e-01 2.23821e+00 6.88704e-01 1.43308e+00 1.03338e+00 1.94148e+00 8.15626e-01 
5.9 5.95 6.0 9.53416e-01 7.05171e-01 1.19169e+00 4.70376e-01 -3.58715e-01 1.09517e+00 1.16364e+00 5.18629e-01 1.02266e+00 6.46361e-01 2.03989e-01 9.90111e-01 7.47245e-01 7.89620e-01 
6.0 6.05 6.1 3.71352e-01 6.74666e-01 7.17083e-01 4.45442e-01 -9.81441e-01 1.05159e+00 6.55740e-01 4.94600e-01 5.47552e-01 6.08775e-01 -4.15416e-01 9.49155e-01 1.22511e-01 7.50197e-01 
6.1 6.15 6.2 2.64975e-02 6.20556e-01 5.25006e-01 4.09361e-01 -7.50319e-01 1.01136e+00 6.29228e-01 4.70023e-01 4.39441e-01 5.60934e-01 -5.62008e-01 8.77623e-01 1.40449e-01 7.17704e-01 
6.2 6.25 6.3 -1.26826e+00 3.71141e-01 -5.89676e-01 2.39052e-01 -2.61858e+00 7.33402e-01 -8.00944e-01 2.70179e-01 -1.09275e+00 3.36862e-01 -2.28325e+00 5.76691e-01 -1.79060e+00 4.29902e-01 
6.3 6.35 6.4 -1.34862e+00 2.97870e-01 -7.10039e-01 1.84532e-01 -2.91812e+00 5.03377e-01 -7.93792e-01 2.09291e-01 -1.20167e+00 2.62760e-01 -2.55087e+00 4.36805e-01 -1.66905e+00 3.39717e-01 
6.4 6.45 6.5 -6.35314e-02 4.30112e-01 2.23828e-01 2.82635e-01 -7.81824e-01 6.74225e-01 1.57595e-01 3.11458e-01 9.79334e-02 3.88021e-01 -3.16269e-01 6.03789e-01 -2.93115e-01 4.79037e-01 
6.5 6.55 6.6 -6.19162e-01 3.14968e-01 -2.34594e-01 2.02281e-01 -1.17088e+00 4.99798e-01 -2.07362e-01 2.24008e-01 -3.20371e-01 2.78726e-01 -1.17273e+00 4.51675e-01 -5.97414e-01 3.50831e-01 
6.6 6.65 6.7 -1.06730e+00 9.53636e-02 -5.90217e-01 5.29949e-02 -2.04526e+00 1.81821e-01 -6.96667e-01 6.22181e-02 -9.04273e-01 8.12475e-02 -1.70487e+00 1.52445e-01 -1.28050e+00 1.13779e-01 
6.7 6.75 6.8 -7.02243e-01 6.06199e-02 -3.80845e-01 3.48657e-02 -1.26381e+00 1.11779e-01 -4.27296e-01 3.80341e-02 -5.84098e-01 5.33986e-02 -1.04520e+00 9.26620e-02 -7.91624e-01 7.01738e-02 
6.8 6.85 6.9 -4.09160e-01 4.01542e-02 -2.28901e-01 2.35114e-02 -8.16844e-01 8.27980e-02 -2.66939e-01 2.62282e-02 -3.56033e-01 3.55194e-02 -6.69717e-01 6.83803e-02 -5.11891e-01 5.18608e-02 
6.9 6.95 7.0 -3.35546e-01 2.85528e-02 -1.61030e-01 1.42828e-02 -6.51117e-01 5.53979e-02 -2.19277e-01 1.86710e-02 -2.59891e-01 2.27742e-02 -4.95786e-01 4.34033e-02 -4.02007e-01 3.52205e-02 
7.0 7.05 7.1 -1.70241e-01 1.96595e-02 -9.76707e-02 1.08952e-02 -3.35520e-01 3.87035e-02 -1.11195e-01 1.28751e-02 -1.49629e-01 1.66602e-02 -2.71725e-01 3.12825e-02 -2.10219e-01 2.43278e-02 
7.1 7.15 7.2 -1.40455e-01 1.32285e-02 -7.67260e-02 7.31792e-03 -2.60607e-01 2.41702e-02 -9.16032e-02 8.62558e-03 -1.17147e-01 1.12164e-02 -2.24579e-01 2.11585e-02 -1.63563e-01 1.51711e-02 
7.2 7.25 7.3 -6.33052e-02 7.49295e-03 -3.36540e-02 3.99911e-03 -1.26754e-01 1.49422e-02 -4.13545e-02 4.90034e-03 -5.15153e-02 6.11489e-03 -1.01016e-01 1.19410e-02 -7.94305e-02 9.37618e-03 
7.3 7.35 7.4 -4.01939e-02 4.28942e-03 -1.70385e-02 2.00794e-03 -6.85096e-02 7.89096e-03 -2.68779e-02 2.96297e-03 -2.94476e-02 3.46359e-03 -6.42534e-02 6.85698e-03 -4.27862e-02 4.92908e-03 
7.4 7.45 7.5 -1.11855e-02 1.34968e-03 -5.19206e-03 7.06681e-04 -2.29405e-02 2.75581e-03 -7.31492e-03 8.84129e-04 -7.95417e-03 1.08019e-03 -1.78268e-02 2.14680e-03 -1.43946e-02 1.73298e-03 
7.5 7.55 7.6 -4.67564e-03 5.24215e-04 -2.29273e-03 2.57842e-04 -9.90221e-03 1.08427e-03 -3.05509e-03 3.42460e-04 -3.50883e-03 3.94796e-04 -7.45886e-03 8.36513e-04 -6.21218e-03 6.79971e-04 
7.6 7.65 7.7 -1.73720e-03 2.08531e-04 -6.50775e-04 8.93573e-05 -3.64771e-03 4.36429e-04 -1.13317e-03 1.36066e-04 -9.92827e-04 1.36575e-04 -2.43484e-03 3.08290e-04 -2.28196e-03 2.73143e-04 
7.7 7.75 7.8 -8.88778e-05 1.31465e-05 -4.23001e-05 6.63447e-06 -2.50542e-04 3.46855e-05 -5.78864e-05 8.62863e-06 -7.32060e-05 1.05719e-05 -1.41958e-04 2.09197e-05 -1.55807e-04 2.16001e-05 
7.8 7.85 7.9 -1.27514e-05 2.13151e-06 -5.88933e-06 9.21045e-07 -2.85796e-05 4.74355e-06 -1.02265e-05 1.60592e-06 -1.00444e-05 1.78767e-06 -2.03535e-05 3.39386e-06 -1.79019e-05 2.97905e-06 
7.9 7.95 8.0 -3.96086e-10 1.77683e-10 -1.78288e-10 7.90345e-11 -9.47986e-10 4.31535e-10 -2.62978e-10 1.17737e-10 -2.68572e-10 1.19283e-10 -6.19770e-10 2.78702e-10 -6.05967e-10 2.75146e-10 
8.0 8.05 8.1 0.00000e+00 0.00000e+00 0.00000e+00 0.00000e+00 0.00000e+00 0.00000e+00 0.00000e+00 0.00000e+00 0.00000e+00 0.00000e+00 0.00000e+00 0.00000e+00 0.00000e+00 0.00000e+00 
8.1 8.15 8.2 0.00000e+00 0.00000e+00 0.00000e+00 0.00000e+00 0.00000e+00 0.00000e+00 0.00000e+00 0.00000e+00 0.00000e+00 0.00000e+00 0.00000e+00 0.00000e+00 0.00000e+00 0.00000e+00 
8.2 8.25 8.3 0.00000e+00 0.00000e+00 0.00000e+00 0.00000e+00 0.00000e+00 0.00000e+00 0.00000e+00 0.00000e+00 0.00000e+00 0.00000e+00 0.00000e+00 0.00000e+00 0.00000e+00 0.00000e+00 
8.3 8.35 8.4 0.00000e+00 0.00000e+00 0.00000e+00 0.00000e+00 0.00000e+00 0.00000e+00 0.00000e+00 0.00000e+00 0.00000e+00 0.00000e+00 0.00000e+00 0.00000e+00 0.00000e+00 0.00000e+00 
8.4 8.45 8.5 0.00000e+00 0.00000e+00 0.00000e+00 0.00000e+00 0.00000e+00 0.00000e+00 0.00000e+00 0.00000e+00 0.00000e+00 0.00000e+00 0.00000e+00 0.00000e+00 0.00000e+00 0.00000e+00 
8.5 8.55 8.6 0.00000e+00 0.00000e+00 0.00000e+00 0.00000e+00 0.00000e+00 0.00000e+00 0.00000e+00 0.00000e+00 0.00000e+00 0.00000e+00 0.00000e+00 0.00000e+00 0.00000e+00 0.00000e+00 
8.6 8.65 8.7 0.00000e+00 0.00000e+00 0.00000e+00 0.00000e+00 0.00000e+00 0.00000e+00 0.00000e+00 0.00000e+00 0.00000e+00 0.00000e+00 0.00000e+00 0.00000e+00 0.00000e+00 0.00000e+00 
8.7 8.75 8.8 0.00000e+00 0.00000e+00 0.00000e+00 0.00000e+00 0.00000e+00 0.00000e+00 0.00000e+00 0.00000e+00 0.00000e+00 0.00000e+00 0.00000e+00 0.00000e+00 0.00000e+00 0.00000e+00 
8.8 8.85 8.9 0.00000e+00 0.00000e+00 0.00000e+00 0.00000e+00 0.00000e+00 0.00000e+00 0.00000e+00 0.00000e+00 0.00000e+00 0.00000e+00 0.00000e+00 0.00000e+00 0.00000e+00 0.00000e+00 
8.9 8.95 9.0 0.00000e+00 0.00000e+00 0.00000e+00 0.00000e+00 0.00000e+00 0.00000e+00 0.00000e+00 0.00000e+00 0.00000e+00 0.00000e+00 0.00000e+00 0.00000e+00 0.00000e+00 0.00000e+00 
9.0 9.05 9.1 0.00000e+00 0.00000e+00 0.00000e+00 0.00000e+00 0.00000e+00 0.00000e+00 0.00000e+00 0.00000e+00 0.00000e+00 0.00000e+00 0.00000e+00 0.00000e+00 0.00000e+00 0.00000e+00 
9.1 9.15 9.2 0.00000e+00 0.00000e+00 0.00000e+00 0.00000e+00 0.00000e+00 0.00000e+00 0.00000e+00 0.00000e+00 0.00000e+00 0.00000e+00 0.00000e+00 0.00000e+00 0.00000e+00 0.00000e+00 
9.2 9.25 9.3 0.00000e+00 0.00000e+00 0.00000e+00 0.00000e+00 0.00000e+00 0.00000e+00 0.00000e+00 0.00000e+00 0.00000e+00 0.00000e+00 0.00000e+00 0.00000e+00 0.00000e+00 0.00000e+00 
9.3 9.35 9.4 0.00000e+00 0.00000e+00 0.00000e+00 0.00000e+00 0.00000e+00 0.00000e+00 0.00000e+00 0.00000e+00 0.00000e+00 0.00000e+00 0.00000e+00 0.00000e+00 0.00000e+00 0.00000e+00 
9.4 9.45 9.5 0.00000e+00 0.00000e+00 0.00000e+00 0.00000e+00 0.00000e+00 0.00000e+00 0.00000e+00 0.00000e+00 0.00000e+00 0.00000e+00 0.00000e+00 0.00000e+00 0.00000e+00 0.00000e+00 
9.5 9.55 9.6 0.00000e+00 0.00000e+00 0.00000e+00 0.00000e+00 0.00000e+00 0.00000e+00 0.00000e+00 0.00000e+00 0.00000e+00 0.00000e+00 0.00000e+00 0.00000e+00 0.00000e+00 0.00000e+00 
9.6 9.65 9.7 0.00000e+00 0.00000e+00 0.00000e+00 0.00000e+00 0.00000e+00 0.00000e+00 0.00000e+00 0.00000e+00 0.00000e+00 0.00000e+00 0.00000e+00 0.00000e+00 0.00000e+00 0.00000e+00 
9.7 9.75 9.8 0.00000e+00 0.00000e+00 0.00000e+00 0.00000e+00 0.00000e+00 0.00000e+00 0.00000e+00 0.00000e+00 0.00000e+00 0.00000e+00 0.00000e+00 0.00000e+00 0.00000e+00 0.00000e+00 
9.8 9.85 9.9 0.00000e+00 0.00000e+00 0.00000e+00 0.00000e+00 0.00000e+00 0.00000e+00 0.00000e+00 0.00000e+00 0.00000e+00 0.00000e+00 0.00000e+00 0.00000e+00 0.00000e+00 0.00000e+00 
9.9 9.95 10.0 0.00000e+00 0.00000e+00 0.00000e+00 0.00000e+00 0.00000e+00 0.00000e+00 0.00000e+00 0.00000e+00 0.00000e+00 0.00000e+00 0.00000e+00 0.00000e+00 0.00000e+00 0.00000e+00 
