-3.5 -3.45 -3.4 8.40542e+01 3.28685e+00 6.63839e+01 2.24479e+00 9.82936e+01 5.05570e+00 6.80438e+01 2.35187e+00 8.25747e+01 3.13451e+00 9.92638e+01 4.78074e+00 8.46623e+01 3.46834e+00 
-3.4 -3.35 -3.3 1.04295e+02 3.44175e+00 8.21084e+01 2.35342e+00 1.24567e+02 5.09373e+00 8.30810e+01 2.46140e+00 1.03550e+02 3.30629e+00 1.24208e+02 5.04072e+00 1.04310e+02 3.56748e+00 
-3.3 -3.25 -3.2 1.16995e+02 3.53774e+00 9.29137e+01 2.40217e+00 1.39286e+02 5.33580e+00 9.42485e+01 2.50732e+00 1.16374e+02 3.40678e+00 1.40055e+02 5.14926e+00 1.17632e+02 3.59860e+00 
-3.2 -3.15 -3.1 1.30070e+02 3.46425e+00 1.03042e+02 2.37008e+00 1.52997e+02 5.37419e+00 1.04541e+02 2.49152e+00 1.29300e+02 3.28236e+00 1.55863e+02 5.00640e+00 1.30437e+02 3.63023e+00 
-3.1 -3.05 -3.0 1.48896e+02 3.77557e+00 1.17409e+02 2.64210e+00 1.78215e+02 5.83026e+00 1.19258e+02 2.73336e+00 1.47103e+02 3.69965e+00 1.78425e+02 5.46892e+00 1.48806e+02 3.84709e+00 
-3.0 -2.95 -2.9 1.69409e+02 3.85324e+00 1.33142e+02 2.64373e+00 2.02270e+02 5.76947e+00 1.35019e+02 2.75033e+00 1.68294e+02 3.70726e+00 2.06465e+02 5.65024e+00 1.70948e+02 4.05121e+00 
-2.9 -2.85 -2.8 1.73833e+02 3.99728e+00 1.38501e+02 2.70838e+00 2.04449e+02 6.29927e+00 1.40228e+02 2.83830e+00 1.73222e+02 3.81165e+00 2.07132e+02 5.87793e+00 1.74301e+02 4.26143e+00 
-2.8 -2.75 -2.7 2.02231e+02 3.97635e+00 1.59510e+02 2.74299e+00 2.40324e+02 5.84188e+00 1.61531e+02 2.83580e+00 2.00355e+02 3.69184e+00 2.44808e+02 5.77920e+00 2.01447e+02 4.02546e+00 
-2.7 -2.65 -2.6 2.18023e+02 3.91059e+00 1.73241e+02 2.78986e+00 2.61887e+02 6.40662e+00 1.75357e+02 2.95212e+00 2.18546e+02 3.98097e+00 2.64623e+02 6.12078e+00 2.19843e+02 4.33661e+00 
-2.6 -2.55 -2.5 2.34548e+02 4.09312e+00 1.85735e+02 2.88074e+00 2.79715e+02 6.30573e+00 1.88243e+02 2.93947e+00 2.33626e+02 4.11207e+00 2.82416e+02 6.32927e+00 2.35691e+02 4.38963e+00 
-2.5 -2.45 -2.4 2.54036e+02 4.27142e+00 2.01504e+02 2.94023e+00 3.05956e+02 6.36573e+00 2.03659e+02 3.04020e+00 2.53197e+02 4.12263e+00 3.06324e+02 6.27462e+00 2.56309e+02 4.43024e+00 
-2.4 -2.35 -2.3 2.67311e+02 4.27604e+00 2.12054e+02 2.92677e+00 3.17680e+02 6.48880e+00 2.14540e+02 2.96101e+00 2.66071e+02 4.10409e+00 3.21483e+02 6.28833e+00 2.67546e+02 4.42833e+00 
-2.3 -2.25 -2.2 2.89158e+02 4.37215e+00 2.29510e+02 3.00273e+00 3.43060e+02 6.70651e+00 2.31412e+02 3.09784e+00 2.87876e+02 4.22453e+00 3.48537e+02 6.40776e+00 2.89241e+02 4.47879e+00 
-2.2 -2.15 -2.1 3.06611e+02 4.40708e+00 2.44404e+02 3.06698e+00 3.67428e+02 6.69925e+00 2.46338e+02 3.16432e+00 3.06852e+02 4.30814e+00 3.70464e+02 6.65121e+00 3.09496e+02 4.67952e+00 
-2.1 -2.05 -2.0 3.27164e+02 4.56695e+00 2.60246e+02 3.07020e+00 3.88409e+02 7.02014e+00 2.62303e+02 3.17860e+00 3.26625e+02 4.27481e+00 3.93752e+02 6.72451e+00 3.27263e+02 4.43099e+00 
-2.0 -1.95 -1.9 3.44411e+02 4.33013e+00 2.74390e+02 3.03599e+00 4.09606e+02 6.67724e+00 2.76581e+02 3.11455e+00 3.44153e+02 4.22499e+00 4.13975e+02 6.27135e+00 3.45058e+02 4.56609e+00 
-1.9 -1.85 -1.8 3.66325e+02 4.68458e+00 2.90381e+02 3.15795e+00 4.36739e+02 7.04991e+00 2.93245e+02 3.24622e+00 3.65107e+02 4.53847e+00 4.40307e+02 6.35223e+00 3.67714e+02 4.84617e+00 
-1.8 -1.75 -1.7 3.86074e+02 4.69156e+00 3.06119e+02 3.14040e+00 4.60999e+02 6.89304e+00 3.08332e+02 3.16632e+00 3.84674e+02 4.38899e+00 4.64572e+02 6.54914e+00 3.85296e+02 4.53811e+00 
-1.7 -1.65 -1.6 3.99514e+02 4.75660e+00 3.17866e+02 3.20558e+00 4.76139e+02 7.01109e+00 3.21151e+02 3.35043e+00 3.99172e+02 4.48355e+00 4.81079e+02 6.97835e+00 4.00002e+02 4.70035e+00 
-1.6 -1.55 -1.5 4.18109e+02 4.85146e+00 3.32615e+02 3.45107e+00 4.98621e+02 7.41869e+00 3.35280e+02 3.53057e+00 4.18237e+02 4.86926e+00 5.05066e+02 7.11768e+00 4.18289e+02 5.11647e+00 
-1.5 -1.45 -1.4 4.49326e+02 5.01801e+00 3.55977e+02 3.46744e+00 5.39161e+02 6.96499e+00 3.58884e+02 3.54122e+00 4.48898e+02 4.91557e+00 5.46274e+02 7.46685e+00 4.48635e+02 4.79146e+00 
-1.4 -1.35 -1.3 4.59714e+02 5.14854e+00 3.65603e+02 3.57668e+00 5.46350e+02 7.77607e+00 3.68376e+02 3.55271e+00 4.59527e+02 5.06971e+00 5.55696e+02 7.65683e+00 4.60026e+02 5.11103e+00 
-1.3 -1.25 -1.2 4.68988e+02 4.97996e+00 3.73704e+02 3.30423e+00 5.65426e+02 7.72392e+00 3.75586e+02 3.52147e+00 4.70248e+02 4.60905e+00 5.67547e+02 7.39046e+00 4.71163e+02 5.03038e+00 
-1.2 -1.15 -1.1 4.88986e+02 5.01933e+00 3.88987e+02 3.43676e+00 5.86697e+02 7.77916e+00 3.91608e+02 3.54681e+00 4.89047e+02 4.85325e+00 5.91818e+02 7.45746e+00 4.88106e+02 5.04187e+00 
-1.1 -1.05 -1.0 4.93504e+02 4.99259e+00 3.94199e+02 3.55824e+00 5.89921e+02 7.61510e+00 3.96163e+02 3.54968e+00 4.94692e+02 5.03625e+00 5.96181e+02 7.56941e+00 4.93531e+02 5.19173e+00 
-1.0 -0.95 -0.9 5.09685e+02 5.20822e+00 4.04981e+02 3.60604e+00 6.12383e+02 7.76542e+00 4.07713e+02 3.67405e+00 5.09941e+02 5.11675e+00 6.18222e+02 7.75866e+00 5.10901e+02 5.32146e+00 
-0.9 -0.85 -0.8 5.32481e+02 5.26814e+00 4.22491e+02 3.68063e+00 6.39683e+02 8.08509e+00 4.25420e+02 3.71299e+00 5.32287e+02 5.23328e+00 6.47231e+02 7.85741e+00 5.31673e+02 5.40327e+00 
-0.8 -0.75 -0.7 5.35409e+02 5.28885e+00 4.25649e+02 3.63328e+00 6.42917e+02 8.01885e+00 4.28173e+02 3.72005e+00 5.36685e+02 5.17997e+00 6.49504e+02 7.90862e+00 5.35216e+02 5.36343e+00 
-0.7 -0.65 -0.6 5.54297e+02 5.21224e+00 4.40392e+02 3.50801e+00 6.67641e+02 7.92715e+00 4.42598e+02 3.55517e+00 5.55951e+02 5.21242e+00 6.74044e+02 7.70869e+00 5.53649e+02 5.02772e+00 
-0.6 -0.55 -0.5 5.42461e+02 4.99477e+00 4.32478e+02 3.50766e+00 6.42259e+02 7.97240e+00 4.35081e+02 3.55591e+00 5.38146e+02 5.15959e+00 6.56646e+02 7.37142e+00 5.37964e+02 5.32871e+00 
-0.5 -0.45 -0.4 5.54263e+02 4.94875e+00 4.43018e+02 3.64666e+00 6.70849e+02 8.00349e+00 4.46440e+02 3.74455e+00 5.57119e+02 5.16083e+00 6.70538e+02 7.21440e+00 5.58211e+02 5.36663e+00 
-0.4 -0.35 -0.3 5.60756e+02 5.31648e+00 4.45981e+02 3.68014e+00 6.73746e+02 8.07054e+00 4.48741e+02 3.73030e+00 5.61057e+02 5.24705e+00 6.79795e+02 7.95395e+00 5.60872e+02 5.39289e+00 
-0.3 -0.25 -0.2 5.73738e+02 5.33114e+00 4.55421e+02 3.71787e+00 6.91760e+02 7.59289e+00 4.58913e+02 3.62986e+00 5.73573e+02 5.19718e+00 6.96764e+02 7.95834e+00 5.74667e+02 5.17302e+00 
-0.2 -0.15 -0.1 5.59574e+02 5.29001e+00 4.46587e+02 3.70160e+00 6.71070e+02 7.45393e+00 4.48835e+02 3.74501e+00 5.60418e+02 5.23821e+00 6.75214e+02 7.85675e+00 5.59532e+02 5.28799e+00 
-0.1 -0.05 0.0 5.73483e+02 5.23215e+00 4.58764e+02 3.51150e+00 6.85947e+02 8.02830e+00 4.61465e+02 3.55655e+00 5.74845e+02 5.24559e+00 6.98373e+02 7.17676e+00 5.72960e+02 5.39196e+00 
0.0 0.05 0.1 5.74705e+02 5.47601e+00 4.57267e+02 3.79584e+00 6.89746e+02 8.31891e+00 4.60636e+02 3.82477e+00 5.77588e+02 5.04551e+00 6.96680e+02 8.22011e+00 5.76861e+02 5.35563e+00 
0.1 0.15 0.2 5.78254e+02 5.03850e+00 4.59398e+02 3.57749e+00 6.95629e+02 7.45794e+00 4.61484e+02 3.86304e+00 5.78823e+02 4.99278e+00 7.02976e+02 7.33602e+00 5.77612e+02 5.11221e+00 
0.2 0.25 0.3 5.76880e+02 4.99925e+00 4.58833e+02 3.54988e+00 6.93641e+02 7.36402e+00 4.61369e+02 3.59255e+00 5.77564e+02 4.94360e+00 7.00496e+02 7.26236e+00 5.76837e+02 5.06888e+00 
0.3 0.35 0.4 5.73118e+02 5.53030e+00 4.52797e+02 3.60269e+00 6.85280e+02 7.69538e+00 4.57104e+02 3.82378e+00 5.70464e+02 5.02284e+00 6.97305e+02 8.11962e+00 5.68845e+02 5.10881e+00 
0.4 0.45 0.5 5.56572e+02 5.10795e+00 4.43038e+02 3.59146e+00 6.67895e+02 7.34699e+00 4.45647e+02 3.63943e+00 5.56013e+02 5.16044e+00 6.72197e+02 7.74219e+00 5.56570e+02 5.04128e+00 
0.5 0.55 0.6 5.52903e+02 5.26767e+00 4.39172e+02 3.66456e+00 6.68753e+02 7.94214e+00 4.41996e+02 3.71341e+00 5.53274e+02 5.18326e+00 6.71461e+02 7.85606e+00 5.54755e+02 5.34673e+00 
0.6 0.65 0.7 5.46872e+02 5.15656e+00 4.34194e+02 3.59111e+00 6.58675e+02 7.79038e+00 4.36958e+02 3.64475e+00 5.47077e+02 5.08325e+00 6.64697e+02 7.66171e+00 5.47057e+02 5.24039e+00 
0.7 0.75 0.8 5.35724e+02 5.26592e+00 4.26166e+02 3.66872e+00 6.42116e+02 7.96061e+00 4.28996e+02 3.71182e+00 5.35745e+02 5.21140e+00 6.48563e+02 7.85590e+00 5.35614e+02 5.33614e+00 
0.8 0.85 0.9 5.15348e+02 5.16841e+00 4.10357e+02 3.59657e+00 6.16879e+02 7.81623e+00 4.12975e+02 3.65018e+00 5.16597e+02 5.04148e+00 6.23108e+02 7.69044e+00 5.15351e+02 5.25079e+00 
0.9 0.95 1.0 5.15052e+02 5.23020e+00 4.09519e+02 3.63004e+00 6.18176e+02 7.76132e+00 4.12344e+02 3.68727e+00 5.15014e+02 5.15308e+00 6.23353e+02 7.81160e+00 5.15425e+02 5.23393e+00 
1.0 1.05 1.1 4.95018e+02 5.19049e+00 3.94526e+02 3.59393e+00 5.94987e+02 7.40219e+00 3.96925e+02 3.65058e+00 4.96407e+02 4.83513e+00 5.99028e+02 7.76379e+00 4.95138e+02 5.29493e+00 
1.1 1.15 1.2 4.88897e+02 4.90626e+00 3.89072e+02 3.43555e+00 5.82100e+02 7.90577e+00 3.91789e+02 3.49567e+00 4.88908e+02 4.82424e+00 5.90988e+02 7.20692e+00 4.87206e+02 5.28429e+00 
1.2 1.25 1.3 4.83691e+02 5.21515e+00 3.83450e+02 3.60484e+00 5.83488e+02 7.97593e+00 3.86463e+02 3.67595e+00 4.83197e+02 5.11570e+00 5.87748e+02 7.77301e+00 4.84808e+02 5.34593e+00 
1.3 1.35 1.4 4.59326e+02 5.05590e+00 3.64810e+02 3.50821e+00 5.48646e+02 7.64816e+00 3.68114e+02 3.57014e+00 4.60402e+02 4.87868e+00 5.56646e+02 7.34795e+00 4.61830e+02 4.96212e+00 
1.4 1.45 1.5 4.42950e+02 5.03776e+00 3.52087e+02 3.37674e+00 5.32450e+02 7.66731e+00 3.54685e+02 3.54797e+00 4.43715e+02 4.83253e+00 5.37162e+02 7.15080e+00 4.44345e+02 5.14048e+00 
1.5 1.55 1.6 4.23323e+02 4.72630e+00 3.36651e+02 3.42358e+00 5.07018e+02 7.62919e+00 3.39712e+02 3.37496e+00 4.22847e+02 4.85458e+00 5.11013e+02 7.37743e+00 4.24625e+02 5.11260e+00 
1.6 1.65 1.7 4.05509e+02 4.76553e+00 3.22088e+02 3.30727e+00 4.84910e+02 7.56103e+00 3.24870e+02 3.38632e+00 4.05005e+02 4.65606e+00 4.90294e+02 7.02135e+00 4.05806e+02 4.90939e+00 
1.7 1.75 1.8 3.81477e+02 4.58382e+00 3.04028e+02 3.18551e+00 4.53958e+02 6.81574e+00 3.06707e+02 3.26237e+00 3.82509e+02 4.52901e+00 4.58099e+02 6.61816e+00 3.82336e+02 4.65148e+00 
1.8 1.85 1.9 3.67621e+02 4.72411e+00 2.92323e+02 3.21772e+00 4.40274e+02 7.23905e+00 2.94720e+02 3.34296e+00 3.66944e+02 4.48179e+00 4.43528e+02 6.99715e+00 3.68687e+02 4.87594e+00 
1.9 1.95 2.0 3.47620e+02 4.58414e+00 2.76320e+02 3.24929e+00 4.20391e+02 7.43715e+00 2.79922e+02 3.35288e+00 3.47669e+02 4.59174e+00 4.20137e+02 6.71395e+00 3.50901e+02 4.99004e+00 
2.0 2.05 2.1 3.33277e+02 4.75969e+00 2.63450e+02 3.14215e+00 3.99127e+02 6.99660e+00 2.66631e+02 3.36501e+00 3.31948e+02 4.57281e+00 4.02710e+02 6.76749e+00 3.33599e+02 4.75998e+00 
2.1 2.15 2.2 3.06231e+02 4.50961e+00 2.43353e+02 3.13726e+00 3.65859e+02 6.79655e+00 2.45751e+02 3.20636e+00 3.03877e+02 4.29688e+00 3.68740e+02 6.59576e+00 3.07546e+02 4.63843e+00 
2.2 2.25 2.3 2.91324e+02 4.38020e+00 2.31913e+02 3.02288e+00 3.45730e+02 6.71991e+00 2.34904e+02 2.98744e+00 2.90652e+02 4.25976e+00 3.49538e+02 6.46242e+00 2.91917e+02 4.54359e+00 
2.3 2.35 2.4 2.69521e+02 4.05536e+00 2.14703e+02 2.97805e+00 3.20754e+02 6.62309e+00 2.16592e+02 2.92066e+00 2.69767e+02 4.20752e+00 3.23928e+02 6.25153e+00 2.70943e+02 4.43816e+00 
2.4 2.45 2.5 2.52957e+02 4.28525e+00 2.00993e+02 2.95419e+00 3.00896e+02 6.35865e+00 2.03488e+02 3.04004e+00 2.51796e+02 4.16741e+00 3.04704e+02 6.15142e+00 2.53977e+02 4.44676e+00 
2.5 2.55 2.6 2.26673e+02 3.90042e+00 1.80676e+02 2.75433e+00 2.71661e+02 6.46098e+00 1.82082e+02 2.84744e+00 2.26615e+02 3.85277e+00 2.72561e+02 6.16278e+00 2.29497e+02 4.35270e+00 
2.6 2.65 2.7 2.30011e+02 4.27174e+00 1.81039e+02 2.85351e+00 2.80121e+02 6.55141e+00 1.83921e+02 2.95538e+00 2.28986e+02 3.98203e+00 2.80240e+02 6.27285e+00 2.31378e+02 4.46873e+00 
2.7 2.75 2.8 1.99554e+02 3.90415e+00 1.57897e+02 2.70930e+00 2.40424e+02 6.01935e+00 1.59894e+02 2.78507e+00 1.98664e+02 3.80737e+00 2.39130e+02 5.38212e+00 2.01533e+02 4.09686e+00 
2.8 2.85 2.9 1.82043e+02 3.93202e+00 1.44174e+02 2.73281e+00 2.15008e+02 6.14437e+00 1.45761e+02 2.78283e+00 1.81308e+02 3.85114e+00 2.19178e+02 5.75802e+00 1.81670e+02 4.16986e+00 
2.9 2.95 3.0 1.56574e+02 3.81467e+00 1.24604e+02 2.50983e+00 1.85389e+02 5.47925e+00 1.26097e+02 2.70956e+00 1.56123e+02 3.49033e+00 1.87042e+02 5.61142e+00 1.57576e+02 3.79611e+00 
3.0 3.05 3.1 1.47951e+02 3.54455e+00 1.17643e+02 2.51660e+00 1.76048e+02 5.46236e+00 1.18626e+02 2.67128e+00 1.48099e+02 3.51653e+00 1.77963e+02 5.09542e+00 1.47562e+02 3.76951e+00 
3.1 3.15 3.2 1.28868e+02 3.66071e+00 1.02704e+02 2.49494e+00 1.52246e+02 5.64614e+00 1.03901e+02 2.60800e+00 1.28638e+02 3.49723e+00 1.53532e+02 5.36083e+00 1.29747e+02 3.84779e+00 
3.2 3.25 3.3 1.13753e+02 3.54863e+00 9.02507e+01 2.42454e+00 1.35460e+02 5.11968e+00 9.16364e+01 2.53180e+00 1.13183e+02 3.40022e+00 1.35721e+02 5.18474e+00 1.15051e+02 3.56364e+00 
3.3 3.35 3.4 1.04559e+02 3.45328e+00 8.26466e+01 2.34009e+00 1.27118e+02 4.99320e+00 8.36395e+01 2.47216e+00 1.04406e+02 3.26195e+00 1.26326e+02 5.02337e+00 1.06407e+02 3.48975e+00 
3.4 3.45 3.5 9.26195e+01 3.16680e+00 7.18822e+01 2.22162e+00 1.11569e+02 4.97285e+00 7.33230e+01 2.35684e+00 9.06641e+01 3.15289e+00 1.12940e+02 4.56897e+00 9.29021e+01 3.51095e+00 
