-3.5 -3.45 -3.4 1.70953e-01 1.96781e-02 1.28301e-01 1.41822e-02 2.10720e-01 2.57878e-02 1.44127e-01 1.60502e-02 1.62883e-01 1.83760e-02 2.07776e-01 2.51851e-02 1.98817e-01 2.29244e-02 
-3.4 -3.35 -3.3 4.53694e-01 4.16563e-02 3.27212e-01 2.89245e-02 5.97740e-01 6.35927e-02 3.64489e-01 3.22115e-02 4.35073e-01 4.06479e-02 5.76302e-01 5.76040e-02 4.93279e-01 4.68885e-02 
-3.3 -3.25 -3.2 8.23449e-01 7.15587e-02 5.99656e-01 4.90428e-02 1.01730e+00 1.07126e-01 6.67319e-01 5.50812e-02 7.52207e-01 6.43442e-02 9.92059e-01 9.46958e-02 8.85532e-01 8.14298e-02 
-3.2 -3.15 -3.1 1.34603e+00 8.97756e-02 1.03316e+00 6.32572e-02 1.54641e+00 1.28615e-01 1.11749e+00 6.99005e-02 1.27344e+00 8.21700e-02 1.56664e+00 1.16939e-01 1.41877e+00 9.95780e-02 
-3.1 -3.05 -3.0 2.50292e+00 1.37686e-01 1.90296e+00 9.60733e-02 2.91406e+00 2.00497e-01 2.06091e+00 1.05429e-01 2.35970e+00 1.26434e-01 2.89717e+00 1.82132e-01 2.64771e+00 1.52358e-01 
-3.0 -2.95 -2.9 3.91704e+00 1.97814e-01 3.06490e+00 1.39455e-01 4.38760e+00 2.86066e-01 3.27829e+00 1.51853e-01 3.74642e+00 1.83261e-01 4.48456e+00 2.63107e-01 4.06748e+00 2.16500e-01 
-2.9 -2.85 -2.8 5.16929e+00 2.29027e-01 4.13608e+00 1.59659e-01 5.59584e+00 3.41901e-01 4.40402e+00 1.74606e-01 4.97151e+00 2.10401e-01 5.72763e+00 3.08764e-01 5.35749e+00 2.53554e-01 
-2.8 -2.75 -2.7 7.72861e+00 2.97152e-01 6.19087e+00 2.02942e-01 8.35966e+00 4.46206e-01 6.60586e+00 2.25390e-01 7.42944e+00 2.67434e-01 8.56167e+00 4.02936e-01 7.96478e+00 3.29324e-01 
-2.7 -2.65 -2.6 1.10248e+01 3.42159e-01 8.84523e+00 2.40084e-01 1.21791e+01 5.08239e-01 9.33508e+00 2.59349e-01 1.06982e+01 3.17606e-01 1.24524e+01 4.64077e-01 1.13723e+01 3.73927e-01 
-2.6 -2.55 -2.5 1.43924e+01 4.07785e-01 1.16987e+01 2.90881e-01 1.55323e+01 5.88063e-01 1.23005e+01 3.12612e-01 1.40193e+01 3.81687e-01 1.58712e+01 5.45724e-01 1.48182e+01 4.40367e-01 
-2.5 -2.45 -2.4 1.77292e+01 4.73098e-01 1.45552e+01 3.31951e-01 1.87340e+01 7.08448e-01 1.52415e+01 3.59271e-01 1.73122e+01 4.38156e-01 1.93420e+01 6.41506e-01 1.81519e+01 5.20019e-01 
-2.4 -2.35 -2.3 2.21641e+01 5.43681e-01 1.84554e+01 3.88590e-01 2.29773e+01 7.91151e-01 1.89424e+01 4.08850e-01 2.18261e+01 5.12957e-01 2.39422e+01 7.37388e-01 2.24950e+01 5.84851e-01 
-2.3 -2.25 -2.2 2.90648e+01 6.30837e-01 2.39211e+01 4.48663e-01 3.10950e+01 9.21635e-01 2.49187e+01 4.79965e-01 2.85334e+01 5.90407e-01 3.18961e+01 8.52831e-01 2.97028e+01 6.81276e-01 
-2.2 -2.15 -2.1 3.51427e+01 6.72597e-01 2.89225e+01 4.77969e-01 3.75441e+01 9.86908e-01 3.01271e+01 5.09398e-01 3.44634e+01 6.31843e-01 3.86045e+01 9.14035e-01 3.57897e+01 7.25024e-01 
-2.1 -2.05 -2.0 4.05984e+01 7.67554e-01 3.38112e+01 5.51390e-01 4.25940e+01 1.10852e+00 3.50496e+01 5.85986e-01 3.99848e+01 7.24996e-01 4.39973e+01 1.03420e+00 4.12277e+01 8.22556e-01 
-2.0 -1.95 -1.9 4.85333e+01 8.24728e-01 4.04061e+01 5.92467e-01 5.13058e+01 1.19222e+00 4.18132e+01 6.28447e-01 4.78444e+01 7.79108e-01 5.27762e+01 1.11317e+00 4.92990e+01 8.81784e-01 
-1.9 -1.85 -1.8 5.48922e+01 8.65869e-01 4.59558e+01 6.21269e-01 5.75402e+01 1.25314e+00 4.75484e+01 6.59028e-01 5.41278e+01 8.18937e-01 5.91644e+01 1.17300e+00 5.58238e+01 9.25433e-01 
-1.8 -1.75 -1.7 6.28641e+01 9.34891e-01 5.25873e+01 6.67750e-01 6.60900e+01 1.36615e+00 5.43933e+01 7.08656e-01 6.19508e+01 8.82535e-01 6.79041e+01 1.27262e+00 6.38678e+01 1.00195e+00 
-1.7 -1.65 -1.6 7.34556e+01 1.00832e+00 6.11127e+01 7.28496e-01 7.83923e+01 1.44856e+00 6.31836e+01 7.69247e-01 7.23595e+01 9.57849e-01 8.02753e+01 1.36041e+00 7.46648e+01 1.07328e+00 
-1.6 -1.55 -1.5 7.96915e+01 1.07735e+00 6.66697e+01 7.69131e-01 8.44249e+01 1.57749e+00 6.88481e+01 8.15558e-01 7.85932e+01 1.01727e+00 8.64590e+01 1.47042e+00 8.09723e+01 1.15338e+00 
-1.5 -1.45 -1.4 8.69341e+01 1.10127e+00 7.29128e+01 7.91975e-01 9.13395e+01 1.59899e+00 7.52346e+01 8.37696e-01 8.57468e+01 1.04374e+00 9.38700e+01 1.49346e+00 8.81062e+01 1.17702e+00 
-1.4 -1.35 -1.3 9.62104e+01 1.17729e+00 8.09103e+01 8.44614e-01 1.01130e+02 1.70773e+00 8.33428e+01 8.92756e-01 9.50685e+01 1.11699e+00 1.03976e+02 1.59844e+00 9.75299e+01 1.25424e+00 
-1.3 -1.25 -1.2 1.03125e+02 1.19880e+00 8.67610e+01 8.64439e-01 1.08778e+02 1.72413e+00 8.95736e+01 9.11913e-01 1.01836e+02 1.13699e+00 1.11058e+02 1.62382e+00 1.04748e+02 1.27190e+00 
-1.2 -1.15 -1.1 1.10983e+02 1.28500e+00 9.36080e+01 9.22083e-01 1.16233e+02 1.85625e+00 9.62576e+01 9.74548e-01 1.09901e+02 1.21756e+00 1.19518e+02 1.74693e+00 1.12288e+02 1.36521e+00 
-1.1 -1.05 -1.0 1.18007e+02 1.33836e+00 9.95621e+01 9.59997e-01 1.23712e+02 1.93884e+00 1.02449e+02 1.01362e+00 1.16763e+02 1.26986e+00 1.26895e+02 1.82340e+00 1.19597e+02 1.42271e+00 
-1.0 -0.95 -0.9 1.26449e+02 1.33147e+00 1.06546e+02 9.60380e-01 1.33290e+02 1.92694e+00 1.09574e+02 1.01154e+00 1.24941e+02 1.26839e+00 1.36343e+02 1.81154e+00 1.28032e+02 1.41551e+00 
-0.9 -0.85 -0.8 1.35312e+02 1.38324e+00 1.13748e+02 9.98380e-01 1.43295e+02 1.99585e+00 1.17069e+02 1.05144e+00 1.33703e+02 1.31601e+00 1.46500e+02 1.87692e+00 1.37218e+02 1.46867e+00 
-0.8 -0.75 -0.7 1.41140e+02 1.41803e+00 1.18806e+02 1.02393e+00 1.49052e+02 2.04591e+00 1.22200e+02 1.07680e+00 1.39562e+02 1.35143e+00 1.52473e+02 1.92590e+00 1.43033e+02 1.50898e+00 
-0.7 -0.65 -0.6 1.47483e+02 1.44288e+00 1.24442e+02 1.04909e+00 1.55284e+02 2.06125e+00 1.27920e+02 1.10090e+00 1.45920e+02 1.37871e+00 1.58929e+02 1.94808e+00 1.49408e+02 1.52612e+00 
-0.6 -0.55 -0.5 1.52663e+02 1.47348e+00 1.28544e+02 1.06545e+00 1.61549e+02 2.12078e+00 1.32196e+02 1.12095e+00 1.50926e+02 1.40329e+00 1.65044e+02 1.99725e+00 1.54780e+02 1.56274e+00 
-0.5 -0.45 -0.4 1.58451e+02 1.51161e+00 1.33276e+02 1.09263e+00 1.68155e+02 2.18108e+00 1.36994e+02 1.15228e+00 1.56618e+02 1.44010e+00 1.71958e+02 2.05520e+00 1.60587e+02 1.60783e+00 
-0.4 -0.35 -0.3 1.60134e+02 1.52484e+00 1.34813e+02 1.10073e+00 1.69234e+02 2.19446e+00 1.38762e+02 1.16026e+00 1.58426e+02 1.45451e+00 1.72983e+02 2.06791e+00 1.62303e+02 1.61949e+00 
-0.3 -0.25 -0.2 1.61827e+02 1.51374e+00 1.36467e+02 1.09804e+00 1.71114e+02 2.16614e+00 1.40252e+02 1.15380e+00 1.60076e+02 1.44395e+00 1.74868e+02 2.04649e+00 1.64200e+02 1.59953e+00 
-0.2 -0.15 -0.1 1.65065e+02 1.51357e+00 1.39176e+02 1.09558e+00 1.74616e+02 2.17728e+00 1.42966e+02 1.15301e+00 1.63406e+02 1.44176e+00 1.78511e+02 2.04997e+00 1.67175e+02 1.60505e+00 
-0.1 -0.05 0.0 1.64663e+02 1.53026e+00 1.38820e+02 1.10631e+00 1.74044e+02 2.20111e+00 1.42645e+02 1.16233e+00 1.62904e+02 1.45948e+00 1.77918e+02 2.07853e+00 1.66799e+02 1.61944e+00 
0.0 0.05 0.1 1.65066e+02 1.53738e+00 1.39129e+02 1.11210e+00 1.74136e+02 2.21545e+00 1.42948e+02 1.16839e+00 1.63283e+02 1.46669e+00 1.78425e+02 2.08640e+00 1.66894e+02 1.63087e+00 
0.1 0.15 0.2 1.65124e+02 1.56747e+00 1.38860e+02 1.12442e+00 1.75423e+02 2.27385e+00 1.42914e+02 1.19033e+00 1.63033e+02 1.48290e+00 1.78756e+02 2.12967e+00 1.67589e+02 1.67078e+00 
0.2 0.25 0.3 1.62176e+02 1.54467e+00 1.36738e+02 1.11543e+00 1.70998e+02 2.22970e+00 1.40557e+02 1.17289e+00 1.60383e+02 1.47201e+00 1.75085e+02 2.09841e+00 1.64173e+02 1.63835e+00 
0.3 0.35 0.4 1.61384e+02 1.50913e+00 1.35827e+02 1.09820e+00 1.70740e+02 2.16288e+00 1.39703e+02 1.15052e+00 1.59476e+02 1.44468e+00 1.74621e+02 2.03940e+00 1.63448e+02 1.59839e+00 
0.4 0.45 0.5 1.56832e+02 1.52725e+00 1.31768e+02 1.10069e+00 1.66426e+02 2.20651e+00 1.35629e+02 1.15872e+00 1.54832e+02 1.45347e+00 1.69599e+02 2.07548e+00 1.58961e+02 1.62214e+00 
0.5 0.55 0.6 1.52386e+02 1.51442e+00 1.27998e+02 1.09463e+00 1.61832e+02 2.17372e+00 1.31854e+02 1.15361e+00 1.50341e+02 1.44096e+00 1.64771e+02 2.04850e+00 1.54697e+02 1.60771e+00 
0.6 0.65 0.7 1.46475e+02 1.44165e+00 1.23282e+02 1.04324e+00 1.55054e+02 2.06867e+00 1.26892e+02 1.09854e+00 1.44681e+02 1.37218e+00 1.58279e+02 1.94957e+00 1.48692e+02 1.53019e+00 
0.7 0.75 0.8 1.41453e+02 1.43771e+00 1.19105e+02 1.04163e+00 1.49375e+02 2.05616e+00 1.22504e+02 1.09514e+00 1.39841e+02 1.37144e+00 1.52868e+02 1.94259e+00 1.43332e+02 1.52211e+00 
0.8 0.85 0.9 1.33724e+02 1.38540e+00 1.12499e+02 1.00139e+00 1.41558e+02 1.99380e+00 1.15768e+02 1.05353e+00 1.32162e+02 1.31965e+00 1.44805e+02 1.87970e+00 1.35716e+02 1.46951e+00 
0.9 0.95 1.0 1.25337e+02 1.34007e+00 1.05598e+02 9.70551e-01 1.31850e+02 1.91673e+00 1.08612e+02 1.02057e+00 1.24058e+02 1.27702e+00 1.35246e+02 1.81257e+00 1.26907e+02 1.41745e+00 
1.0 1.05 1.1 1.19767e+02 1.33445e+00 1.00639e+02 9.60418e-01 1.26608e+02 1.92627e+00 1.03643e+02 1.01319e+00 1.18456e+02 1.26638e+00 1.29612e+02 1.81176e+00 1.21440e+02 1.41864e+00 
1.1 1.15 1.2 1.13227e+02 1.27270e+00 9.50924e+01 9.18676e-01 1.19794e+02 1.82919e+00 9.78381e+01 9.67914e-01 1.11925e+02 1.21110e+00 1.22805e+02 1.72312e+00 1.14711e+02 1.35081e+00 
1.2 1.25 1.3 1.03960e+02 1.19945e+00 8.73148e+01 8.68188e-01 1.09282e+02 1.72729e+00 8.99822e+01 9.13421e-01 1.02656e+02 1.14220e+00 1.12355e+02 1.62081e+00 1.05204e+02 1.27605e+00 
1.3 1.35 1.4 9.62734e+01 1.16926e+00 8.06344e+01 8.46682e-01 1.01970e+02 1.67415e+00 8.32278e+01 8.94186e-01 9.50776e+01 1.10967e+00 1.04409e+02 1.57326e+00 9.78182e+01 1.24525e+00 
1.4 1.45 1.5 8.86573e+01 1.11425e+00 7.40640e+01 8.05089e-01 9.43497e+01 1.59655e+00 7.64630e+01 8.49428e-01 8.73272e+01 1.06089e+00 9.64443e+01 1.50394e+00 9.01358e+01 1.18322e+00 
1.5 1.55 1.6 8.07536e+01 1.07513e+00 6.74509e+01 7.73486e-01 8.57134e+01 1.55247e+00 6.96480e+01 8.18581e-01 7.96438e+01 1.01840e+00 8.78576e+01 1.45307e+00 8.20119e+01 1.14786e+00 
1.6 1.65 1.7 6.96985e+01 1.00275e+00 5.82824e+01 7.15959e-01 7.35436e+01 1.46507e+00 6.02302e+01 7.59718e-01 6.87245e+01 9.47064e-01 7.54643e+01 1.35960e+00 7.07818e+01 1.07527e+00 
1.7 1.75 1.8 6.31075e+01 9.48282e-01 5.27438e+01 6.83835e-01 6.65157e+01 1.36558e+00 5.45207e+01 7.22247e-01 6.22317e+01 9.00375e-01 6.83808e+01 1.27966e+00 6.40822e+01 1.00952e+00 
1.8 1.85 1.9 5.44680e+01 8.67575e-01 4.55205e+01 6.27556e-01 5.70033e+01 1.24817e+00 4.71136e+01 6.64923e-01 5.36472e+01 8.22226e-01 5.88133e+01 1.16360e+00 5.52452e+01 9.29549e-01 
1.9 1.95 2.0 4.65759e+01 8.05020e-01 3.89029e+01 5.78696e-01 4.87955e+01 1.16095e+00 4.03193e+01 6.15133e-01 4.58927e+01 7.59699e-01 5.02485e+01 1.08286e+00 4.73550e+01 8.63263e-01 
2.0 2.05 2.1 4.25035e+01 7.42176e-01 3.51063e+01 5.36391e-01 4.55141e+01 1.06243e+00 3.64734e+01 5.68387e-01 4.17487e+01 7.02733e-01 4.67172e+01 9.93362e-01 4.33502e+01 7.92476e-01 
2.1 2.15 2.2 3.39055e+01 6.62702e-01 2.80424e+01 4.77547e-01 3.58099e+01 9.57798e-01 2.91599e+01 5.07397e-01 3.32802e+01 6.26030e-01 3.69984e+01 8.87942e-01 3.44478e+01 7.13641e-01 
2.2 2.25 2.3 2.84072e+01 5.97719e-01 2.32982e+01 4.26774e-01 3.05572e+01 8.70634e-01 2.43080e+01 4.55543e-01 2.77839e+01 5.61505e-01 3.13052e+01 8.05953e-01 2.90460e+01 6.45024e-01 
2.3 2.35 2.4 2.26053e+01 5.41913e-01 1.85996e+01 3.86113e-01 2.39624e+01 7.86081e-01 1.94276e+01 4.13628e-01 2.21072e+01 5.07395e-01 2.46405e+01 7.28192e-01 2.30772e+01 5.86278e-01 
2.4 2.45 2.5 1.83762e+01 4.84453e-01 1.50506e+01 3.44110e-01 1.95791e+01 7.07479e-01 1.57643e+01 3.70749e-01 1.79306e+01 4.51094e-01 2.01266e+01 6.49241e-01 1.88177e+01 5.27796e-01 
2.5 2.55 2.6 1.39550e+01 4.06616e-01 1.14000e+01 2.92784e-01 1.47455e+01 5.84585e-01 1.19437e+01 3.13166e-01 1.36084e+01 3.82546e-01 1.52888e+01 5.41020e-01 1.42374e+01 4.40200e-01 
2.6 2.65 2.7 1.08294e+01 3.55016e-01 8.81415e+00 2.51697e-01 1.16408e+01 5.18453e-01 9.25111e+00 2.72072e-01 1.05661e+01 3.29919e-01 1.19882e+01 4.76781e-01 1.11526e+01 3.88410e-01 
2.7 2.75 2.8 7.03056e+00 2.71815e-01 5.75464e+00 1.91664e-01 7.30251e+00 3.99338e-01 6.05777e+00 2.07463e-01 6.85657e+00 2.52356e-01 7.62700e+00 3.65369e-01 7.21948e+00 2.97158e-01 
2.8 2.85 2.9 5.17410e+00 2.22353e-01 4.15355e+00 1.56730e-01 5.60704e+00 3.24268e-01 4.39679e+00 1.70702e-01 5.01703e+00 2.05490e-01 5.75319e+00 2.96513e-01 5.35045e+00 2.44204e-01 
2.9 2.95 3.0 3.61213e+00 1.76292e-01 2.86537e+00 1.25450e-01 3.96591e+00 2.53193e-01 3.05123e+00 1.35441e-01 3.49126e+00 1.64770e-01 4.08545e+00 2.34585e-01 3.73716e+00 1.91527e-01 
3.0 3.05 3.1 2.40271e+00 1.52251e-01 1.86987e+00 1.08894e-01 2.62569e+00 1.90001e-01 2.01060e+00 1.18437e-01 2.27709e+00 1.41648e-01 2.66445e+00 1.73422e-01 2.51401e+00 1.66018e-01 
3.1 3.15 3.2 1.43323e+00 1.00751e-01 1.07747e+00 6.92291e-02 1.64751e+00 1.45344e-01 1.19502e+00 7.87318e-02 1.32064e+00 8.88240e-02 1.65011e+00 1.30882e-01 1.51672e+00 1.12410e-01 
3.2 3.25 3.3 8.24385e-01 7.19419e-02 6.31344e-01 5.18937e-02 9.44863e-01 9.82772e-02 6.86382e-01 5.70058e-02 7.79238e-01 6.65748e-02 9.55694e-01 9.14016e-02 8.79575e-01 7.84999e-02 
3.3 3.35 3.4 4.01463e-01 3.87790e-02 2.99097e-01 2.70017e-02 4.85798e-01 5.65112e-02 3.28642e-01 3.00600e-02 3.74562e-01 3.52392e-02 4.78282e-01 5.07738e-02 4.32191e-01 4.35272e-02 
3.4 3.45 3.5 1.84450e-01 2.19813e-02 1.33455e-01 1.56416e-02 2.26545e-01 2.96877e-02 1.49685e-01 1.74424e-02 1.68425e-01 2.01276e-02 2.23374e-01 2.77743e-02 1.99630e-01 2.41760e-02 
