-3.5 -3.45 -3.4 1.88848e+00 1.53870e-01 1.66058e+00 1.03410e-01 1.80600e+00 2.44221e-01 1.71203e+00 1.12647e-01 1.92673e+00 1.37057e-01 2.01827e+00 2.16009e-01 1.91943e+00 1.72346e-01 
-3.4 -3.35 -3.3 1.95907e+00 1.53000e-01 1.73664e+00 1.00926e-01 1.76089e+00 2.44004e-01 1.80289e+00 1.12389e-01 1.93888e+00 1.38220e-01 1.95994e+00 2.23965e-01 2.01445e+00 1.78850e-01 
-3.3 -3.25 -3.2 2.25856e+00 1.55091e-01 1.97661e+00 1.02883e-01 2.13958e+00 2.54263e-01 2.11658e+00 1.11073e-01 2.22134e+00 1.40346e-01 2.25932e+00 2.26667e-01 2.28066e+00 1.78972e-01 
-3.2 -3.15 -3.1 2.69540e+00 1.44765e-01 2.27994e+00 1.01401e-01 2.74710e+00 2.58569e-01 2.40055e+00 1.08074e-01 2.61707e+00 1.36707e-01 2.85422e+00 2.20165e-01 2.78975e+00 1.87580e-01 
-3.1 -3.05 -3.0 2.85713e+00 1.59784e-01 2.47014e+00 1.06258e-01 2.72043e+00 2.46820e-01 2.57628e+00 1.16934e-01 2.79424e+00 1.45180e-01 2.91089e+00 2.26636e-01 2.86781e+00 1.74368e-01 
-3.0 -2.95 -2.9 3.27445e+00 1.61375e-01 2.81134e+00 1.04424e-01 3.21105e+00 2.52507e-01 2.93997e+00 1.18822e-01 3.20675e+00 1.40726e-01 3.36493e+00 2.27407e-01 3.32522e+00 1.78796e-01 
-2.9 -2.85 -2.8 3.66087e+00 1.70736e-01 3.11601e+00 1.13053e-01 3.67861e+00 2.69190e-01 3.26752e+00 1.25451e-01 3.57203e+00 1.53463e-01 3.79750e+00 2.37506e-01 3.74198e+00 1.90041e-01 
-2.8 -2.75 -2.7 3.79560e+00 1.74793e-01 3.26485e+00 1.16348e-01 3.73089e+00 2.77224e-01 3.39625e+00 1.27569e-01 3.74037e+00 1.59258e-01 3.92614e+00 2.48742e-01 3.85671e+00 1.94468e-01 
-2.7 -2.65 -2.6 4.66960e+00 1.75583e-01 3.95490e+00 1.17207e-01 4.96566e+00 2.80126e-01 4.11364e+00 1.32811e-01 4.52747e+00 1.57855e-01 5.00643e+00 2.44535e-01 4.86320e+00 1.97967e-01 
-2.6 -2.55 -2.5 4.86406e+00 1.68650e-01 4.11924e+00 1.16233e-01 4.98530e+00 2.57282e-01 4.30085e+00 1.26074e-01 4.76329e+00 1.55516e-01 5.14979e+00 2.33757e-01 4.96150e+00 1.85081e-01 
-2.5 -2.45 -2.4 5.33937e+00 1.84161e-01 4.49490e+00 1.24136e-01 5.56756e+00 2.81834e-01 4.70125e+00 1.35696e-01 5.21385e+00 1.68329e-01 5.69743e+00 2.59801e-01 5.47605e+00 1.99760e-01 
-2.4 -2.35 -2.3 5.41063e+00 1.90611e-01 4.65071e+00 1.20700e-01 5.46352e+00 3.02001e-01 4.81484e+00 1.39237e-01 5.35753e+00 1.63472e-01 5.65926e+00 2.71454e-01 5.51311e+00 2.11314e-01 
-2.3 -2.25 -2.2 6.19756e+00 1.84817e-01 5.20613e+00 1.28049e-01 6.55005e+00 2.87062e-01 5.44128e+00 1.37186e-01 6.05260e+00 1.72866e-01 6.67005e+00 2.72919e-01 6.38103e+00 2.04112e-01 
-2.2 -2.15 -2.1 6.50018e+00 1.97258e-01 5.45249e+00 1.33208e-01 6.84300e+00 3.09283e-01 5.70314e+00 1.45400e-01 6.32114e+00 1.73509e-01 6.97454e+00 2.55126e-01 6.66451e+00 2.18250e-01 
-2.1 -2.05 -2.0 7.25221e+00 2.00220e-01 6.05025e+00 1.36922e-01 7.73623e+00 3.09432e-01 6.32937e+00 1.48826e-01 7.07006e+00 1.84047e-01 7.87671e+00 2.80003e-01 7.44076e+00 2.20418e-01 
-2.0 -1.95 -1.9 7.69317e+00 2.22743e-01 6.40381e+00 1.54325e-01 8.07455e+00 3.37233e-01 6.76604e+00 1.67184e-01 7.43264e+00 2.04929e-01 8.26835e+00 3.07834e-01 7.86889e+00 2.42945e-01 
-1.9 -1.85 -1.8 8.03179e+00 2.13712e-01 6.75018e+00 1.45114e-01 8.44079e+00 3.29004e-01 7.03914e+00 1.59374e-01 7.86971e+00 1.84658e-01 8.66719e+00 2.73763e-01 8.21405e+00 2.34476e-01 
-1.8 -1.75 -1.7 8.53520e+00 2.23877e-01 7.14654e+00 1.53669e-01 8.97639e+00 3.41886e-01 7.48628e+00 1.67810e-01 8.30798e+00 2.04341e-01 9.17522e+00 3.11058e-01 8.73784e+00 2.44933e-01 
-1.7 -1.65 -1.6 9.27317e+00 2.18887e-01 7.73701e+00 1.52407e-01 9.91351e+00 3.32229e-01 8.08989e+00 1.64972e-01 9.03924e+00 2.02055e-01 1.00671e+01 3.01498e-01 9.52095e+00 2.40099e-01 
-1.6 -1.55 -1.5 9.80022e+00 2.29360e-01 8.17765e+00 1.60642e-01 1.04680e+01 3.34618e-01 8.51496e+00 1.74702e-01 9.56283e+00 2.12977e-01 1.06557e+01 3.16409e-01 1.00479e+01 2.49975e-01 
-1.5 -1.45 -1.4 1.04402e+01 2.14078e-01 8.66144e+00 1.57022e-01 1.12630e+01 3.52058e-01 9.06826e+00 1.64456e-01 1.01742e+01 2.00276e-01 1.14270e+01 2.88690e-01 1.05960e+01 2.57262e-01 
-1.4 -1.35 -1.3 1.05399e+01 2.38884e-01 8.85571e+00 1.66719e-01 1.11011e+01 3.62718e-01 9.24008e+00 1.80045e-01 1.03042e+01 2.20968e-01 1.13428e+01 3.29615e-01 1.07831e+01 2.61450e-01 
-1.3 -1.25 -1.2 1.12001e+01 2.52683e-01 9.34293e+00 1.75579e-01 1.20026e+01 3.86299e-01 9.75850e+00 1.89610e-01 1.10236e+01 2.16804e-01 1.23555e+01 3.16787e-01 1.14882e+01 2.76707e-01 
-1.2 -1.15 -1.1 1.18438e+01 2.47865e-01 9.84071e+00 1.79214e-01 1.27261e+01 3.70988e-01 1.03122e+01 1.88690e-01 1.15049e+01 2.36696e-01 1.29078e+01 3.38588e-01 1.21572e+01 2.70136e-01 
-1.1 -1.05 -1.0 1.19171e+01 2.58454e-01 1.01611e+01 1.71165e-01 1.25110e+01 3.88612e-01 1.04612e+01 1.96133e-01 1.18498e+01 2.21193e-01 1.27951e+01 3.54603e-01 1.21806e+01 2.81527e-01 
-1.0 -0.95 -0.9 1.27295e+01 2.44547e-01 1.05956e+01 1.75694e-01 1.37354e+01 3.59331e-01 1.10628e+01 1.87778e-01 1.24172e+01 2.28828e-01 1.39205e+01 3.30358e-01 1.30628e+01 2.64527e-01 
-0.9 -0.85 -0.8 1.31017e+01 2.67171e-01 1.09275e+01 1.78235e-01 1.40346e+01 3.98988e-01 1.14054e+01 2.03280e-01 1.27851e+01 2.29739e-01 1.42496e+01 3.25494e-01 1.34081e+01 2.89849e-01 
-0.8 -0.75 -0.7 1.37603e+01 2.77436e-01 1.14608e+01 1.96827e-01 1.49006e+01 4.05599e-01 1.19596e+01 2.11164e-01 1.34290e+01 2.58381e-01 1.51972e+01 3.73752e-01 1.39827e+01 2.83593e-01 
-0.7 -0.65 -0.6 1.33331e+01 2.61735e-01 1.11276e+01 1.87247e-01 1.43567e+01 3.98293e-01 1.16045e+01 1.98312e-01 1.30253e+01 2.47770e-01 1.45450e+01 3.59421e-01 1.36877e+01 2.87658e-01 
-0.6 -0.55 -0.5 1.38424e+01 2.65246e-01 1.15783e+01 1.90059e-01 1.47861e+01 3.91475e-01 1.20731e+01 2.03152e-01 1.35267e+01 2.48121e-01 1.50391e+01 3.59837e-01 1.41757e+01 2.86884e-01 
-0.5 -0.45 -0.4 1.41020e+01 2.77160e-01 1.18601e+01 1.99656e-01 1.49456e+01 4.09331e-01 1.23225e+01 2.11958e-01 1.38443e+01 2.61542e-01 1.52712e+01 3.76692e-01 1.43994e+01 2.99518e-01 
-0.4 -0.35 -0.3 1.49516e+01 2.71807e-01 1.24483e+01 1.92976e-01 1.61261e+01 3.98559e-01 1.29856e+01 2.05705e-01 1.45942e+01 2.54682e-01 1.63519e+01 3.67058e-01 1.53308e+01 2.93443e-01 
-0.3 -0.25 -0.2 1.43450e+01 2.85814e-01 1.20630e+01 2.03895e-01 1.52490e+01 4.19039e-01 1.25598e+01 2.18350e-01 1.40464e+01 2.66807e-01 1.54773e+01 3.88976e-01 1.47174e+01 3.06917e-01 
-0.2 -0.15 -0.1 1.53146e+01 2.72908e-01 1.26397e+01 1.95001e-01 1.68249e+01 4.22573e-01 1.32077e+01 2.08615e-01 1.49016e+01 2.54955e-01 1.69691e+01 3.70953e-01 1.57388e+01 3.06339e-01 
-0.1 -0.05 0.0 1.52682e+01 2.83258e-01 1.27282e+01 2.02487e-01 1.62852e+01 4.14129e-01 1.32778e+01 2.16682e-01 1.49032e+01 2.64523e-01 1.65458e+01 3.83782e-01 1.55484e+01 3.03740e-01 
0.0 0.05 0.1 1.45809e+01 2.64518e-01 1.22518e+01 1.92855e-01 1.53542e+01 3.98612e-01 1.27292e+01 2.09834e-01 1.42065e+01 2.62428e-01 1.57645e+01 3.53331e-01 1.48419e+01 2.93923e-01 
0.1 0.15 0.2 1.51427e+01 2.76552e-01 1.25649e+01 1.98676e-01 1.64471e+01 4.25067e-01 1.31195e+01 2.12359e-01 1.47619e+01 2.58714e-01 1.66532e+01 3.73849e-01 1.55360e+01 3.09682e-01 
0.2 0.25 0.3 1.41488e+01 2.76135e-01 1.18781e+01 1.94277e-01 1.50388e+01 4.12423e-01 1.23744e+01 2.07852e-01 1.38451e+01 2.57479e-01 1.53401e+01 3.77523e-01 1.44869e+01 2.94627e-01 
0.3 0.35 0.4 1.44697e+01 2.60815e-01 1.19817e+01 1.86702e-01 1.58213e+01 3.85547e-01 1.25202e+01 1.99815e-01 1.40898e+01 2.43576e-01 1.59772e+01 3.87253e-01 1.48786e+01 2.82595e-01 
0.4 0.45 0.5 1.46134e+01 2.76477e-01 1.21225e+01 1.98493e-01 1.58308e+01 4.10988e-01 1.26802e+01 2.11055e-01 1.42177e+01 2.60401e-01 1.60284e+01 3.76610e-01 1.49981e+01 2.99870e-01 
0.5 0.55 0.6 1.44256e+01 2.56127e-01 1.20146e+01 1.87775e-01 1.55219e+01 3.66548e-01 1.25268e+01 1.99530e-01 1.40913e+01 2.41370e-01 1.57977e+01 3.39961e-01 1.47366e+01 2.74425e-01 
0.6 0.65 0.7 1.41833e+01 2.68481e-01 1.18216e+01 1.92946e-01 1.54469e+01 3.61596e-01 1.23162e+01 2.05282e-01 1.38679e+01 2.52594e-01 1.56569e+01 3.34323e-01 1.45412e+01 2.90894e-01 
0.7 0.75 0.8 1.35358e+01 2.73239e-01 1.12910e+01 1.95146e-01 1.45793e+01 4.09772e-01 1.17678e+01 2.07618e-01 1.32328e+01 2.57153e-01 1.48291e+01 3.80364e-01 1.38795e+01 2.97087e-01 
0.8 0.85 0.9 1.27487e+01 2.65826e-01 1.07205e+01 1.88078e-01 1.34305e+01 4.00121e-01 1.11618e+01 2.01893e-01 1.24866e+01 2.47359e-01 1.37552e+01 3.64423e-01 1.30167e+01 2.89151e-01 
0.9 0.95 1.0 1.25872e+01 2.59711e-01 1.05443e+01 1.83175e-01 1.34862e+01 3.90637e-01 1.10015e+01 1.97228e-01 1.23203e+01 2.40554e-01 1.37604e+01 3.55114e-01 1.29145e+01 2.82699e-01 
1.0 1.05 1.1 1.24584e+01 2.59210e-01 1.04406e+01 1.85057e-01 1.32315e+01 3.84590e-01 1.08749e+01 1.97952e-01 1.21948e+01 2.42237e-01 1.35115e+01 3.52879e-01 1.27308e+01 2.80805e-01 
1.1 1.15 1.2 1.21983e+01 2.52157e-01 1.00817e+01 1.75724e-01 1.33040e+01 3.76599e-01 1.05602e+01 1.89797e-01 1.18503e+01 2.33126e-01 1.34306e+01 3.48785e-01 1.25500e+01 2.71722e-01 
1.2 1.25 1.3 1.12627e+01 2.46209e-01 9.37401e+00 1.71929e-01 1.21481e+01 3.73176e-01 9.79165e+00 1.85410e-01 1.09843e+01 2.28030e-01 1.23070e+01 3.40156e-01 1.15661e+01 2.68640e-01 
1.3 1.35 1.4 1.06782e+01 2.34600e-01 8.93673e+00 1.66108e-01 1.14414e+01 3.37397e-01 9.33165e+00 1.78727e-01 1.04258e+01 2.17954e-01 1.15582e+01 3.20023e-01 1.10016e+01 2.47917e-01 
1.4 1.45 1.5 1.00899e+01 2.11403e-01 8.41488e+00 1.49416e-01 1.06828e+01 3.28145e-01 8.74217e+00 1.64194e-01 9.84351e+00 1.96599e-01 1.09828e+01 2.88885e-01 1.02702e+01 2.37182e-01 
1.5 1.55 1.6 9.63416e+00 2.04813e-01 8.07179e+00 1.47486e-01 1.01386e+01 2.98735e-01 8.44154e+00 1.58089e-01 9.38972e+00 1.91117e-01 1.03386e+01 2.74029e-01 9.84453e+00 2.21363e-01 
1.6 1.65 1.7 9.22607e+00 2.31036e-01 7.72528e+00 1.59656e-01 9.66835e+00 3.52209e-01 8.06992e+00 1.72055e-01 9.00699e+00 2.14295e-01 9.99878e+00 3.25605e-01 9.38085e+00 2.51209e-01 
1.7 1.75 1.8 8.85455e+00 2.26299e-01 7.32962e+00 1.54922e-01 9.47015e+00 2.95412e-01 7.69955e+00 1.68491e-01 8.58110e+00 1.92592e-01 9.53542e+00 2.69561e-01 9.05149e+00 2.16609e-01 
1.8 1.85 1.9 8.05231e+00 2.10438e-01 6.75165e+00 1.50983e-01 8.44302e+00 3.21774e-01 7.06696e+00 1.57519e-01 7.84502e+00 2.03155e-01 8.64824e+00 2.92321e-01 8.23176e+00 2.30537e-01 
1.9 1.95 2.0 7.77944e+00 2.11016e-01 6.48326e+00 1.44183e-01 8.30087e+00 2.82426e-01 6.72993e+00 1.47388e-01 7.57668e+00 1.93612e-01 8.44672e+00 2.95207e-01 7.98361e+00 2.06600e-01 
2.0 2.05 2.1 6.98025e+00 1.93266e-01 5.88432e+00 1.29090e-01 7.23591e+00 2.97712e-01 6.14139e+00 1.40006e-01 6.81465e+00 1.71822e-01 7.43106e+00 2.69351e-01 7.13451e+00 2.12713e-01 
2.1 2.15 2.2 6.29343e+00 1.87688e-01 5.30924e+00 1.33411e-01 6.41174e+00 2.90504e-01 5.53160e+00 1.45542e-01 6.13491e+00 1.77661e-01 6.63308e+00 2.62961e-01 6.40933e+00 2.06534e-01 
2.2 2.25 2.3 6.06860e+00 1.91900e-01 5.11682e+00 1.29019e-01 6.38494e+00 2.82056e-01 5.40878e+00 1.35098e-01 5.97610e+00 1.66411e-01 6.53256e+00 2.54415e-01 6.21932e+00 2.13567e-01 
2.3 2.35 2.4 5.33840e+00 1.82606e-01 4.59862e+00 1.22598e-01 5.35314e+00 2.80407e-01 4.72256e+00 1.32973e-01 5.24502e+00 1.65590e-01 5.60347e+00 2.57390e-01 5.40160e+00 1.98817e-01 
2.4 2.45 2.5 5.14692e+00 1.58005e-01 4.32503e+00 1.09085e-01 5.14970e+00 2.77868e-01 4.51878e+00 1.18653e-01 5.01392e+00 1.45078e-01 5.50122e+00 2.17691e-01 5.12967e+00 1.96190e-01 
2.5 2.55 2.6 5.07137e+00 1.78576e-01 4.21591e+00 1.19642e-01 5.42727e+00 2.81406e-01 4.41979e+00 1.31170e-01 4.93384e+00 1.62731e-01 5.51585e+00 2.52558e-01 5.21368e+00 1.98361e-01 
2.6 2.65 2.7 4.20154e+00 1.66459e-01 3.59762e+00 1.11797e-01 4.08636e+00 2.73754e-01 3.71961e+00 1.26371e-01 4.11601e+00 1.51901e-01 4.34833e+00 2.35125e-01 4.21631e+00 1.92051e-01 
2.7 2.75 2.8 4.12405e+00 1.74094e-01 3.41613e+00 1.13308e-01 4.11230e+00 2.70506e-01 3.64633e+00 1.27152e-01 3.92748e+00 1.54421e-01 4.36624e+00 2.47784e-01 4.13393e+00 1.90035e-01 
2.8 2.85 2.9 3.67103e+00 1.72699e-01 3.16268e+00 1.04912e-01 3.66454e+00 2.70885e-01 3.26386e+00 1.25643e-01 3.65279e+00 1.41883e-01 3.84612e+00 2.46720e-01 3.71313e+00 1.89488e-01 
2.9 2.95 3.0 2.94921e+00 1.63922e-01 2.60117e+00 1.09115e-01 2.85068e+00 2.63130e-01 2.68747e+00 1.13725e-01 2.91307e+00 1.49007e-01 2.93256e+00 2.33614e-01 3.03760e+00 1.86191e-01 
3.0 3.05 3.1 3.00509e+00 1.69104e-01 2.55653e+00 1.08167e-01 2.96001e+00 2.71152e-01 2.67130e+00 1.22803e-01 2.91697e+00 1.49899e-01 3.10044e+00 2.41926e-01 3.05313e+00 1.89015e-01 
3.1 3.15 3.2 2.82102e+00 1.58701e-01 2.35842e+00 1.06161e-01 2.72115e+00 2.52833e-01 2.47152e+00 1.17477e-01 2.68204e+00 1.44240e-01 2.94514e+00 2.24191e-01 2.80289e+00 1.78262e-01 
3.2 3.25 3.3 2.28147e+00 1.59280e-01 2.01785e+00 1.06830e-01 2.13594e+00 2.47337e-01 2.08028e+00 1.17478e-01 2.27024e+00 1.44800e-01 2.27155e+00 2.23808e-01 2.30741e+00 1.75920e-01 
3.3 3.35 3.4 2.11164e+00 1.51920e-01 1.78313e+00 1.02527e-01 1.98038e+00 2.29202e-01 1.88370e+00 1.10668e-01 2.05245e+00 1.42616e-01 2.08916e+00 2.05750e-01 2.14665e+00 1.68896e-01 
3.4 3.45 3.5 1.72673e+00 1.48631e-01 1.53353e+00 9.87009e-02 1.48368e+00 2.29380e-01 1.59708e+00 1.09001e-01 1.70863e+00 1.34602e-01 1.66779e+00 2.10083e-01 1.73601e+00 1.66119e-01 
