-3.5 -3.45 -3.4 1.86610e+02 6.56397e+00 1.53389e+02 4.25867e+00 1.97754e+02 1.07435e+01 1.56583e+02 4.55397e+00 1.85969e+02 6.12676e+00 2.04587e+02 1.00507e+01 1.86486e+02 7.01676e+00 
-3.4 -3.35 -3.3 2.11952e+02 6.86619e+00 1.72183e+02 4.40684e+00 2.33732e+02 1.11795e+01 1.77051e+02 4.71298e+00 2.08746e+02 6.41802e+00 2.40225e+02 1.02784e+01 2.14739e+02 7.38451e+00 
-3.3 -3.25 -3.2 2.45073e+02 6.67080e+00 2.00158e+02 4.32329e+00 2.67984e+02 1.09439e+01 2.04143e+02 4.58193e+00 2.43822e+02 6.28967e+00 2.75066e+02 1.01958e+01 2.47740e+02 7.16746e+00 
-3.2 -3.15 -3.1 2.64180e+02 6.93221e+00 2.17301e+02 4.50951e+00 2.88562e+02 1.15010e+01 2.21019e+02 4.76381e+00 2.62653e+02 6.56790e+00 2.93824e+02 1.06239e+01 2.67040e+02 7.50775e+00 
-3.1 -3.05 -3.0 2.95415e+02 6.88541e+00 2.41307e+02 4.48134e+00 3.26124e+02 1.14387e+01 2.46325e+02 4.71525e+00 2.92943e+02 6.54407e+00 3.30276e+02 1.05901e+01 2.99084e+02 7.41452e+00 
-3.0 -2.95 -2.9 3.33809e+02 7.15158e+00 2.70855e+02 4.55357e+00 3.78171e+02 1.14712e+01 2.77464e+02 4.89886e+00 3.29778e+02 6.62239e+00 3.76553e+02 1.10075e+01 3.38977e+02 7.69634e+00 
-2.9 -2.85 -2.8 3.43159e+02 6.91978e+00 2.82029e+02 4.50747e+00 3.80972e+02 1.09986e+01 2.87688e+02 4.74533e+00 3.40805e+02 6.57105e+00 3.80633e+02 1.06382e+01 3.50393e+02 7.18199e+00 
-2.8 -2.75 -2.7 3.72790e+02 7.10133e+00 3.06302e+02 4.61448e+00 4.07960e+02 1.16422e+01 3.12284e+02 4.86300e+00 3.71358e+02 6.73417e+00 4.14336e+02 1.09386e+01 3.76454e+02 7.54724e+00 
-2.7 -2.65 -2.6 4.02712e+02 7.20991e+00 3.32326e+02 4.68040e+00 4.38707e+02 1.17781e+01 3.37569e+02 4.94945e+00 4.01335e+02 6.84602e+00 4.52839e+02 1.09496e+01 4.05378e+02 7.65417e+00 
-2.6 -2.55 -2.5 4.26205e+02 7.05277e+00 3.52182e+02 4.68598e+00 4.62082e+02 1.14309e+01 3.58609e+02 4.84776e+00 4.24793e+02 6.70722e+00 4.71108e+02 1.10320e+01 4.29813e+02 7.44217e+00 
-2.5 -2.45 -2.4 4.48780e+02 7.19951e+00 3.72656e+02 4.70497e+00 4.83887e+02 1.16982e+01 3.77740e+02 4.92905e+00 4.48953e+02 6.86709e+00 4.94795e+02 1.11010e+01 4.50528e+02 7.50386e+00 
-2.4 -2.35 -2.3 4.97450e+02 7.33176e+00 4.07633e+02 4.68466e+00 5.55663e+02 1.17154e+01 4.14166e+02 5.02751e+00 4.94041e+02 6.79435e+00 5.57856e+02 1.12946e+01 5.04959e+02 7.61819e+00 
-2.3 -2.25 -2.2 5.25934e+02 7.38004e+00 4.32452e+02 4.84424e+00 5.78255e+02 1.19333e+01 4.38875e+02 5.07693e+00 5.23007e+02 6.97020e+00 5.87086e+02 1.14095e+01 5.29387e+02 7.75695e+00 
-2.2 -2.15 -2.1 5.33893e+02 7.48698e+00 4.44190e+02 4.93527e+00 5.76774e+02 1.22333e+01 4.50055e+02 5.15566e+00 5.33466e+02 7.19019e+00 5.86860e+02 1.15200e+01 5.37291e+02 7.92774e+00 
-2.1 -2.05 -2.0 5.77402e+02 7.48718e+00 4.75658e+02 4.96359e+00 6.33311e+02 1.20916e+01 4.84102e+02 5.13661e+00 5.73665e+02 7.24145e+00 6.42836e+02 1.15221e+01 5.81276e+02 7.95208e+00 
-2.0 -1.95 -1.9 6.05274e+02 7.66346e+00 5.00387e+02 5.02175e+00 6.64332e+02 1.24154e+01 5.07009e+02 5.24173e+00 6.04818e+02 7.33145e+00 6.75987e+02 1.18378e+01 6.08829e+02 8.02332e+00 
-1.9 -1.85 -1.8 6.36518e+02 7.72408e+00 5.26308e+02 5.06927e+00 6.99587e+02 1.25188e+01 5.33405e+02 5.29048e+00 6.35717e+02 7.38996e+00 7.09860e+02 1.19135e+01 6.40761e+02 8.10144e+00 
-1.8 -1.75 -1.7 6.48598e+02 7.56386e+00 5.37918e+02 4.99789e+00 6.96127e+02 1.25195e+01 5.45054e+02 5.19518e+00 6.46443e+02 7.28937e+00 7.16505e+02 1.16457e+01 6.47381e+02 8.06645e+00 
-1.7 -1.65 -1.6 6.82866e+02 7.67793e+00 5.65344e+02 5.08724e+00 7.46334e+02 1.21794e+01 5.72221e+02 5.26977e+00 6.82678e+02 7.40470e+00 7.61845e+02 1.18172e+01 6.84259e+02 7.91420e+00 
-1.6 -1.55 -1.5 7.11006e+02 7.76238e+00 5.87578e+02 5.14863e+00 7.81961e+02 1.24629e+01 5.95569e+02 5.31746e+00 7.10968e+02 7.18934e+00 7.94103e+02 1.19776e+01 7.14643e+02 8.06746e+00 
-1.5 -1.45 -1.4 7.30876e+02 7.85145e+00 6.06259e+02 5.11704e+00 8.02570e+02 1.24776e+01 6.12284e+02 5.35421e+00 7.32233e+02 7.44580e+00 8.19881e+02 1.18493e+01 7.33634e+02 8.10992e+00 
-1.4 -1.35 -1.3 7.59799e+02 7.86087e+00 6.28709e+02 5.22779e+00 8.34540e+02 1.25530e+01 6.36366e+02 5.39460e+00 7.59162e+02 7.61456e+00 8.49033e+02 1.21050e+01 7.62339e+02 8.14274e+00 
-1.3 -1.25 -1.2 7.80342e+02 8.00190e+00 6.45718e+02 5.30788e+00 8.57982e+02 1.28224e+01 6.53596e+02 5.47830e+00 7.79559e+02 7.74774e+00 8.72248e+02 1.23591e+01 7.83172e+02 8.29081e+00 
-1.2 -1.15 -1.1 7.93032e+02 7.83440e+00 6.56429e+02 5.21780e+00 8.72629e+02 1.24891e+01 6.64423e+02 5.37887e+00 7.92034e+02 7.59603e+00 8.86006e+02 1.20632e+01 7.94447e+02 8.10358e+00 
-1.1 -1.05 -1.0 8.17721e+02 7.52853e+00 6.75927e+02 5.06787e+00 9.05459e+02 1.20281e+01 6.84488e+02 5.26141e+00 8.17173e+02 7.31644e+00 9.16043e+02 1.16873e+01 8.21816e+02 7.86015e+00 
-1.0 -0.95 -0.9 8.19524e+02 8.00999e+00 6.82382e+02 5.36169e+00 8.93213e+02 1.27629e+01 6.89223e+02 5.49137e+00 8.20756e+02 7.82452e+00 9.08881e+02 1.23550e+01 8.21571e+02 8.26478e+00 
-0.9 -0.85 -0.8 8.56892e+02 7.93681e+00 7.07633e+02 5.30391e+00 9.50414e+02 1.26249e+01 7.16187e+02 5.45728e+00 8.56427e+02 7.71969e+00 9.62398e+02 1.22012e+01 8.59176e+02 8.18318e+00 
-0.8 -0.75 -0.7 8.75178e+02 7.92186e+00 7.22323e+02 5.29660e+00 9.69405e+02 1.20759e+01 7.31134e+02 5.44798e+00 8.73361e+02 7.69350e+00 9.82088e+02 1.21460e+01 8.77949e+02 7.90251e+00 
-0.7 -0.65 -0.6 8.73420e+02 7.94419e+00 7.23716e+02 5.31753e+00 9.62605e+02 1.27313e+01 7.32047e+02 5.46561e+00 8.72577e+02 7.72387e+00 9.75699e+02 1.22047e+01 8.77225e+02 8.16015e+00 
-0.6 -0.55 -0.5 8.93285e+02 7.92467e+00 7.40982e+02 5.15281e+00 9.93729e+02 1.26337e+01 7.45923e+02 5.44787e+00 8.97890e+02 7.43549e+00 1.00540e+03 1.21915e+01 9.01944e+02 7.71010e+00 
-0.5 -0.45 -0.4 8.96016e+02 8.07888e+00 7.41630e+02 5.40368e+00 9.90624e+02 1.26312e+01 7.49771e+02 5.54647e+00 8.95496e+02 7.86667e+00 1.00434e+03 1.24447e+01 8.99385e+02 8.21281e+00 
-0.4 -0.35 -0.3 8.93208e+02 8.12476e+00 7.41417e+02 5.43817e+00 9.84673e+02 1.28277e+01 7.49228e+02 5.57984e+00 8.93240e+02 7.91088e+00 9.96416e+02 1.25110e+01 8.97709e+02 8.32590e+00 
-0.3 -0.25 -0.2 9.08611e+02 7.91803e+00 7.51716e+02 5.33735e+00 1.00526e+03 1.24604e+01 7.59977e+02 5.47096e+00 9.07934e+02 7.71915e+00 1.01947e+03 1.21064e+01 9.09611e+02 8.30237e+00 
-0.2 -0.15 -0.1 9.25004e+02 8.16079e+00 7.63897e+02 5.46766e+00 1.02747e+03 1.29237e+01 7.72498e+02 5.60758e+00 9.23922e+02 7.95321e+00 1.04092e+03 1.25584e+01 9.27979e+02 8.49144e+00 
-0.1 -0.05 0.0 9.24400e+02 8.01813e+00 7.65819e+02 5.36579e+00 1.02549e+03 1.27319e+01 7.72740e+02 5.51643e+00 9.25977e+02 7.78898e+00 1.03938e+03 1.22162e+01 9.26761e+02 8.30277e+00 
0.0 0.05 0.1 9.05904e+02 7.85736e+00 7.51651e+02 5.28671e+00 9.96380e+02 1.23923e+01 7.58572e+02 5.45843e+00 9.05592e+02 7.64220e+00 1.01105e+03 1.20038e+01 9.06824e+02 8.28154e+00 
0.1 0.15 0.2 9.08980e+02 7.99948e+00 7.52658e+02 5.45293e+00 1.00081e+03 1.26280e+01 7.61715e+02 5.51413e+00 9.06923e+02 7.92451e+00 1.01579e+03 1.22630e+01 9.11549e+02 8.22450e+00 
0.2 0.25 0.3 9.07263e+02 8.13708e+00 7.51058e+02 5.43350e+00 1.00239e+03 1.29439e+01 7.59081e+02 5.58172e+00 9.06960e+02 7.91440e+00 1.01473e+03 1.16001e+01 9.09480e+02 8.41710e+00 
0.3 0.35 0.4 9.05720e+02 8.19936e+00 7.49719e+02 5.48138e+00 1.00100e+03 1.30409e+01 7.57903e+02 5.63074e+00 9.05513e+02 7.97671e+00 1.01571e+03 1.26322e+01 9.08711e+02 8.45209e+00 
0.4 0.45 0.5 8.97196e+02 7.96831e+00 7.42251e+02 5.34629e+00 9.92293e+02 1.26117e+01 7.50382e+02 5.48731e+00 8.96667e+02 7.75776e+00 1.00666e+03 1.22287e+01 9.00181e+02 8.20566e+00 
0.5 0.55 0.6 8.93813e+02 7.89510e+00 7.38263e+02 5.31486e+00 9.91493e+02 1.24369e+01 7.46205e+02 5.46969e+00 8.93025e+02 7.69531e+00 1.00542e+03 1.20783e+01 8.97074e+02 8.11917e+00 
0.6 0.65 0.7 8.80427e+02 7.96481e+00 7.25819e+02 5.27167e+00 9.74613e+02 1.26366e+01 7.35871e+02 5.47552e+00 8.76639e+02 7.64423e+00 9.83351e+02 1.20479e+01 8.83341e+02 8.20560e+00 
0.7 0.75 0.8 8.69719e+02 8.05653e+00 7.21441e+02 5.08003e+00 9.60470e+02 1.29333e+01 7.26926e+02 5.52367e+00 8.72735e+02 7.32605e+00 9.75921e+02 1.24111e+01 8.71993e+02 8.37256e+00 
0.8 0.85 0.9 8.52452e+02 8.00867e+00 7.08844e+02 5.12998e+00 9.39889e+02 1.26702e+01 7.14008e+02 5.51919e+00 8.56539e+02 7.35551e+00 9.57209e+02 1.21680e+01 8.56025e+02 8.25260e+00 
0.9 0.95 1.0 8.34021e+02 7.92168e+00 6.89356e+02 5.28653e+00 9.17175e+02 1.26667e+01 6.97402e+02 5.43731e+00 8.33196e+02 7.69708e+00 9.35650e+02 1.22040e+01 8.34335e+02 8.20429e+00 
1.0 1.05 1.1 8.17531e+02 7.64586e+00 6.75811e+02 5.23324e+00 8.99090e+02 1.26812e+01 6.83924e+02 5.27097e+00 8.16447e+02 7.62530e+00 9.13834e+02 1.22669e+01 8.20017e+02 7.89708e+00 
1.1 1.15 1.2 8.10986e+02 8.02016e+00 6.68653e+02 5.31327e+00 9.01267e+02 1.27648e+01 6.77791e+02 5.49696e+00 8.08684e+02 7.72348e+00 9.21098e+02 1.17567e+01 8.15485e+02 8.36125e+00 
1.2 1.25 1.3 7.83744e+02 7.75824e+00 6.50131e+02 5.18435e+00 8.63653e+02 1.22739e+01 6.56672e+02 5.34714e+00 7.85124e+02 7.51314e+00 8.76713e+02 1.22195e+01 7.86361e+02 8.01512e+00 
1.3 1.35 1.4 7.51105e+02 7.80996e+00 6.26162e+02 5.06299e+00 8.28155e+02 1.21686e+01 6.30323e+02 5.36386e+00 7.52530e+02 7.60910e+00 8.39081e+02 1.21010e+01 7.56669e+02 7.97660e+00 
1.4 1.45 1.5 7.50464e+02 7.84556e+00 6.17436e+02 5.13681e+00 8.32164e+02 1.25574e+01 6.24305e+02 5.18883e+00 7.48417e+02 7.60050e+00 8.43789e+02 1.20926e+01 7.51043e+02 7.77915e+00 
1.5 1.55 1.6 7.05588e+02 7.67401e+00 5.84429e+02 5.10860e+00 7.70102e+02 1.23230e+01 5.92067e+02 5.27575e+00 7.04494e+02 7.42826e+00 7.85614e+02 1.17960e+01 7.07155e+02 8.00060e+00 
1.6 1.65 1.7 6.87423e+02 7.55663e+00 5.67221e+02 5.02452e+00 7.59303e+02 1.23370e+01 5.75181e+02 5.20175e+00 6.85626e+02 7.29687e+00 7.70558e+02 1.17122e+01 6.90224e+02 7.89397e+00 
1.7 1.75 1.8 6.57293e+02 7.63719e+00 5.43530e+02 5.04429e+00 7.20969e+02 1.22606e+01 5.51225e+02 5.24053e+00 6.61545e+02 6.84309e+00 7.28573e+02 1.17200e+01 6.64753e+02 7.77716e+00 
1.8 1.85 1.9 6.35988e+02 7.46431e+00 5.23648e+02 5.03663e+00 6.95057e+02 1.24086e+01 5.32910e+02 5.14645e+00 6.31577e+02 7.32819e+00 7.05021e+02 1.17403e+01 6.40402e+02 7.93644e+00 
1.9 1.95 2.0 6.14351e+02 7.37995e+00 5.04611e+02 4.89063e+00 6.83540e+02 1.16712e+01 5.11434e+02 5.19126e+00 6.11566e+02 7.08611e+00 6.90706e+02 1.12896e+01 6.20080e+02 7.63806e+00 
2.0 2.05 2.1 5.81822e+02 7.33306e+00 4.74827e+02 4.94934e+00 6.30554e+02 1.21796e+01 4.86188e+02 5.04730e+00 5.75074e+02 7.10004e+00 6.40976e+02 1.15869e+01 5.77754e+02 7.93612e+00 
2.1 2.15 2.2 5.63011e+02 7.47779e+00 4.62427e+02 4.88499e+00 6.23565e+02 1.21154e+01 4.69746e+02 5.12248e+00 5.60904e+02 7.11684e+00 6.32683e+02 1.15297e+01 5.67220e+02 7.84536e+00 
2.2 2.25 2.3 5.26043e+02 7.33685e+00 4.35626e+02 4.79006e+00 5.75165e+02 1.18677e+01 4.40774e+02 5.05021e+00 5.27067e+02 6.94600e+00 5.86013e+02 1.12560e+01 5.29031e+02 7.73290e+00 
2.3 2.35 2.4 4.99772e+02 7.15396e+00 4.10418e+02 4.72125e+00 5.45708e+02 1.15227e+01 4.17185e+02 4.94326e+00 4.96107e+02 6.84514e+00 5.57679e+02 1.09414e+01 5.03462e+02 7.54587e+00 
2.4 2.45 2.5 4.58650e+02 7.27668e+00 3.79644e+02 4.77592e+00 4.97378e+02 1.18252e+01 3.85552e+02 4.99825e+00 4.57685e+02 6.94921e+00 5.09004e+02 1.11608e+01 4.61654e+02 7.68653e+00 
2.5 2.55 2.6 4.26594e+02 7.05630e+00 3.50886e+02 4.71659e+00 4.61193e+02 1.16505e+01 3.58141e+02 4.85828e+00 4.22809e+02 6.87344e+00 4.69843e+02 1.10106e+01 4.29432e+02 7.45321e+00 
2.6 2.65 2.7 4.14860e+02 7.11716e+00 3.40817e+02 4.45877e+00 4.59111e+02 1.15877e+01 3.45201e+02 4.76811e+00 4.13000e+02 6.83368e+00 4.65551e+02 1.06971e+01 4.17095e+02 7.30018e+00 
2.7 2.75 2.8 3.71932e+02 7.22047e+00 3.09887e+02 4.60811e+00 4.03673e+02 1.17450e+01 3.13368e+02 4.92966e+00 3.70317e+02 6.85463e+00 4.12094e+02 1.10676e+01 3.76460e+02 7.56009e+00 
2.8 2.85 2.9 3.49962e+02 6.80671e+00 2.86424e+02 4.46331e+00 3.84080e+02 1.11231e+01 2.92359e+02 4.68189e+00 3.46891e+02 6.46961e+00 3.92006e+02 1.01866e+01 3.51010e+02 7.24950e+00 
2.9 2.95 3.0 3.05924e+02 6.97558e+00 2.52142e+02 4.51907e+00 3.34132e+02 1.14957e+01 2.57459e+02 4.78436e+00 3.04182e+02 6.61159e+00 3.36435e+02 1.07165e+01 3.11154e+02 7.46795e+00 
3.0 3.05 3.1 2.67647e+02 6.52753e+00 2.23310e+02 4.26833e+00 2.76899e+02 1.06619e+01 2.28667e+02 4.43917e+00 2.66717e+02 6.18826e+00 2.88301e+02 9.96736e+00 2.66950e+02 6.96338e+00 
3.1 3.15 3.2 2.70509e+02 6.59859e+00 2.20282e+02 4.33181e+00 2.98151e+02 1.07439e+01 2.25202e+02 4.55604e+00 2.69005e+02 6.21402e+00 3.08803e+02 9.85924e+00 2.73246e+02 6.99728e+00 
3.2 3.25 3.3 2.47079e+02 6.53198e+00 2.00446e+02 4.27444e+00 2.73690e+02 1.07325e+01 2.04555e+02 4.56172e+00 2.45478e+02 6.13343e+00 2.78960e+02 9.89669e+00 2.49784e+02 7.08495e+00 
3.3 3.35 3.4 2.09938e+02 6.47258e+00 1.72599e+02 4.20826e+00 2.27251e+02 1.05597e+01 1.76518e+02 4.47154e+00 2.08272e+02 6.08794e+00 2.30682e+02 9.84566e+00 2.13910e+02 6.96120e+00 
3.4 3.45 3.5 1.90644e+02 6.32878e+00 1.55278e+02 4.04131e+00 2.10727e+02 1.03891e+01 1.58765e+02 4.35874e+00 1.88814e+02 5.84067e+00 2.13437e+02 9.54859e+00 1.93859e+02 6.80149e+00 
