0.0 0.05 0.1 0.00000e+00 0.00000e+00 0.00000e+00 0.00000e+00 0.00000e+00 0.00000e+00 0.00000e+00 0.00000e+00 0.00000e+00 0.00000e+00 0.00000e+00 0.00000e+00 0.00000e+00 0.00000e+00 
0.1 0.15 0.2 0.00000e+00 0.00000e+00 0.00000e+00 0.00000e+00 0.00000e+00 0.00000e+00 0.00000e+00 0.00000e+00 0.00000e+00 0.00000e+00 0.00000e+00 0.00000e+00 0.00000e+00 0.00000e+00 
0.2 0.25 0.3 0.00000e+00 0.00000e+00 0.00000e+00 0.00000e+00 0.00000e+00 0.00000e+00 0.00000e+00 0.00000e+00 0.00000e+00 0.00000e+00 0.00000e+00 0.00000e+00 0.00000e+00 0.00000e+00 
0.3 0.35 0.4 1.05387e+01 6.48731e-01 1.40453e+01 4.85812e-01 -3.48609e+00 9.59180e-01 1.32184e+01 5.00867e-01 1.27063e+01 6.33951e-01 2.23680e+00 8.81406e-01 7.93819e+00 6.98075e-01 
0.4 0.45 0.5 8.52063e+00 5.12440e-01 1.14982e+01 3.78526e-01 -3.37766e+00 7.41500e-01 1.08376e+01 4.00030e-01 1.02832e+01 4.85263e-01 1.47155e+00 6.86762e-01 6.29903e+00 5.48163e-01 
0.5 0.55 0.6 6.97032e+00 4.02526e-01 9.47566e+00 3.17259e-01 -3.10960e+00 5.67078e-01 8.94856e+00 3.18244e-01 8.40288e+00 4.08922e-01 1.02281e+00 5.30010e-01 5.05681e+00 4.27212e-01 
0.6 0.65 0.7 5.61444e+00 4.04072e-01 8.41161e+00 2.97640e-01 -4.59551e+00 5.85187e-01 7.81139e+00 3.14659e-01 7.12151e+00 3.82454e-01 -5.56780e-01 5.42262e-01 3.72194e+00 4.32247e-01 
0.7 0.75 0.8 5.20310e+00 3.95246e-01 7.80643e+00 2.86788e-01 -4.21395e+00 5.62252e-01 7.24175e+00 3.04338e-01 6.61069e+00 3.72255e-01 -4.58071e-01 5.19701e-01 3.47742e+00 4.13072e-01 
0.8 0.85 0.9 4.92773e+00 3.86780e-01 7.40553e+00 2.77167e-01 -4.02720e+00 5.43133e-01 6.85757e+00 2.89775e-01 6.27407e+00 3.58579e-01 -4.71746e-01 5.14763e-01 3.26787e+00 3.99982e-01 
0.9 0.95 1.0 4.54912e+00 3.70295e-01 7.00553e+00 2.68993e-01 -3.91589e+00 4.89469e-01 6.46912e+00 2.84826e-01 5.86159e+00 3.49804e-01 -7.61175e-01 5.03759e-01 2.92733e+00 3.98362e-01 
1.0 1.05 1.1 4.37835e+00 3.72894e-01 6.82084e+00 2.71534e-01 -4.29419e+00 5.45676e-01 6.28807e+00 2.87319e-01 5.67513e+00 3.52470e-01 -8.72642e-01 5.05334e-01 2.75426e+00 3.99450e-01 
1.1 1.15 1.2 4.37454e+00 3.70175e-01 6.75645e+00 2.76354e-01 -4.21705e+00 5.39881e-01 6.25550e+00 2.86149e-01 5.62017e+00 3.60024e-01 -8.04112e-01 5.00107e-01 2.75062e+00 3.96386e-01 
1.2 1.25 1.3 4.41724e+00 3.70266e-01 6.67840e+00 2.66168e-01 -3.41894e+00 5.30007e-01 6.17266e+00 2.81633e-01 5.63030e+00 3.45445e-01 -5.21818e-01 5.03253e-01 3.11008e+00 3.89214e-01 
1.3 1.35 1.4 3.74861e+00 3.52055e-01 6.20337e+00 2.56946e-01 -4.96830e+00 5.53855e-01 5.68475e+00 2.72164e-01 4.90526e+00 3.56550e-01 -1.59153e+00 5.24123e-01 2.26698e+00 4.00988e-01 
1.4 1.45 1.5 4.14131e+00 3.79231e-01 6.42348e+00 2.68312e-01 -3.95079e+00 5.64641e-01 5.92172e+00 2.84958e-01 5.27674e+00 3.62512e-01 -7.06904e-01 5.20079e-01 2.77513e+00 3.66727e-01 
1.5 1.55 1.6 4.60176e+00 3.96657e-01 6.74561e+00 2.84825e-01 -3.26105e+00 5.91055e-01 6.29611e+00 3.01903e-01 5.75430e+00 3.74333e-01 -1.91459e-01 5.44812e-01 3.11077e+00 4.27927e-01 
1.6 1.65 1.7 3.85408e+00 3.79095e-01 6.13413e+00 2.71339e-01 -4.15290e+00 5.64535e-01 5.64218e+00 2.88619e-01 5.04869e+00 3.56142e-01 -9.94232e-01 5.20290e-01 2.35160e+00 4.08321e-01 
1.7 1.75 1.8 3.12059e+00 3.89192e-01 5.61926e+00 2.77105e-01 -5.21403e+00 5.83424e-01 5.09595e+00 2.95391e-01 4.35366e+00 3.64695e-01 -2.00307e+00 5.36112e-01 1.57462e+00 4.20358e-01 
1.8 1.85 1.9 3.07825e+00 3.62088e-01 5.51972e+00 2.61227e-01 -5.04754e+00 6.05388e-01 5.02073e+00 2.76894e-01 4.29659e+00 3.40699e-01 -1.91069e+00 4.92605e-01 1.57355e+00 4.31514e-01 
1.9 1.95 2.0 2.84360e+00 4.05026e-01 5.41479e+00 2.83984e-01 -5.33974e+00 6.20238e-01 4.79892e+00 3.03149e-01 4.20012e+00 3.79109e-01 -2.16794e+00 5.66400e-01 1.30727e+00 4.40358e-01 
2.0 2.05 2.1 3.81672e+00 4.09124e-01 6.04234e+00 2.83794e-01 -3.88601e+00 6.24452e-01 5.52376e+00 3.06658e-01 5.08963e+00 3.60435e-01 -8.27696e-01 5.71007e-01 2.36959e+00 4.44368e-01 
2.1 2.15 2.2 3.16263e+00 3.83595e-01 5.62585e+00 2.61785e-01 -4.84972e+00 5.78012e-01 5.17985e+00 2.77284e-01 4.48306e+00 3.41963e-01 -1.38452e+00 5.00962e-01 1.66693e+00 4.15885e-01 
2.2 2.25 2.3 4.01610e+00 4.06738e-01 6.01756e+00 2.85462e-01 -3.60242e+00 6.14519e-01 5.65036e+00 3.05406e-01 5.01801e+00 3.79666e-01 -7.80403e-01 5.23889e-01 2.53948e+00 4.39023e-01 
2.3 2.35 2.4 2.58845e+00 3.88512e-01 4.99320e+00 2.80202e-01 -5.28458e+00 5.95031e-01 4.48004e+00 2.90706e-01 3.77354e+00 3.76741e-01 -2.21558e+00 5.42848e-01 1.04492e+00 4.39734e-01 
2.4 2.45 2.5 3.01713e+00 4.01217e-01 5.25906e+00 2.78827e-01 -4.43621e+00 6.16089e-01 4.79325e+00 2.99798e-01 4.13861e+00 3.72503e-01 -1.61005e+00 5.61258e-01 1.69386e+00 4.37308e-01 
2.5 2.55 2.6 3.24879e+00 3.80930e-01 5.31668e+00 2.77751e-01 -3.76367e+00 5.39683e-01 4.94000e+00 2.86913e-01 4.27782e+00 3.64345e-01 -1.04793e+00 5.28156e-01 1.94826e+00 4.38044e-01 
2.6 2.65 2.7 2.49942e+00 3.99500e-01 4.67679e+00 2.75772e-01 -4.78676e+00 6.36165e-01 4.26965e+00 2.69090e-01 3.52655e+00 3.72462e-01 -2.18083e+00 5.27755e-01 1.13421e+00 3.85985e-01 
2.7 2.75 2.8 2.61695e+00 3.79256e-01 4.74121e+00 2.68328e-01 -4.59271e+00 5.89354e-01 4.30976e+00 2.82836e-01 3.45977e+00 3.64354e-01 -1.76448e+00 5.77770e-01 1.27779e+00 4.14267e-01 
2.8 2.85 2.9 1.78891e+00 3.63112e-01 4.14259e+00 2.62073e-01 -5.57416e+00 6.03841e-01 3.50783e+00 2.79816e-01 2.97824e+00 3.54863e-01 -2.81251e+00 5.55933e-01 4.21659e-01 4.27394e-01 
2.9 2.95 3.0 1.62631e+00 3.96218e-01 3.92036e+00 2.68675e-01 -5.64056e+00 6.35719e-01 3.42933e+00 2.95325e-01 2.70370e+00 3.64814e-01 -2.80506e+00 5.63539e-01 2.24784e-01 4.43234e-01 
3.0 3.05 3.1 2.07299e+00 3.55026e-01 4.18224e+00 2.46713e-01 -4.91438e+00 5.40086e-01 3.61803e+00 2.77638e-01 2.96300e+00 3.30190e-01 -2.47296e+00 5.36922e-01 7.94570e-01 3.88338e-01 
3.1 3.15 3.2 1.97450e+00 3.48364e-01 3.75325e+00 2.55914e-01 -4.63759e+00 5.33629e-01 3.30620e+00 2.79821e-01 2.62848e+00 3.38417e-01 -2.40895e+00 5.15149e-01 7.10005e-01 3.80715e-01 
3.2 3.25 3.3 1.64404e+00 3.39835e-01 3.28919e+00 2.31817e-01 -3.81565e+00 5.49862e-01 2.94753e+00 2.51267e-01 2.44614e+00 3.12994e-01 -1.67946e+00 4.96785e-01 5.75694e-01 3.85437e-01 
3.3 3.35 3.4 1.13823e+00 3.25000e-01 2.73987e+00 2.23193e-01 -3.89748e+00 4.94142e-01 2.41826e+00 2.42555e-01 1.89386e+00 3.02907e-01 -2.07042e+00 4.49621e-01 1.62543e-01 3.52220e-01 
3.4 3.45 3.5 1.05858e+00 3.06448e-01 2.47338e+00 2.08639e-01 -3.44386e+00 4.35383e-01 2.18690e+00 2.27132e-01 1.82824e+00 2.84085e-01 -1.53846e+00 4.35117e-01 1.59766e-01 3.39834e-01 
3.5 3.55 3.6 6.28642e-01 2.89396e-01 1.99449e+00 1.91425e-01 -3.77466e+00 4.45750e-01 1.70192e+00 2.07136e-01 1.21213e+00 2.56877e-01 -2.01812e+00 4.07446e-01 -2.03333e-01 3.08556e-01 
3.6 3.65 3.7 4.40646e-01 2.70003e-01 1.76500e+00 1.85694e-01 -3.82954e+00 4.24191e-01 1.50170e+00 2.01258e-01 1.02796e+00 2.49016e-01 -2.14291e+00 3.77175e-01 -4.37655e-01 3.03088e-01 
3.7 3.75 3.8 3.57787e-01 2.50543e-01 1.57116e+00 1.78278e-01 -3.32575e+00 3.85471e-01 1.32503e+00 1.86689e-01 8.45183e-01 2.35228e-01 -1.90370e+00 3.49642e-01 -3.49290e-01 2.75084e-01 
3.8 3.85 3.9 8.34153e-01 2.52301e-01 1.74571e+00 1.67722e-01 -2.11075e+00 3.46863e-01 1.56345e+00 1.87603e-01 1.27181e+00 2.24020e-01 -9.51511e-01 3.46902e-01 2.74675e-01 2.78387e-01 
3.9 3.95 4.0 3.05488e-01 2.28808e-01 1.35654e+00 1.54642e-01 -2.73743e+00 3.51872e-01 1.09946e+00 1.73356e-01 8.26223e-01 2.05548e-01 -1.48443e+00 3.17505e-01 -2.24229e-01 2.52979e-01 
4.0 4.05 4.1 6.65047e-01 2.35181e-01 1.46447e+00 1.65519e-01 -2.02147e+00 3.62550e-01 1.31084e+00 1.77295e-01 1.03849e+00 2.20316e-01 -9.55473e-01 3.30243e-01 1.51874e-01 2.57051e-01 
4.1 4.15 4.2 1.55590e-01 2.21396e-01 1.01889e+00 1.50337e-01 -2.41244e+00 3.38376e-01 8.34868e-01 1.65435e-01 5.52560e-01 2.00721e-01 -1.41654e+00 3.07070e-01 -3.41362e-01 2.43361e-01 
4.2 4.25 4.3 1.25274e-01 2.03397e-01 9.16392e-01 1.43275e-01 -2.09227e+00 3.24435e-01 7.48307e-01 1.53842e-01 4.89644e-01 1.90056e-01 -1.31092e+00 2.78073e-01 -3.64312e-01 2.31866e-01 
4.3 4.35 4.4 -1.04700e-01 2.01978e-01 7.03904e-01 1.39108e-01 -2.38654e+00 3.04436e-01 5.48938e-01 1.51895e-01 2.64065e-01 1.84410e-01 -1.46527e+00 2.73464e-01 -5.08354e-01 2.20664e-01 
4.4 4.45 4.5 1.64738e-01 2.07188e-01 7.54614e-01 1.44870e-01 -1.69225e+00 3.08834e-01 6.39689e-01 1.56428e-01 4.27909e-01 1.92460e-01 -1.01194e+00 2.77685e-01 -2.08134e-01 2.26022e-01 
4.5 4.55 4.6 2.16799e-01 1.99767e-01 7.73804e-01 1.39114e-01 -1.51633e+00 2.88718e-01 6.58681e-01 1.50689e-01 4.77488e-01 1.83627e-01 -8.30706e-01 2.71510e-01 -1.21764e-01 2.16214e-01 
4.6 4.65 4.7 -2.71529e-02 1.86363e-01 5.51953e-01 1.30607e-01 -1.73709e+00 2.74362e-01 4.25764e-01 1.41794e-01 2.49375e-01 1.72333e-01 -1.04846e+00 2.52186e-01 -3.79038e-01 2.02921e-01 
4.7 4.75 4.8 5.19837e-02 1.74414e-01 5.18197e-01 1.23875e-01 -1.46279e+00 2.56616e-01 4.43340e-01 1.33284e-01 2.51407e-01 1.62406e-01 -8.75981e-01 2.35675e-01 -2.77676e-01 1.90917e-01 
4.8 4.85 4.9 2.64302e-01 1.73853e-01 5.86503e-01 1.22431e-01 -8.65114e-01 2.54363e-01 5.12550e-01 1.32315e-01 4.07998e-01 1.61593e-01 -4.24281e-01 2.33133e-01 2.90184e-02 1.89237e-01 
4.9 4.95 5.0 4.13556e-02 1.62380e-01 3.85173e-01 1.13512e-01 -1.03966e+00 2.40542e-01 3.20266e-01 1.23597e-01 1.90611e-01 1.49563e-01 -5.75720e-01 2.18748e-01 -1.87947e-01 1.78557e-01 
5.0 5.05 5.1 -7.11920e-02 1.59514e-01 2.70102e-01 1.11289e-01 -1.15490e+00 2.33218e-01 2.12628e-01 1.21018e-01 6.57412e-02 1.46493e-01 -7.13113e-01 2.15026e-01 -3.01277e-01 1.75969e-01 
5.1 5.15 5.2 -1.75928e-02 1.63058e-01 3.32243e-01 1.15001e-01 -8.65911e-01 2.31782e-01 2.24760e-01 1.25589e-01 1.97570e-01 1.49767e-01 -5.07762e-01 2.14501e-01 -1.60558e-01 1.77094e-01 
5.2 5.25 5.3 8.26879e-02 1.58713e-01 3.10546e-01 1.12665e-01 -6.02397e-01 2.23502e-01 2.49573e-01 1.22362e-01 1.95092e-01 1.46721e-01 -2.94301e-01 2.07704e-01 -6.54768e-02 1.72416e-01 
5.3 5.35 5.4 1.29995e-02 1.42399e-01 2.23060e-01 1.01140e-01 -5.67048e-01 2.05783e-01 1.72976e-01 1.09498e-01 1.28474e-01 1.32001e-01 -3.06067e-01 1.90333e-01 -8.94595e-02 1.55856e-01 
5.4 5.45 5.5 -2.16103e-01 1.20856e-01 9.64845e-03 8.59803e-02 -8.37609e-01 1.73440e-01 -3.79975e-02 9.31467e-02 -1.28621e-01 1.12020e-01 -5.84100e-01 1.59439e-01 -3.67411e-01 1.31609e-01 
5.5 5.55 5.6 1.62352e-01 1.34871e-01 2.72317e-01 9.72772e-02 -2.24329e-01 1.88022e-01 2.48915e-01 1.04967e-01 2.28454e-01 1.25993e-01 -3.06154e-02 1.75151e-01 8.86877e-02 1.45764e-01 
5.6 5.65 5.7 9.22910e-03 1.17833e-01 1.34550e-01 8.35714e-02 -3.60465e-01 1.68928e-01 1.12546e-01 9.10379e-02 7.23170e-02 1.08929e-01 -2.10107e-01 1.55239e-01 -6.03333e-02 1.28760e-01 
5.7 5.75 5.8 3.61468e-01 1.54202e-01 3.87583e-01 1.12283e-01 1.52725e-01 2.09386e-01 3.71662e-01 1.22173e-01 4.08502e-01 1.43078e-01 2.61800e-01 1.96119e-01 3.20750e-01 1.67193e-01 
5.8 5.85 5.9 -3.32685e-02 9.49804e-02 6.05571e-02 6.68728e-02 -3.20045e-01 1.36272e-01 4.73193e-02 7.33595e-02 4.27352e-02 8.66273e-02 -1.99786e-01 1.24989e-01 -9.37317e-02 1.04607e-01 
5.9 5.95 6.0 4.91537e-02 8.87147e-02 1.26988e-01 6.48733e-02 -8.22638e-02 1.29469e-01 1.10106e-01 7.08127e-02 7.99108e-02 8.19873e-02 -3.36124e-02 1.16295e-01 4.68855e-02 9.97994e-02 
6.0 6.05 6.1 3.75543e-02 8.62707e-02 5.26057e-02 5.61188e-02 -6.01121e-02 1.31135e-01 6.42091e-02 6.67139e-02 5.67192e-02 7.91076e-02 -3.78926e-02 1.13342e-01 5.95741e-03 9.51247e-02 
6.1 6.15 6.2 1.19403e-01 9.15389e-02 1.14634e-01 6.45721e-02 2.79176e-02 1.31415e-01 1.14793e-01 7.03730e-02 1.08615e-01 8.48172e-02 7.49743e-02 1.20768e-01 7.35157e-02 1.00301e-01 
6.2 6.25 6.3 -8.48752e-02 2.75909e-02 -4.37800e-02 1.71289e-02 -1.89128e-01 4.20778e-02 -4.74498e-02 2.07586e-02 -6.61908e-02 2.45599e-02 -1.53977e-01 3.75914e-02 -1.19843e-01 2.91488e-02 
6.3 6.35 6.4 -4.33202e-02 2.33605e-02 -1.49822e-02 1.58453e-02 -1.22767e-01 3.53073e-02 -2.37221e-02 1.78824e-02 -3.22364e-02 2.08889e-02 -8.48121e-02 3.12388e-02 -5.78864e-02 2.64362e-02 
6.4 6.45 6.5 -5.75202e-02 1.48591e-02 -2.59783e-02 9.84187e-03 -1.22741e-01 2.31142e-02 -3.55691e-02 1.12410e-02 -4.32827e-02 1.30700e-02 -9.63179e-02 2.00836e-02 -7.29925e-02 1.71204e-02 
6.5 6.55 6.6 -5.66708e-02 3.32433e-03 -3.20962e-02 1.88525e-03 -1.02954e-01 6.00702e-03 -3.82393e-02 2.24356e-03 -4.75679e-02 2.79334e-03 -8.63097e-02 5.05213e-03 -6.70441e-02 3.91376e-03 
6.6 6.65 6.7 -4.11363e-02 2.74415e-03 -2.39952e-02 1.60156e-03 -7.95559e-02 5.37734e-03 -2.77572e-02 1.85186e-03 -3.55612e-02 2.37326e-03 -6.20949e-02 4.14440e-03 -4.98572e-02 3.30064e-03 
6.7 6.75 6.8 -2.16773e-02 1.53749e-03 -1.19369e-02 8.62565e-04 -4.10393e-02 2.90975e-03 -1.46127e-02 1.03716e-03 -1.80230e-02 1.31221e-03 -3.33114e-02 2.36093e-03 -2.66506e-02 1.91357e-03 
6.8 6.85 6.9 -1.28577e-02 9.55248e-04 -7.16494e-03 5.33179e-04 -2.48760e-02 1.85731e-03 -8.87024e-03 6.62653e-04 -1.07339e-02 8.02593e-04 -1.99502e-02 1.48964e-03 -1.60311e-02 1.19652e-03 
6.9 6.95 7.0 -6.96060e-03 5.72837e-04 -3.89687e-03 3.14322e-04 -1.37552e-02 1.12073e-03 -4.77754e-03 3.89892e-04 -5.77761e-03 4.65937e-04 -1.08198e-02 8.88401e-04 -8.95459e-03 7.30037e-04 
7.0 7.05 7.1 -3.50068e-03 2.84870e-04 -1.94684e-03 1.57840e-04 -6.73905e-03 5.48733e-04 -2.36358e-03 1.92526e-04 -2.88339e-03 2.33557e-04 -5.36950e-03 4.36475e-04 -4.45298e-03 3.63251e-04 
7.1 7.15 7.2 -1.23065e-03 1.22173e-04 -6.49756e-04 7.06320e-05 -2.52839e-03 2.46450e-04 -8.30069e-04 8.84644e-05 -9.62575e-04 1.04788e-04 -1.88778e-03 1.87654e-04 -1.64814e-03 1.60464e-04 
7.2 7.25 7.3 -2.59395e-04 2.16905e-05 -1.38029e-04 1.15721e-05 -5.16581e-04 4.30756e-05 -1.77394e-04 1.48415e-05 -2.04671e-04 1.71589e-05 -3.92773e-04 3.28164e-05 -3.41288e-04 2.84957e-05 
7.3 7.35 7.4 -2.44648e-05 2.44640e-06 -1.20771e-05 1.19929e-06 -5.39951e-05 5.13406e-06 -1.65004e-05 1.65213e-06 -1.79085e-05 1.77569e-06 -3.66275e-05 3.60240e-06 -3.46040e-05 3.30170e-06 
7.4 7.45 7.5 -9.08967e-07 9.63013e-08 -4.40591e-07 4.70251e-08 -2.07194e-06 2.15477e-07 -6.25092e-07 6.60936e-08 -6.52859e-07 6.96376e-08 -1.39467e-06 1.47643e-07 -1.35046e-06 1.40546e-07 
7.5 7.55 7.6 -2.16271e-10 4.05896e-11 -1.04096e-10 1.91409e-11 -4.72667e-10 9.08104e-11 -1.45963e-10 2.74264e-11 -1.54140e-10 2.83085e-11 -3.47302e-10 6.40975e-11 -3.07654e-10 5.91949e-11 
7.6 7.65 7.7 0.00000e+00 0.00000e+00 0.00000e+00 0.00000e+00 0.00000e+00 0.00000e+00 0.00000e+00 0.00000e+00 0.00000e+00 0.00000e+00 0.00000e+00 0.00000e+00 0.00000e+00 0.00000e+00 
7.7 7.75 7.8 0.00000e+00 0.00000e+00 0.00000e+00 0.00000e+00 0.00000e+00 0.00000e+00 0.00000e+00 0.00000e+00 0.00000e+00 0.00000e+00 0.00000e+00 0.00000e+00 0.00000e+00 0.00000e+00 
7.8 7.85 7.9 0.00000e+00 0.00000e+00 0.00000e+00 0.00000e+00 0.00000e+00 0.00000e+00 0.00000e+00 0.00000e+00 0.00000e+00 0.00000e+00 0.00000e+00 0.00000e+00 0.00000e+00 0.00000e+00 
7.9 7.95 8.0 0.00000e+00 0.00000e+00 0.00000e+00 0.00000e+00 0.00000e+00 0.00000e+00 0.00000e+00 0.00000e+00 0.00000e+00 0.00000e+00 0.00000e+00 0.00000e+00 0.00000e+00 0.00000e+00 
8.0 8.05 8.1 0.00000e+00 0.00000e+00 0.00000e+00 0.00000e+00 0.00000e+00 0.00000e+00 0.00000e+00 0.00000e+00 0.00000e+00 0.00000e+00 0.00000e+00 0.00000e+00 0.00000e+00 0.00000e+00 
8.1 8.15 8.2 0.00000e+00 0.00000e+00 0.00000e+00 0.00000e+00 0.00000e+00 0.00000e+00 0.00000e+00 0.00000e+00 0.00000e+00 0.00000e+00 0.00000e+00 0.00000e+00 0.00000e+00 0.00000e+00 
8.2 8.25 8.3 0.00000e+00 0.00000e+00 0.00000e+00 0.00000e+00 0.00000e+00 0.00000e+00 0.00000e+00 0.00000e+00 0.00000e+00 0.00000e+00 0.00000e+00 0.00000e+00 0.00000e+00 0.00000e+00 
8.3 8.35 8.4 0.00000e+00 0.00000e+00 0.00000e+00 0.00000e+00 0.00000e+00 0.00000e+00 0.00000e+00 0.00000e+00 0.00000e+00 0.00000e+00 0.00000e+00 0.00000e+00 0.00000e+00 0.00000e+00 
8.4 8.45 8.5 0.00000e+00 0.00000e+00 0.00000e+00 0.00000e+00 0.00000e+00 0.00000e+00 0.00000e+00 0.00000e+00 0.00000e+00 0.00000e+00 0.00000e+00 0.00000e+00 0.00000e+00 0.00000e+00 
8.5 8.55 8.6 0.00000e+00 0.00000e+00 0.00000e+00 0.00000e+00 0.00000e+00 0.00000e+00 0.00000e+00 0.00000e+00 0.00000e+00 0.00000e+00 0.00000e+00 0.00000e+00 0.00000e+00 0.00000e+00 
8.6 8.65 8.7 0.00000e+00 0.00000e+00 0.00000e+00 0.00000e+00 0.00000e+00 0.00000e+00 0.00000e+00 0.00000e+00 0.00000e+00 0.00000e+00 0.00000e+00 0.00000e+00 0.00000e+00 0.00000e+00 
8.7 8.75 8.8 0.00000e+00 0.00000e+00 0.00000e+00 0.00000e+00 0.00000e+00 0.00000e+00 0.00000e+00 0.00000e+00 0.00000e+00 0.00000e+00 0.00000e+00 0.00000e+00 0.00000e+00 0.00000e+00 
8.8 8.85 8.9 0.00000e+00 0.00000e+00 0.00000e+00 0.00000e+00 0.00000e+00 0.00000e+00 0.00000e+00 0.00000e+00 0.00000e+00 0.00000e+00 0.00000e+00 0.00000e+00 0.00000e+00 0.00000e+00 
8.9 8.95 9.0 0.00000e+00 0.00000e+00 0.00000e+00 0.00000e+00 0.00000e+00 0.00000e+00 0.00000e+00 0.00000e+00 0.00000e+00 0.00000e+00 0.00000e+00 0.00000e+00 0.00000e+00 0.00000e+00 
9.0 9.05 9.1 0.00000e+00 0.00000e+00 0.00000e+00 0.00000e+00 0.00000e+00 0.00000e+00 0.00000e+00 0.00000e+00 0.00000e+00 0.00000e+00 0.00000e+00 0.00000e+00 0.00000e+00 0.00000e+00 
9.1 9.15 9.2 0.00000e+00 0.00000e+00 0.00000e+00 0.00000e+00 0.00000e+00 0.00000e+00 0.00000e+00 0.00000e+00 0.00000e+00 0.00000e+00 0.00000e+00 0.00000e+00 0.00000e+00 0.00000e+00 
9.2 9.25 9.3 0.00000e+00 0.00000e+00 0.00000e+00 0.00000e+00 0.00000e+00 0.00000e+00 0.00000e+00 0.00000e+00 0.00000e+00 0.00000e+00 0.00000e+00 0.00000e+00 0.00000e+00 0.00000e+00 
9.3 9.35 9.4 0.00000e+00 0.00000e+00 0.00000e+00 0.00000e+00 0.00000e+00 0.00000e+00 0.00000e+00 0.00000e+00 0.00000e+00 0.00000e+00 0.00000e+00 0.00000e+00 0.00000e+00 0.00000e+00 
9.4 9.45 9.5 0.00000e+00 0.00000e+00 0.00000e+00 0.00000e+00 0.00000e+00 0.00000e+00 0.00000e+00 0.00000e+00 0.00000e+00 0.00000e+00 0.00000e+00 0.00000e+00 0.00000e+00 0.00000e+00 
9.5 9.55 9.6 0.00000e+00 0.00000e+00 0.00000e+00 0.00000e+00 0.00000e+00 0.00000e+00 0.00000e+00 0.00000e+00 0.00000e+00 0.00000e+00 0.00000e+00 0.00000e+00 0.00000e+00 0.00000e+00 
9.6 9.65 9.7 0.00000e+00 0.00000e+00 0.00000e+00 0.00000e+00 0.00000e+00 0.00000e+00 0.00000e+00 0.00000e+00 0.00000e+00 0.00000e+00 0.00000e+00 0.00000e+00 0.00000e+00 0.00000e+00 
9.7 9.75 9.8 0.00000e+00 0.00000e+00 0.00000e+00 0.00000e+00 0.00000e+00 0.00000e+00 0.00000e+00 0.00000e+00 0.00000e+00 0.00000e+00 0.00000e+00 0.00000e+00 0.00000e+00 0.00000e+00 
9.8 9.85 9.9 0.00000e+00 0.00000e+00 0.00000e+00 0.00000e+00 0.00000e+00 0.00000e+00 0.00000e+00 0.00000e+00 0.00000e+00 0.00000e+00 0.00000e+00 0.00000e+00 0.00000e+00 0.00000e+00 
9.9 9.95 10.0 0.00000e+00 0.00000e+00 0.00000e+00 0.00000e+00 0.00000e+00 0.00000e+00 0.00000e+00 0.00000e+00 0.00000e+00 0.00000e+00 0.00000e+00 0.00000e+00 0.00000e+00 0.00000e+00 
