-3.5 -3.45 -3.4 2.38721e+00 3.68989e-01 2.96298e+00 2.43134e-01 -2.84555e-01 5.87939e-01 2.96219e+00 2.67412e-01 2.58046e+00 3.33242e-01 6.27125e-01 5.41265e-01 1.93944e+00 3.91411e-01 
-3.4 -3.35 -3.3 3.01635e+00 3.84135e-01 3.71730e+00 2.59469e-01 -2.87317e-01 5.76460e-01 3.73883e+00 2.82805e-01 3.47438e+00 3.58797e-01 9.37922e-01 5.56739e-01 2.49331e+00 3.99479e-01 
-3.3 -3.25 -3.2 3.21403e+00 4.27154e-01 4.21550e+00 2.88979e-01 -9.72214e-01 6.70468e-01 3.99705e+00 3.09165e-01 3.76926e+00 3.78311e-01 4.93572e-01 6.17557e-01 2.58885e+00 4.62125e-01 
-3.2 -3.15 -3.1 4.51375e+00 4.39169e-01 5.19403e+00 2.98613e-01 8.00142e-01 6.93134e-01 5.02049e+00 3.18108e-01 5.05240e+00 4.11984e-01 2.14538e+00 6.34404e-01 3.98512e+00 4.77378e-01 
-3.1 -3.05 -3.0 3.46683e+00 4.69184e-01 4.84807e+00 3.16556e-01 -2.01998e+00 7.40597e-01 4.57133e+00 3.38181e-01 4.19606e+00 4.38690e-01 -9.20161e-02 6.81911e-01 2.61119e+00 5.07539e-01 
-3.0 -2.95 -2.9 4.88748e+00 5.01215e-01 6.17058e+00 3.44224e-01 -8.59858e-01 7.75204e-01 5.92170e+00 3.68323e-01 5.62451e+00 4.68623e-01 1.14461e+00 7.14008e-01 4.04039e+00 5.43129e-01 
-2.9 -2.85 -2.8 6.10743e+00 5.21074e-01 7.36928e+00 3.57565e-01 -2.44677e-01 8.01716e-01 7.11552e+00 3.81897e-01 6.84142e+00 4.95105e-01 2.12602e+00 7.43754e-01 5.08707e+00 5.59466e-01 
-2.8 -2.75 -2.7 5.65298e+00 5.14911e-01 7.37796e+00 3.55835e-01 -1.65295e+00 7.91104e-01 7.01581e+00 3.76803e-01 6.63158e+00 4.86039e-01 9.25639e-01 7.36325e-01 4.56666e+00 5.36032e-01 
-2.7 -2.65 -2.6 8.09236e+00 5.14998e-01 9.45719e+00 3.69539e-01 8.17843e-01 7.53725e-01 9.12807e+00 3.88524e-01 9.08828e+00 4.90869e-01 3.55869e+00 7.09128e-01 6.93642e+00 5.46007e-01 
-2.6 -2.55 -2.5 9.45619e+00 6.01695e-01 1.07787e+01 4.07272e-01 1.99341e+00 9.37336e-01 1.04234e+01 4.37645e-01 1.05386e+01 5.57909e-01 4.67105e+00 8.51045e-01 8.33726e+00 6.47808e-01 
-2.5 -2.45 -2.4 9.33572e+00 5.79401e-01 1.10592e+01 4.00052e-01 3.89858e-01 8.67437e-01 1.07379e+01 4.31328e-01 1.04107e+01 5.34210e-01 3.65946e+00 8.12851e-01 7.99259e+00 6.17047e-01 
-2.4 -2.35 -2.3 1.00200e+01 6.60434e-01 1.21513e+01 4.57434e-01 -1.34635e-01 1.01413e+00 1.16622e+01 4.84354e-01 1.14029e+01 6.23401e-01 3.55113e+00 9.43471e-01 8.05027e+00 6.43831e-01 
-2.3 -2.25 -2.2 1.11516e+01 7.07372e-01 1.31334e+01 4.61418e-01 -3.42774e-01 1.01361e+00 1.28513e+01 5.13584e-01 1.22751e+01 6.27063e-01 4.25676e+00 1.02248e+00 9.57890e+00 7.43824e-01 
-2.2 -2.15 -2.1 1.14484e+01 6.49766e-01 1.41785e+01 4.69240e-01 -9.11752e-01 9.46712e-01 1.36069e+01 4.92793e-01 1.30698e+01 6.19653e-01 3.36162e+00 8.90779e-01 9.60871e+00 6.88616e-01 
-2.1 -2.05 -2.0 1.35280e+01 7.28637e-01 1.61148e+01 5.24029e-01 7.30318e-01 1.08618e+00 1.55740e+01 5.45944e-01 1.52249e+01 6.94100e-01 5.17843e+00 1.04849e+00 1.16394e+01 7.76517e-01 
-2.0 -1.95 -1.9 1.39659e+01 7.63908e-01 1.68753e+01 5.36414e-01 1.23920e-01 1.15578e+00 1.62150e+01 5.64959e-01 1.58394e+01 7.25196e-01 5.06660e+00 1.08164e+00 1.18388e+01 8.12957e-01 
-1.9 -1.85 -1.8 1.45826e+01 8.07089e-01 1.79172e+01 5.66020e-01 -7.01483e-01 1.22367e+00 1.72002e+01 5.97553e-01 1.66101e+01 7.64320e-01 4.63678e+00 1.14163e+00 1.22534e+01 8.58164e-01 
-1.8 -1.75 -1.7 1.72369e+01 8.42590e-01 2.03819e+01 5.93384e-01 1.94060e+00 1.10393e+00 1.96511e+01 6.24366e-01 1.93588e+01 8.00376e-01 7.12844e+00 1.13751e+00 1.50821e+01 8.03075e-01 
-1.7 -1.65 -1.6 1.81125e+01 8.26398e-01 2.15217e+01 5.88338e-01 1.34389e+00 1.23026e+00 2.07197e+01 6.17359e-01 2.03938e+01 7.87731e-01 7.33357e+00 1.15620e+00 1.55375e+01 8.75835e-01 
-1.6 -1.55 -1.5 1.91759e+01 9.47471e-01 2.28723e+01 6.63978e-01 6.73074e-01 1.33614e+00 2.21569e+01 6.92117e-01 2.16838e+01 8.91695e-01 6.92175e+00 1.25431e+00 1.64239e+01 1.00484e+00 
-1.5 -1.45 -1.4 1.93965e+01 8.93202e-01 2.35716e+01 6.01721e-01 2.61185e-01 1.32980e+00 2.26075e+01 6.67274e-01 2.20509e+01 7.90897e-01 7.12119e+00 1.12353e+00 1.65418e+01 9.48328e-01 
-1.4 -1.35 -1.3 2.12638e+01 9.16010e-01 2.58306e+01 6.18108e-01 1.24760e+00 1.36575e+00 2.44769e+01 6.84293e-01 2.45846e+01 8.12902e-01 9.35983e+00 1.15789e+00 1.86595e+01 9.42470e-01 
-1.3 -1.25 -1.2 2.18022e+01 8.57407e-01 2.62733e+01 6.25494e-01 6.79057e-01 1.23642e+00 2.52690e+01 6.53467e-01 2.46358e+01 8.22246e-01 8.06587e+00 1.17063e+00 1.86184e+01 9.03035e-01 
-1.2 -1.15 -1.1 2.03588e+01 9.34590e-01 2.58187e+01 6.63615e-01 -3.01729e+00 1.39813e+00 2.46873e+01 6.96624e-01 2.34111e+01 8.74281e-01 4.89718e+00 1.31372e+00 1.68944e+01 9.90615e-01 
-1.1 -1.05 -1.0 2.40779e+01 9.73400e-01 2.89621e+01 6.97741e-01 1.45598e+00 1.32772e+00 2.79103e+01 7.30773e-01 2.71094e+01 9.29961e-01 8.88991e+00 1.35563e+00 2.09910e+01 9.68620e-01 
-1.0 -0.95 -0.9 2.52316e+01 9.87953e-01 2.96457e+01 6.84393e-01 1.62771e+00 1.43809e+00 2.89395e+01 7.36529e-01 2.77087e+01 9.01203e-01 9.98097e+00 1.37540e+00 2.16238e+01 1.03270e+00 
-0.9 -0.85 -0.8 2.65746e+01 1.02973e+00 3.14141e+01 7.31477e-01 2.64614e+00 1.54010e+00 3.02980e+01 7.67377e-01 2.97888e+01 9.81537e-01 1.10654e+01 1.44770e+00 2.29741e+01 1.09074e+00 
-0.8 -0.75 -0.7 2.64122e+01 1.01661e+00 3.15519e+01 7.21796e-01 1.14175e+00 1.51118e+00 3.03347e+01 7.56971e-01 2.97858e+01 9.68966e-01 1.04756e+01 1.43076e+00 2.22400e+01 1.07049e+00 
-0.7 -0.65 -0.6 2.54669e+01 1.01460e+00 3.11470e+01 7.34840e-01 -3.45634e-01 1.36992e+00 3.00626e+01 7.60320e-01 2.86707e+01 9.84099e-01 8.12080e+00 1.41620e+00 2.18809e+01 9.99095e-01 
-0.6 -0.55 -0.5 2.58894e+01 9.70003e-01 3.19120e+01 7.10027e-01 -2.32048e+00 1.57140e+00 3.06459e+01 7.40655e-01 2.87411e+01 1.00750e+00 6.89524e+00 1.47948e+00 2.19561e+01 1.01929e+00 
-0.5 -0.45 -0.4 2.86479e+01 1.09432e+00 3.39885e+01 7.68941e-01 2.37598e+00 1.63975e+00 3.28382e+01 8.13073e-01 3.27124e+01 9.96557e-01 1.17391e+01 1.53109e+00 2.47097e+01 1.15702e+00 
-0.4 -0.35 -0.3 3.03333e+01 1.02269e+00 3.56178e+01 7.42155e-01 3.82093e+00 1.48802e+00 3.43297e+01 7.73934e-01 3.39749e+01 9.81828e-01 1.32720e+01 1.40971e+00 2.62620e+01 1.07545e+00 
-0.3 -0.25 -0.2 2.74830e+01 1.08550e+00 3.38009e+01 7.74150e-01 -8.45214e-01 1.61488e+00 3.23779e+01 8.10233e-01 3.13211e+01 1.03759e+00 8.95861e+00 1.52314e+00 2.31858e+01 1.14644e+00 
-0.2 -0.15 -0.1 3.03443e+01 1.07870e+00 3.58758e+01 7.72741e-01 3.16219e+00 1.59713e+00 3.44883e+01 7.99723e-01 3.39997e+01 1.03150e+00 1.26513e+01 1.50610e+00 2.62773e+01 1.13157e+00 
-0.1 -0.05 0.0 2.84637e+01 1.03914e+00 3.46117e+01 7.50805e-01 6.50709e-01 1.59569e+00 3.32225e+01 7.83487e-01 3.22683e+01 9.96926e-01 1.03648e+01 1.50687e+00 2.42087e+01 1.09325e+00 
0.0 0.05 0.1 2.86356e+01 1.06643e+00 3.48415e+01 7.66619e-01 2.18657e-01 1.57164e+00 3.34789e+01 8.01086e-01 3.24139e+01 1.02127e+00 9.93609e+00 1.48529e+00 2.42369e+01 1.09951e+00 
0.1 0.15 0.2 3.04793e+01 1.05179e+00 3.60460e+01 7.59964e-01 3.20763e+00 1.54032e+00 3.47531e+01 7.93235e-01 3.41539e+01 1.00852e+00 1.27225e+01 1.45736e+00 2.64159e+01 1.10765e+00 
0.2 0.25 0.3 2.81002e+01 1.06452e+00 3.42174e+01 7.59585e-01 8.11982e-02 1.57050e+00 3.28598e+01 7.98985e-01 3.18470e+01 1.01062e+00 9.73344e+00 1.48345e+00 2.38970e+01 1.12246e+00 
0.3 0.35 0.4 2.92475e+01 9.66045e-01 3.48620e+01 7.26722e-01 3.25748e+00 1.47092e+00 3.36117e+01 7.56336e-01 3.28299e+01 9.32655e-01 1.19206e+01 1.30345e+00 2.54910e+01 1.03890e+00 
0.4 0.45 0.5 2.84249e+01 1.01376e+00 3.41758e+01 7.38271e-01 1.07103e+00 1.54175e+00 3.29110e+01 7.78163e-01 3.21849e+01 9.94936e-01 1.10599e+01 1.39613e+00 2.41614e+01 1.10562e+00 
0.5 0.55 0.6 2.85543e+01 1.06783e+00 3.38705e+01 7.05699e-01 2.72286e+00 1.59485e+00 3.26299e+01 7.95911e-01 3.20149e+01 1.01921e+00 1.17209e+01 1.50096e+00 2.46923e+01 1.12950e+00 
0.6 0.65 0.7 2.66588e+01 1.03888e+00 3.23329e+01 7.51927e-01 6.69301e-01 1.43969e+00 3.10979e+01 7.77086e-01 3.01276e+01 1.00894e+00 9.70719e+00 1.36503e+00 2.27262e+01 1.09672e+00 
0.7 0.75 0.8 2.71362e+01 1.03645e+00 3.27613e+01 6.89465e-01 1.93932e+00 1.55072e+00 3.11685e+01 7.72678e-01 3.11237e+01 9.04896e-01 1.07481e+01 1.45662e+00 2.30959e+01 1.11596e+00 
0.8 0.85 0.9 2.49587e+01 9.81080e-01 3.03567e+01 7.02438e-01 1.05670e-01 1.45416e+00 2.91671e+01 7.35768e-01 2.82698e+01 9.36747e-01 8.67293e+00 1.36816e+00 2.12450e+01 1.03797e+00 
0.9 0.95 1.0 2.39323e+01 9.29578e-01 2.90678e+01 6.84259e-01 -1.48638e-01 1.35206e+00 2.78716e+01 7.14544e-01 2.71593e+01 8.92504e-01 8.16032e+00 1.28046e+00 2.03168e+01 9.77711e-01 
1.0 1.05 1.1 2.44365e+01 9.83658e-01 2.93338e+01 7.03706e-01 1.51279e+00 1.42508e+00 2.83599e+01 7.27308e-01 2.74202e+01 9.36352e-01 9.28731e+00 1.37393e+00 2.10916e+01 1.02465e+00 
1.1 1.15 1.2 2.27894e+01 8.57975e-01 2.72481e+01 6.25187e-01 1.34150e+00 1.23951e+00 2.62536e+01 6.52689e-01 2.56450e+01 8.23184e-01 8.82254e+00 1.17389e+00 1.95886e+01 9.03097e-01 
1.2 1.25 1.3 2.17287e+01 8.50396e-01 2.58488e+01 6.20007e-01 1.63047e+00 1.22796e+00 2.49328e+01 6.46685e-01 2.43937e+01 8.16709e-01 8.64295e+00 1.16347e+00 1.87442e+01 8.94567e-01 
1.3 1.35 1.4 2.00636e+01 8.47204e-01 2.43646e+01 6.12434e-01 7.09567e-02 1.23662e+00 2.33963e+01 6.40349e-01 2.27574e+01 8.11336e-01 7.06284e+00 1.16849e+00 1.70401e+01 8.93622e-01 
1.4 1.45 1.5 2.10592e+01 8.41587e-01 2.43677e+01 5.84833e-01 2.43749e+00 1.14241e+00 2.37469e+01 6.33686e-01 2.32319e+01 7.67827e-01 9.36677e+00 1.16695e+00 1.81346e+01 8.64411e-01 
1.5 1.55 1.6 1.66289e+01 8.21519e-01 2.09678e+01 5.80319e-01 -2.11754e+00 1.21962e+00 2.00130e+01 6.15140e-01 1.91255e+01 7.83317e-01 4.32853e+00 1.14643e+00 1.37991e+01 8.70357e-01 
1.6 1.65 1.7 1.62603e+01 7.67538e-01 2.00341e+01 5.50811e-01 -8.37058e-01 1.13167e+00 1.92175e+01 5.76874e-01 1.85478e+01 7.33571e-01 5.16173e+00 1.06691e+00 1.36585e+01 8.10937e-01 
1.7 1.75 1.8 1.70926e+01 8.22219e-01 2.04120e+01 6.23344e-01 1.72456e+00 1.11925e+00 1.94249e+01 5.81008e-01 1.91835e+01 7.84321e-01 7.23693e+00 1.15691e+00 1.47389e+01 8.09111e-01 
1.8 1.85 1.9 1.54264e+01 8.00968e-01 1.83798e+01 5.65264e-01 8.14319e-01 1.20835e+00 1.77522e+01 5.94698e-01 1.73016e+01 7.61329e-01 5.97735e+00 1.12971e+00 1.32289e+01 8.52584e-01 
1.9 1.95 2.0 1.31672e+01 6.96905e-01 1.62088e+01 4.97241e-01 -7.60957e-01 1.03492e+00 1.55674e+01 5.22423e-01 1.49994e+01 6.63661e-01 4.09885e+00 9.71487e-01 1.10397e+01 7.67170e-01 
2.0 2.05 2.1 1.31722e+01 6.89377e-01 1.58155e+01 4.91920e-01 3.54099e-01 1.02118e+00 1.52337e+01 5.16441e-01 1.48765e+01 6.57335e-01 4.91235e+00 9.60259e-01 1.12343e+01 7.30485e-01 
2.1 2.15 2.2 1.12845e+01 7.10927e-01 1.40160e+01 4.96188e-01 -1.09291e+00 9.81817e-01 1.33376e+01 5.14897e-01 1.28916e+01 6.72151e-01 3.19939e+00 1.00921e+00 9.44780e+00 7.02599e-01 
2.2 2.25 2.3 1.00246e+01 6.55866e-01 1.27076e+01 4.58759e-01 -1.71260e+00 9.98427e-01 1.21288e+01 4.84050e-01 1.16028e+01 6.21257e-01 2.43448e+00 9.31210e-01 8.20907e+00 6.99891e-01 
2.3 2.35 2.4 9.52981e+00 6.41500e-01 1.19754e+01 4.53835e-01 -6.75741e-01 9.79469e-01 1.12624e+01 4.72282e-01 1.05725e+01 5.53593e-01 2.94727e+00 9.12939e-01 7.96486e+00 6.85464e-01 
2.4 2.45 2.5 9.02798e+00 6.28685e-01 1.10873e+01 4.40262e-01 -5.42735e-01 9.53188e-01 1.06658e+01 4.64869e-01 1.02701e+01 5.95346e-01 2.80721e+00 8.17617e-01 7.61461e+00 6.71032e-01 
2.5 2.55 2.6 7.51491e+00 5.72087e-01 9.45530e+00 3.97531e-01 -1.13986e+00 8.74216e-01 9.05295e+00 4.20804e-01 8.65366e+00 5.40405e-01 1.90176e+00 8.14095e-01 6.20222e+00 6.12089e-01 
2.6 2.65 2.7 7.16091e+00 4.96141e-01 8.77239e+00 3.52462e-01 -4.94491e-01 7.32208e-01 8.42976e+00 3.71867e-01 8.36215e+00 5.32806e-01 2.28842e+00 6.88422e-01 5.96559e+00 5.26366e-01 
2.7 2.75 2.8 5.97947e+00 5.00626e-01 7.65443e+00 3.61580e-01 -1.72670e+00 7.79794e-01 7.31367e+00 3.70390e-01 6.94999e+00 4.73530e-01 1.23895e+00 7.06368e-01 4.61519e+00 5.47205e-01 
2.8 2.85 2.9 5.75103e+00 4.92159e-01 7.14649e+00 3.39286e-01 -4.67045e-01 6.58988e-01 6.86313e+00 3.59594e-01 6.63178e+00 4.62180e-01 1.93237e+00 6.19460e-01 4.94454e+00 4.74952e-01 
2.9 2.95 3.0 4.67555e+00 4.75522e-01 5.78495e+00 3.10716e-01 -1.13083e+00 7.32968e-01 5.72303e+00 3.46950e-01 5.44916e+00 4.48366e-01 9.52002e-01 6.81599e-01 3.77088e+00 5.09620e-01 
3.0 3.05 3.1 3.64197e+00 4.47692e-01 4.96884e+00 3.14070e-01 -1.97043e+00 6.29823e-01 4.71562e+00 3.28701e-01 4.17727e+00 4.33180e-01 -1.81538e-01 6.53443e-01 2.78596e+00 4.79280e-01 
3.1 3.15 3.2 3.45178e+00 3.65917e-01 4.55620e+00 2.85368e-01 -1.14630e+00 6.44722e-01 4.33298e+00 2.74450e-01 3.95175e+00 3.81095e-01 2.13516e-01 5.75077e-01 2.72327e+00 4.50951e-01 
3.2 3.25 3.3 3.25030e+00 3.59668e-01 4.12171e+00 2.52037e-01 -2.50451e-01 5.96565e-01 3.93702e+00 2.66870e-01 3.77717e+00 3.39989e-01 7.56076e-01 5.04063e-01 2.91123e+00 4.16075e-01 
3.3 3.35 3.4 2.29190e+00 3.74322e-01 3.20087e+00 2.56306e-01 -1.51884e+00 5.79845e-01 2.97725e+00 2.71669e-01 2.75822e+00 3.52521e-01 -9.50586e-02 5.38332e-01 1.63951e+00 4.01939e-01 
3.4 3.45 3.5 2.09085e+00 3.11382e-01 2.79872e+00 2.17134e-01 -6.82085e-01 5.38284e-01 2.65743e+00 2.30324e-01 2.48559e+00 2.93698e-01 1.83961e-01 4.38147e-01 1.62127e+00 3.33888e-01 
