0.0 25.0 50.0 0.00000e+00 0.00000e+00 0.00000e+00 0.00000e+00 0.00000e+00 0.00000e+00 0.00000e+00 0.00000e+00 0.00000e+00 0.00000e+00 0.00000e+00 0.00000e+00 0.00000e+00 0.00000e+00 
50.0 75.0 100.0 3.60955e-03 5.56856e-04 4.66768e-03 3.98826e-04 -8.81327e-04 8.29948e-04 4.51863e-03 4.28889e-04 4.15892e-03 5.17062e-04 8.21560e-04 7.53688e-04 2.89203e-03 6.07778e-04 
100.0 125.0 150.0 3.28437e-02 7.57758e-04 2.83822e-02 5.56912e-04 3.23700e-02 1.08747e-03 2.94037e-02 5.95149e-04 3.24766e-02 7.09606e-04 3.40713e-02 9.97939e-04 3.31016e-02 8.19729e-04 
150.0 175.0 200.0 4.50453e-02 7.67765e-04 3.78540e-02 5.59946e-04 4.75106e-02 1.11004e-03 3.95042e-02 6.01303e-04 4.40620e-02 7.14853e-04 4.88301e-02 1.01239e-03 4.61000e-02 8.25171e-04 
200.0 225.0 250.0 4.40039e-02 7.25259e-04 3.68491e-02 5.26271e-04 4.66129e-02 1.08877e-03 3.84633e-02 5.74226e-04 4.29386e-02 6.76199e-04 4.76764e-02 9.64731e-04 4.49932e-02 8.07421e-04 
250.0 275.0 300.0 4.25609e-02 7.79018e-04 3.65745e-02 5.36001e-04 4.34499e-02 1.16113e-03 3.77562e-02 5.97129e-04 4.22490e-02 6.91776e-04 4.49995e-02 1.05607e-03 4.32687e-02 8.50470e-04 
300.0 325.0 350.0 3.99684e-02 7.65983e-04 3.41929e-02 5.38110e-04 4.04409e-02 1.15669e-03 3.55998e-02 5.83072e-04 3.92564e-02 7.05445e-04 4.19643e-02 1.04635e-03 4.06107e-02 8.40939e-04 
350.0 375.0 400.0 3.59624e-02 6.99764e-04 3.06469e-02 4.89501e-04 3.66992e-02 1.06262e-03 3.19512e-02 5.31150e-04 3.52637e-02 6.43803e-04 3.79548e-02 9.58278e-04 3.66108e-02 7.70780e-04 
400.0 425.0 450.0 3.37896e-02 6.26259e-04 2.83814e-02 4.42021e-04 3.56642e-02 9.39132e-04 2.96914e-02 4.78310e-04 3.29585e-02 5.78193e-04 3.64084e-02 8.50721e-04 3.46241e-02 6.87113e-04 
450.0 475.0 500.0 2.92875e-02 5.92294e-04 2.47894e-02 4.14950e-04 3.03419e-02 8.96384e-04 2.58843e-02 4.50005e-04 2.86582e-02 5.45459e-04 3.12330e-02 8.09378e-04 2.98884e-02 6.51799e-04 
500.0 525.0 550.0 2.64239e-02 5.47558e-04 2.20735e-02 3.82007e-04 2.85910e-02 8.24736e-04 2.31357e-02 4.15387e-04 2.57143e-02 5.03003e-04 2.90123e-02 7.43233e-04 2.73911e-02 6.00647e-04 
550.0 575.0 600.0 2.40830e-02 4.86789e-04 1.99634e-02 3.46217e-04 2.58418e-02 7.08667e-04 2.10703e-02 3.72338e-04 2.32665e-02 4.53653e-04 2.58988e-02 6.69562e-04 2.47786e-02 5.35540e-04 
600.0 625.0 650.0 1.99569e-02 4.43497e-04 1.66779e-02 3.10736e-04 2.07925e-02 7.12180e-04 1.73468e-02 3.51992e-04 1.94147e-02 4.07775e-04 2.15506e-02 6.01520e-04 2.02528e-02 5.16226e-04 
650.0 675.0 700.0 1.89263e-02 4.46350e-04 1.56737e-02 3.09908e-04 2.05249e-02 6.79907e-04 1.64790e-02 3.38148e-04 1.83459e-02 4.08653e-04 2.07087e-02 6.10366e-04 1.94832e-02 4.93476e-04 
700.0 725.0 750.0 1.62160e-02 4.12136e-04 1.34824e-02 2.85260e-04 1.74524e-02 6.29223e-04 1.41700e-02 3.11361e-04 1.57340e-02 3.77248e-04 1.76710e-02 5.65539e-04 1.66882e-02 4.54096e-04 
750.0 775.0 800.0 1.40751e-02 3.76649e-04 1.16150e-02 2.58734e-04 1.51189e-02 5.97274e-04 1.22385e-02 2.83258e-04 1.36086e-02 3.43661e-04 1.52349e-02 5.34141e-04 1.45666e-02 4.18218e-04 
800.0 825.0 850.0 1.25862e-02 3.77171e-04 1.04843e-02 2.59484e-04 1.34665e-02 5.78968e-04 1.10237e-02 2.83954e-04 1.22490e-02 3.44956e-04 1.36618e-02 5.19256e-04 1.30710e-02 4.18069e-04 
850.0 875.0 900.0 1.14553e-02 3.38309e-04 9.46884e-03 2.34638e-04 1.21507e-02 5.26942e-04 9.98036e-03 2.56534e-04 1.09331e-02 3.15745e-04 1.22821e-02 4.72646e-04 1.16597e-02 3.84175e-04 
900.0 925.0 950.0 1.01859e-02 3.22394e-04 8.39636e-03 2.20906e-04 1.14716e-02 4.61492e-04 8.82562e-03 2.42474e-04 9.82694e-03 2.96189e-04 1.13000e-02 4.50461e-04 1.05894e-02 3.59512e-04 
950.0 975.0 1000.0 8.48144e-03 3.04800e-04 7.12204e-03 2.07123e-04 9.00543e-03 4.65661e-04 7.44452e-03 2.29384e-04 8.29663e-03 2.74425e-04 9.17678e-03 4.19270e-04 8.71877e-03 3.37387e-04 
1000.0 1025.0 1050.0 7.95519e-03 2.83510e-04 6.57100e-03 1.96701e-04 8.65648e-03 4.29506e-04 6.93309e-03 2.15293e-04 7.68625e-03 2.58993e-04 8.71730e-03 3.85768e-04 8.23609e-03 3.14430e-04 
1050.0 1075.0 1100.0 7.00318e-03 2.80399e-04 5.79222e-03 1.92965e-04 7.65904e-03 4.27396e-04 6.10865e-03 2.11561e-04 6.78685e-03 2.58372e-04 7.68583e-03 3.89820e-04 7.28678e-03 3.10681e-04 
1100.0 1125.0 1150.0 6.15632e-03 2.80794e-04 5.15972e-03 1.94322e-04 6.56814e-03 4.19917e-04 5.43036e-03 2.12826e-04 5.97622e-03 2.56434e-04 6.68897e-03 3.77694e-04 6.33562e-03 3.11651e-04 
1150.0 1175.0 1200.0 5.88227e-03 2.61522e-04 4.84144e-03 1.80913e-04 6.48901e-03 3.97808e-04 5.11849e-03 1.98369e-04 5.67115e-03 2.38551e-04 6.46282e-03 3.55765e-04 6.10571e-03 2.90531e-04 
1200.0 1225.0 1250.0 5.46342e-03 2.53878e-04 4.51753e-03 1.78827e-04 6.06633e-03 3.85966e-04 4.76208e-03 1.93518e-04 5.27275e-03 2.37805e-04 6.08686e-03 3.46580e-04 5.72659e-03 2.83276e-04 
1250.0 1275.0 1300.0 4.71580e-03 2.36172e-04 3.86120e-03 1.61332e-04 5.21556e-03 3.62906e-04 4.09093e-03 1.77796e-04 4.53379e-03 2.14243e-04 5.21124e-03 3.23859e-04 4.90913e-03 2.63838e-04 
1300.0 1325.0 1350.0 4.17297e-03 2.28268e-04 3.50305e-03 1.56342e-04 4.58651e-03 3.46412e-04 3.71078e-03 1.71361e-04 4.10565e-03 2.05623e-04 4.55617e-03 3.10372e-04 4.37091e-03 2.53997e-04 
1350.0 1375.0 1400.0 4.08723e-03 2.34796e-04 3.33228e-03 1.62487e-04 4.56261e-03 3.49921e-04 3.58326e-03 1.77843e-04 3.92248e-03 2.15193e-04 4.49741e-03 3.17750e-04 4.30044e-03 2.58553e-04 
1400.0 1425.0 1450.0 3.72825e-03 2.13433e-04 3.06532e-03 1.49258e-04 4.07341e-03 3.17178e-04 3.23266e-03 1.63252e-04 3.57374e-03 1.95423e-04 4.05543e-03 2.88640e-04 3.90123e-03 2.35580e-04 
1450.0 1475.0 1500.0 3.27604e-03 2.10337e-04 2.67116e-03 1.43636e-04 3.65606e-03 3.15510e-04 2.84160e-03 1.58315e-04 3.17509e-03 1.90028e-04 3.59916e-03 2.87682e-04 3.38485e-03 2.30847e-04 
1500.0 1525.0 1550.0 2.89778e-03 2.05365e-04 2.40767e-03 1.42310e-04 3.08545e-03 3.11973e-04 2.54889e-03 1.56206e-04 2.79566e-03 1.87352e-04 3.12456e-03 2.77988e-04 3.00268e-03 2.27938e-04 
1550.0 1575.0 1600.0 2.92979e-03 2.05264e-04 2.37091e-03 1.41336e-04 3.31185e-03 3.07004e-04 2.52160e-03 1.54985e-04 2.82376e-03 1.86987e-04 3.29202e-03 2.76745e-04 3.06297e-03 2.27603e-04 
1600.0 1625.0 1650.0 2.27218e-03 1.84010e-04 1.89462e-03 1.28130e-04 2.47330e-03 2.73077e-04 2.00240e-03 1.40512e-04 2.19692e-03 1.68086e-04 2.50529e-03 2.46372e-04 2.34761e-03 2.03962e-04 
1650.0 1675.0 1700.0 2.19609e-03 1.87328e-04 1.81821e-03 1.30251e-04 2.35856e-03 2.79852e-04 1.91711e-03 1.42639e-04 2.12768e-03 1.71368e-04 2.40089e-03 2.52749e-04 2.26288e-03 2.07317e-04 
1700.0 1725.0 1750.0 2.13919e-03 2.00920e-04 1.69369e-03 1.38054e-04 2.43405e-03 3.01146e-04 1.85364e-03 1.51329e-04 2.05298e-03 1.81552e-04 2.39961e-03 2.70420e-04 2.25087e-03 2.23855e-04 
1750.0 1775.0 1800.0 1.95934e-03 1.74367e-04 1.57428e-03 1.22449e-04 2.22381e-03 2.55121e-04 1.68609e-03 1.34274e-04 1.85573e-03 1.60263e-04 2.18732e-03 2.33366e-04 2.04807e-03 1.91420e-04 
1800.0 1825.0 1850.0 1.62079e-03 1.60287e-04 1.33062e-03 1.10203e-04 1.76393e-03 2.44986e-04 1.41639e-03 1.21853e-04 1.55358e-03 1.45136e-04 1.76998e-03 2.16957e-04 1.68977e-03 1.80475e-04 
1850.0 1875.0 1900.0 1.59602e-03 1.66636e-04 1.31417e-03 1.17602e-04 1.77763e-03 2.46845e-04 1.39404e-03 1.28724e-04 1.53597e-03 1.52740e-04 1.74413e-03 2.20753e-04 1.65014e-03 1.83138e-04 
1900.0 1925.0 1950.0 1.37001e-03 1.50827e-04 1.09151e-03 1.06034e-04 1.45306e-03 2.20655e-04 1.17791e-03 1.15866e-04 1.28137e-03 1.38123e-04 1.52506e-03 2.00658e-04 1.38018e-03 1.66159e-04 
1950.0 1975.0 2000.0 1.28656e-03 1.47095e-04 1.05742e-03 1.03831e-04 1.44903e-03 2.24551e-04 1.13760e-03 1.13779e-04 1.24313e-03 1.34967e-04 1.46286e-03 2.05037e-04 1.33372e-03 1.61942e-04 
2000.0 2025.0 2050.0 1.03287e-03 1.30973e-04 8.62018e-04 9.01111e-05 1.11751e-03 1.98550e-04 9.15535e-04 9.96219e-05 9.94759e-04 1.18695e-04 1.10353e-03 1.78061e-04 1.07359e-03 1.47208e-04 
2050.0 2075.0 2100.0 1.10107e-03 1.40048e-04 8.71869e-04 9.91483e-05 1.17229e-03 2.07359e-04 9.61367e-04 1.08092e-04 1.01008e-03 1.29182e-04 1.17490e-03 1.87568e-04 1.13095e-03 1.56472e-04 
2100.0 2125.0 2150.0 1.10386e-03 1.39858e-04 8.52753e-04 9.65220e-05 1.26038e-03 2.12421e-04 9.36497e-04 1.06683e-04 1.01683e-03 1.26845e-04 1.26753e-03 1.87869e-04 1.14288e-03 1.57903e-04 
2150.0 2175.0 2200.0 1.07647e-03 1.34579e-04 8.61651e-04 9.35031e-05 1.26151e-03 1.99421e-04 9.13038e-04 1.02900e-04 1.03533e-03 1.22273e-04 1.25025e-03 1.79778e-04 1.13725e-03 1.49690e-04 
2200.0 2225.0 2250.0 7.77274e-04 1.07203e-04 6.28281e-04 7.46237e-05 8.24115e-04 1.53870e-04 6.72115e-04 8.22932e-05 7.40602e-04 9.75073e-05 8.18474e-04 1.37904e-04 7.65596e-04 1.19175e-04 
2250.0 2275.0 2300.0 7.41024e-04 1.08930e-04 5.84966e-04 7.44918e-05 8.35888e-04 1.55292e-04 6.41187e-04 8.20672e-05 6.99997e-04 9.84085e-05 8.01714e-04 1.38573e-04 7.95564e-04 1.21407e-04 
2300.0 2325.0 2350.0 2.43907e-04 8.20435e-05 2.50235e-04 5.65308e-05 6.34009e-05 1.19070e-04 2.74108e-04 6.31265e-05 2.56387e-04 7.46804e-05 1.78413e-04 1.11251e-04 2.43257e-04 9.06372e-05 
2350.0 2375.0 2400.0 6.49369e-04 1.20880e-04 5.56644e-04 8.82705e-05 5.77950e-04 1.58391e-04 5.84790e-04 9.60450e-05 6.35783e-04 1.11950e-04 6.27397e-04 1.46064e-04 6.43276e-04 1.31874e-04 
2400.0 2425.0 2450.0 4.95952e-04 9.17428e-05 4.13155e-04 6.52148e-05 4.93677e-04 1.34581e-04 4.40700e-04 7.12219e-05 4.88700e-04 8.41186e-05 5.14764e-04 1.22147e-04 5.08281e-04 1.01260e-04 
2450.0 2475.0 2500.0 5.20616e-04 8.72752e-05 4.16952e-04 6.07210e-05 6.07101e-04 1.32994e-04 5.07958e-04 7.86289e-05 5.04686e-04 7.93165e-05 6.16225e-04 1.20097e-04 5.48383e-04 9.73288e-05 
2500.0 2525.0 2550.0 3.59524e-04 6.65341e-05 3.03900e-04 4.70560e-05 4.08075e-04 9.86373e-05 3.26354e-04 5.20379e-05 3.41600e-04 6.03117e-05 3.93861e-04 8.81886e-05 3.96151e-04 7.45722e-05 
2550.0 2575.0 2600.0 3.38707e-04 6.60486e-05 2.84403e-04 4.60875e-05 3.68188e-04 9.72707e-05 2.98368e-04 5.10858e-05 3.33564e-04 5.94376e-05 3.60260e-04 8.73627e-05 3.61249e-04 7.36114e-05 
2600.0 2625.0 2650.0 4.00714e-04 6.56283e-05 3.09192e-04 4.64295e-05 5.02043e-04 9.56399e-05 3.57211e-04 5.39459e-05 3.68586e-04 6.02184e-05 4.60193e-04 8.65343e-05 4.45166e-04 7.27788e-05 
2650.0 2675.0 2700.0 9.42101e-05 4.34486e-05 1.03876e-04 2.79021e-05 8.24837e-05 6.77668e-05 1.09772e-04 3.16911e-05 1.11820e-04 3.74930e-05 6.63922e-05 6.00212e-05 1.01271e-04 5.01854e-05 
2700.0 2725.0 2750.0 2.21372e-04 5.59172e-05 1.85433e-04 3.94207e-05 2.32686e-04 8.07758e-05 1.96040e-04 4.35793e-05 2.15046e-04 5.08275e-05 2.41348e-04 7.28309e-05 2.30353e-04 6.20962e-05 
2750.0 2775.0 2800.0 2.35109e-04 5.13166e-05 1.90981e-04 3.57345e-05 2.39238e-04 7.58245e-05 2.07017e-04 3.97420e-05 2.21091e-04 4.63136e-05 2.54007e-04 6.77297e-05 2.37636e-04 5.76138e-05 
2800.0 2825.0 2850.0 1.63830e-04 4.40677e-05 1.44979e-04 3.12962e-05 1.34957e-04 6.06406e-05 1.50245e-04 3.45873e-05 1.64134e-04 4.00171e-05 1.55599e-04 5.42597e-05 1.66702e-04 4.91492e-05 
2850.0 2875.0 2900.0 2.74554e-04 5.58928e-05 2.13220e-04 3.89421e-05 3.00111e-04 7.96234e-05 2.31112e-04 4.34817e-05 2.56453e-04 5.04919e-05 3.01918e-04 7.04883e-05 2.71816e-04 6.02611e-05 
2900.0 2925.0 2950.0 1.19729e-04 3.99510e-05 1.16254e-04 2.79673e-05 2.06721e-04 6.70589e-05 1.51086e-04 3.34454e-05 1.50453e-04 3.66856e-05 1.76394e-04 5.63517e-05 1.42174e-04 4.59805e-05 
2950.0 2975.0 3000.0 2.70436e-04 6.19824e-05 2.10852e-04 4.51210e-05 2.80965e-04 7.70930e-05 2.27316e-04 4.92188e-05 2.28541e-04 5.33763e-05 3.12601e-04 7.88262e-05 2.94605e-04 6.82184e-05 
3000.0 3025.0 3050.0 1.68187e-05 2.33940e-05 4.13555e-05 1.69275e-05 -3.20400e-06 3.68583e-05 5.01368e-05 1.90755e-05 3.85445e-05 2.23320e-05 -8.33305e-06 3.20016e-05 2.43587e-05 2.69010e-05 
3050.0 3075.0 3100.0 9.58924e-05 3.21369e-05 7.50085e-05 2.06563e-05 6.82919e-05 4.50722e-05 8.52365e-05 2.40324e-05 9.25158e-05 2.86867e-05 7.47896e-05 3.93579e-05 9.11206e-05 3.54718e-05 
3100.0 3125.0 3150.0 1.18608e-04 3.50031e-05 9.90713e-05 2.53896e-05 1.18328e-04 4.93304e-05 1.04722e-04 2.77008e-05 1.10936e-04 3.20637e-05 1.17771e-04 4.47711e-05 1.13415e-04 3.85969e-05 
3150.0 3175.0 3200.0 8.04415e-05 2.83924e-05 7.59299e-05 2.13999e-05 8.07793e-05 4.10875e-05 8.46078e-05 2.35764e-05 7.38242e-05 2.55777e-05 8.31615e-05 3.67133e-05 9.52337e-05 3.34554e-05 
3200.0 3225.0 3250.0 1.02732e-04 2.97924e-05 8.16953e-05 1.93897e-05 1.02860e-04 4.53883e-05 8.27684e-05 2.19734e-05 9.33909e-05 2.53348e-05 1.07408e-04 3.95724e-05 9.74998e-05 3.29885e-05 
3250.0 3275.0 3300.0 9.93300e-05 2.52156e-05 7.90722e-05 1.76940e-05 1.08974e-04 3.73905e-05 9.02795e-05 1.96550e-05 9.78221e-05 2.26465e-05 1.11122e-04 3.33418e-05 1.10232e-04 2.85880e-05 
3300.0 3325.0 3350.0 7.31922e-05 2.37048e-05 6.21457e-05 1.66310e-05 8.66081e-05 3.78159e-05 6.64848e-05 1.84780e-05 7.03919e-05 2.14247e-05 7.41261e-05 3.11605e-05 7.33355e-05 2.67115e-05 
3350.0 3375.0 3400.0 5.38808e-05 1.75055e-05 4.75267e-05 1.20084e-05 4.93437e-05 2.63154e-05 5.03073e-05 1.34463e-05 5.26841e-05 1.56766e-05 5.31200e-05 2.32793e-05 5.42715e-05 1.97156e-05 
3400.0 3425.0 3450.0 2.74262e-05 1.38868e-05 2.87512e-05 9.64665e-06 8.65293e-07 2.01814e-05 2.92256e-05 1.07387e-05 2.90024e-05 1.25156e-05 1.37691e-05 1.77287e-05 2.28815e-05 1.55019e-05 
3450.0 3475.0 3500.0 5.54053e-05 2.06993e-05 3.63671e-05 1.13769e-05 3.87374e-05 2.83821e-05 3.80650e-05 1.32878e-05 5.31716e-05 1.78310e-05 6.19630e-05 2.85292e-05 4.73282e-05 2.11237e-05 
3500.0 3525.0 3550.0 1.96962e-05 1.12605e-05 2.51716e-05 8.98890e-06 5.82138e-06 1.66609e-05 2.50305e-05 1.00860e-05 2.59671e-05 1.14855e-05 1.21380e-05 1.46730e-05 2.37451e-05 1.42339e-05 
3550.0 3575.0 3600.0 9.03396e-06 1.01267e-05 9.76791e-06 7.07207e-06 -1.46796e-05 1.36121e-05 1.07528e-05 7.85722e-06 5.15925e-06 8.35030e-06 -5.80792e-06 1.20403e-05 1.37718e-06 1.03509e-05 
3600.0 3625.0 3650.0 7.19505e-06 1.01848e-05 1.43205e-05 6.83418e-06 -7.04170e-06 1.56850e-05 1.11591e-05 7.77319e-06 9.34106e-06 8.86728e-06 2.95674e-06 1.36901e-05 3.65303e-06 1.17410e-05 
3650.0 3675.0 3700.0 -4.77196e-06 1.01152e-05 6.21577e-06 6.79329e-06 -2.88799e-05 1.54058e-05 -2.22662e-07 7.19309e-06 2.67555e-06 8.81099e-06 -1.48736e-05 1.32560e-05 -1.01885e-05 1.15421e-05 
3700.0 3725.0 3750.0 7.11486e-06 9.32647e-06 1.47896e-05 7.32429e-06 -1.48044e-05 1.36119e-05 1.15148e-05 7.21766e-06 9.82632e-06 8.45358e-06 2.50582e-06 1.31175e-05 3.57936e-07 1.04464e-05 
3750.0 3775.0 3800.0 4.18203e-05 1.17850e-05 3.30833e-05 7.89236e-06 4.80707e-05 1.83602e-05 3.63183e-05 9.02059e-06 3.88203e-05 1.03190e-05 4.66402e-05 1.58683e-05 4.51423e-05 1.36847e-05 
3800.0 3825.0 3850.0 -1.85541e-06 5.61332e-06 2.30755e-06 3.91502e-06 -2.04505e-05 9.48436e-06 1.14052e-06 4.44884e-06 2.05964e-06 4.98750e-06 -6.62446e-06 7.63187e-06 -8.85933e-06 6.97391e-06 
3850.0 3875.0 3900.0 1.20654e-05 6.55751e-06 1.32916e-05 4.56318e-06 8.85005e-06 1.01177e-05 1.26222e-05 5.16927e-06 1.35652e-05 5.81781e-06 1.26244e-05 8.94752e-06 1.31912e-05 7.26150e-06 
3900.0 3925.0 3950.0 1.41412e-05 7.33797e-06 1.38990e-05 5.25770e-06 5.87353e-06 1.05050e-05 1.69364e-05 6.30577e-06 1.41452e-05 6.66758e-06 1.05358e-05 9.38433e-06 1.24761e-05 8.24934e-06 
3950.0 3975.0 4000.0 1.80362e-05 8.50473e-06 1.50511e-05 6.10693e-06 1.34763e-05 1.18015e-05 1.65653e-05 6.72133e-06 1.68158e-05 7.80224e-06 1.94454e-05 1.08732e-05 1.77773e-05 9.36147e-06 
