0.0 0.065449846958 0.13089969392 1.73558e+03 1.79010e+01 1.45402e+03 1.19192e+01 1.85624e+03 2.83223e+01 1.47215e+03 1.23862e+01 1.73592e+03 1.72162e+01 1.89303e+03 2.72821e+01 1.74302e+03 1.85880e+01 
0.13089969392 0.19634954088 0.26179938783 1.77305e+03 2.13296e+01 1.49700e+03 1.40347e+01 1.85144e+03 3.47700e+01 1.51654e+03 1.44593e+01 1.77216e+03 2.07238e+01 1.89536e+03 3.35218e+01 1.77405e+03 2.22503e+01 
0.26179938783 0.32724923479 0.39269908175 2.10701e+03 2.14315e+01 1.76109e+03 1.44027e+01 2.24432e+03 3.40648e+01 1.78528e+03 1.47584e+01 2.10307e+03 2.09574e+01 2.28767e+03 3.44280e+01 2.10918e+03 2.23923e+01 
0.39269908175 0.45814892871 0.52359877567 1.74891e+03 1.98302e+01 1.46822e+03 1.26735e+01 1.84581e+03 3.25358e+01 1.48511e+03 1.34991e+01 1.74791e+03 1.89303e+01 1.90148e+03 3.08007e+01 1.74395e+03 2.04199e+01 
0.52359877567 0.58904862263 0.65449846958 1.50961e+03 1.79780e+01 1.27284e+03 1.17328e+01 1.58883e+03 2.91153e+01 1.28576e+03 1.21754e+01 1.51099e+03 1.73097e+01 1.63511e+03 2.76615e+01 1.50849e+03 1.87785e+01 
0.65449846958 0.71994831654 0.7853981635 1.35035e+03 1.70868e+01 1.12948e+03 1.11680e+01 1.41019e+03 2.81659e+01 1.14306e+03 1.17285e+01 1.34062e+03 1.63876e+01 1.44093e+03 2.64967e+01 1.34414e+03 1.80604e+01 
0.7853981635 0.85084801046 0.91629785742 1.22778e+03 1.63719e+01 1.03936e+03 1.03154e+01 1.29430e+03 2.66498e+01 1.04592e+03 1.11086e+01 1.23296e+03 1.51541e+01 1.32966e+03 2.43548e+01 1.22971e+03 1.70659e+01 
0.91629785742 0.98174770438 1.0471975513 1.15378e+03 1.53422e+01 9.67926e+02 1.00328e+01 1.22644e+03 2.49720e+01 9.80643e+02 1.04188e+01 1.15198e+03 1.47716e+01 1.25080e+03 2.39015e+01 1.15470e+03 1.60502e+01 
1.0471975513 1.1126473983 1.1780972453 1.07648e+03 1.48903e+01 9.06806e+02 9.73128e+00 1.13754e+03 2.43579e+01 9.20031e+02 1.01443e+01 1.07830e+03 1.43573e+01 1.16054e+03 2.32654e+01 1.08084e+03 1.55668e+01 
1.1780972453 1.2435470922 1.3089969392 1.05456e+03 1.39771e+01 8.77674e+02 9.12538e+00 1.12866e+03 2.32899e+01 8.89188e+02 9.48842e+00 1.05343e+03 1.34280e+01 1.16171e+03 2.17789e+01 1.05533e+03 1.45984e+01 
1.3089969392 1.3744467861 1.4398966331 1.03198e+03 1.37741e+01 8.58798e+02 9.00201e+00 1.12163e+03 2.23164e+01 8.70125e+02 9.35769e+00 1.02702e+03 1.35818e+01 1.13619e+03 2.14363e+01 1.03948e+03 1.43278e+01 
1.4398966331 1.50534648 1.570796327 1.00924e+03 1.39633e+01 8.37773e+02 9.01546e+00 1.09468e+03 2.31454e+01 8.49471e+02 9.29886e+00 1.01082e+03 1.33053e+01 1.11444e+03 2.19809e+01 1.02506e+03 1.40413e+01 
1.570796327 1.636246174 1.7016960209 1.03291e+03 1.35285e+01 8.54155e+02 8.87693e+00 1.13930e+03 2.31298e+01 8.66097e+02 9.22528e+00 1.02703e+03 1.32417e+01 1.15245e+03 2.12026e+01 1.04347e+03 1.41949e+01 
1.7016960209 1.7671458679 1.8325957148 1.06867e+03 1.37647e+01 8.75524e+02 8.89014e+00 1.19355e+03 2.27592e+01 8.89595e+02 9.23261e+00 1.06372e+03 1.32099e+01 1.20700e+03 2.16826e+01 1.07970e+03 1.40768e+01 
1.8325957148 1.8980455618 1.9634954088 1.09708e+03 1.36868e+01 9.04786e+02 8.76903e+00 1.21727e+03 2.27486e+01 9.14722e+02 9.06906e+00 1.09446e+03 1.31205e+01 1.24193e+03 2.15928e+01 1.09945e+03 1.45695e+01 
1.9634954088 2.0289452557 2.0943951027 1.17783e+03 1.39652e+01 9.60583e+02 8.91300e+00 1.33725e+03 2.29076e+01 9.82152e+02 8.69564e+00 1.17224e+03 1.34041e+01 1.34312e+03 2.22879e+01 1.18997e+03 1.44262e+01 
2.0943951027 2.1598449496 2.2252947966 1.24941e+03 1.39672e+01 1.01761e+03 8.92597e+00 1.41931e+03 2.28825e+01 1.03279e+03 9.30877e+00 1.24322e+03 1.33828e+01 1.43186e+03 2.18333e+01 1.26172e+03 1.44173e+01 
2.2252947966 2.2907446435 2.3561944905 1.32218e+03 1.40293e+01 1.07704e+03 8.91360e+00 1.50660e+03 2.33045e+01 1.09223e+03 9.32365e+00 1.31702e+03 1.34021e+01 1.52195e+03 2.21559e+01 1.33678e+03 1.46291e+01 
2.3561944905 2.4216443375 2.4870941844 1.43737e+03 1.36251e+01 1.16271e+03 8.99740e+00 1.64451e+03 2.27472e+01 1.18014e+03 9.42352e+00 1.42962e+03 1.30178e+01 1.65645e+03 2.16237e+01 1.45253e+03 1.46295e+01 
2.4870941844 2.5525440314 2.6179938783 1.54072e+03 1.42212e+01 1.24755e+03 9.02935e+00 1.76302e+03 2.40889e+01 1.26563e+03 9.47900e+00 1.53171e+03 1.36274e+01 1.77937e+03 2.27224e+01 1.55161e+03 1.50520e+01 
2.6179938783 2.6834437253 2.7488935723 1.62912e+03 1.40798e+01 1.31634e+03 9.01446e+00 1.87220e+03 2.37323e+01 1.33654e+03 9.30831e+00 1.61865e+03 1.36559e+01 1.88839e+03 2.25469e+01 1.64143e+03 1.48184e+01 
2.7488935723 2.8143434192 2.8797932662 1.74981e+03 1.29259e+01 1.40264e+03 8.53461e+00 2.03603e+03 2.24269e+01 1.42686e+03 8.57178e+00 1.73379e+03 1.29371e+01 2.04000e+03 2.22612e+01 1.75539e+03 1.46837e+01 
2.8797932662 2.9452431131 3.0106929601 1.77011e+03 1.37844e+01 1.42817e+03 8.57821e+00 2.04667e+03 2.35430e+01 1.44942e+03 9.01836e+00 1.77224e+03 1.20035e+01 2.05817e+03 2.22995e+01 1.78586e+03 1.45484e+01 
3.0106929601 3.076142807 3.141592654 1.79067e+03 1.08316e+01 1.44642e+03 6.85138e+00 2.06610e+03 1.82342e+01 1.46689e+03 7.20250e+00 1.78156e+03 1.02965e+01 2.08044e+03 1.72338e+01 1.80232e+03 1.13890e+01 
