0.0 25.0 50.0 6.35022e+00 3.75564e-02 5.20451e+00 2.62361e-02 7.14479e+00 5.63822e-02 5.26397e+00 2.71749e-02 6.35099e+00 3.63464e-02 7.26710e+00 5.42880e-02 6.36341e+00 3.89955e-02 
50.0 75.0 100.0 7.36419e+00 3.30323e-02 6.03379e+00 2.30757e-02 8.29332e+00 4.98463e-02 6.12442e+00 2.38816e-02 7.33773e+00 3.19101e-02 8.40875e+00 4.78589e-02 7.41134e+00 3.43467e-02 
100.0 125.0 150.0 5.75120e+00 3.06946e-02 4.74980e+00 2.11869e-02 6.36033e+00 4.70805e-02 4.82705e+00 2.20019e-02 5.72094e+00 2.97759e-02 6.46272e+00 4.49147e-02 5.78118e+00 3.23909e-02 
150.0 175.0 200.0 4.64290e+00 2.82702e-02 3.85978e+00 1.91438e-02 5.03501e+00 4.44547e-02 3.93166e+00 2.00089e-02 4.61286e+00 2.71427e-02 5.13643e+00 4.16788e-02 4.67329e+00 3.00246e-02 
200.0 225.0 250.0 3.45015e+00 2.43273e-02 2.87329e+00 1.65763e-02 3.71984e+00 3.81158e-02 2.93095e+00 1.73547e-02 3.42478e+00 2.34187e-02 3.78755e+00 3.61080e-02 3.48053e+00 2.57013e-02 
250.0 275.0 300.0 2.59536e+00 2.09074e-02 2.15308e+00 1.40671e-02 2.81855e+00 3.29132e-02 2.20373e+00 1.48933e-02 2.56852e+00 1.99234e-02 2.86486e+00 3.09573e-02 2.62521e+00 2.23500e-02 
300.0 325.0 350.0 1.92226e+00 1.82881e-02 1.59806e+00 1.22055e-02 2.07256e+00 2.90071e-02 1.63966e+00 1.29013e-02 1.90170e+00 1.72934e-02 2.10831e+00 2.71797e-02 1.94893e+00 1.94791e-02 
350.0 375.0 400.0 1.48318e+00 1.67688e-02 1.23324e+00 1.10970e-02 1.60006e+00 2.66855e-02 1.26721e+00 1.17866e-02 1.46612e+00 1.57738e-02 1.62267e+00 2.50097e-02 1.50897e+00 1.78713e-02 
400.0 425.0 450.0 1.17101e+00 1.47844e-02 9.70608e-01 9.78066e-03 1.26973e+00 2.36169e-02 1.00196e+00 1.04001e-02 1.15875e+00 1.37954e-02 1.28445e+00 2.19894e-02 1.19469e+00 1.58504e-02 
450.0 475.0 500.0 9.17275e-01 1.34272e-02 7.66381e-01 8.70821e-03 9.75776e-01 2.15854e-02 7.87443e-01 9.42719e-03 9.06816e-01 1.24492e-02 9.98384e-01 1.97546e-02 9.32459e-01 1.44468e-02 
500.0 525.0 550.0 7.66382e-01 1.24672e-02 6.33456e-01 8.15704e-03 8.32254e-01 1.94591e-02 6.54664e-01 8.74180e-03 7.54530e-01 1.16882e-02 8.40119e-01 1.86116e-02 7.84572e-01 1.30923e-02 
550.0 575.0 600.0 6.01042e-01 1.10555e-02 5.00937e-01 7.25608e-03 6.35421e-01 1.79316e-02 5.17821e-01 7.76633e-03 5.91772e-01 1.03279e-02 6.49713e-01 1.64765e-02 6.15446e-01 1.18347e-02 
600.0 625.0 650.0 5.00229e-01 1.03877e-02 4.14837e-01 6.74346e-03 5.31777e-01 1.68131e-02 4.28985e-01 7.19388e-03 4.91954e-01 9.67786e-03 5.42640e-01 1.55120e-02 5.09986e-01 1.12447e-02 
650.0 675.0 700.0 4.28726e-01 9.80426e-03 3.54282e-01 6.50150e-03 4.57183e-01 1.63538e-02 3.66941e-01 7.00364e-03 4.19721e-01 9.28134e-03 4.67648e-01 1.45898e-02 4.38194e-01 1.08734e-02 
700.0 725.0 750.0 3.55306e-01 9.39704e-03 2.95762e-01 6.22900e-03 3.79056e-01 1.52354e-02 3.07173e-01 6.57031e-03 3.51290e-01 8.65433e-03 3.85847e-01 1.40170e-02 3.66843e-01 1.01792e-02 
750.0 775.0 800.0 3.09204e-01 8.91381e-03 2.53546e-01 5.86777e-03 3.33628e-01 1.44722e-02 2.63536e-01 6.32576e-03 3.01500e-01 8.41090e-03 3.38845e-01 1.33070e-02 3.16741e-01 9.68669e-03 
800.0 825.0 850.0 2.65717e-01 8.51862e-03 2.17903e-01 5.52488e-03 2.87695e-01 1.37706e-02 2.27010e-01 5.96333e-03 2.60154e-01 7.87912e-03 2.91252e-01 1.26124e-02 2.72627e-01 9.23382e-03 
850.0 875.0 900.0 2.25841e-01 7.73311e-03 1.85598e-01 5.03678e-03 2.42957e-01 1.28063e-02 1.93483e-01 5.46069e-03 2.20581e-01 7.14102e-03 2.46749e-01 1.16556e-02 2.32052e-01 8.57270e-03 
900.0 925.0 950.0 1.89614e-01 7.28464e-03 1.56705e-01 4.67042e-03 1.99444e-01 1.17201e-02 1.63628e-01 5.11127e-03 1.84574e-01 6.71348e-03 2.01526e-01 1.08565e-02 1.96065e-01 7.86990e-03 
950.0 975.0 1000.0 1.71646e-01 7.10199e-03 1.39773e-01 4.57035e-03 1.87490e-01 1.15565e-02 1.46979e-01 4.98483e-03 1.66066e-01 6.50838e-03 1.86654e-01 1.05624e-02 1.78046e-01 7.77654e-03 
1000.0 1025.0 1050.0 1.55466e-01 6.79714e-03 1.24840e-01 4.43028e-03 1.70973e-01 1.10026e-02 1.30614e-01 4.81179e-03 1.49741e-01 6.30670e-03 1.69684e-01 1.01335e-02 1.60460e-01 7.44490e-03 
1050.0 1075.0 1100.0 1.25501e-01 6.41869e-03 1.03718e-01 4.13136e-03 1.34600e-01 1.04187e-02 1.08335e-01 4.49640e-03 1.22612e-01 5.88760e-03 1.35912e-01 9.53235e-03 1.28623e-01 7.03171e-03 
1100.0 1125.0 1150.0 1.03654e-01 6.00931e-03 8.64746e-02 3.85077e-03 1.05159e-01 9.84589e-03 9.04097e-02 4.20028e-03 1.01326e-01 5.51391e-03 1.08324e-01 8.94093e-03 1.06274e-01 6.61967e-03 
1150.0 1175.0 1200.0 1.04848e-01 6.07960e-03 8.45791e-02 3.93408e-03 1.15032e-01 1.00853e-02 8.89859e-02 4.28981e-03 1.01500e-01 5.58460e-03 1.15607e-01 9.16269e-03 1.09053e-01 6.72745e-03 
1200.0 1225.0 1250.0 8.17711e-02 5.17141e-03 6.84514e-02 3.28299e-03 8.62257e-02 8.53666e-03 7.10368e-02 3.61968e-03 8.07438e-02 4.68714e-03 8.70183e-02 7.70398e-03 8.38761e-02 5.72361e-03 
1250.0 1275.0 1300.0 7.63926e-02 5.39409e-03 6.28788e-02 3.46286e-03 7.94406e-02 8.87817e-03 6.66318e-02 3.78932e-03 7.36647e-02 4.94745e-03 8.11424e-02 8.03821e-03 7.91861e-02 5.98427e-03 
1300.0 1325.0 1350.0 6.16106e-02 4.86478e-03 5.17130e-02 3.10501e-03 6.14822e-02 7.97116e-03 5.39603e-02 3.40056e-03 6.06001e-02 4.42747e-03 6.39557e-02 7.21342e-03 6.27834e-02 5.36482e-03 
1350.0 1375.0 1400.0 5.59429e-02 4.28071e-03 4.63493e-02 2.76426e-03 5.76981e-02 7.01856e-03 4.83519e-02 3.02538e-03 5.41648e-02 3.93528e-03 5.93731e-02 6.34002e-03 5.70619e-02 4.76574e-03 
1400.0 1425.0 1450.0 4.92896e-02 4.26173e-03 4.11347e-02 2.74549e-03 5.05908e-02 6.96876e-03 4.29827e-02 3.00631e-03 4.80545e-02 3.88954e-03 5.31083e-02 6.30865e-03 5.11501e-02 4.74003e-03 
1450.0 1475.0 1500.0 4.71087e-02 4.14407e-03 3.86008e-02 2.66490e-03 4.95305e-02 6.73733e-03 4.05776e-02 2.92645e-03 4.58259e-02 3.77990e-03 5.00148e-02 6.10608e-03 4.90109e-02 4.59669e-03 
1500.0 1525.0 1550.0 4.30958e-02 4.01087e-03 3.50516e-02 2.56422e-03 4.35279e-02 6.47485e-03 3.71620e-02 2.82389e-03 4.18047e-02 3.64520e-03 4.66635e-02 5.91269e-03 4.43947e-02 4.46077e-03 
1550.0 1575.0 1600.0 3.98924e-02 4.08969e-03 3.22735e-02 2.62703e-03 4.36643e-02 6.66579e-03 3.35881e-02 2.85862e-03 3.82340e-02 3.73222e-03 4.44151e-02 6.02764e-03 4.12041e-02 4.53175e-03 
1600.0 1625.0 1650.0 3.62255e-02 4.00112e-03 2.94762e-02 2.56983e-03 4.01834e-02 6.50456e-03 3.09606e-02 2.83631e-03 3.49321e-02 3.64140e-03 4.01053e-02 5.86546e-03 3.78910e-02 4.44793e-03 
1650.0 1675.0 1700.0 3.31506e-02 3.27701e-03 2.64810e-02 2.10016e-03 3.84937e-02 5.39631e-03 2.78382e-02 2.32793e-03 3.20317e-02 2.97079e-03 3.75947e-02 4.82328e-03 3.52764e-02 3.67718e-03 
1700.0 1725.0 1750.0 3.42104e-02 3.52740e-03 2.65882e-02 2.27196e-03 3.97375e-02 5.56197e-03 2.87233e-02 2.50320e-03 3.30911e-02 3.20325e-03 3.85989e-02 5.01014e-03 3.60531e-02 3.92977e-03 
1750.0 1775.0 1800.0 2.45983e-02 3.09020e-03 2.00056e-02 1.96307e-03 2.94320e-02 5.08561e-03 2.14711e-02 2.17665e-03 2.38871e-02 2.77757e-03 2.74176e-02 4.54859e-03 2.79699e-02 3.45594e-03 
1800.0 1825.0 1850.0 2.11236e-02 2.60767e-03 1.96576e-02 2.07364e-03 2.69636e-02 4.69390e-03 2.13475e-02 2.33261e-03 2.05361e-02 2.35329e-03 2.69656e-02 4.16837e-03 2.51248e-02 3.21256e-03 
1850.0 1875.0 1900.0 2.19125e-02 3.14418e-03 1.76717e-02 2.02703e-03 2.40102e-02 5.06629e-03 1.86467e-02 2.23412e-03 2.12253e-02 2.86397e-03 2.46658e-02 4.57607e-03 2.26664e-02 3.49410e-03 
1900.0 1925.0 1950.0 1.97904e-02 3.16315e-03 1.59704e-02 2.03856e-03 2.16140e-02 5.09640e-03 1.69745e-02 2.25212e-03 1.91925e-02 2.87236e-03 2.22994e-02 4.59737e-03 2.02725e-02 3.52443e-03 
1950.0 1975.0 2000.0 1.68089e-02 2.45433e-03 1.40149e-02 1.58795e-03 1.83968e-02 3.95748e-03 1.48052e-02 1.75827e-03 1.66119e-02 2.22623e-03 1.83255e-02 3.57039e-03 1.77997e-02 2.74610e-03 
2000.0 2025.0 2050.0 1.76652e-02 2.81905e-03 1.36658e-02 1.80486e-03 1.93668e-02 4.61091e-03 1.46863e-02 1.98610e-03 1.68863e-02 2.55426e-03 1.97925e-02 4.15885e-03 1.81428e-02 3.15492e-03 
2050.0 2075.0 2100.0 1.18126e-02 2.22193e-03 1.00283e-02 1.42965e-03 1.16020e-02 3.59033e-03 1.04487e-02 1.59075e-03 1.15224e-02 2.00561e-03 1.20210e-02 3.21420e-03 1.23780e-02 2.48903e-03 
2100.0 2125.0 2150.0 9.66848e-03 1.93305e-03 8.27182e-03 1.24757e-03 9.22208e-03 3.12609e-03 8.73394e-03 1.38708e-03 9.56767e-03 1.74402e-03 9.28889e-03 2.59367e-03 9.94793e-03 2.17588e-03 
2150.0 2175.0 2200.0 6.18472e-03 1.56922e-03 5.49206e-03 9.28735e-04 3.93802e-03 2.50834e-03 5.53354e-03 1.03757e-03 5.63976e-03 1.29812e-03 5.01130e-03 2.24458e-03 5.93383e-03 1.75756e-03 
2200.0 2225.0 2250.0 9.17928e-03 1.91813e-03 7.81892e-03 1.29810e-03 8.11917e-03 3.14009e-03 8.20275e-03 1.44943e-03 9.22694e-03 1.83274e-03 9.35774e-03 2.78805e-03 8.79731e-03 2.16308e-03 
2250.0 2275.0 2300.0 4.43668e-03 1.55155e-03 4.38204e-03 9.97665e-04 1.79025e-03 2.39219e-03 4.53319e-03 1.11282e-03 4.64153e-03 1.39425e-03 3.34513e-03 2.20791e-03 3.69427e-03 1.67051e-03 
2300.0 2325.0 2350.0 7.44650e-03 1.54308e-03 6.25804e-03 9.90093e-04 7.72944e-03 2.50382e-03 6.61168e-03 1.10435e-03 7.27906e-03 1.38590e-03 8.02483e-03 2.22664e-03 7.76937e-03 1.73963e-03 
2350.0 2375.0 2400.0 7.12607e-03 1.54580e-03 5.67879e-03 9.89651e-04 7.15390e-03 2.48788e-03 5.99060e-03 1.10832e-03 6.82723e-03 1.38629e-03 7.51818e-03 2.20855e-03 7.30840e-03 1.75148e-03 
2400.0 2425.0 2450.0 3.98226e-04 9.04405e-04 1.57092e-03 5.99335e-04 -2.76673e-03 1.47530e-03 1.52185e-03 6.74394e-04 1.02677e-03 8.33640e-04 -1.58629e-03 1.30130e-03 -1.63975e-05 1.02425e-03 
2450.0 2475.0 2500.0 2.91615e-03 9.94537e-04 2.75660e-03 6.40502e-04 1.49951e-03 1.60768e-03 2.98199e-03 7.18800e-04 2.94956e-03 8.89840e-04 2.29261e-03 1.41394e-03 2.77243e-03 1.12435e-03 
2500.0 2525.0 2550.0 4.56421e-03 1.18881e-03 3.66864e-03 7.65634e-04 4.66247e-03 1.91741e-03 3.93561e-03 8.58034e-04 4.36251e-03 1.06331e-03 5.29681e-03 1.78621e-03 5.27419e-03 1.41284e-03 
2550.0 2575.0 2600.0 2.98579e-03 1.18274e-03 3.39413e-03 8.45176e-04 2.27538e-03 1.87303e-03 2.85745e-03 8.58420e-04 3.88681e-03 1.16647e-03 3.23228e-03 1.77670e-03 3.13028e-03 1.32277e-03 
2600.0 2625.0 2650.0 9.43903e-04 8.42663e-04 1.00548e-03 4.96972e-04 -1.11607e-03 1.36706e-03 9.11690e-04 5.64366e-04 1.09579e-03 7.40512e-04 -4.92899e-04 1.18072e-03 6.90693e-04 9.75054e-04 
2650.0 2675.0 2700.0 8.24413e-04 7.52825e-04 1.24993e-03 4.89931e-04 -7.05224e-04 1.20013e-03 1.12962e-03 5.46525e-04 1.10334e-03 6.77515e-04 -4.38085e-05 1.07024e-03 5.62119e-04 8.47148e-04 
2700.0 2725.0 2750.0 1.60926e-03 6.63684e-04 1.58791e-03 4.30651e-04 6.70418e-04 1.06754e-03 1.65589e-03 4.84323e-04 1.65698e-03 5.91890e-04 1.12906e-03 9.39638e-04 1.52953e-03 7.55458e-04 
2750.0 2775.0 2800.0 2.28379e-03 6.77091e-04 1.95171e-03 4.40014e-04 1.99672e-03 1.05517e-03 2.16721e-03 4.91737e-04 2.14913e-03 6.06856e-04 2.12925e-03 9.43279e-04 2.18300e-03 7.48442e-04 
2800.0 2825.0 2850.0 6.21223e-04 5.48020e-04 8.66935e-04 3.55675e-04 -1.72364e-04 1.06089e-03 9.02386e-04 3.97365e-04 1.04182e-03 5.88685e-04 2.85713e-04 9.37046e-04 7.44724e-04 7.50564e-04 
2850.0 2875.0 2900.0 3.01044e-04 3.77997e-04 6.85031e-04 2.53574e-04 -7.22526e-04 6.31996e-04 6.28088e-04 2.88834e-04 5.42557e-04 3.54509e-04 -2.43335e-04 5.45385e-04 2.44129e-04 4.36067e-04 
2900.0 2925.0 2950.0 2.57942e-04 4.35894e-04 6.10495e-04 2.87051e-04 -6.89893e-04 7.21223e-04 5.36643e-04 3.10782e-04 3.93609e-04 3.83864e-04 -3.48387e-04 6.30801e-04 8.70801e-05 5.00738e-04 
2950.0 2975.0 3000.0 7.73362e-04 4.14498e-04 9.51502e-04 2.94206e-04 3.05137e-04 6.66649e-04 8.04919e-04 3.00918e-04 1.06980e-03 4.04603e-04 4.28867e-04 5.86208e-04 9.22691e-04 5.21138e-04 
3000.0 3025.0 3050.0 6.48520e-04 3.55519e-04 7.00963e-04 2.31255e-04 -7.38551e-05 5.86644e-04 7.30881e-04 2.58932e-04 7.28459e-04 3.15711e-04 3.19605e-04 5.00824e-04 4.40957e-04 4.18659e-04 
3050.0 3075.0 3100.0 1.04223e-03 3.80957e-04 9.58953e-04 2.46741e-04 8.33767e-04 6.11125e-04 1.00146e-03 2.79408e-04 1.05489e-03 3.37598e-04 9.38942e-04 5.35337e-04 1.05700e-03 4.35745e-04 
3100.0 3125.0 3150.0 5.11813e-05 2.63968e-04 2.91695e-04 1.67066e-04 -7.58941e-04 4.31901e-04 2.53268e-04 1.88510e-04 2.14776e-04 2.30500e-04 -3.80727e-04 3.78088e-04 -1.51143e-05 2.98667e-04 
3150.0 3175.0 3200.0 2.62378e-04 2.31337e-04 3.97358e-04 1.50530e-04 -3.45062e-04 3.72380e-04 3.87766e-04 1.69978e-04 3.27311e-04 2.05224e-04 -8.11026e-05 3.24769e-04 1.50685e-04 2.65163e-04 
3200.0 3225.0 3250.0 7.49992e-04 3.14968e-04 6.62272e-04 2.04360e-04 6.28621e-04 5.03361e-04 7.08656e-04 2.31164e-04 7.47465e-04 2.79410e-04 7.16356e-04 4.41463e-04 8.19376e-04 3.59837e-04 
3250.0 3275.0 3300.0 4.29809e-04 2.09795e-04 4.32420e-04 1.36053e-04 1.10170e-04 3.39753e-04 4.50124e-04 1.54291e-04 4.43676e-04 1.85302e-04 2.30469e-04 2.97372e-04 3.90086e-04 2.42570e-04 
3300.0 3325.0 3350.0 8.27350e-04 2.29747e-04 6.97356e-04 1.54838e-04 6.90704e-04 3.50908e-04 7.47668e-04 1.72878e-04 7.94807e-04 2.07221e-04 7.90313e-04 3.14125e-04 8.26577e-04 2.58587e-04 
3350.0 3375.0 3400.0 1.23567e-03 2.61387e-04 9.03077e-04 1.69824e-04 1.59834e-03 4.16899e-04 1.00307e-03 1.92160e-04 1.14642e-03 2.32113e-04 1.52619e-03 3.65918e-04 1.34571e-03 2.99411e-04 
3400.0 3425.0 3450.0 6.49331e-04 1.99279e-04 6.11139e-04 1.38770e-04 7.03995e-04 3.24249e-04 3.50260e-04 1.22565e-04 4.48184e-04 1.59833e-04 7.15742e-04 2.80501e-04 6.81872e-04 2.31074e-04 
3450.0 3475.0 3500.0 6.32105e-04 1.95902e-04 4.91401e-04 1.26848e-04 6.87382e-04 3.12828e-04 5.40672e-04 1.43749e-04 5.86163e-04 1.73315e-04 6.50931e-04 2.71523e-04 6.75566e-04 2.24072e-04 
3500.0 3525.0 3550.0 3.73548e-04 1.55538e-04 3.41416e-04 1.01932e-04 2.58108e-04 2.46421e-04 3.59556e-04 1.15482e-04 3.69726e-04 1.38324e-04 3.20355e-04 2.16033e-04 3.67218e-04 1.78229e-04 
3550.0 3575.0 3600.0 4.78457e-04 1.50259e-04 3.80471e-04 9.48494e-05 4.98062e-04 2.50159e-04 4.14624e-04 1.09909e-04 4.41638e-04 1.30126e-04 4.89513e-04 2.12532e-04 5.08814e-04 1.77530e-04 
3600.0 3625.0 3650.0 2.68310e-04 1.27316e-04 2.49180e-04 8.33336e-05 2.65801e-04 2.11571e-04 2.56338e-04 9.40479e-05 2.77261e-04 1.13298e-04 2.99968e-04 1.88154e-04 2.36603e-04 1.45096e-04 
3650.0 3675.0 3700.0 4.55596e-04 1.17079e-04 3.71631e-04 8.05151e-05 6.58599e-04 2.10612e-04 3.76977e-04 8.60652e-05 4.15569e-04 1.01368e-04 6.09375e-04 1.78854e-04 5.68217e-04 1.49782e-04 
3700.0 3725.0 3750.0 2.94467e-04 8.98898e-05 2.40556e-04 5.95493e-05 2.77594e-04 1.40644e-04 2.59022e-04 6.72832e-05 2.85948e-04 7.98490e-05 3.00036e-04 1.23769e-04 3.17566e-04 1.02337e-04 
3750.0 3775.0 3800.0 2.19552e-04 7.82527e-05 1.83602e-04 4.95857e-05 1.40583e-04 1.23337e-04 1.96301e-04 5.65017e-05 2.00997e-04 6.70957e-05 1.86416e-04 1.09392e-04 2.23005e-04 9.09464e-05 
3800.0 3825.0 3850.0 1.99785e-04 9.40098e-05 1.80959e-04 5.96341e-05 1.63780e-04 1.56434e-04 1.91787e-04 6.88005e-05 2.03991e-04 8.16368e-05 1.86260e-04 1.32399e-04 2.19492e-04 1.09943e-04 
3850.0 3875.0 3900.0 3.35989e-05 5.69823e-05 6.62681e-05 3.71936e-05 -5.61097e-05 9.44574e-05 6.23720e-05 4.20940e-05 5.40258e-05 5.10566e-05 -1.92397e-05 7.81348e-05 6.64692e-06 6.55136e-05 
3900.0 3925.0 3950.0 1.80286e-04 7.93066e-05 1.62045e-04 5.28664e-05 1.36776e-04 1.22760e-04 1.82604e-04 5.94865e-05 1.85764e-04 7.11491e-05 1.79414e-04 1.08175e-04 1.78386e-04 9.01966e-05 
3950.0 3975.0 4000.0 -1.64423e-06 3.67261e-05 3.56585e-05 2.41433e-05 -1.08837e-04 5.78318e-05 2.79539e-05 2.73843e-05 1.66200e-05 3.24108e-05 -6.53416e-05 5.05167e-05 -4.25083e-05 4.25225e-05 
