-3.5 -3.45 -3.4 -2.06251e-03 2.79514e-04 -1.11884e-03 2.39030e-04 -3.86906e-03 8.16117e-04 -1.37706e-03 1.87336e-04 -1.67764e-03 3.57239e-04 -3.17622e-03 6.73713e-04 -2.73394e-03 3.90539e-04 
-3.4 -3.35 -3.3 -6.75394e-03 7.79793e-04 -3.55161e-03 6.53406e-04 -1.26621e-02 2.12070e-03 -4.38337e-03 7.71163e-04 -5.32567e-03 9.72832e-04 -9.96001e-03 1.76610e-03 -8.34476e-03 1.40564e-03 
-3.3 -3.25 -3.2 -3.85747e-03 3.89588e-03 -2.99818e-03 1.95295e-03 -1.00817e-02 6.66941e-03 -1.82807e-03 2.79705e-03 -5.07025e-03 2.73099e-03 -6.99014e-03 5.54424e-03 -4.35696e-03 4.61346e-03 
-3.2 -3.15 -3.1 2.77085e-02 1.11581e-02 2.52858e-02 8.21218e-03 1.50868e-02 1.47756e-02 2.65729e-02 8.98745e-03 2.35632e-02 9.61201e-03 2.16566e-02 1.32794e-02 2.33001e-02 1.17039e-02 
-3.1 -3.05 -3.0 8.71389e-02 2.19143e-02 7.05339e-02 1.56826e-02 9.77786e-02 3.15704e-02 7.54328e-02 1.71365e-02 8.30871e-02 2.01745e-02 1.01734e-01 2.89857e-02 9.00643e-02 2.41670e-02 
-3.0 -2.95 -2.9 2.58410e-01 4.45715e-02 2.02784e-01 3.29179e-02 3.00526e-01 6.21474e-02 2.20209e-01 3.60282e-02 2.42730e-01 4.12244e-02 2.91447e-01 5.56843e-02 2.80262e-01 5.07461e-02 
-2.9 -2.85 -2.8 3.58150e-01 5.93552e-02 2.99311e-01 4.43238e-02 3.47191e-01 7.73432e-02 3.18939e-01 4.78402e-02 3.48574e-01 5.54507e-02 3.64906e-01 7.20483e-02 3.71843e-01 6.40868e-02 
-2.8 -2.75 -2.7 9.40800e-01 1.12095e-01 7.07169e-01 7.63002e-02 1.10346e+00 1.55845e-01 7.58900e-01 8.34667e-02 8.56319e-01 9.75780e-02 1.08972e+00 1.42858e-01 9.94508e-01 1.22781e-01 
-2.7 -2.65 -2.6 1.20360e+00 1.18255e-01 9.52179e-01 8.45876e-02 1.41345e+00 1.70395e-01 1.01785e+00 9.25793e-02 1.14689e+00 1.08466e-01 1.37569e+00 1.54188e-01 1.27983e+00 1.30754e-01 
-2.6 -2.55 -2.5 1.65169e+00 1.43060e-01 1.31718e+00 1.03177e-01 1.88460e+00 2.05543e-01 1.40044e+00 1.11840e-01 1.58254e+00 1.32418e-01 1.88020e+00 1.87223e-01 1.72270e+00 1.56757e-01 
-2.5 -2.45 -2.4 2.22558e+00 1.60854e-01 1.77114e+00 1.14515e-01 2.47075e+00 2.21417e-01 1.88713e+00 1.25021e-01 2.12623e+00 1.47774e-01 2.46658e+00 1.99451e-01 2.26734e+00 1.68217e-01 
-2.4 -2.35 -2.3 2.89318e+00 1.62022e-01 2.31372e+00 1.16873e-01 3.30983e+00 2.32624e-01 2.47489e+00 1.27079e-01 2.76088e+00 1.49331e-01 3.27326e+00 2.10650e-01 3.04108e+00 1.78389e-01 
-2.3 -2.25 -2.2 3.41281e+00 1.60237e-01 2.77097e+00 1.16608e-01 3.78507e+00 2.27975e-01 2.93212e+00 1.25981e-01 3.28795e+00 1.48825e-01 3.79441e+00 2.08336e-01 3.54692e+00 1.74989e-01 
-2.2 -2.15 -2.1 4.34002e+00 1.87153e-01 3.53302e+00 1.38225e-01 4.78504e+00 2.60239e-01 3.72903e+00 1.48560e-01 4.17282e+00 1.75059e-01 4.77712e+00 2.40499e-01 4.50262e+00 2.02869e-01 
-2.1 -2.05 -2.0 5.46167e+00 1.99579e-01 4.41232e+00 1.47230e-01 6.01940e+00 2.74725e-01 4.67380e+00 1.57963e-01 5.26883e+00 1.86850e-01 6.12527e+00 2.57748e-01 5.59462e+00 2.13672e-01 
-2.0 -1.95 -1.9 6.16817e+00 1.93373e-01 5.06289e+00 1.42909e-01 6.69819e+00 2.69700e-01 5.32100e+00 1.53372e-01 5.95908e+00 1.81117e-01 6.78692e+00 2.49289e-01 6.33731e+00 2.09029e-01 
-1.9 -1.85 -1.8 6.93080e+00 2.08207e-01 5.69267e+00 1.52499e-01 7.56673e+00 2.94343e-01 5.98467e+00 1.63611e-01 6.70561e+00 1.94780e-01 7.65589e+00 2.70881e-01 7.13341e+00 2.25080e-01 
-1.8 -1.75 -1.7 8.03408e+00 2.07072e-01 6.54904e+00 1.51728e-01 8.95191e+00 2.94956e-01 6.89363e+00 1.62510e-01 7.73141e+00 1.94478e-01 8.97961e+00 2.70000e-01 8.31099e+00 2.25369e-01 
-1.7 -1.65 -1.6 9.07525e+00 2.06800e-01 7.45594e+00 1.51570e-01 1.00309e+01 2.91049e-01 7.82667e+00 1.62542e-01 8.79730e+00 1.93543e-01 1.00413e+01 2.69416e-01 9.40810e+00 2.23268e-01 
-1.6 -1.55 -1.5 1.04815e+01 2.48126e-01 8.58161e+00 1.77571e-01 1.15275e+01 3.31867e-01 9.04202e+00 1.91944e-01 1.01550e+01 2.29287e-01 1.16930e+01 3.28089e-01 1.07519e+01 2.52534e-01 
-1.5 -1.45 -1.4 1.13642e+01 2.17379e-01 9.26700e+00 1.59074e-01 1.27193e+01 3.09210e-01 9.75001e+00 1.70162e-01 1.09805e+01 2.03632e-01 1.27127e+01 2.84501e-01 1.17621e+01 2.35319e-01 
-1.4 -1.35 -1.3 1.20999e+01 2.13168e-01 9.89740e+00 1.56476e-01 1.34745e+01 3.01288e-01 1.03892e+01 1.67370e-01 1.17291e+01 1.99910e-01 1.35284e+01 2.78096e-01 1.24947e+01 2.30536e-01 
-1.3 -1.25 -1.2 1.27700e+01 2.07625e-01 1.04813e+01 1.52947e-01 1.41250e+01 2.91066e-01 1.09794e+01 1.63032e-01 1.23943e+01 1.95265e-01 1.42118e+01 2.70651e-01 1.31757e+01 2.23317e-01 
-1.2 -1.15 -1.1 1.34186e+01 2.18677e-01 1.10458e+01 1.59280e-01 1.47951e+01 3.10993e-01 1.15575e+01 1.70733e-01 1.30335e+01 2.04811e-01 1.48906e+01 2.87318e-01 1.38260e+01 2.36293e-01 
-1.1 -1.05 -1.0 1.42165e+01 2.04295e-01 1.17174e+01 1.50990e-01 1.56787e+01 2.84808e-01 1.22619e+01 1.60837e-01 1.38811e+01 1.92121e-01 1.57934e+01 2.65124e-01 1.46790e+01 2.18660e-01 
-1.0 -0.95 -0.9 1.52622e+01 2.09976e-01 1.25164e+01 1.53895e-01 1.69739e+01 2.95681e-01 1.31109e+01 1.64664e-01 1.48166e+01 1.96558e-01 1.70426e+01 2.74587e-01 1.57392e+01 2.25762e-01 
-0.9 -0.85 -0.8 1.59297e+01 2.06500e-01 1.30508e+01 1.52367e-01 1.78190e+01 2.87200e-01 1.36685e+01 1.62158e-01 1.54668e+01 1.94687e-01 1.78728e+01 2.67917e-01 1.64317e+01 2.21368e-01 
-0.8 -0.75 -0.7 1.61247e+01 2.03701e-01 1.32576e+01 1.50674e-01 1.79125e+01 2.81218e-01 1.38783e+01 1.60238e-01 1.56804e+01 1.92059e-01 1.79705e+01 2.64996e-01 1.66554e+01 2.16440e-01 
-0.7 -0.65 -0.6 1.67039e+01 2.04910e-01 1.37098e+01 1.50505e-01 1.85951e+01 2.88443e-01 1.43678e+01 1.60291e-01 1.62092e+01 1.92593e-01 1.86827e+01 2.67313e-01 1.72568e+01 2.19794e-01 
-0.6 -0.55 -0.5 1.71728e+01 2.00105e-01 1.41033e+01 1.45931e-01 1.91726e+01 2.82005e-01 1.47275e+01 1.56648e-01 1.67316e+01 1.86402e-01 1.93297e+01 2.57966e-01 1.77818e+01 2.16655e-01 
-0.5 -0.45 -0.4 1.72986e+01 2.03810e-01 1.42611e+01 1.49754e-01 1.90939e+01 2.87502e-01 1.49071e+01 1.59471e-01 1.68515e+01 1.91442e-01 1.92042e+01 2.67640e-01 1.78267e+01 2.18384e-01 
-0.4 -0.35 -0.3 1.77812e+01 1.99566e-01 1.45709e+01 1.46181e-01 1.98858e+01 2.82215e-01 1.52581e+01 1.56311e-01 1.72628e+01 1.86856e-01 1.99342e+01 2.59357e-01 1.83683e+01 2.14761e-01 
-0.3 -0.25 -0.2 1.77607e+01 1.99799e-01 1.46024e+01 1.47056e-01 1.97285e+01 2.81800e-01 1.52861e+01 1.56494e-01 1.72784e+01 1.87543e-01 1.97734e+01 2.62002e-01 1.83339e+01 2.14468e-01 
-0.2 -0.15 -0.1 1.82388e+01 1.99304e-01 1.49520e+01 1.46711e-01 2.03386e+01 2.82165e-01 1.56517e+01 1.56500e-01 1.77080e+01 1.87882e-01 2.04170e+01 2.61553e-01 1.88097e+01 2.14505e-01 
-0.1 -0.05 0.0 1.85433e+01 2.00957e-01 1.51633e+01 1.48117e-01 2.07875e+01 2.82749e-01 1.58912e+01 1.57417e-01 1.79833e+01 1.89698e-01 2.07980e+01 2.64048e-01 1.91534e+01 2.15380e-01 
0.0 0.05 0.1 1.86318e+01 2.00951e-01 1.52361e+01 1.48188e-01 2.08949e+01 2.82337e-01 1.59626e+01 1.57591e-01 1.80795e+01 1.90010e-01 2.09101e+01 2.63040e-01 1.93127e+01 2.11678e-01 
0.1 0.15 0.2 1.83960e+01 1.96969e-01 1.50266e+01 1.45363e-01 2.06732e+01 2.76171e-01 1.57595e+01 1.54636e-01 1.78241e+01 1.85714e-01 2.06483e+01 2.57397e-01 1.90256e+01 2.11063e-01 
0.2 0.25 0.3 1.79477e+01 1.98392e-01 1.47540e+01 1.46187e-01 1.99646e+01 2.77911e-01 1.54252e+01 1.55804e-01 1.74394e+01 1.87391e-01 2.00317e+01 2.59167e-01 1.85097e+01 2.12412e-01 
0.3 0.35 0.4 1.81156e+01 1.99795e-01 1.48082e+01 1.48056e-01 2.02621e+01 2.79755e-01 1.55330e+01 1.56799e-01 1.75496e+01 1.89440e-01 2.02470e+01 2.62847e-01 1.86674e+01 2.14708e-01 
0.4 0.45 0.5 1.73943e+01 2.00944e-01 1.43085e+01 1.48248e-01 1.93036e+01 2.81306e-01 1.49899e+01 1.57414e-01 1.69026e+01 1.89468e-01 1.93549e+01 2.62844e-01 1.79327e+01 2.14835e-01 
0.5 0.55 0.6 1.74228e+01 2.04444e-01 1.42581e+01 1.50047e-01 1.94845e+01 2.87995e-01 1.49392e+01 1.59831e-01 1.69030e+01 1.92375e-01 1.95244e+01 2.68640e-01 1.79824e+01 2.18952e-01 
0.6 0.65 0.7 1.66022e+01 2.03704e-01 1.36125e+01 1.49462e-01 1.84791e+01 2.88488e-01 1.42696e+01 1.59179e-01 1.61235e+01 1.91685e-01 1.84923e+01 2.68455e-01 1.70904e+01 2.19680e-01 
0.7 0.75 0.8 1.63037e+01 2.03399e-01 1.33597e+01 1.50012e-01 1.82022e+01 2.85836e-01 1.40015e+01 1.59693e-01 1.58132e+01 1.91891e-01 1.82179e+01 2.66356e-01 1.68377e+01 2.18351e-01 
0.8 0.85 0.9 1.55925e+01 2.04935e-01 1.28029e+01 1.51218e-01 1.73718e+01 2.88827e-01 1.34351e+01 1.60748e-01 1.51670e+01 1.92454e-01 1.73882e+01 2.69091e-01 1.61309e+01 2.19924e-01 
0.9 0.95 1.0 1.53102e+01 2.08276e-01 1.25212e+01 1.53187e-01 1.71499e+01 2.92849e-01 1.31321e+01 1.63140e-01 1.48479e+01 1.96206e-01 1.71941e+01 2.71932e-01 1.58586e+01 2.22492e-01 
1.0 1.05 1.1 1.44477e+01 2.06597e-01 1.18260e+01 1.52203e-01 1.61508e+01 2.91095e-01 1.23992e+01 1.61992e-01 1.40112e+01 1.94638e-01 1.61611e+01 2.70259e-01 1.49248e+01 2.21880e-01 
1.1 1.15 1.2 1.35293e+01 2.15434e-01 1.11242e+01 1.58066e-01 1.49795e+01 3.06178e-01 1.16562e+01 1.68640e-01 1.31669e+01 2.02946e-01 1.50575e+01 2.83342e-01 1.39508e+01 2.32081e-01 
1.2 1.25 1.3 1.28550e+01 2.10851e-01 1.06006e+01 1.55565e-01 1.41823e+01 2.95088e-01 1.10548e+01 1.65772e-01 1.25433e+01 1.98183e-01 1.43135e+01 2.75728e-01 1.32494e+01 2.26308e-01 
1.3 1.35 1.4 1.18401e+01 2.12761e-01 9.67583e+00 1.55654e-01 1.32634e+01 3.02396e-01 1.01614e+01 1.66385e-01 1.14666e+01 1.99556e-01 1.32385e+01 2.79044e-01 1.22467e+01 2.27908e-01 
1.4 1.45 1.5 1.13114e+01 2.20203e-01 9.20486e+00 1.63407e-01 1.25643e+01 3.10288e-01 9.70062e+00 1.73255e-01 1.09443e+01 2.08214e-01 1.26597e+01 2.86206e-01 1.16491e+01 2.38496e-01 
1.5 1.55 1.6 9.76084e+00 2.14617e-01 8.05670e+00 1.57375e-01 1.06924e+01 3.02168e-01 8.43735e+00 1.68353e-01 9.49886e+00 2.00786e-01 1.07794e+01 2.79964e-01 1.00640e+01 2.31170e-01 
1.6 1.65 1.7 9.48687e+00 2.15599e-01 7.69603e+00 1.58413e-01 1.06521e+01 3.04368e-01 8.12633e+00 1.69154e-01 9.13982e+00 2.02619e-01 1.06535e+01 2.80960e-01 9.83664e+00 2.32708e-01 
1.7 1.75 1.8 8.38939e+00 2.09879e-01 6.80595e+00 1.54289e-01 9.48287e+00 2.94782e-01 7.16263e+00 1.64647e-01 8.11007e+00 1.97321e-01 9.42858e+00 2.73330e-01 8.72563e+00 2.25955e-01 
1.8 1.85 1.9 6.97934e+00 2.06026e-01 5.74086e+00 1.52436e-01 7.60559e+00 2.88870e-01 6.03683e+00 1.62611e-01 6.76185e+00 1.93714e-01 7.68850e+00 2.67051e-01 7.21257e+00 2.22313e-01 
1.9 1.95 2.0 6.68343e+00 2.25339e-01 5.39570e+00 1.66773e-01 7.58384e+00 3.19968e-01 5.69610e+00 1.77879e-01 6.43980e+00 2.12430e-01 7.55348e+00 2.90573e-01 6.92838e+00 2.42199e-01 
2.0 2.05 2.1 4.84208e+00 1.93768e-01 4.01750e+00 1.42564e-01 5.20821e+00 2.71905e-01 4.21716e+00 1.52538e-01 4.71034e+00 1.81726e-01 5.26445e+00 2.51690e-01 5.00693e+00 2.09022e-01 
2.1 2.15 2.2 4.33108e+00 1.97301e-01 3.58773e+00 1.58097e-01 4.78902e+00 2.78008e-01 3.72469e+00 1.54490e-01 4.18827e+00 1.85188e-01 4.81566e+00 2.57700e-01 4.48853e+00 2.12730e-01 
2.2 2.25 2.3 3.64758e+00 1.80917e-01 3.03562e+00 1.49662e-01 4.13555e+00 2.49561e-01 3.13472e+00 1.42842e-01 3.53286e+00 1.71366e-01 4.08979e+00 2.32819e-01 3.82184e+00 1.94199e-01 
2.3 2.35 2.4 2.56158e+00 1.60360e-01 2.09887e+00 1.17737e-01 2.77737e+00 2.25444e-01 2.21972e+00 1.26328e-01 2.47163e+00 1.50128e-01 2.80760e+00 2.08082e-01 2.65304e+00 1.73506e-01 
2.4 2.45 2.5 2.11720e+00 1.50483e-01 1.70371e+00 1.10297e-01 2.39663e+00 2.13063e-01 1.81580e+00 1.19242e-01 2.02322e+00 1.39626e-01 2.36298e+00 1.93924e-01 2.22854e+00 1.64724e-01 
2.5 2.55 2.6 1.70190e+00 1.43204e-01 1.36566e+00 1.05401e-01 1.85206e+00 1.81135e-01 1.45206e+00 1.12891e-01 1.63667e+00 1.34811e-01 1.85905e+00 1.69453e-01 1.72473e+00 1.41804e-01 
2.6 2.65 2.7 1.14149e+00 1.05812e-01 9.41053e-01 8.05485e-02 1.27891e+00 1.42064e-01 9.76803e-01 8.46256e-02 1.13313e+00 1.01834e-01 1.28303e+00 1.33903e-01 1.18107e+00 1.12834e-01 
2.7 2.75 2.8 7.47950e-01 8.38400e-02 5.91504e-01 6.18323e-02 8.80860e-01 1.16823e-01 6.36107e-01 6.68528e-02 7.10976e-01 7.80995e-02 8.54817e-01 1.07198e-01 8.00236e-01 9.14200e-02 
2.8 2.85 2.9 5.43035e-01 7.30916e-02 4.33840e-01 5.62191e-02 6.14236e-01 9.28748e-02 4.57079e-01 5.88422e-02 5.27006e-01 7.08872e-02 6.25246e-01 9.11156e-02 5.59382e-01 7.58266e-02 
2.9 2.95 3.0 2.44760e-01 4.49002e-02 1.72048e-01 3.05969e-02 3.23134e-01 6.48830e-02 1.94604e-01 3.41755e-02 2.22711e-01 4.05978e-02 3.03576e-01 5.98253e-02 3.09261e-01 5.59688e-02 
3.0 3.05 3.1 1.47166e-01 3.32105e-02 1.23669e-01 2.63482e-02 1.57624e-01 4.10641e-02 1.30240e-01 2.78601e-02 1.44575e-01 3.21553e-02 1.54566e-01 3.88185e-02 1.49786e-01 3.42928e-02 
3.1 3.15 3.2 -8.78567e-04 8.00517e-03 3.57782e-03 5.83663e-03 -1.52878e-02 1.21889e-02 5.24167e-03 6.43305e-03 3.66746e-03 8.47286e-03 -1.26673e-02 9.98448e-03 -4.22742e-03 8.92413e-03 
3.2 3.25 3.3 -5.61695e-03 2.75112e-03 -1.50834e-03 1.80243e-03 -1.29177e-02 4.70588e-03 -2.38388e-03 2.14170e-03 -4.52793e-03 2.31083e-03 -1.17893e-02 3.60585e-03 -6.33422e-03 3.52504e-03 
3.3 3.35 3.4 -7.23911e-03 8.83130e-04 -3.90382e-03 4.81622e-04 -1.41926e-02 1.54778e-03 -4.82156e-03 5.91469e-04 -5.91400e-03 7.32948e-04 -1.12828e-02 1.36759e-03 -9.45463e-03 9.78569e-04 
3.4 3.45 3.5 -2.47713e-03 3.39403e-04 -1.35554e-03 1.92516e-04 -4.75348e-03 6.38996e-04 -1.65046e-03 2.27306e-04 -2.03441e-03 2.87448e-04 -3.85935e-03 5.25652e-04 -3.05122e-03 4.12444e-04 
