0.0 25.0 50.0 7.09704e+00 5.75423e-02 5.86739e+00 4.00418e-02 7.85567e+00 8.75053e-02 5.88263e+00 4.09580e-02 7.13944e+00 5.62719e-02 8.01678e+00 8.46222e-02 7.05435e+00 5.93721e-02 
50.0 75.0 100.0 1.87704e+01 6.78367e-02 1.51973e+01 4.74102e-02 2.16887e+01 1.04603e-01 1.52771e+01 4.84984e-02 1.88190e+01 6.62887e-02 2.20049e+01 1.00783e-01 1.87206e+01 7.10089e-02 
100.0 125.0 150.0 1.73432e+01 5.73061e-02 1.39854e+01 3.94382e-02 2.01883e+01 8.79874e-02 1.41139e+01 4.06682e-02 1.73241e+01 5.55845e-02 2.03941e+01 8.45694e-02 1.73907e+01 5.94868e-02 
150.0 175.0 200.0 1.21446e+01 4.65692e-02 9.78443e+00 3.19510e-02 1.41049e+01 7.24998e-02 9.92427e+00 3.29593e-02 1.20840e+01 4.52213e-02 1.42214e+01 6.89431e-02 1.22335e+01 4.88414e-02 
200.0 225.0 250.0 8.43823e+00 3.79545e-02 6.77733e+00 2.61200e-02 9.82875e+00 6.04043e-02 6.90418e+00 2.68851e-02 8.36531e+00 3.70041e-02 9.87306e+00 5.72159e-02 8.53316e+00 3.97688e-02 
250.0 275.0 300.0 5.95979e+00 3.38392e-02 4.78465e+00 2.28736e-02 6.87739e+00 5.46406e-02 4.89439e+00 2.37048e-02 5.88190e+00 3.26734e-02 6.93846e+00 5.06588e-02 6.02862e+00 3.62647e-02 
300.0 325.0 350.0 4.44977e+00 2.89433e-02 3.55663e+00 1.94175e-02 5.17529e+00 4.73357e-02 3.64147e+00 2.07246e-02 4.38739e+00 2.75869e-02 5.20355e+00 4.29731e-02 4.51793e+00 3.15646e-02 
350.0 375.0 400.0 3.27370e+00 2.64487e-02 2.62847e+00 1.75107e-02 3.77382e+00 4.22065e-02 2.69927e+00 1.84432e-02 3.22585e+00 2.51109e-02 3.78880e+00 3.97537e-02 3.33362e+00 2.80425e-02 
400.0 425.0 450.0 2.53338e+00 2.44554e-02 2.02992e+00 1.60499e-02 2.92263e+00 4.00212e-02 2.09000e+00 1.71397e-02 2.49069e+00 2.31349e-02 2.93031e+00 3.69721e-02 2.58602e+00 2.63579e-02 
450.0 475.0 500.0 2.03526e+00 2.27082e-02 1.62562e+00 1.48358e-02 2.35685e+00 3.67572e-02 1.67763e+00 1.57338e-02 1.99696e+00 2.14107e-02 2.35917e+00 3.43696e-02 2.08539e+00 2.39213e-02 
500.0 525.0 550.0 1.61460e+00 2.08216e-02 1.28864e+00 1.35762e-02 1.85778e+00 3.54542e-02 1.33275e+00 1.44208e-02 1.58143e+00 1.96047e-02 1.85926e+00 3.30440e-02 1.65665e+00 2.22538e-02 
550.0 575.0 600.0 1.29110e+00 1.89611e-02 1.03123e+00 1.20307e-02 1.48389e+00 3.07572e-02 1.06416e+00 1.29602e-02 1.25762e+00 1.77727e-02 1.48311e+00 2.79960e-02 1.31873e+00 2.02608e-02 
600.0 625.0 650.0 1.01707e+00 1.72571e-02 8.13415e-01 1.11980e-02 1.16542e+00 2.80755e-02 8.44094e-01 1.19591e-02 9.93313e-01 1.62274e-02 1.16641e+00 2.60714e-02 1.04501e+00 1.85701e-02 
650.0 675.0 700.0 8.41514e-01 1.54643e-02 6.70601e-01 9.99794e-03 9.69909e-01 2.52718e-02 6.97285e-01 1.07106e-02 8.20804e-01 1.44391e-02 9.68984e-01 2.33829e-02 8.66364e-01 1.67005e-02 
700.0 725.0 750.0 6.57514e-01 1.35882e-02 5.27482e-01 8.79012e-03 7.40602e-01 2.18968e-02 5.48658e-01 9.42954e-03 6.41761e-01 1.26718e-02 7.47970e-01 2.04911e-02 6.73334e-01 1.45435e-02 
750.0 775.0 800.0 5.63126e-01 1.33102e-02 4.48146e-01 8.64597e-03 6.42343e-01 2.17797e-02 4.68287e-01 9.25925e-03 5.49738e-01 1.23878e-02 6.48098e-01 2.00048e-02 5.78241e-01 1.45278e-02 
800.0 825.0 850.0 4.51485e-01 1.14940e-02 3.62542e-01 7.33030e-03 5.11463e-01 1.88637e-02 3.78117e-01 7.90000e-03 4.41031e-01 1.05480e-02 5.13034e-01 1.73277e-02 4.65199e-01 1.25050e-02 
850.0 875.0 900.0 3.69777e-01 1.01368e-02 2.95748e-01 6.52139e-03 4.20276e-01 1.66219e-02 3.10026e-01 6.96225e-03 3.59558e-01 9.38974e-03 4.20797e-01 1.52499e-02 3.81770e-01 1.10476e-02 
900.0 925.0 950.0 3.04792e-01 8.68302e-03 2.43068e-01 5.59860e-03 3.48122e-01 1.42473e-02 2.54762e-01 6.07095e-03 2.95348e-01 8.04113e-03 3.46979e-01 1.30186e-02 3.15942e-01 9.50235e-03 
950.0 975.0 1000.0 2.55576e-01 7.92057e-03 2.03826e-01 5.11146e-03 2.91690e-01 1.28670e-02 2.12571e-01 5.51569e-03 2.47934e-01 7.28963e-03 2.91612e-01 1.17632e-02 2.62664e-01 8.60336e-03 
1000.0 1025.0 1050.0 2.12069e-01 7.02048e-03 1.70088e-01 4.61031e-03 2.41222e-01 1.13615e-02 1.78592e-01 5.01178e-03 2.06747e-01 6.56610e-03 2.41106e-01 1.03741e-02 2.19326e-01 7.80402e-03 
1050.0 1075.0 1100.0 1.77678e-01 6.09585e-03 1.41274e-01 3.87291e-03 2.02779e-01 9.89734e-03 1.48358e-01 4.28183e-03 1.71932e-01 5.50059e-03 2.02473e-01 9.01905e-03 1.84234e-01 6.69010e-03 
1100.0 1125.0 1150.0 1.37329e-01 5.27373e-03 1.11304e-01 3.40762e-03 1.51337e-01 8.61228e-03 1.16725e-01 3.71327e-03 1.33398e-01 4.84420e-03 1.52604e-01 7.82366e-03 1.42141e-01 5.81751e-03 
1150.0 1175.0 1200.0 1.16312e-01 4.69054e-03 9.40526e-02 3.03832e-03 1.28358e-01 7.61393e-03 9.87446e-02 3.31444e-03 1.12847e-01 4.30410e-03 1.30421e-01 6.90093e-03 1.20241e-01 5.16811e-03 
1200.0 1225.0 1250.0 1.07413e-01 4.17765e-03 8.47952e-02 2.71041e-03 1.24955e-01 6.76290e-03 8.95306e-02 2.95953e-03 1.03366e-01 3.83042e-03 1.21267e-01 6.15865e-03 1.12119e-01 4.60761e-03 
1250.0 1275.0 1300.0 8.10988e-02 3.64292e-03 6.59930e-02 2.37008e-03 8.73031e-02 5.88463e-03 6.90780e-02 2.59226e-03 7.87547e-02 3.33697e-03 8.92582e-02 5.32648e-03 8.32409e-02 4.02432e-03 
1300.0 1325.0 1350.0 7.56510e-02 3.35348e-03 6.01441e-02 2.15942e-03 8.57133e-02 5.41804e-03 6.35282e-02 2.37124e-03 7.29315e-02 3.03398e-03 8.62921e-02 4.89211e-03 7.88660e-02 3.69793e-03 
1350.0 1375.0 1400.0 5.74439e-02 2.89889e-03 4.65707e-02 1.84800e-03 6.40549e-02 4.66154e-03 4.91080e-02 2.05570e-03 5.52341e-02 2.61709e-03 6.29712e-02 4.21790e-03 5.97553e-02 3.22668e-03 
1400.0 1425.0 1450.0 5.33822e-02 2.76624e-03 4.27911e-02 1.80728e-03 5.99641e-02 4.43665e-03 4.51683e-02 1.98006e-03 5.15072e-02 2.52854e-03 6.00501e-02 4.01098e-03 5.54868e-02 3.06169e-03 
1450.0 1475.0 1500.0 4.52015e-02 2.38602e-03 3.60124e-02 1.53738e-03 4.89766e-02 3.85179e-03 3.79325e-02 1.69647e-03 4.32631e-02 2.16100e-03 4.92511e-02 3.45649e-03 4.67560e-02 2.65480e-03 
1500.0 1525.0 1550.0 4.16060e-02 2.33839e-03 3.28449e-02 1.51568e-03 4.83288e-02 3.79160e-03 3.48757e-02 1.66884e-03 3.98360e-02 2.12558e-03 4.76803e-02 3.40457e-03 4.36484e-02 2.60400e-03 
1550.0 1575.0 1600.0 3.40350e-02 2.17945e-03 2.69481e-02 1.42875e-03 3.81527e-02 3.48936e-03 2.88971e-02 1.56686e-03 3.22142e-02 1.99181e-03 3.81146e-02 3.14405e-03 3.54916e-02 2.42062e-03 
1600.0 1625.0 1650.0 2.92376e-02 1.81544e-03 2.33026e-02 1.17801e-03 3.32323e-02 2.93733e-03 2.47235e-02 1.30068e-03 2.80576e-02 1.64593e-03 3.30319e-02 2.63009e-03 3.05789e-02 2.02771e-03 
1650.0 1675.0 1700.0 2.46373e-02 1.59198e-03 1.97942e-02 1.02710e-03 2.75020e-02 2.57019e-03 2.09471e-02 1.13339e-03 2.37242e-02 1.42740e-03 2.75447e-02 2.29775e-03 2.56568e-02 1.78001e-03 
1700.0 1725.0 1750.0 2.39176e-02 1.60521e-03 1.87673e-02 1.05887e-03 2.79874e-02 2.53873e-03 1.99822e-02 1.16991e-03 2.28775e-02 1.45864e-03 2.75649e-02 2.28242e-03 2.51508e-02 1.79002e-03 
1750.0 1775.0 1800.0 2.07683e-02 1.40208e-03 1.63268e-02 9.29867e-04 2.42874e-02 2.20007e-03 1.73316e-02 1.02951e-03 1.98451e-02 1.27928e-03 2.39384e-02 1.98744e-03 2.18252e-02 1.55551e-03 
1800.0 1825.0 1850.0 1.55789e-02 1.16917e-03 1.24721e-02 7.68579e-04 1.69552e-02 1.87249e-03 1.33465e-02 8.46340e-04 1.48209e-02 1.06449e-03 1.72325e-02 1.67327e-03 1.62370e-02 1.30752e-03 
1850.0 1875.0 1900.0 1.39080e-02 1.10516e-03 1.11464e-02 7.23258e-04 1.55866e-02 1.76430e-03 1.17716e-02 7.80609e-04 1.31626e-02 9.95463e-04 1.52348e-02 1.57135e-03 1.43746e-02 1.23492e-03 
1900.0 1925.0 1950.0 1.34940e-02 1.04446e-03 1.06311e-02 6.88140e-04 1.56957e-02 1.65572e-03 1.13491e-02 7.60089e-04 1.28441e-02 9.47317e-04 1.54081e-02 1.48445e-03 1.42168e-02 1.16627e-03 
1950.0 1975.0 2000.0 9.75660e-03 8.40465e-04 7.78209e-03 5.60692e-04 1.01836e-02 1.36539e-03 8.20918e-03 6.23688e-04 9.38324e-03 7.59235e-04 1.06127e-02 1.19382e-03 1.00605e-02 9.52292e-04 
2000.0 2025.0 2050.0 9.81320e-03 8.49301e-04 7.73278e-03 5.54879e-04 1.13952e-02 1.36007e-03 8.26598e-03 6.16972e-04 9.32274e-03 7.62094e-04 1.13617e-02 1.20759e-03 1.03479e-02 9.55788e-04 
2050.0 2075.0 2100.0 7.85847e-03 7.49054e-04 6.47109e-03 4.86043e-04 8.56385e-03 1.20123e-03 6.81131e-03 5.43250e-04 7.69422e-03 6.69392e-04 8.81772e-03 1.06289e-03 8.19145e-03 8.42249e-04 
2100.0 2125.0 2150.0 8.10991e-03 7.01923e-04 6.35668e-03 4.64494e-04 9.58428e-03 1.10395e-03 6.80862e-03 5.15660e-04 7.70483e-03 6.33817e-04 9.40080e-03 9.85282e-04 8.56773e-03 7.87605e-04 
2150.0 2175.0 2200.0 6.30332e-03 6.01460e-04 5.01315e-03 3.95700e-04 7.13661e-03 9.71953e-04 5.35474e-03 4.42285e-04 5.99558e-03 5.46162e-04 6.97650e-03 8.59852e-04 6.62318e-03 6.81170e-04 
2200.0 2225.0 2250.0 4.19434e-03 5.02232e-04 3.56594e-03 3.29007e-04 3.90824e-03 8.00166e-04 3.75526e-03 3.66432e-04 4.09748e-03 4.51482e-04 4.28242e-03 7.12582e-04 4.27542e-03 5.66406e-04 
2250.0 2275.0 2300.0 6.02297e-03 5.99607e-04 4.63929e-03 3.96799e-04 7.33452e-03 9.44955e-04 4.99405e-03 4.41781e-04 5.68068e-03 5.39581e-04 7.10928e-03 8.35799e-04 6.41777e-03 6.75356e-04 
2300.0 2325.0 2350.0 3.27425e-03 4.79738e-04 2.80098e-03 3.21796e-04 3.09439e-03 7.41982e-04 2.94256e-03 3.56067e-04 3.21239e-03 4.34941e-04 3.32211e-03 6.65635e-04 3.31868e-03 5.36064e-04 
2350.0 2375.0 2400.0 4.30765e-03 5.00363e-04 3.39563e-03 3.35328e-04 4.79002e-03 7.71810e-04 3.57890e-03 3.70322e-04 4.09092e-03 4.53056e-04 4.91073e-03 6.93116e-04 4.45153e-03 5.57017e-04 
2400.0 2425.0 2450.0 3.06122e-03 4.16031e-04 2.53982e-03 2.76623e-04 3.22493e-03 6.50081e-04 2.72925e-03 3.08697e-04 2.95842e-03 3.75595e-04 3.23709e-03 5.80338e-04 3.27424e-03 4.65095e-04 
2450.0 2475.0 2500.0 3.74758e-03 4.06788e-04 2.87888e-03 2.77281e-04 4.42751e-03 6.17481e-04 3.04984e-03 3.07532e-04 3.46465e-03 3.68365e-04 4.34740e-03 5.52422e-04 3.88037e-03 4.57075e-04 
2500.0 2525.0 2550.0 2.74098e-03 3.56847e-04 2.16142e-03 2.37365e-04 3.27113e-03 5.53642e-04 2.32122e-03 2.64675e-04 2.67453e-03 3.19953e-04 3.26241e-03 4.92388e-04 2.95951e-03 4.00967e-04 
2550.0 2575.0 2600.0 2.67452e-03 3.26405e-04 2.07290e-03 2.18268e-04 3.09244e-03 5.09333e-04 2.23369e-03 2.43542e-04 2.47156e-03 2.94003e-04 3.04768e-03 4.51425e-04 2.84365e-03 3.67774e-04 
2600.0 2625.0 2650.0 2.33777e-03 2.86505e-04 1.84789e-03 1.93180e-04 2.71023e-03 4.43774e-04 1.96630e-03 2.15307e-04 2.22135e-03 2.59422e-04 2.72382e-03 3.89960e-04 2.47541e-03 3.22795e-04 
2650.0 2675.0 2700.0 2.05295e-03 3.00683e-04 1.58934e-03 2.04673e-04 2.28169e-03 4.57188e-04 1.73256e-03 2.26354e-04 1.93845e-03 2.73796e-04 2.25596e-03 4.10820e-04 2.16383e-03 3.36348e-04 
2700.0 2725.0 2750.0 1.71266e-03 2.39148e-04 1.32357e-03 1.60137e-04 1.83713e-03 3.62314e-04 1.44326e-03 1.79366e-04 1.61409e-03 2.14753e-04 1.91871e-03 3.27676e-04 1.77673e-03 2.69931e-04 
2750.0 2775.0 2800.0 1.36654e-03 1.81217e-04 1.08500e-03 1.21091e-04 1.50070e-03 2.84722e-04 1.16615e-03 1.35532e-04 1.29762e-03 1.62151e-04 1.53816e-03 2.49844e-04 1.40574e-03 2.06448e-04 
2800.0 2825.0 2850.0 1.42730e-03 1.89704e-04 1.10995e-03 1.29178e-04 1.72715e-03 2.87753e-04 1.19686e-03 1.43475e-04 1.36034e-03 1.71495e-04 1.68040e-03 2.57389e-04 1.56318e-03 2.11966e-04 
2850.0 2875.0 2900.0 1.17743e-03 1.72330e-04 9.09546e-04 1.16807e-04 1.43922e-03 2.58146e-04 9.92581e-04 1.29994e-04 1.09918e-03 1.55238e-04 1.35958e-03 2.34004e-04 1.25716e-03 1.92349e-04 
2900.0 2925.0 2950.0 8.24172e-04 1.46882e-04 6.55964e-04 9.65954e-05 9.91365e-04 2.31809e-04 7.52375e-04 1.08435e-04 7.76085e-04 1.30274e-04 9.11681e-04 2.03648e-04 9.03802e-04 1.67320e-04 
2950.0 2975.0 3000.0 8.11571e-04 1.42895e-04 6.39256e-04 9.68366e-05 9.35363e-04 2.18962e-04 6.82466e-04 1.07831e-04 7.67309e-04 1.29079e-04 9.18468e-04 1.95224e-04 8.51594e-04 1.60728e-04 
3000.0 3025.0 3050.0 4.35194e-04 1.13212e-04 3.83546e-04 7.57283e-05 3.99105e-04 1.75551e-04 4.09629e-04 8.46795e-05 4.51834e-04 1.00724e-04 3.74015e-04 1.55709e-04 4.33040e-04 1.28272e-04 
3050.0 3075.0 3100.0 6.88286e-04 1.21255e-04 5.36139e-04 8.22166e-05 7.93282e-04 1.83407e-04 5.85851e-04 9.20891e-05 6.40463e-04 1.08524e-04 7.86985e-04 1.63385e-04 7.12212e-04 1.35279e-04 
3100.0 3125.0 3150.0 5.27319e-04 1.09058e-04 4.18180e-04 7.44499e-05 6.00147e-04 1.63167e-04 4.57519e-04 8.31255e-05 5.00958e-04 9.77838e-05 5.64752e-04 1.44990e-04 5.49575e-04 1.20425e-04 
3150.0 3175.0 3200.0 6.89076e-04 1.24478e-04 5.28943e-04 8.73019e-05 8.99916e-04 1.79875e-04 5.73743e-04 9.63853e-05 6.71434e-04 1.13935e-04 8.61107e-04 1.63810e-04 7.79309e-04 1.38356e-04 
3200.0 3225.0 3250.0 4.66378e-04 9.48415e-05 3.90300e-04 6.87687e-05 5.25857e-04 1.40109e-04 4.31415e-04 7.67009e-05 4.67632e-04 8.58518e-05 5.29917e-04 1.25628e-04 4.94016e-04 1.06221e-04 
3250.0 3275.0 3300.0 4.13194e-04 7.59606e-05 3.15667e-04 5.26838e-05 4.97054e-04 1.12753e-04 3.42330e-04 5.84274e-05 3.79893e-04 6.88409e-05 4.77517e-04 1.01086e-04 4.42450e-04 8.53157e-05 
3300.0 3325.0 3350.0 3.08681e-04 7.05511e-05 2.65508e-04 4.97643e-05 2.98636e-04 1.03270e-04 2.85081e-04 5.54936e-05 2.96107e-04 6.36370e-05 3.07919e-04 9.32857e-05 3.10893e-04 7.82578e-05 
3350.0 3375.0 3400.0 3.35042e-04 7.38614e-05 2.67733e-04 5.14721e-05 3.07024e-04 1.04977e-04 2.90361e-04 5.71310e-05 3.15080e-04 6.69219e-05 3.36625e-04 9.47651e-05 3.21763e-04 8.27657e-05 
3400.0 3425.0 3450.0 1.57107e-04 4.16175e-05 1.29549e-04 2.70386e-05 1.36540e-04 6.47120e-05 1.40129e-04 3.09882e-05 1.48043e-04 3.65847e-05 1.58400e-04 5.71002e-05 1.49607e-04 4.68691e-05 
3450.0 3475.0 3500.0 2.52953e-04 5.00017e-05 2.01649e-04 3.55454e-05 3.19683e-04 7.83732e-05 2.22402e-04 3.98543e-05 2.37513e-04 4.46726e-05 2.86411e-04 6.85719e-05 2.69651e-04 5.77460e-05 
3500.0 3525.0 3550.0 2.32249e-04 5.17888e-05 1.80873e-04 3.56911e-05 2.80270e-04 7.61997e-05 1.95959e-04 3.98648e-05 2.17519e-04 4.67538e-05 2.73424e-04 6.84979e-05 2.54999e-04 5.77582e-05 
3550.0 3575.0 3600.0 1.59988e-04 4.50909e-05 1.38049e-04 3.11651e-05 1.84255e-04 6.94255e-05 1.53794e-04 3.42605e-05 1.59811e-04 4.07747e-05 1.79027e-04 6.28310e-05 1.89154e-04 5.28505e-05 
3600.0 3625.0 3650.0 7.08817e-05 2.85178e-05 6.37971e-05 1.84764e-05 4.06632e-05 4.60088e-05 7.19970e-05 2.11040e-05 6.72840e-05 2.48656e-05 5.22181e-05 3.93015e-05 6.71730e-05 3.32462e-05 
3650.0 3675.0 3700.0 1.21208e-04 3.26705e-05 1.07076e-04 2.24316e-05 1.20614e-04 4.91307e-05 1.15752e-04 2.51840e-05 1.15558e-04 2.90523e-05 1.21468e-04 4.30759e-05 1.26161e-04 3.71586e-05 
3700.0 3725.0 3750.0 1.24188e-04 3.20433e-05 1.01942e-04 2.21914e-05 1.42886e-04 4.89021e-05 1.09768e-04 2.48579e-05 1.18374e-04 2.87605e-05 1.39811e-04 4.22021e-05 1.29787e-04 3.61959e-05 
3750.0 3775.0 3800.0 9.73749e-05 2.45541e-05 7.69922e-05 1.69906e-05 8.05346e-05 3.76357e-05 8.98437e-05 1.89214e-05 8.74633e-05 2.20789e-05 9.84269e-05 3.26609e-05 1.02286e-04 2.76547e-05 
3800.0 3825.0 3850.0 1.03802e-04 2.62707e-05 8.22127e-05 1.82769e-05 1.05211e-04 3.91875e-05 8.79470e-05 2.02955e-05 9.60925e-05 2.37912e-05 1.13184e-04 3.47235e-05 1.00940e-04 2.96498e-05 
3850.0 3875.0 3900.0 5.10869e-05 1.96449e-05 4.98183e-05 1.35276e-05 2.39493e-05 2.89266e-05 4.98271e-05 1.51831e-05 5.36249e-05 1.75379e-05 3.84411e-05 2.52880e-05 4.85220e-05 2.23352e-05 
3900.0 3925.0 3950.0 7.80000e-05 2.02281e-05 6.71435e-05 1.51266e-05 6.14706e-05 2.99183e-05 7.01049e-05 1.57291e-05 6.99162e-05 1.82701e-05 7.23891e-05 2.68438e-05 7.66907e-05 2.26423e-05 
3950.0 3975.0 4000.0 1.07619e-04 2.26275e-05 8.75051e-05 1.62281e-05 1.26065e-04 3.16158e-05 9.26043e-05 1.80288e-05 1.05498e-04 2.05245e-05 1.24197e-04 2.86866e-05 1.14116e-04 2.51957e-05 
