0.0 0.05 0.1 1.96954e+01 9.25830e-01 2.80595e+01 6.95032e-01 -1.30762e+01 1.31533e+00 2.62228e+01 7.27487e-01 2.42778e+01 8.87486e-01 -3.51295e-01 1.22564e+00 1.36209e+01 9.88347e-01 
0.1 0.15 0.2 2.08653e+01 9.87127e-01 2.97289e+01 7.48016e-01 -1.18309e+01 1.57048e+00 2.79165e+01 7.87000e-01 2.57395e+01 9.74251e-01 2.01962e-01 1.32574e+00 1.53669e+01 1.13437e+00 
0.2 0.25 0.3 2.54995e+01 1.23238e+00 3.50759e+01 8.68855e-01 -1.15126e+01 1.85878e+00 3.29193e+01 9.26578e-01 3.09702e+01 1.15224e+00 2.56475e+00 1.72063e+00 1.90428e+01 1.32183e+00 
0.3 0.35 0.4 2.70079e+01 1.23031e+00 3.82483e+01 8.76885e-01 -1.55182e+01 1.84830e+00 3.58760e+01 9.28428e-01 3.30528e+01 1.16081e+00 3.46467e-01 1.71152e+00 2.00711e+01 1.29408e+00 
0.4 0.45 0.5 2.11277e+01 1.08189e+00 3.10012e+01 7.63179e-01 -1.51548e+01 1.64293e+00 2.89091e+01 8.09391e-01 2.63227e+01 1.01856e+00 -1.66535e+00 1.51840e+00 1.48608e+01 1.16244e+00 
0.5 0.55 0.6 1.88700e+01 9.60332e-01 2.74492e+01 6.83723e-01 -1.28335e+01 1.42332e+00 2.56807e+01 7.24339e-01 2.34536e+01 9.04888e-01 -9.70803e-01 1.33441e+00 1.33506e+01 1.01963e+00 
0.6 0.65 0.7 1.72180e+01 9.14921e-01 2.49601e+01 6.25117e-01 -1.11390e+01 1.37587e+00 2.32730e+01 6.89620e-01 2.13846e+01 8.18503e-01 -5.48447e-01 1.12682e+00 1.23972e+01 9.82268e-01 
0.7 0.75 0.8 1.57761e+01 8.01618e-01 2.25348e+01 6.02677e-01 -1.00858e+01 1.16058e+00 2.09550e+01 6.84394e-01 1.91360e+01 7.91737e-01 -4.69536e-01 1.08367e+00 1.13697e+01 8.50804e-01 
0.8 0.85 0.9 1.21148e+01 8.49727e-01 1.92988e+01 6.07197e-01 -1.34581e+01 1.30115e+00 1.79079e+01 6.36921e-01 1.55714e+01 8.11296e-01 -4.20976e+00 1.22642e+00 7.80528e+00 9.13790e-01 
0.9 0.95 1.0 1.06854e+01 7.74633e-01 1.76292e+01 5.54191e-01 -1.31722e+01 1.15421e+00 1.62188e+01 5.85938e-01 1.40651e+01 7.32207e-01 -4.52752e+00 1.07173e+00 6.60548e+00 8.28768e-01 
1.0 1.05 1.1 1.12062e+01 7.83499e-01 1.74260e+01 5.88032e-01 -1.08767e+01 1.17051e+00 1.61564e+01 5.91526e-01 1.43243e+01 7.89128e-01 -2.76303e+00 1.08631e+00 7.41057e+00 8.38928e-01 
1.1 1.15 1.2 1.13388e+01 8.17218e-01 1.70563e+01 5.71626e-01 -9.36860e+00 1.07221e+00 1.59649e+01 5.95535e-01 1.42779e+01 7.66782e-01 -1.68013e+00 1.15195e+00 7.93652e+00 8.56008e-01 
1.2 1.25 1.3 9.84729e+00 7.13547e-01 1.56795e+01 5.81519e-01 -9.29938e+00 1.32425e+00 1.45531e+01 6.25396e-01 1.29360e+01 7.92442e-01 -2.77772e+00 9.83800e-01 6.92898e+00 9.18311e-01 
1.3 1.35 1.4 9.24514e+00 8.14015e-01 1.46639e+01 5.63508e-01 -9.54308e+00 1.22193e+00 1.35253e+01 5.99721e-01 1.19893e+01 7.63997e-01 -2.73418e+00 1.15947e+00 5.99306e+00 8.90566e-01 
1.4 1.45 1.5 9.06174e+00 7.56274e-01 1.40388e+01 5.28610e-01 -8.93402e+00 1.18277e+00 1.30338e+01 5.62608e-01 1.15531e+01 7.09577e-01 -2.15550e+00 1.06524e+00 5.97283e+00 8.45310e-01 
1.5 1.55 1.6 9.35495e+00 8.11644e-01 1.40168e+01 5.56242e-01 -7.12310e+00 1.27426e+00 1.30578e+01 5.94919e-01 1.17603e+01 7.57338e-01 -1.29751e+00 1.16186e+00 6.90530e+00 8.63144e-01 
1.6 1.65 1.7 7.20609e+00 7.97339e-01 1.22666e+01 5.46131e-01 -9.62460e+00 1.28328e+00 1.12529e+01 5.84558e-01 1.02408e+01 6.50405e-01 -3.78287e+00 1.14084e+00 4.52995e+00 8.87789e-01 
1.7 1.75 1.8 7.62281e+00 7.73367e-01 1.22413e+01 5.30385e-01 -8.57883e+00 1.07664e+00 1.13282e+01 5.67436e-01 9.94192e+00 7.20261e-01 -2.56033e+00 1.10345e+00 5.42987e+00 8.05936e-01 
1.8 1.85 1.9 7.54711e+00 6.54069e-01 1.18921e+01 4.66197e-01 -7.39121e+00 1.04833e+00 1.09398e+01 4.94142e-01 9.82556e+00 6.17402e-01 -1.82033e+00 9.66626e-01 4.95079e+00 7.01894e-01 
1.9 1.95 2.0 6.77629e+00 8.02998e-01 1.09433e+01 5.38327e-01 -7.55201e+00 1.24243e+00 1.05705e+01 5.46152e-01 9.43713e+00 6.93816e-01 -2.49031e+00 1.16578e+00 4.46705e+00 8.54858e-01 
2.0 2.05 2.1 6.53564e+00 7.80516e-01 1.05009e+01 5.32209e-01 -7.55884e+00 1.23045e+00 9.67519e+00 5.71609e-01 8.45890e+00 7.31506e-01 -2.34190e+00 1.12513e+00 4.10596e+00 8.49023e-01 
2.1 2.15 2.2 5.31148e+00 7.98454e-01 9.49350e+00 5.30528e-01 -8.36474e+00 1.03841e+00 8.57520e+00 5.74837e-01 7.42131e+00 7.34685e-01 -3.43413e+00 1.16286e+00 2.87562e+00 8.74965e-01 
2.2 2.25 2.3 6.24236e+00 6.48075e-01 9.67285e+00 4.53406e-01 -6.84734e+00 1.10800e+00 8.95826e+00 4.83279e-01 8.01775e+00 6.07839e-01 -1.43273e+00 9.07226e-01 4.04818e+00 6.98448e-01 
2.3 2.35 2.4 4.54596e+00 6.22509e-01 8.14532e+00 4.30093e-01 -7.89029e+00 1.05410e+00 7.41668e+00 4.60056e-01 6.12365e+00 6.48779e-01 -3.11893e+00 8.80325e-01 2.25643e+00 7.30819e-01 
2.4 2.45 2.5 3.59870e+00 7.17313e-01 7.85921e+00 4.51567e-01 -8.68039e+00 1.14218e+00 6.64577e+00 5.18435e-01 6.05131e+00 6.15868e-01 -4.44245e+00 1.04352e+00 1.39229e+00 7.82478e-01 
2.5 2.55 2.6 4.22018e+00 7.24112e-01 7.41115e+00 4.78071e-01 -6.41880e+00 1.16953e+00 6.76857e+00 5.19433e-01 5.77615e+00 6.64560e-01 -2.67524e+00 9.37629e-01 2.21320e+00 7.43290e-01 
2.6 2.65 2.7 4.25178e+00 6.75316e-01 7.00103e+00 4.47483e-01 -6.29084e+00 1.01679e+00 6.54482e+00 4.88902e-01 5.48922e+00 6.15737e-01 -2.00708e+00 9.76112e-01 2.15550e+00 7.04999e-01 
2.7 2.75 2.8 2.85063e+00 6.49163e-01 6.10799e+00 4.35338e-01 -7.52593e+00 1.03054e+00 5.43471e+00 4.72013e-01 4.53272e+00 5.77726e-01 -3.77895e+00 9.36981e-01 1.07996e+00 7.10711e-01 
2.8 2.85 2.9 3.62026e+00 6.10838e-01 6.40635e+00 4.14527e-01 -6.18343e+00 9.45698e-01 6.10841e+00 4.08998e-01 4.97210e+00 5.65927e-01 -2.36561e+00 8.72462e-01 2.06987e+00 6.46674e-01 
2.9 2.95 3.0 3.52516e+00 6.06659e-01 6.14020e+00 4.15149e-01 -5.53230e+00 9.40018e-01 5.61521e+00 4.46199e-01 4.80935e+00 5.64007e-01 -2.11243e+00 8.60606e-01 1.92015e+00 6.59795e-01 
3.0 3.05 3.1 3.47742e+00 5.69227e-01 5.65156e+00 3.86363e-01 -5.27276e+00 7.70360e-01 5.11561e+00 4.08580e-01 4.58796e+00 5.33379e-01 -1.60203e+00 8.06963e-01 2.08337e+00 6.21598e-01 
3.1 3.15 3.2 3.01501e+00 5.93647e-01 5.33659e+00 3.97461e-01 -5.28065e+00 9.13098e-01 4.80090e+00 4.21803e-01 4.23792e+00 5.49051e-01 -2.00842e+00 8.26882e-01 1.54813e+00 6.48729e-01 
3.2 3.25 3.3 2.49208e+00 5.71342e-01 4.79608e+00 3.85519e-01 -5.50708e+00 8.61626e-01 4.22407e+00 4.10692e-01 3.55885e+00 5.27482e-01 -2.34094e+00 8.15419e-01 8.95509e-01 6.03195e-01 
3.3 3.35 3.4 2.52098e+00 5.08953e-01 4.65783e+00 3.49331e-01 -3.99996e+00 7.98772e-01 4.24664e+00 3.90061e-01 3.68057e+00 4.71288e-01 -1.49624e+00 7.11658e-01 1.57824e+00 5.64344e-01 
3.4 3.45 3.5 1.91192e+00 5.09563e-01 3.87233e+00 3.48051e-01 -5.20265e+00 7.96681e-01 3.56216e+00 3.75466e-01 2.73813e+00 4.72225e-01 -2.64687e+00 7.22535e-01 5.15439e-01 5.61072e-01 
3.5 3.55 3.6 7.92207e-01 5.06432e-01 3.14242e+00 3.44657e-01 -6.11622e+00 7.96498e-01 2.60304e+00 3.71379e-01 1.93258e+00 4.69975e-01 -3.60620e+00 7.36021e-01 1.44345e-01 5.11611e-01 
3.6 3.65 3.7 1.93810e+00 4.87292e-01 3.46689e+00 3.32171e-01 -4.31257e+00 7.09305e-01 2.88771e+00 3.41049e-01 2.66036e+00 4.54240e-01 -1.50850e+00 7.02178e-01 8.40079e-01 5.33971e-01 
3.7 3.75 3.8 9.43868e-01 4.58367e-01 2.71860e+00 3.12956e-01 -4.38294e+00 7.28712e-01 2.39263e+00 3.38506e-01 1.95640e+00 4.36662e-01 -2.14883e+00 6.57277e-01 1.21951e-01 5.13192e-01 
3.8 3.85 3.9 1.44841e+00 4.63535e-01 2.90081e+00 3.15414e-01 -3.47753e+00 7.08668e-01 2.61532e+00 3.41085e-01 2.13699e+00 4.24932e-01 -1.59871e+00 6.47052e-01 5.44917e-01 4.92361e-01 
3.9 3.95 4.0 1.69047e+00 4.32763e-01 3.00074e+00 3.13772e-01 -2.39720e+00 7.28675e-01 2.84591e+00 3.46659e-01 2.40819e+00 4.25430e-01 -7.55559e-01 6.58267e-01 9.26811e-01 5.06441e-01 
4.0 4.05 4.1 1.43767e+00 4.15754e-01 2.52536e+00 2.92433e-01 -2.39403e+00 6.62608e-01 2.30926e+00 3.12922e-01 2.14172e+00 3.91070e-01 -9.66487e-01 6.13646e-01 7.44944e-01 4.55754e-01 
4.1 4.15 4.2 7.05000e-01 4.31197e-01 2.02372e+00 2.94388e-01 -3.55662e+00 6.59581e-01 1.75381e+00 3.18693e-01 1.33790e+00 3.95302e-01 -1.91353e+00 6.02572e-01 -9.19117e-02 4.71540e-01 
4.2 4.25 4.3 3.85170e-01 4.06019e-01 1.64115e+00 2.71723e-01 -3.63930e+00 6.14423e-01 1.38151e+00 2.98742e-01 9.11529e-01 3.80344e-01 -1.91603e+00 5.80968e-01 -4.61117e-01 4.43686e-01 
4.3 4.35 4.4 6.36666e-01 3.78567e-01 1.59655e+00 2.66184e-01 -2.68327e+00 5.95820e-01 1.43409e+00 2.80357e-01 1.03794e+00 3.61946e-01 -1.36333e+00 5.29443e-01 2.59647e-02 4.14455e-01 
4.4 4.45 4.5 9.90540e-01 4.04557e-01 1.84866e+00 2.79747e-01 -1.90240e+00 6.27203e-01 1.65248e+00 3.00168e-01 1.45715e+00 3.78653e-01 -7.74268e-01 5.64616e-01 4.78263e-01 4.48040e-01 
4.5 4.55 4.6 7.87046e-01 3.95734e-01 1.48176e+00 2.69866e-01 -2.08049e+00 6.20270e-01 1.33570e+00 2.95884e-01 1.04733e+00 3.66819e-01 -8.79867e-01 5.60476e-01 2.25819e-01 4.22626e-01 
4.6 4.65 4.7 1.55505e-01 3.59848e-01 1.03132e+00 2.45212e-01 -2.56138e+00 5.43705e-01 8.07565e-01 2.66298e-01 5.51455e-01 3.32358e-01 -1.47783e+00 5.02609e-01 -3.45127e-01 3.87511e-01 
4.7 4.75 4.8 5.07620e-01 3.54303e-01 1.15466e+00 2.43521e-01 -1.70310e+00 5.35092e-01 1.02549e+00 2.64586e-01 8.24756e-01 3.26976e-01 -8.15026e-01 4.89362e-01 7.70764e-02 3.88861e-01 
4.8 4.85 4.9 7.13833e-01 3.35095e-01 1.28331e+00 2.31209e-01 -1.02555e+00 5.06897e-01 1.15323e+00 2.51176e-01 1.07500e+00 3.08920e-01 -4.06703e-01 4.59149e-01 4.48558e-01 3.69932e-01 
4.9 4.95 5.0 3.10791e-01 3.06074e-01 8.85014e-01 2.08388e-01 -1.42498e+00 4.60088e-01 6.90911e-01 2.30820e-01 5.10921e-01 2.84272e-01 -7.19451e-01 4.24526e-01 6.55685e-02 3.28914e-01 
5.0 5.05 5.1 5.68652e-01 3.17819e-01 9.55832e-01 2.21782e-01 -9.53503e-01 4.76155e-01 8.96209e-01 2.39690e-01 7.65840e-01 2.94322e-01 -3.23332e-01 4.32968e-01 2.84109e-01 3.50225e-01 
5.1 5.15 5.2 6.91916e-01 3.28541e-01 9.74490e-01 2.29814e-01 -5.20365e-01 4.83444e-01 9.16007e-01 2.49409e-01 9.13512e-01 3.04713e-01 1.58102e-01 4.43438e-01 4.55480e-01 3.59992e-01 
5.2 5.25 5.3 1.72823e-01 2.95086e-01 5.94728e-01 2.02961e-01 -1.06636e+00 4.34168e-01 4.71566e-01 2.23002e-01 3.64614e-01 2.72059e-01 -6.05319e-01 3.97703e-01 -1.39885e-01 3.19416e-01 
5.3 5.35 5.4 3.62173e-01 3.16474e-01 6.30241e-01 2.22626e-01 -7.07502e-01 4.56112e-01 5.60099e-01 2.42604e-01 5.02045e-01 2.94913e-01 -2.41902e-01 4.27765e-01 9.09873e-02 3.46566e-01 
5.4 5.45 5.5 4.38889e-01 3.23022e-01 6.21568e-01 2.26811e-01 -2.92402e-01 4.65482e-01 5.78255e-01 2.46277e-01 5.74927e-01 2.99525e-01 6.15193e-02 4.31565e-01 3.12302e-01 3.51299e-01 
5.5 5.55 5.6 7.73457e-01 3.07324e-01 7.79681e-01 2.17272e-01 2.37012e-01 4.44077e-01 7.83379e-01 2.35167e-01 7.97343e-01 2.86101e-01 5.60831e-01 4.09165e-01 6.27913e-01 3.36439e-01 
5.6 5.65 5.7 2.54645e-02 2.56500e-01 2.39226e-01 1.78592e-01 -7.46141e-01 3.46239e-01 2.08373e-01 1.94771e-01 -5.86444e-03 2.18939e-01 -4.75236e-01 3.18374e-01 -6.46497e-02 2.80313e-01 
5.7 5.75 5.8 -1.69961e-01 1.79655e-01 9.68352e-02 1.37261e-01 -7.12449e-01 2.99861e-01 6.51143e-02 1.50654e-01 -8.19279e-02 1.64193e-01 -5.34261e-01 2.45632e-01 -3.09034e-01 1.97986e-01 
5.8 5.85 5.9 4.73136e-02 2.05862e-01 1.72762e-01 1.42250e-01 -3.70106e-01 3.03667e-01 1.46777e-01 1.56010e-01 1.14052e-01 1.88970e-01 -2.03316e-01 2.77481e-01 -3.38003e-02 2.26942e-01 
5.9 5.95 6.0 1.96221e-01 1.81829e-01 2.33189e-01 1.25094e-01 -1.07258e-02 2.69108e-01 2.30767e-01 1.37537e-01 2.11827e-01 1.66653e-01 6.83140e-02 2.46255e-01 1.71907e-01 2.00808e-01 
6.0 6.05 6.1 -2.67108e-01 9.80074e-02 -1.03526e-01 6.69081e-02 -6.71801e-01 1.47468e-01 -1.38942e-01 7.41382e-02 -1.96629e-01 8.84011e-02 -5.18723e-01 1.33134e-01 -3.41946e-01 1.09734e-01 
6.1 6.15 6.2 -2.46735e-01 6.23573e-02 -1.10381e-01 4.08523e-02 -5.47507e-01 9.85433e-02 -1.40186e-01 4.61233e-02 -1.96145e-01 5.54617e-02 -4.41275e-01 8.69441e-02 -3.07523e-01 7.10196e-02 
6.2 6.25 6.3 -1.87753e-01 4.52308e-02 -8.65640e-02 2.98216e-02 -4.24506e-01 7.13214e-02 -1.08792e-01 3.34841e-02 -1.50878e-01 4.03356e-02 -3.30791e-01 6.29781e-02 -2.45326e-01 5.14227e-02 
6.3 6.35 6.4 -1.65238e-01 2.22324e-02 -7.91213e-02 1.50958e-02 -3.34631e-01 3.77218e-02 -1.05274e-01 1.60061e-02 -1.30783e-01 2.15311e-02 -2.74331e-01 3.22570e-02 -1.99509e-01 2.57078e-02 
6.4 6.45 6.5 -1.78332e-01 1.13921e-02 -9.91438e-02 6.33426e-03 -3.29091e-01 2.06552e-02 -1.18487e-01 7.57178e-03 -1.55149e-01 9.83761e-03 -2.87647e-01 1.81138e-02 -2.10497e-01 1.32187e-02 
6.5 6.55 6.6 -1.15477e-01 7.32570e-03 -6.34346e-02 4.08405e-03 -2.13369e-01 1.35369e-02 -7.67112e-02 4.86924e-03 -9.62657e-02 6.19510e-03 -1.80601e-01 1.14503e-02 -1.35790e-01 8.40937e-03 
6.6 6.65 6.7 -7.08862e-02 5.12874e-03 -4.09173e-02 2.98324e-03 -1.42078e-01 9.94280e-03 -4.70363e-02 3.40270e-03 -6.19759e-02 4.47008e-03 -1.18066e-01 8.44975e-03 -8.81728e-02 6.31817e-03 
6.7 6.75 6.8 -4.01150e-02 2.91238e-03 -2.18110e-02 1.59028e-03 -7.81648e-02 5.65618e-03 -2.66620e-02 1.93541e-03 -3.24602e-02 2.37225e-03 -6.31444e-02 4.58010e-03 -4.95037e-02 3.58138e-03 
6.8 6.85 6.9 -2.50515e-02 2.26459e-03 -1.34188e-02 1.19677e-03 -4.53859e-02 4.14633e-03 -1.66372e-02 1.50561e-03 -1.99993e-02 1.82063e-03 -3.81428e-02 3.46370e-03 -2.90366e-02 2.65602e-03 
6.9 6.95 7.0 -1.31507e-02 1.09694e-03 -6.58413e-03 6.31424e-04 -2.57852e-02 2.18461e-03 -8.72952e-03 7.28696e-04 -9.91977e-03 9.49661e-04 -2.05846e-02 1.71569e-03 -1.64458e-02 1.37305e-03 
7.0 7.05 7.1 -6.37060e-03 5.70071e-04 -3.49343e-03 3.29110e-04 -1.30452e-02 1.16157e-03 -4.22846e-03 3.78230e-04 -5.26392e-03 4.96041e-04 -9.82784e-03 8.80472e-04 -8.32979e-03 7.60270e-04 
7.1 7.15 7.2 -2.09044e-03 2.11748e-04 -1.08661e-03 1.11147e-04 -4.62326e-03 4.57551e-04 -1.42332e-03 1.43519e-04 -1.63937e-03 1.67382e-04 -3.23277e-03 3.28555e-04 -2.94894e-03 2.92344e-04 
7.2 7.25 7.3 -6.79018e-04 7.07940e-05 -3.59374e-04 3.71416e-05 -1.42712e-03 1.48306e-04 -4.64582e-04 4.80638e-05 -5.41934e-04 5.59863e-05 -1.06404e-03 1.10892e-04 -9.20598e-04 9.36607e-05 
7.3 7.35 7.4 -8.30745e-05 8.62861e-06 -4.24839e-05 4.45149e-06 -1.74452e-04 1.74733e-05 -5.66659e-05 5.80068e-06 -6.51584e-05 6.77276e-06 -1.30114e-04 1.34976e-05 -1.11394e-04 1.11672e-05 
7.4 7.45 7.5 -1.28564e-05 1.29285e-06 -6.47567e-06 6.47012e-07 -2.82204e-05 2.86077e-06 -8.54791e-06 8.59396e-07 -9.73912e-06 9.73214e-07 -2.07744e-05 2.08006e-06 -1.80659e-05 1.83073e-06 
7.5 7.55 7.6 -2.59429e-07 2.97673e-08 -1.27174e-07 1.43140e-08 -6.83477e-07 7.35518e-08 -1.90493e-07 2.13509e-08 -1.91174e-07 2.15197e-08 -4.04958e-07 4.64856e-08 -4.35379e-07 4.67676e-08 
7.6 7.65 7.7 -1.35832e-10 2.39241e-11 -5.78528e-11 9.64524e-12 -3.29800e-10 5.72119e-11 -9.04826e-11 1.59688e-11 -8.68212e-11 1.44486e-11 -2.11714e-10 3.72030e-11 -2.11610e-10 3.67988e-11 
7.7 7.75 7.8 0.00000e+00 0.00000e+00 0.00000e+00 0.00000e+00 0.00000e+00 0.00000e+00 0.00000e+00 0.00000e+00 0.00000e+00 0.00000e+00 0.00000e+00 0.00000e+00 0.00000e+00 0.00000e+00 
7.8 7.85 7.9 0.00000e+00 0.00000e+00 0.00000e+00 0.00000e+00 0.00000e+00 0.00000e+00 0.00000e+00 0.00000e+00 0.00000e+00 0.00000e+00 0.00000e+00 0.00000e+00 0.00000e+00 0.00000e+00 
7.9 7.95 8.0 0.00000e+00 0.00000e+00 0.00000e+00 0.00000e+00 0.00000e+00 0.00000e+00 0.00000e+00 0.00000e+00 0.00000e+00 0.00000e+00 0.00000e+00 0.00000e+00 0.00000e+00 0.00000e+00 
8.0 8.05 8.1 0.00000e+00 0.00000e+00 0.00000e+00 0.00000e+00 0.00000e+00 0.00000e+00 0.00000e+00 0.00000e+00 0.00000e+00 0.00000e+00 0.00000e+00 0.00000e+00 0.00000e+00 0.00000e+00 
8.1 8.15 8.2 0.00000e+00 0.00000e+00 0.00000e+00 0.00000e+00 0.00000e+00 0.00000e+00 0.00000e+00 0.00000e+00 0.00000e+00 0.00000e+00 0.00000e+00 0.00000e+00 0.00000e+00 0.00000e+00 
8.2 8.25 8.3 0.00000e+00 0.00000e+00 0.00000e+00 0.00000e+00 0.00000e+00 0.00000e+00 0.00000e+00 0.00000e+00 0.00000e+00 0.00000e+00 0.00000e+00 0.00000e+00 0.00000e+00 0.00000e+00 
8.3 8.35 8.4 0.00000e+00 0.00000e+00 0.00000e+00 0.00000e+00 0.00000e+00 0.00000e+00 0.00000e+00 0.00000e+00 0.00000e+00 0.00000e+00 0.00000e+00 0.00000e+00 0.00000e+00 0.00000e+00 
8.4 8.45 8.5 0.00000e+00 0.00000e+00 0.00000e+00 0.00000e+00 0.00000e+00 0.00000e+00 0.00000e+00 0.00000e+00 0.00000e+00 0.00000e+00 0.00000e+00 0.00000e+00 0.00000e+00 0.00000e+00 
8.5 8.55 8.6 0.00000e+00 0.00000e+00 0.00000e+00 0.00000e+00 0.00000e+00 0.00000e+00 0.00000e+00 0.00000e+00 0.00000e+00 0.00000e+00 0.00000e+00 0.00000e+00 0.00000e+00 0.00000e+00 
8.6 8.65 8.7 0.00000e+00 0.00000e+00 0.00000e+00 0.00000e+00 0.00000e+00 0.00000e+00 0.00000e+00 0.00000e+00 0.00000e+00 0.00000e+00 0.00000e+00 0.00000e+00 0.00000e+00 0.00000e+00 
8.7 8.75 8.8 0.00000e+00 0.00000e+00 0.00000e+00 0.00000e+00 0.00000e+00 0.00000e+00 0.00000e+00 0.00000e+00 0.00000e+00 0.00000e+00 0.00000e+00 0.00000e+00 0.00000e+00 0.00000e+00 
8.8 8.85 8.9 0.00000e+00 0.00000e+00 0.00000e+00 0.00000e+00 0.00000e+00 0.00000e+00 0.00000e+00 0.00000e+00 0.00000e+00 0.00000e+00 0.00000e+00 0.00000e+00 0.00000e+00 0.00000e+00 
8.9 8.95 9.0 0.00000e+00 0.00000e+00 0.00000e+00 0.00000e+00 0.00000e+00 0.00000e+00 0.00000e+00 0.00000e+00 0.00000e+00 0.00000e+00 0.00000e+00 0.00000e+00 0.00000e+00 0.00000e+00 
9.0 9.05 9.1 0.00000e+00 0.00000e+00 0.00000e+00 0.00000e+00 0.00000e+00 0.00000e+00 0.00000e+00 0.00000e+00 0.00000e+00 0.00000e+00 0.00000e+00 0.00000e+00 0.00000e+00 0.00000e+00 
9.1 9.15 9.2 0.00000e+00 0.00000e+00 0.00000e+00 0.00000e+00 0.00000e+00 0.00000e+00 0.00000e+00 0.00000e+00 0.00000e+00 0.00000e+00 0.00000e+00 0.00000e+00 0.00000e+00 0.00000e+00 
9.2 9.25 9.3 0.00000e+00 0.00000e+00 0.00000e+00 0.00000e+00 0.00000e+00 0.00000e+00 0.00000e+00 0.00000e+00 0.00000e+00 0.00000e+00 0.00000e+00 0.00000e+00 0.00000e+00 0.00000e+00 
9.3 9.35 9.4 0.00000e+00 0.00000e+00 0.00000e+00 0.00000e+00 0.00000e+00 0.00000e+00 0.00000e+00 0.00000e+00 0.00000e+00 0.00000e+00 0.00000e+00 0.00000e+00 0.00000e+00 0.00000e+00 
9.4 9.45 9.5 0.00000e+00 0.00000e+00 0.00000e+00 0.00000e+00 0.00000e+00 0.00000e+00 0.00000e+00 0.00000e+00 0.00000e+00 0.00000e+00 0.00000e+00 0.00000e+00 0.00000e+00 0.00000e+00 
9.5 9.55 9.6 0.00000e+00 0.00000e+00 0.00000e+00 0.00000e+00 0.00000e+00 0.00000e+00 0.00000e+00 0.00000e+00 0.00000e+00 0.00000e+00 0.00000e+00 0.00000e+00 0.00000e+00 0.00000e+00 
9.6 9.65 9.7 0.00000e+00 0.00000e+00 0.00000e+00 0.00000e+00 0.00000e+00 0.00000e+00 0.00000e+00 0.00000e+00 0.00000e+00 0.00000e+00 0.00000e+00 0.00000e+00 0.00000e+00 0.00000e+00 
9.7 9.75 9.8 0.00000e+00 0.00000e+00 0.00000e+00 0.00000e+00 0.00000e+00 0.00000e+00 0.00000e+00 0.00000e+00 0.00000e+00 0.00000e+00 0.00000e+00 0.00000e+00 0.00000e+00 0.00000e+00 
9.8 9.85 9.9 0.00000e+00 0.00000e+00 0.00000e+00 0.00000e+00 0.00000e+00 0.00000e+00 0.00000e+00 0.00000e+00 0.00000e+00 0.00000e+00 0.00000e+00 0.00000e+00 0.00000e+00 0.00000e+00 
9.9 9.95 10.0 0.00000e+00 0.00000e+00 0.00000e+00 0.00000e+00 0.00000e+00 0.00000e+00 0.00000e+00 0.00000e+00 0.00000e+00 0.00000e+00 0.00000e+00 0.00000e+00 0.00000e+00 0.00000e+00 
