-3.5 -3.45 -3.4 1.34209e+01 1.89799e+00 1.39461e+01 1.30594e+00 5.26328e+00 2.91601e+00 1.35336e+01 1.35857e+00 1.41125e+01 1.85383e+00 8.48121e+00 2.75495e+00 1.18728e+01 2.00273e+00 
-3.4 -3.35 -3.3 1.60963e+01 2.00770e+00 1.64494e+01 1.38968e+00 8.22452e+00 3.08694e+00 1.61228e+01 1.44136e+00 1.70294e+01 1.93777e+00 9.99601e+00 2.91322e+00 1.52613e+01 2.11871e+00 
-3.3 -3.25 -3.2 1.74800e+01 2.10752e+00 1.77152e+01 1.41602e+00 8.79307e+00 3.28096e+00 1.75463e+01 1.52207e+00 1.81067e+01 1.96130e+00 1.12433e+01 3.05955e+00 1.65480e+01 2.24435e+00 
-3.2 -3.15 -3.1 1.78735e+01 2.37718e+00 1.89812e+01 1.60379e+00 7.32851e+00 3.50747e+00 1.85634e+01 1.68172e+00 1.90600e+01 2.26695e+00 9.83967e+00 3.50659e+00 1.68808e+01 2.41104e+00 
-3.1 -3.05 -3.0 2.20603e+01 2.42960e+00 2.27169e+01 1.60607e+00 1.20763e+01 3.64514e+00 2.22364e+01 1.73781e+00 2.45088e+01 2.35624e+00 1.40134e+01 3.53485e+00 2.11448e+01 2.51240e+00 
-3.0 -2.95 -2.9 2.72569e+01 2.58242e+00 2.75572e+01 1.78983e+00 1.87323e+01 3.96250e+00 2.65668e+01 1.85295e+00 2.94511e+01 2.49980e+00 1.98164e+01 3.74414e+00 2.57248e+01 2.65815e+00 
-2.9 -2.85 -2.8 2.51485e+01 2.58882e+00 2.77436e+01 1.78763e+00 1.02416e+01 3.93949e+00 2.63483e+01 1.84857e+00 2.80089e+01 2.50093e+00 1.39485e+01 3.81144e+00 2.30903e+01 2.70341e+00 
-2.8 -2.75 -2.7 2.93829e+01 2.56790e+00 3.13975e+01 1.85822e+00 1.55145e+01 4.11267e+00 2.97370e+01 1.86957e+00 3.13398e+01 2.50487e+00 1.86546e+01 3.64859e+00 2.83014e+01 2.82624e+00 
-2.7 -2.65 -2.6 3.47879e+01 3.04293e+00 3.51029e+01 2.06822e+00 1.95993e+01 4.42852e+00 3.45241e+01 2.16073e+00 3.64882e+01 2.91392e+00 2.35909e+01 4.28150e+00 3.31023e+01 3.18088e+00 
-2.6 -2.55 -2.5 3.74808e+01 2.78329e+00 3.78865e+01 2.04396e+00 2.17263e+01 4.13170e+00 3.70164e+01 2.03014e+00 3.95043e+01 2.68944e+00 2.56289e+01 4.19228e+00 3.56274e+01 2.91560e+00 
-2.5 -2.45 -2.4 4.11720e+01 3.01992e+00 4.10350e+01 2.09039e+00 2.38993e+01 4.61353e+00 4.04812e+01 2.15448e+00 4.31903e+01 2.86156e+00 2.79188e+01 4.20624e+00 3.88428e+01 3.14152e+00 
-2.4 -2.35 -2.3 4.16470e+01 2.81309e+00 4.27416e+01 1.94833e+00 2.26951e+01 4.19154e+00 4.16125e+01 2.03604e+00 4.42576e+01 2.67347e+00 2.73945e+01 4.31288e+00 3.94239e+01 2.91062e+00 
-2.3 -2.25 -2.2 4.75280e+01 3.07707e+00 4.76693e+01 2.10623e+00 2.97161e+01 4.62974e+00 4.60181e+01 2.17514e+00 4.86212e+01 2.79078e+00 3.50664e+01 4.46631e+00 4.52032e+01 3.13414e+00 
-2.2 -2.15 -2.1 4.99212e+01 3.40396e+00 5.13708e+01 2.33441e+00 2.97101e+01 5.20243e+00 4.98012e+01 2.38511e+00 5.26609e+01 3.23683e+00 3.36595e+01 5.01245e+00 4.91207e+01 3.53412e+00 
-2.1 -2.05 -2.0 5.67686e+01 3.28067e+00 5.68775e+01 2.26392e+00 3.79443e+01 4.99621e+00 5.61640e+01 2.23848e+00 6.03671e+01 3.17310e+00 4.23718e+01 4.70340e+00 5.64170e+01 3.09210e+00 
-2.0 -1.95 -1.9 5.91695e+01 3.08050e+00 5.89056e+01 2.19002e+00 3.70328e+01 4.37160e+00 5.71955e+01 2.19137e+00 6.22407e+01 3.02792e+00 4.34884e+01 4.42650e+00 5.64752e+01 3.39757e+00 
-1.9 -1.85 -1.8 5.81623e+01 3.33678e+00 5.92500e+01 2.33766e+00 3.35014e+01 5.06212e+00 5.77865e+01 2.38534e+00 6.14557e+01 3.27064e+00 3.94779e+01 4.88814e+00 5.53420e+01 3.44365e+00 
-1.8 -1.75 -1.7 5.79328e+01 3.36277e+00 5.98093e+01 2.34945e+00 3.38836e+01 4.88322e+00 5.85032e+01 2.35457e+00 6.28829e+01 3.07171e+00 4.08360e+01 4.43379e+00 5.72022e+01 3.18895e+00 
-1.7 -1.65 -1.6 6.64455e+01 3.34979e+00 6.63408e+01 2.38126e+00 4.30054e+01 4.89714e+00 6.44175e+01 2.35783e+00 7.00564e+01 3.33461e+00 4.89117e+01 4.90585e+00 6.36610e+01 3.36375e+00 
-1.6 -1.55 -1.5 7.06887e+01 3.55751e+00 6.99629e+01 2.46889e+00 4.64637e+01 5.08495e+00 6.80821e+01 2.52104e+00 7.31085e+01 3.33531e+00 5.01407e+01 4.57917e+00 6.67204e+01 3.47960e+00 
-1.5 -1.45 -1.4 6.82662e+01 3.31343e+00 6.85118e+01 2.41463e+00 4.26067e+01 4.91370e+00 6.69777e+01 2.37633e+00 7.27351e+01 3.33918e+00 5.09252e+01 5.09678e+00 6.64584e+01 3.27972e+00 
-1.4 -1.35 -1.3 7.15553e+01 3.58627e+00 7.19376e+01 2.50893e+00 4.36399e+01 4.98732e+00 7.00435e+01 2.42797e+00 7.50079e+01 3.39031e+00 5.10138e+01 5.24857e+00 6.78669e+01 3.46447e+00 
-1.3 -1.25 -1.2 7.43061e+01 3.67320e+00 7.52385e+01 2.41440e+00 5.04966e+01 4.96280e+00 7.36938e+01 2.60083e+00 7.91159e+01 3.30500e+00 5.57706e+01 4.76931e+00 7.14491e+01 3.78074e+00 
-1.2 -1.15 -1.1 7.45282e+01 3.54052e+00 7.50414e+01 2.48746e+00 4.40361e+01 4.76402e+00 7.34433e+01 2.52407e+00 7.80177e+01 3.48876e+00 4.95857e+01 5.22525e+00 7.04235e+01 3.31912e+00 
-1.1 -1.05 -1.0 8.05558e+01 3.53692e+00 8.02098e+01 2.50424e+00 5.44109e+01 5.55238e+00 7.89604e+01 2.61451e+00 8.51808e+01 3.54624e+00 6.04691e+01 5.27117e+00 7.84905e+01 3.73892e+00 
-1.0 -0.95 -0.9 8.09722e+01 3.74960e+00 8.08636e+01 2.46091e+00 5.06111e+01 5.06300e+00 7.92400e+01 2.62182e+00 8.57126e+01 3.41849e+00 5.68553e+01 4.96763e+00 7.69880e+01 3.71634e+00 
-0.9 -0.85 -0.8 7.90666e+01 3.43072e+00 8.09741e+01 2.40340e+00 4.63894e+01 5.53344e+00 7.76559e+01 2.53685e+00 8.46319e+01 3.30188e+00 5.49272e+01 5.47320e+00 7.60059e+01 3.75987e+00 
-0.8 -0.75 -0.7 8.70853e+01 3.68427e+00 8.54600e+01 2.60389e+00 6.06126e+01 5.49455e+00 8.33483e+01 2.67643e+00 9.08642e+01 3.64833e+00 6.48196e+01 5.51567e+00 8.30666e+01 3.73871e+00 
-0.7 -0.65 -0.6 8.92744e+01 3.79302e+00 8.84733e+01 2.67894e+00 5.86212e+01 5.40128e+00 8.63288e+01 2.69569e+00 9.37189e+01 3.77273e+00 6.72631e+01 5.61326e+00 8.59484e+01 3.88583e+00 
-0.6 -0.55 -0.5 8.94870e+01 3.41923e+00 8.77021e+01 2.62425e+00 5.97917e+01 4.94720e+00 8.60796e+01 2.58109e+00 9.16311e+01 3.69690e+00 6.64563e+01 4.88172e+00 8.42282e+01 3.78303e+00 
-0.5 -0.45 -0.4 8.72081e+01 3.81576e+00 8.79019e+01 2.71264e+00 5.50359e+01 5.64567e+00 8.57152e+01 2.72242e+00 9.17304e+01 3.80596e+00 6.18913e+01 5.61725e+00 8.37346e+01 3.83386e+00 
-0.4 -0.35 -0.3 8.39952e+01 3.56186e+00 8.53557e+01 2.55124e+00 5.30489e+01 5.78228e+00 8.50681e+01 2.72672e+00 8.76241e+01 3.73797e+00 5.73885e+01 5.15263e+00 8.25430e+01 3.94701e+00 
-0.3 -0.25 -0.2 9.30787e+01 3.75936e+00 9.17664e+01 2.67253e+00 6.46925e+01 5.58646e+00 8.88568e+01 2.67803e+00 9.80401e+01 3.75898e+00 7.35294e+01 5.58959e+00 8.94123e+01 3.79084e+00 
-0.2 -0.15 -0.1 8.90584e+01 3.80727e+00 8.98873e+01 2.72159e+00 5.60892e+01 5.59408e+00 8.77603e+01 2.73259e+00 9.34932e+01 3.79510e+00 6.25863e+01 5.55863e+00 8.57846e+01 3.82882e+00 
-0.1 -0.05 0.0 8.85948e+01 3.87290e+00 8.91049e+01 2.74679e+00 5.69268e+01 5.75438e+00 8.72409e+01 2.74598e+00 9.27003e+01 3.87951e+00 6.28102e+01 5.76259e+00 8.58204e+01 3.87511e+00 
0.0 0.05 0.1 9.18634e+01 3.83305e+00 9.12697e+01 2.68955e+00 6.01079e+01 5.24012e+00 8.90465e+01 2.71449e+00 9.60939e+01 3.81956e+00 6.90546e+01 5.76159e+00 8.83481e+01 3.86243e+00 
0.1 0.15 0.2 9.53930e+01 3.71150e+00 9.42138e+01 2.72980e+00 6.68665e+01 5.45644e+00 9.19140e+01 2.66849e+00 9.87450e+01 3.83752e+00 7.28738e+01 5.40472e+00 9.23832e+01 3.90487e+00 
0.2 0.25 0.3 9.26843e+01 3.80920e+00 9.16408e+01 2.75627e+00 6.41725e+01 5.51498e+00 8.97396e+01 2.75865e+00 9.59208e+01 3.98911e+00 7.03685e+01 5.50077e+00 8.91110e+01 3.89507e+00 
0.3 0.35 0.4 9.12760e+01 3.96871e+00 9.23592e+01 2.75782e+00 5.86815e+01 5.91225e+00 8.89721e+01 2.82636e+00 9.73837e+01 3.85631e+00 6.69096e+01 5.86230e+00 8.75057e+01 3.99917e+00 
0.4 0.45 0.5 8.40316e+01 3.58110e+00 8.55424e+01 2.61966e+00 5.16916e+01 5.48344e+00 8.30085e+01 2.57918e+00 8.90667e+01 3.66691e+00 6.01538e+01 5.41379e+00 8.06222e+01 3.72691e+00 
0.5 0.55 0.6 8.67380e+01 3.56868e+00 8.59737e+01 2.62274e+00 5.61481e+01 5.22336e+00 8.50813e+01 2.58372e+00 8.91440e+01 3.65786e+00 6.20971e+01 5.14740e+00 8.38438e+01 3.61731e+00 
0.6 0.65 0.7 9.10416e+01 3.83332e+00 8.95607e+01 2.64425e+00 6.37767e+01 5.25254e+00 8.78840e+01 2.73217e+00 9.47898e+01 3.67978e+00 6.94496e+01 5.51089e+00 8.85641e+01 3.64302e+00 
0.7 0.75 0.8 8.58481e+01 3.76892e+00 8.62085e+01 2.53960e+00 5.73687e+01 5.51051e+00 8.37372e+01 2.68309e+00 9.08563e+01 3.51233e+00 6.26627e+01 5.56580e+00 8.32962e+01 3.74975e+00 
0.8 0.85 0.9 8.58547e+01 3.56924e+00 8.56747e+01 2.61190e+00 5.67087e+01 5.21938e+00 8.35533e+01 2.58146e+00 9.03587e+01 3.76339e+00 6.32093e+01 5.15302e+00 8.37222e+01 3.60983e+00 
0.9 0.95 1.0 8.31196e+01 3.63312e+00 8.21377e+01 2.55103e+00 5.51907e+01 5.47137e+00 8.02760e+01 2.57695e+00 8.64080e+01 3.60777e+00 6.16313e+01 5.40610e+00 7.99606e+01 3.67711e+00 
1.0 1.05 1.1 8.47219e+01 3.83726e+00 8.31518e+01 2.64189e+00 5.87605e+01 5.60102e+00 8.15503e+01 2.70172e+00 8.84799e+01 3.47855e+00 6.37946e+01 5.54246e+00 8.10848e+01 3.78834e+00 
1.1 1.15 1.2 8.14498e+01 3.68487e+00 7.89389e+01 2.63998e+00 5.28775e+01 5.66236e+00 7.73683e+01 2.67059e+00 8.37349e+01 3.71780e+00 5.90718e+01 5.34065e+00 7.62351e+01 3.42787e+00 
1.2 1.25 1.3 7.08406e+01 3.48468e+00 7.15889e+01 2.55815e+00 4.08668e+01 5.56293e+00 6.94568e+01 2.59804e+00 7.37309e+01 3.62346e+00 4.62541e+01 5.47571e+00 6.76166e+01 3.72562e+00 
1.3 1.35 1.4 7.08134e+01 3.45248e+00 7.10210e+01 2.43965e+00 4.05345e+01 5.41194e+00 7.01605e+01 2.48172e+00 7.29758e+01 3.54801e+00 4.57920e+01 5.28015e+00 6.67665e+01 3.66290e+00 
1.4 1.45 1.5 6.82720e+01 3.64785e+00 6.91013e+01 2.49469e+00 4.17757e+01 5.55773e+00 6.74529e+01 2.56874e+00 7.16760e+01 3.52060e+00 4.75812e+01 5.43117e+00 6.55963e+01 3.71149e+00 
1.5 1.55 1.6 6.79885e+01 3.35849e+00 6.83261e+01 2.39930e+00 4.00110e+01 4.75246e+00 6.59256e+01 2.56600e+00 7.16339e+01 3.32201e+00 4.85950e+01 4.84270e+00 6.36704e+01 3.32648e+00 
1.6 1.65 1.7 6.69785e+01 3.44995e+00 6.44799e+01 2.29365e+00 4.33961e+01 5.33681e+00 6.44749e+01 2.44712e+00 6.79698e+01 3.18429e+00 4.74657e+01 4.68962e+00 6.31306e+01 3.58184e+00 
1.7 1.75 1.8 6.28284e+01 3.49404e+00 6.46767e+01 2.26851e+00 3.80386e+01 5.32278e+00 6.20670e+01 2.48768e+00 6.80489e+01 3.11079e+00 4.36877e+01 5.14771e+00 6.02657e+01 3.60741e+00 
1.8 1.85 1.9 5.46389e+01 3.39395e+00 5.53891e+01 2.28279e+00 3.03118e+01 5.22683e+00 5.47834e+01 2.39000e+00 5.65201e+01 3.21922e+00 3.48710e+01 4.96657e+00 5.21537e+01 3.49297e+00 
1.9 1.95 2.0 6.17047e+01 3.43328e+00 6.05437e+01 2.42902e+00 4.26272e+01 5.20825e+00 5.92117e+01 2.49157e+00 6.40567e+01 3.33625e+00 4.94461e+01 5.14879e+00 5.96271e+01 3.53128e+00 
2.0 2.05 2.1 5.74918e+01 3.30975e+00 5.60528e+01 2.32052e+00 3.99289e+01 4.75323e+00 5.54231e+01 2.36142e+00 5.94106e+01 3.13760e+00 4.30684e+01 4.83670e+00 5.59644e+01 3.35167e+00 
2.1 2.15 2.2 5.01830e+01 2.97905e+00 5.02798e+01 2.14452e+00 2.99016e+01 4.84603e+00 4.92992e+01 2.14816e+00 5.27825e+01 2.91607e+00 3.58577e+01 4.56279e+00 4.73568e+01 3.25492e+00 
2.2 2.25 2.3 4.68838e+01 3.15968e+00 4.52019e+01 2.14366e+00 2.60357e+01 4.59231e+00 4.46269e+01 2.23499e+00 4.70370e+01 2.94857e+00 3.39410e+01 4.57153e+00 4.49694e+01 3.35894e+00 
2.3 2.35 2.4 4.69640e+01 3.33635e+00 4.84923e+01 2.14014e+00 2.93980e+01 5.18578e+00 4.58480e+01 2.36001e+00 4.98470e+01 3.16314e+00 3.40200e+01 4.92844e+00 4.51911e+01 3.52599e+00 
2.4 2.45 2.5 3.60802e+01 2.67363e+00 3.84346e+01 1.97396e+00 1.92023e+01 4.45052e+00 3.69184e+01 1.93936e+00 3.93007e+01 2.77023e+00 2.18100e+01 3.82303e+00 3.43383e+01 2.92139e+00 
2.5 2.55 2.6 3.53243e+01 2.62441e+00 3.72557e+01 1.96421e+00 1.87550e+01 4.21090e+00 3.59007e+01 1.95289e+00 3.75334e+01 2.55647e+00 2.33225e+01 4.01820e+00 3.42230e+01 2.79767e+00 
2.6 2.65 2.7 3.49021e+01 2.68566e+00 3.51897e+01 1.83110e+00 2.12071e+01 4.07933e+00 3.37565e+01 1.86465e+00 3.73104e+01 2.61283e+00 2.41570e+01 3.93716e+00 3.35978e+01 2.79425e+00 
2.7 2.75 2.8 3.26426e+01 2.61107e+00 3.19586e+01 1.75625e+00 1.68054e+01 3.66813e+00 3.20567e+01 1.87915e+00 3.31920e+01 2.41223e+00 2.31116e+01 3.77372e+00 3.02657e+01 2.60621e+00 
2.8 2.85 2.9 2.81356e+01 2.55358e+00 2.89261e+01 1.77705e+00 1.52107e+01 3.75706e+00 2.85663e+01 1.81080e+00 2.97577e+01 2.46749e+00 1.75769e+01 3.84801e+00 2.65008e+01 2.69899e+00 
2.9 2.95 3.0 2.68129e+01 2.50772e+00 2.66588e+01 1.74040e+00 1.52187e+01 3.77320e+00 2.64121e+01 1.78960e+00 2.77948e+01 2.44077e+00 1.87393e+01 3.66584e+00 2.55579e+01 2.58258e+00 
3.0 3.05 3.1 2.11514e+01 2.34441e+00 2.21660e+01 1.59422e+00 1.12148e+01 3.62459e+00 2.15521e+01 1.65879e+00 2.25801e+01 2.25238e+00 1.15003e+01 3.11032e+00 2.07114e+01 2.44849e+00 
3.1 3.15 3.2 2.07137e+01 2.36643e+00 2.13741e+01 1.61350e+00 1.12539e+01 3.67003e+00 2.06412e+01 1.66648e+00 2.23763e+01 2.26852e+00 1.37794e+01 3.46921e+00 1.97222e+01 2.48444e+00 
3.2 3.25 3.3 2.12334e+01 2.22274e+00 2.10585e+01 1.52672e+00 1.33728e+01 3.44622e+00 2.05031e+01 1.58855e+00 2.26017e+01 2.14041e+00 1.62541e+01 3.23944e+00 2.04036e+01 2.34172e+00 
3.3 3.35 3.4 1.73434e+01 2.06509e+00 1.74310e+01 1.40189e+00 1.04851e+01 3.21389e+00 1.70311e+01 1.48270e+00 1.83915e+01 1.94458e+00 1.25477e+01 2.95070e+00 1.74394e+01 2.16621e+00 
3.4 3.45 3.5 1.64260e+01 2.16680e+00 1.59129e+01 1.47967e+00 7.87193e+00 3.10833e+00 1.60015e+01 1.54966e+00 1.69113e+01 2.08760e+00 1.28754e+01 3.14060e+00 1.53064e+01 2.36902e+00 
