-3.5 -3.45 -3.4 1.27695e-01 1.62011e-02 9.18570e-02 1.16908e-02 1.50626e-01 2.04286e-02 1.03396e-01 1.29555e-02 1.16018e-01 1.49626e-02 1.54478e-01 2.02544e-02 1.37413e-01 1.76809e-02 
-3.4 -3.35 -3.3 2.72625e-01 2.84860e-02 2.00020e-01 1.99906e-02 3.37835e-01 4.12765e-02 2.22268e-01 2.22850e-02 2.51927e-01 2.58437e-02 3.26431e-01 3.69273e-02 2.96922e-01 3.20091e-02 
-3.3 -3.25 -3.2 5.56805e-01 5.70756e-02 4.09607e-01 3.90268e-02 7.01370e-01 8.56900e-02 4.50970e-01 4.37508e-02 5.15398e-01 5.13567e-02 6.73182e-01 7.60447e-02 5.84678e-01 6.15412e-02 
-3.2 -3.15 -3.1 8.75439e-01 6.73348e-02 6.68554e-01 4.79943e-02 1.01533e+00 9.61599e-02 7.23901e-01 5.24250e-02 8.27571e-01 6.23396e-02 1.01862e+00 8.81121e-02 9.19749e-01 7.40230e-02 
-3.1 -3.05 -3.0 1.67372e+00 1.04474e-01 1.28664e+00 7.45184e-02 1.97895e+00 1.49233e-01 1.38135e+00 8.12718e-02 1.59593e+00 9.66703e-02 1.95740e+00 1.36802e-01 1.76386e+00 1.14779e-01 
-3.0 -2.95 -2.9 2.63478e+00 1.49832e-01 2.05897e+00 1.07923e-01 2.99801e+00 2.12629e-01 2.19943e+00 1.16243e-01 2.52309e+00 1.40200e-01 3.03200e+00 1.96551e-01 2.74901e+00 1.62679e-01 
-2.9 -2.85 -2.8 3.38807e+00 1.70536e-01 2.72075e+00 1.20928e-01 3.75583e+00 2.49370e-01 2.86562e+00 1.31114e-01 3.28357e+00 1.58145e-01 3.78546e+00 2.27682e-01 3.52554e+00 1.86689e-01 
-2.8 -2.75 -2.7 5.25731e+00 2.31578e-01 4.23062e+00 1.63879e-01 5.77320e+00 3.41876e-01 4.43310e+00 1.77377e-01 5.11942e+00 2.14423e-01 5.91481e+00 3.10691e-01 5.40637e+00 2.53903e-01 
-2.7 -2.65 -2.6 7.30146e+00 2.74348e-01 5.88327e+00 1.96534e-01 8.05595e+00 3.98238e-01 6.15742e+00 2.10166e-01 7.11362e+00 2.57941e-01 8.21214e+00 3.68433e-01 7.50267e+00 2.96157e-01 
-2.6 -2.55 -2.5 9.69561e+00 3.22124e-01 7.89027e+00 2.33911e-01 1.06257e+01 4.55995e-01 8.22141e+00 2.49205e-01 9.49757e+00 3.03354e-01 1.08943e+01 4.24736e-01 9.96688e+00 3.44928e-01 
-2.5 -2.45 -2.4 1.15603e+01 3.71191e-01 9.49727e+00 2.64170e-01 1.23074e+01 5.44863e-01 9.91246e+00 2.83575e-01 1.13351e+01 3.46461e-01 1.26584e+01 5.00712e-01 1.18090e+01 4.03319e-01 
-2.4 -2.35 -2.3 1.41545e+01 4.22772e-01 1.17836e+01 3.07295e-01 1.45903e+01 6.03396e-01 1.21865e+01 3.24004e-01 1.39734e+01 4.02650e-01 1.53374e+01 5.67528e-01 1.43376e+01 4.48107e-01 
-2.3 -2.25 -2.2 1.84485e+01 4.74895e-01 1.52350e+01 3.45803e-01 1.97651e+01 6.75395e-01 1.57800e+01 3.65105e-01 1.81790e+01 4.50600e-01 2.03007e+01 6.35085e-01 1.87647e+01 5.04705e-01 
-2.2 -2.15 -2.1 2.28393e+01 5.15393e-01 1.87343e+01 3.73777e-01 2.47150e+01 7.33540e-01 1.94071e+01 3.94676e-01 2.24470e+01 4.88876e-01 2.53991e+01 6.89551e-01 2.31738e+01 5.45743e-01 
-2.1 -2.05 -2.0 2.59957e+01 5.91283e-01 2.16241e+01 4.36179e-01 2.74473e+01 8.27624e-01 2.22999e+01 4.58539e-01 2.56748e+01 5.66009e-01 2.83561e+01 7.83453e-01 2.62725e+01 6.25438e-01 
-2.0 -1.95 -1.9 3.18529e+01 6.53741e-01 2.63871e+01 4.78094e-01 3.43447e+01 9.33155e-01 2.72780e+01 5.02696e-01 3.14053e+01 6.24011e-01 3.50838e+01 8.76355e-01 3.23879e+01 6.94094e-01 
-1.9 -1.85 -1.8 3.44058e+01 6.69211e-01 2.88648e+01 4.88631e-01 3.61442e+01 9.53354e-01 2.97049e+01 5.13971e-01 3.40508e+01 6.37599e-01 3.72172e+01 8.97933e-01 3.48129e+01 7.09525e-01 
-1.8 -1.75 -1.7 3.91651e+01 7.17867e-01 3.28147e+01 5.21929e-01 4.13203e+01 1.02723e+00 3.36844e+01 5.49010e-01 3.88005e+01 6.84582e-01 4.25255e+01 9.68752e-01 3.96070e+01 7.61281e-01 
-1.7 -1.65 -1.6 4.58504e+01 7.81415e-01 3.82044e+01 5.74804e-01 4.95165e+01 1.09992e+00 3.93270e+01 6.01606e-01 4.53757e+01 7.48916e-01 5.03943e+01 1.04459e+00 4.65069e+01 8.24441e-01 
-1.6 -1.55 -1.5 4.96346e+01 8.13469e-01 4.14897e+01 5.97501e-01 5.29170e+01 1.15441e+00 4.26830e+01 6.23665e-01 4.90656e+01 7.81822e-01 5.41677e+01 1.09336e+00 5.02712e+01 8.57419e-01 
-1.5 -1.45 -1.4 5.45785e+01 8.65407e-01 4.57902e+01 6.31651e-01 5.80182e+01 1.22464e+00 4.70705e+01 6.63061e-01 5.41320e+01 8.23371e-01 5.93565e+01 1.15282e+00 5.53287e+01 9.11862e-01 
-1.4 -1.35 -1.3 6.05266e+01 8.95014e-01 5.06508e+01 6.56857e-01 6.46264e+01 1.26845e+00 5.20407e+01 6.86869e-01 5.99096e+01 8.57653e-01 6.60976e+01 1.20130e+00 6.12607e+01 9.43411e-01 
-1.3 -1.25 -1.2 6.44244e+01 9.28722e-01 5.40841e+01 6.80697e-01 6.84873e+01 1.31803e+00 5.55069e+01 7.12265e-01 6.37358e+01 8.87574e-01 7.00818e+01 1.24846e+00 6.51709e+01 9.79036e-01 
-1.2 -1.15 -1.1 6.85360e+01 9.70381e-01 5.78001e+01 7.11946e-01 7.21991e+01 1.38051e+00 5.91878e+01 7.42947e-01 6.80742e+01 9.32109e-01 7.42420e+01 1.31117e+00 6.91177e+01 1.02193e+00 
-1.1 -1.05 -1.0 7.26248e+01 1.00318e+00 6.11704e+01 7.33589e-01 7.67508e+01 1.42646e+00 6.27234e+01 7.67813e-01 7.19858e+01 9.60088e-01 7.85961e+01 1.34949e+00 7.33663e+01 1.05599e+00 
-1.0 -0.95 -0.9 7.70252e+01 1.01941e+00 6.51680e+01 7.50486e-01 8.14794e+01 1.44813e+00 6.66470e+01 7.84379e-01 7.67369e+01 9.80502e-01 8.36643e+01 1.37733e+00 7.78664e+01 1.07535e+00 
-0.9 -0.85 -0.8 8.33190e+01 1.04888e+00 7.01841e+01 7.73566e-01 8.87297e+01 1.47259e+00 7.19482e+01 8.05986e-01 8.28013e+01 1.00698e+00 9.06914e+01 1.40341e+00 8.40952e+01 1.09928e+00 
-0.8 -0.75 -0.7 8.67420e+01 1.09011e+00 7.30259e+01 8.00968e-01 9.21339e+01 1.54356e+00 7.48035e+01 8.35857e-01 8.60274e+01 1.04698e+00 9.42496e+01 1.46662e+00 8.76521e+01 1.14491e+00 
-0.7 -0.65 -0.6 9.15813e+01 1.11899e+00 7.70360e+01 8.31562e-01 9.71787e+01 1.56613e+00 7.90188e+01 8.62481e-01 9.06453e+01 1.08372e+00 9.94199e+01 1.49456e+00 9.24995e+01 1.17194e+00 
-0.6 -0.55 -0.5 9.26687e+01 1.12501e+00 7.80701e+01 8.25791e-01 9.83937e+01 1.59034e+00 8.00850e+01 8.60731e-01 9.19819e+01 1.07809e+00 1.00757e+02 1.50589e+00 9.36488e+01 1.18045e+00 
-0.5 -0.45 -0.4 9.73196e+01 1.11929e+00 8.18363e+01 8.29415e-01 1.04345e+02 1.56102e+00 8.39325e+01 8.63255e-01 9.65319e+01 1.07835e+00 1.06136e+02 1.49307e+00 9.84747e+01 1.17378e+00 
-0.4 -0.35 -0.3 9.80243e+01 1.14436e+00 8.26474e+01 8.44800e-01 1.03906e+02 1.61060e+00 8.46466e+01 8.79896e-01 9.72876e+01 1.10252e+00 1.06441e+02 1.53603e+00 9.88965e+01 1.19901e+00 
-0.3 -0.25 -0.2 1.00202e+02 1.15585e+00 8.43338e+01 8.54438e-01 1.06862e+02 1.62189e+00 8.63388e+01 8.89655e-01 9.94403e+01 1.11375e+00 1.09090e+02 1.54697e+00 1.01271e+02 1.21065e+00 
-0.2 -0.15 -0.1 1.01978e+02 1.16387e+00 8.57181e+01 8.57993e-01 1.09304e+02 1.62926e+00 8.77403e+01 8.93873e-01 1.01128e+02 1.11820e+00 1.11315e+02 1.56032e+00 1.03187e+02 1.21529e+00 
-0.1 -0.05 0.0 1.00939e+02 1.16132e+00 8.50412e+01 8.56200e-01 1.07299e+02 1.63515e+00 8.70407e+01 8.91376e-01 1.00146e+02 1.11826e+00 1.09733e+02 1.56054e+00 1.01904e+02 1.21589e+00 
0.0 0.05 0.1 1.01895e+02 1.16753e+00 8.58537e+01 8.64050e-01 1.08597e+02 1.63512e+00 8.77845e+01 8.97344e-01 1.01172e+02 1.12468e+00 1.10990e+02 1.56546e+00 1.02900e+02 1.21928e+00 
0.1 0.15 0.2 1.02539e+02 1.16709e+00 8.60557e+01 8.62729e-01 1.10062e+02 1.63684e+00 8.81687e+01 8.98180e-01 1.01640e+02 1.12049e+00 1.12075e+02 1.56217e+00 1.03772e+02 1.22205e+00 
0.2 0.25 0.3 9.94896e+01 1.16513e+00 8.40101e+01 8.61493e-01 1.05303e+02 1.63382e+00 8.59622e+01 8.96161e-01 9.87641e+01 1.12321e+00 1.07746e+02 1.56104e+00 1.00404e+02 1.21981e+00 
0.3 0.35 0.4 9.82361e+01 1.14406e+00 8.29224e+01 8.49125e-01 1.04465e+02 1.58973e+00 8.47884e+01 8.83501e-01 9.75996e+01 1.10231e+00 1.06754e+02 1.51863e+00 9.93380e+01 1.19380e+00 
0.4 0.45 0.5 9.62075e+01 1.13171e+00 8.08599e+01 8.35908e-01 1.02818e+02 1.59012e+00 8.27730e+01 8.69720e-01 9.54357e+01 1.09048e+00 1.05041e+02 1.51764e+00 9.71882e+01 1.18459e+00 
0.5 0.55 0.6 9.28497e+01 1.11273e+00 7.81999e+01 8.24177e-01 9.90313e+01 1.55836e+00 8.01007e+01 8.58667e-01 9.20173e+01 1.07123e+00 1.00993e+02 1.48509e+00 9.39852e+01 1.16626e+00 
0.6 0.65 0.7 8.96238e+01 1.09249e+00 7.54405e+01 8.07773e-01 9.52609e+01 1.53365e+00 7.73412e+01 8.41631e-01 8.87776e+01 1.05156e+00 9.72764e+01 1.46010e+00 9.06382e+01 1.14644e+00 
0.7 0.75 0.8 8.62306e+01 1.06234e+00 7.26673e+01 7.86450e-01 9.13319e+01 1.48834e+00 7.44305e+01 8.18313e-01 8.55366e+01 1.02409e+00 9.35358e+01 1.41968e+00 8.70673e+01 1.11279e+00 
0.8 0.85 0.9 8.24228e+01 1.05776e+00 6.92713e+01 7.79551e-01 8.76981e+01 1.49111e+00 7.09852e+01 8.12529e-01 8.16106e+01 1.01755e+00 8.97805e+01 1.41933e+00 8.32327e+01 1.10988e+00 
0.9 0.95 1.0 7.77998e+01 1.01911e+00 6.54032e+01 7.52861e-01 8.25887e+01 1.42970e+00 6.69489e+01 7.84643e-01 7.72869e+01 9.83184e-01 8.49189e+01 1.36729e+00 7.84753e+01 1.06836e+00 
1.0 1.05 1.1 7.31929e+01 9.77100e-01 6.16326e+01 7.19280e-01 7.76302e+01 1.36805e+00 6.30850e+01 7.51357e-01 7.27139e+01 9.37014e-01 7.95980e+01 1.30937e+00 7.37151e+01 1.02347e+00 
1.1 1.15 1.2 7.07212e+01 9.60794e-01 5.92343e+01 7.09493e-01 7.56343e+01 1.35268e+00 6.07368e+01 7.39082e-01 7.01039e+01 9.24241e-01 7.73011e+01 1.28966e+00 7.14636e+01 1.00913e+00 
1.2 1.25 1.3 6.42189e+01 9.19471e-01 5.39914e+01 6.77285e-01 6.79837e+01 1.29860e+00 5.53485e+01 7.07017e-01 6.37016e+01 8.83014e-01 6.98168e+01 1.23130e+00 6.48197e+01 9.67915e-01 
1.3 1.35 1.4 5.86741e+01 8.77986e-01 4.92423e+01 6.45903e-01 6.23766e+01 1.23864e+00 5.06218e+01 6.75459e-01 5.80170e+01 8.42143e-01 6.36361e+01 1.17543e+00 5.94458e+01 9.25117e-01 
1.4 1.45 1.5 5.49670e+01 8.52148e-01 4.59209e+01 6.27535e-01 5.86980e+01 1.20167e+00 4.72208e+01 6.55182e-01 5.43448e+01 8.18331e-01 6.00299e+01 1.14231e+00 5.56241e+01 8.96930e-01 
1.5 1.55 1.6 5.05734e+01 8.03929e-01 4.22302e+01 5.91702e-01 5.44110e+01 1.12992e+00 4.33765e+01 6.18460e-01 5.00913e+01 7.71915e-01 5.54695e+01 1.07516e+00 5.13512e+01 8.45072e-01 
1.6 1.65 1.7 4.37360e+01 7.57350e-01 3.65686e+01 5.50585e-01 4.66919e+01 1.07996e+00 3.75645e+01 5.79243e-01 4.33467e+01 7.21077e-01 4.79718e+01 1.01698e+00 4.43116e+01 8.00286e-01 
1.7 1.75 1.8 3.86483e+01 7.16051e-01 3.24111e+01 5.26466e-01 4.09772e+01 1.00682e+00 3.33572e+01 5.52578e-01 3.82679e+01 6.84590e-01 4.19067e+01 9.54267e-01 3.92023e+01 7.55591e-01 
1.8 1.85 1.9 3.46405e+01 6.65699e-01 2.89214e+01 4.90472e-01 3.69904e+01 9.39614e-01 2.97837e+01 5.14566e-01 3.42587e+01 6.36798e-01 3.78522e+01 8.86349e-01 3.52519e+01 7.06952e-01 
1.9 1.95 2.0 2.92285e+01 6.01976e-01 2.44768e+01 4.40029e-01 3.04710e+01 8.56077e-01 2.52351e+01 4.63542e-01 2.89106e+01 5.73135e-01 3.16477e+01 8.03638e-01 2.94482e+01 6.40081e-01 
2.0 2.05 2.1 2.75349e+01 5.74161e-01 2.25749e+01 4.23659e-01 2.98488e+01 8.11636e-01 2.34390e+01 4.43022e-01 2.69959e+01 5.51050e-01 3.06445e+01 7.61961e-01 2.79115e+01 6.09781e-01 
2.1 2.15 2.2 2.18901e+01 5.15162e-01 1.80679e+01 3.77641e-01 2.35094e+01 7.26783e-01 1.87048e+01 3.96644e-01 2.15391e+01 4.91119e-01 2.41224e+01 6.84648e-01 2.22494e+01 5.46573e-01 
2.2 2.25 2.3 1.85452e+01 4.54202e-01 1.51864e+01 3.33443e-01 2.01872e+01 6.41389e-01 1.57634e+01 3.50687e-01 1.82075e+01 4.34290e-01 2.06127e+01 6.03043e-01 1.89378e+01 4.81891e-01 
2.3 2.35 2.4 1.41155e+01 3.94302e-01 1.16315e+01 2.85672e-01 1.50626e+01 5.63158e-01 1.21126e+01 3.04145e-01 1.38932e+01 3.71120e-01 1.54507e+01 5.25129e-01 1.44248e+01 4.22479e-01 
2.4 2.45 2.5 1.23664e+01 3.77825e-01 1.00526e+01 2.71721e-01 1.34600e+01 5.47690e-01 1.05133e+01 2.91917e-01 1.20575e+01 3.52661e-01 1.37588e+01 5.00894e-01 1.26330e+01 4.11432e-01 
2.5 2.55 2.6 9.29166e+00 3.22336e-01 7.58310e+00 2.37356e-01 9.98271e+00 4.49214e-01 7.91470e+00 2.50789e-01 9.09790e+00 3.06929e-01 1.02965e+01 4.22449e-01 9.47574e+00 3.43156e-01 
2.6 2.65 2.7 7.27778e+00 2.68188e-01 5.90179e+00 1.94756e-01 7.85934e+00 3.80250e-01 6.17619e+00 2.08079e-01 7.11144e+00 2.52389e-01 8.10092e+00 3.53279e-01 7.42735e+00 2.88950e-01 
2.7 2.75 2.8 4.74638e+00 2.09245e-01 3.87793e+00 1.50853e-01 5.02080e+00 2.99194e-01 4.05871e+00 1.61551e-01 4.65120e+00 1.96565e-01 5.23537e+00 2.77573e-01 4.84861e+00 2.25859e-01 
2.8 2.85 2.9 3.76351e+00 1.81593e-01 2.97315e+00 1.30967e-01 4.21233e+00 2.55708e-01 3.15354e+00 1.41175e-01 3.62734e+00 1.69969e-01 4.28784e+00 2.37906e-01 3.89124e+00 1.96252e-01 
2.9 2.95 3.0 2.41764e+00 1.42504e-01 1.92191e+00 1.02271e-01 2.67128e+00 2.02352e-01 2.02851e+00 1.09783e-01 2.34992e+00 1.33887e-01 2.75134e+00 1.88955e-01 2.49048e+00 1.53469e-01 
3.0 3.05 3.1 1.59959e+00 1.08068e-01 1.24893e+00 7.73204e-02 1.81272e+00 1.53900e-01 1.33421e+00 8.41677e-02 1.52843e+00 1.00086e-01 1.84511e+00 1.41035e-01 1.66419e+00 1.18514e-01 
3.1 3.15 3.2 9.23804e-01 7.17100e-02 7.09954e-01 5.14299e-02 1.07789e+00 1.02869e-01 7.71747e-01 5.66751e-02 8.76264e-01 6.56758e-02 1.05855e+00 9.19206e-02 9.79829e-01 7.97824e-02 
3.2 3.25 3.3 5.78345e-01 5.88866e-02 4.41538e-01 4.34494e-02 6.69412e-01 7.68907e-02 4.82552e-01 4.74675e-02 5.46949e-01 5.50074e-02 6.68868e-01 7.29325e-02 6.12346e-01 6.34747e-02 
3.3 3.35 3.4 2.77002e-01 3.20516e-02 2.09365e-01 2.30387e-02 3.21974e-01 4.40916e-02 2.28253e-01 2.52055e-02 2.61594e-01 2.97786e-02 3.25266e-01 4.10934e-02 2.92661e-01 3.49487e-02 
3.4 3.45 3.5 1.19530e-01 1.61380e-02 8.61415e-02 1.13737e-02 1.55182e-01 2.30497e-02 9.64335e-02 1.27412e-02 1.09620e-01 1.46814e-02 1.51081e-01 2.14339e-02 1.30072e-01 1.78879e-02 
