0.0 25.0 50.0 1.18091e+01 7.34342e-02 9.87226e+00 5.07960e-02 1.27769e+01 1.12833e-01 9.90959e+00 5.19027e-02 1.18843e+01 7.19136e-02 1.30590e+01 1.09204e-01 1.17560e+01 7.57280e-02 
50.0 75.0 100.0 1.75873e+01 7.61681e-02 1.45497e+01 5.19799e-02 1.94786e+01 1.18905e-01 1.46271e+01 5.30453e-02 1.76506e+01 7.46616e-02 1.97929e+01 1.15359e-01 1.75572e+01 7.83598e-02 
100.0 125.0 150.0 1.59997e+01 6.61700e-02 1.31875e+01 4.43037e-02 1.78585e+01 1.04077e-01 1.32857e+01 4.58396e-02 1.60332e+01 6.38705e-02 1.80986e+01 1.00733e-01 1.60274e+01 6.83307e-02 
150.0 175.0 200.0 1.11229e+01 5.43830e-02 9.17152e+00 3.62040e-02 1.23220e+01 8.66229e-02 9.28851e+00 3.76327e-02 1.10995e+01 5.22988e-02 1.24909e+01 8.28083e-02 1.11796e+01 5.68161e-02 
200.0 225.0 250.0 7.62443e+00 4.48684e-02 6.29080e+00 2.96029e-02 8.40171e+00 7.20670e-02 6.38953e+00 3.09916e-02 7.59588e+00 4.28219e-02 8.52398e+00 6.84212e-02 7.68047e+00 4.71791e-02 
250.0 275.0 300.0 5.45850e+00 3.83946e-02 4.49202e+00 2.52233e-02 6.01840e+00 6.19697e-02 4.58029e+00 2.64722e-02 5.41968e+00 3.65679e-02 6.09656e+00 5.86146e-02 5.51646e+00 4.05345e-02 
300.0 325.0 350.0 4.01988e+00 3.34189e-02 3.30099e+00 2.18508e-02 4.42508e+00 5.48482e-02 3.36900e+00 2.27501e-02 3.97886e+00 3.18492e-02 4.49606e+00 5.10418e-02 4.06489e+00 3.49086e-02 
350.0 375.0 400.0 3.02803e+00 2.97227e-02 2.48580e+00 1.93429e-02 3.33318e+00 4.78656e-02 2.54690e+00 2.04332e-02 2.99497e+00 2.81150e-02 3.36813e+00 4.50639e-02 3.07337e+00 3.13104e-02 
400.0 425.0 450.0 2.34046e+00 2.70832e-02 1.91824e+00 1.76345e-02 2.57603e+00 4.46866e-02 1.97115e+00 1.87089e-02 2.31147e+00 2.56207e-02 2.60771e+00 4.17788e-02 2.38423e+00 2.91099e-02 
450.0 475.0 500.0 1.81441e+00 2.45713e-02 1.49418e+00 1.58965e-02 1.96594e+00 4.02597e-02 1.53737e+00 1.68729e-02 1.79004e+00 2.31534e-02 1.98892e+00 3.77515e-02 1.85019e+00 2.62464e-02 
500.0 525.0 550.0 1.48564e+00 2.20476e-02 1.21873e+00 1.43500e-02 1.62386e+00 3.67084e-02 1.25525e+00 1.51573e-02 1.46776e+00 2.09096e-02 1.64993e+00 3.41610e-02 1.51388e+00 2.36894e-02 
550.0 575.0 600.0 1.16859e+00 2.00039e-02 9.62493e-01 1.28364e-02 1.24977e+00 3.32377e-02 9.94236e-01 1.37384e-02 1.14688e+00 1.86857e-02 1.26943e+00 3.07435e-02 1.18854e+00 2.16881e-02 
600.0 625.0 650.0 9.51699e-01 1.85207e-02 7.85562e-01 1.18596e-02 1.01431e+00 3.06393e-02 8.11366e-01 1.27093e-02 9.37313e-01 1.72804e-02 1.03378e+00 2.83221e-02 9.65822e-01 2.01250e-02 
650.0 675.0 700.0 8.33366e-01 1.77376e-02 6.79749e-01 1.13003e-02 9.07326e-01 2.97560e-02 7.05975e-01 1.21326e-02 8.13990e-01 1.66059e-02 9.22620e-01 2.72912e-02 8.60114e-01 1.91462e-02 
700.0 725.0 750.0 6.60914e-01 1.66437e-02 5.45175e-01 1.04827e-02 7.06502e-01 2.77132e-02 5.65090e-01 1.12912e-02 6.51943e-01 1.54009e-02 7.19117e-01 2.57108e-02 6.77048e-01 1.80944e-02 
750.0 775.0 800.0 5.80229e-01 1.66842e-02 4.74329e-01 1.06157e-02 6.29752e-01 2.76819e-02 4.92594e-01 1.14370e-02 5.68562e-01 1.54897e-02 6.36238e-01 2.55144e-02 5.95824e-01 1.81004e-02 
800.0 825.0 850.0 5.21151e-01 1.57902e-02 4.19313e-01 1.00711e-02 5.84552e-01 2.62023e-02 4.36610e-01 1.08608e-02 5.07967e-01 1.47380e-02 5.84772e-01 2.41549e-02 5.35419e-01 1.72379e-02 
850.0 875.0 900.0 4.18581e-01 1.37639e-02 3.40608e-01 8.70196e-03 4.54918e-01 2.30463e-02 3.54856e-01 9.42141e-03 4.09010e-01 1.27166e-02 4.60817e-01 2.10882e-02 4.30028e-01 1.50349e-02 
900.0 925.0 950.0 3.43008e-01 1.36123e-02 2.81706e-01 8.39164e-03 3.57440e-01 2.30182e-02 2.91636e-01 9.14251e-03 3.38579e-01 1.25046e-02 3.64864e-01 2.08088e-02 3.50290e-01 1.48408e-02 
950.0 975.0 1000.0 3.35749e-01 1.31814e-02 2.68806e-01 8.33179e-03 3.76053e-01 2.20355e-02 2.81774e-01 9.11704e-03 3.26229e-01 1.21558e-02 3.78139e-01 2.01299e-02 3.47291e-01 1.45878e-02 
1000.0 1025.0 1050.0 2.74547e-01 1.26597e-02 2.23257e-01 7.98882e-03 2.96089e-01 2.13205e-02 2.32887e-01 8.70053e-03 2.67697e-01 1.16356e-02 3.04362e-01 1.92414e-02 2.83657e-01 1.39383e-02 
1050.0 1075.0 1100.0 2.33598e-01 1.17535e-02 1.91473e-01 7.42597e-03 2.54729e-01 1.98038e-02 2.00135e-01 8.07046e-03 2.27733e-01 1.07622e-02 2.58382e-01 1.79073e-02 2.42838e-01 1.29990e-02 
1100.0 1125.0 1150.0 1.92436e-01 1.12846e-02 1.58079e-01 7.05731e-03 1.96786e-01 1.91264e-02 1.65369e-01 7.71183e-03 1.86453e-01 1.03533e-02 2.03588e-01 1.73345e-02 1.96767e-01 1.24603e-02 
1150.0 1175.0 1200.0 1.99918e-01 1.18743e-02 1.56682e-01 7.44155e-03 2.27502e-01 2.00216e-02 1.65121e-01 8.13697e-03 1.92024e-01 1.08449e-02 2.27411e-01 1.81375e-02 2.08311e-01 1.31048e-02 
1200.0 1225.0 1250.0 1.39059e-01 9.62477e-03 1.16075e-01 5.99058e-03 1.40799e-01 1.62720e-02 1.21396e-01 6.57758e-03 1.36090e-01 8.77049e-03 1.47680e-01 1.45998e-02 1.43808e-01 1.06649e-02 
1250.0 1275.0 1300.0 1.31325e-01 1.03499e-02 1.07477e-01 6.46518e-03 1.39466e-01 1.74813e-02 1.12846e-01 7.09078e-03 1.27781e-01 9.44594e-03 1.43010e-01 1.57606e-02 1.36463e-01 1.13628e-02 
1300.0 1325.0 1350.0 1.20799e-01 9.74939e-03 9.70445e-02 6.10584e-03 1.28442e-01 1.65340e-02 1.02425e-01 6.69189e-03 1.16529e-01 8.95384e-03 1.31163e-01 1.49814e-02 1.22651e-01 1.08210e-02 
1350.0 1375.0 1400.0 1.02350e-01 9.44097e-03 8.30501e-02 5.84668e-03 1.05288e-01 1.61309e-02 8.75563e-02 6.48014e-03 9.83695e-02 8.55359e-03 1.07684e-01 1.44434e-02 1.06775e-01 1.04944e-02 
1400.0 1425.0 1450.0 8.53624e-02 7.80566e-03 7.04364e-02 4.84348e-03 8.94889e-02 1.33269e-02 7.41526e-02 5.32816e-03 8.37216e-02 7.07337e-03 9.05071e-02 1.19413e-02 8.77614e-02 8.72245e-03 
1450.0 1475.0 1500.0 7.72861e-02 7.84778e-03 6.44592e-02 4.88027e-03 7.56693e-02 1.32355e-02 6.75187e-02 5.39488e-03 7.54436e-02 7.13049e-03 7.89169e-02 1.18979e-02 7.92656e-02 8.74028e-03 
1500.0 1525.0 1550.0 8.96215e-02 8.91536e-03 7.27380e-02 6.05645e-03 1.06384e-01 1.50555e-02 7.69947e-02 6.67246e-03 9.04094e-02 8.84932e-03 1.07058e-01 1.35379e-02 9.51524e-02 9.94594e-03 
1550.0 1575.0 1600.0 7.63137e-02 7.93964e-03 6.00290e-02 4.93530e-03 8.82931e-02 1.33570e-02 6.30728e-02 5.40786e-03 7.37832e-02 7.22792e-03 8.82575e-02 1.20926e-02 8.07982e-02 8.77722e-03 
1600.0 1625.0 1650.0 7.23299e-02 7.87708e-03 5.62243e-02 4.92713e-03 7.92627e-02 1.20404e-02 5.96000e-02 5.42376e-03 6.95072e-02 7.17359e-03 7.81024e-02 1.08275e-02 7.55668e-02 8.75603e-03 
1650.0 1675.0 1700.0 5.75615e-02 6.12985e-03 4.52179e-02 3.79006e-03 6.20183e-02 1.00122e-02 4.69672e-02 4.02187e-03 5.54800e-02 5.48218e-03 6.56693e-02 9.26749e-03 5.79305e-02 6.59217e-03 
1700.0 1725.0 1750.0 6.35987e-02 7.02935e-03 4.78198e-02 4.39594e-03 7.68326e-02 1.18053e-02 5.14606e-02 4.86140e-03 5.95525e-02 6.36891e-03 7.48459e-02 1.05875e-02 6.65169e-02 7.86171e-03 
1750.0 1775.0 1800.0 5.12553e-02 6.34275e-03 3.93101e-02 3.93538e-03 5.92344e-02 9.93627e-03 4.19160e-02 4.39074e-03 4.88999e-02 5.69908e-03 5.71466e-02 8.79515e-03 5.45950e-02 7.18504e-03 
1800.0 1825.0 1850.0 3.59946e-02 5.19744e-03 2.95043e-02 3.23670e-03 3.76974e-02 8.80116e-03 3.18744e-02 3.59405e-03 3.44035e-02 4.68122e-03 3.86791e-02 7.80517e-03 3.89546e-02 5.83998e-03 
1850.0 1875.0 1900.0 3.55272e-02 5.28359e-03 2.86294e-02 3.34537e-03 3.83586e-02 8.70614e-03 3.03489e-02 3.70462e-03 3.49422e-02 4.77222e-03 3.91546e-02 7.80432e-03 3.71305e-02 5.90395e-03 
1900.0 1925.0 1950.0 3.16204e-02 5.49552e-03 2.55088e-02 3.43003e-03 3.12295e-02 8.68777e-03 2.69808e-02 3.80572e-03 3.07162e-02 4.96601e-03 3.38096e-02 7.75389e-03 3.30394e-02 6.14860e-03 
1950.0 1975.0 2000.0 2.70109e-02 4.39412e-03 2.17178e-02 2.73282e-03 2.76656e-02 7.42597e-03 2.32990e-02 3.04757e-03 2.56286e-02 3.95653e-03 2.88611e-02 6.59438e-03 2.76698e-02 4.94253e-03 
2000.0 2025.0 2050.0 2.62876e-02 4.17411e-03 2.14953e-02 2.59641e-03 2.99837e-02 7.02470e-03 2.29936e-02 2.90108e-03 2.56359e-02 3.74234e-03 2.94509e-02 6.25067e-03 2.76774e-02 4.72317e-03 
2050.0 2075.0 2100.0 1.96456e-02 4.14321e-03 1.64016e-02 2.60904e-03 1.80719e-02 6.87702e-03 1.73541e-02 2.90064e-03 1.91609e-02 3.74237e-03 2.08250e-02 6.12771e-03 2.02421e-02 4.65759e-03 
2100.0 2125.0 2150.0 1.77931e-02 4.08028e-03 1.54134e-02 2.72748e-03 1.22156e-02 5.74374e-03 1.64666e-02 3.05010e-03 1.70217e-02 3.66176e-03 1.57829e-02 5.70547e-03 1.84168e-02 4.61189e-03 
2150.0 2175.0 2200.0 1.10767e-02 3.19813e-03 1.13713e-02 2.10924e-03 6.86930e-03 5.36945e-03 1.15565e-02 2.32275e-03 1.15494e-02 2.87350e-03 9.43861e-03 4.78167e-03 1.07569e-02 3.59592e-03 
2200.0 2225.0 2250.0 1.83247e-02 3.49727e-03 1.48658e-02 2.21944e-03 1.98121e-02 5.79855e-03 1.55484e-02 2.44771e-03 1.76470e-02 3.14259e-03 2.00620e-02 5.15786e-03 1.93149e-02 3.94701e-03 
2250.0 2275.0 2300.0 7.29972e-03 2.54543e-03 7.16730e-03 1.59899e-03 3.66752e-03 4.26096e-03 7.17592e-03 1.79544e-03 7.54226e-03 2.27421e-03 5.19085e-03 3.76418e-03 6.46834e-03 2.90698e-03 
2300.0 2325.0 2350.0 8.56800e-03 2.29359e-03 8.11031e-03 1.43805e-03 6.09198e-03 3.81911e-03 8.17339e-03 1.61176e-03 8.64989e-03 2.05977e-03 7.55671e-03 3.38877e-03 8.56740e-03 2.59100e-03 
2350.0 2375.0 2400.0 1.08923e-02 2.69932e-03 8.90722e-03 1.67464e-03 1.08413e-02 4.51079e-03 9.55020e-03 1.88435e-03 1.06513e-02 2.40610e-03 1.13613e-02 3.98590e-03 1.12939e-02 3.06993e-03 
2400.0 2425.0 2450.0 2.52457e-03 1.99569e-03 3.37745e-03 1.22513e-03 -1.77843e-03 3.42397e-03 3.33656e-03 1.39288e-03 2.88102e-03 1.76010e-03 -1.86360e-04 2.98213e-03 2.32134e-03 2.29501e-03 
2450.0 2475.0 2500.0 3.69063e-03 1.72694e-03 3.96569e-03 1.07949e-03 2.29101e-04 2.69237e-03 3.96745e-03 1.21444e-03 4.02819e-03 1.53186e-03 1.48432e-03 2.35761e-03 3.48699e-03 1.97379e-03 
2500.0 2525.0 2550.0 8.49766e-03 2.17160e-03 7.32238e-03 1.47653e-03 8.72930e-03 3.59888e-03 7.25476e-03 1.53913e-03 8.11254e-03 1.94550e-03 8.84492e-03 3.18738e-03 8.83290e-03 2.45873e-03 
2550.0 2575.0 2600.0 3.89282e-03 1.79341e-03 3.84146e-03 1.14645e-03 1.31271e-03 2.92105e-03 3.93825e-03 1.28132e-03 4.04656e-03 1.60975e-03 2.62145e-03 2.60171e-03 3.34362e-03 2.02404e-03 
2600.0 2625.0 2650.0 4.51059e-04 1.11749e-03 1.18999e-03 6.90921e-04 -2.20360e-03 1.93260e-03 1.01420e-03 7.86700e-04 6.22569e-04 9.85794e-04 -2.56342e-03 1.65230e-03 -4.64581e-05 1.29230e-03 
2650.0 2675.0 2700.0 2.36117e-03 1.27356e-03 2.44886e-03 8.11602e-04 2.74174e-04 2.08711e-03 2.22130e-03 8.98821e-04 2.34524e-03 1.14105e-03 1.63026e-03 1.95544e-03 1.79636e-03 1.42764e-03 
2700.0 2725.0 2750.0 1.25503e-03 1.02635e-03 1.73017e-03 6.52153e-04 -4.41451e-04 1.78333e-03 1.80536e-03 7.34151e-04 1.41809e-03 9.08024e-04 -2.75558e-04 1.47973e-03 8.41522e-04 1.16617e-03 
2750.0 2775.0 2800.0 2.11472e-03 1.04148e-03 2.50027e-03 7.13192e-04 3.07419e-04 1.68048e-03 2.55967e-03 8.03086e-04 2.23934e-03 9.25065e-04 9.25538e-04 1.51157e-03 1.69102e-03 1.17403e-03 
2800.0 2825.0 2850.0 2.30551e-03 1.15176e-03 2.28146e-03 7.34275e-04 1.37071e-03 1.87284e-03 2.37694e-03 8.26901e-04 2.33278e-03 1.02719e-03 1.83586e-03 1.64808e-03 2.31887e-03 1.30519e-03 
2850.0 2875.0 2900.0 -3.86500e-04 5.64306e-04 5.62992e-04 3.61373e-04 -2.83474e-03 9.75160e-04 3.43898e-04 4.15967e-04 1.02389e-04 5.16990e-04 -1.80648e-03 8.30953e-04 -8.77580e-04 6.60179e-04 
2900.0 2925.0 2950.0 4.25653e-04 9.58345e-04 9.21750e-04 6.03541e-04 -1.51655e-03 1.59194e-03 8.66156e-04 6.80403e-04 1.62082e-04 6.82977e-04 -1.72426e-03 1.10783e-03 1.65777e-04 1.09326e-03 
2950.0 2975.0 3000.0 6.82543e-04 6.96285e-04 1.13994e-03 4.74148e-04 -1.02485e-03 1.09481e-03 9.44085e-04 4.95615e-04 8.91578e-04 6.14356e-04 -3.89960e-04 9.56396e-04 2.22893e-04 7.57370e-04 
3000.0 3025.0 3050.0 6.75370e-04 5.91619e-04 8.37974e-04 3.75675e-04 -9.87421e-04 9.84458e-04 7.65031e-04 4.25651e-04 6.44015e-04 5.25011e-04 -4.89862e-04 8.63412e-04 3.35967e-04 6.78403e-04 
3050.0 3075.0 3100.0 2.02798e-03 8.00605e-04 1.55208e-03 4.61161e-04 1.89798e-03 1.37014e-03 1.40790e-03 5.14491e-04 1.72539e-03 6.62978e-04 1.97624e-03 1.18848e-03 1.75190e-03 8.73067e-04 
3100.0 3125.0 3150.0 4.06738e-04 5.59349e-04 6.40588e-04 3.53634e-04 -6.93521e-04 9.25806e-04 6.09557e-04 3.97997e-04 2.47912e-04 4.56534e-04 -2.89211e-04 8.16640e-04 1.64595e-04 6.36844e-04 
3150.0 3175.0 3200.0 4.70617e-05 3.70482e-04 5.24714e-04 2.60339e-04 -1.52555e-03 6.28614e-04 3.52973e-04 2.67067e-04 2.36864e-04 3.28666e-04 -8.95935e-04 5.45127e-04 -2.01031e-04 4.27077e-04 
3200.0 3225.0 3250.0 7.49089e-04 4.34097e-04 7.80906e-04 2.71112e-04 2.38634e-04 7.30496e-04 8.13090e-04 3.11545e-04 7.73528e-04 3.78105e-04 4.99820e-04 6.26210e-04 7.42693e-04 5.06007e-04 
3250.0 3275.0 3300.0 2.65220e-05 2.62865e-04 2.46775e-04 1.66539e-04 -8.97709e-04 4.45645e-04 2.10996e-04 1.90486e-04 1.55724e-04 2.30655e-04 -5.08093e-04 3.82825e-04 -1.76380e-04 3.07483e-04 
3300.0 3325.0 3350.0 7.58356e-04 3.28091e-04 7.32792e-04 2.11375e-04 1.71790e-04 4.97402e-04 7.51502e-04 2.38590e-04 7.67886e-04 2.91956e-04 3.91071e-04 4.38452e-04 6.54777e-04 3.75433e-04 
3350.0 3375.0 3400.0 1.36570e-03 3.73782e-04 1.16189e-03 2.40530e-04 1.56356e-03 6.08801e-04 1.19092e-03 2.70617e-04 1.41861e-03 3.63464e-04 1.55201e-03 5.33193e-04 1.46286e-03 4.28833e-04 
3400.0 3425.0 3450.0 9.48598e-04 2.88024e-04 7.45651e-04 1.80355e-04 5.82335e-04 4.44994e-04 8.26631e-04 2.07512e-04 8.50895e-04 2.51027e-04 8.28116e-04 3.98652e-04 8.87106e-04 3.22658e-04 
3450.0 3475.0 3500.0 1.26462e-03 3.55543e-04 9.10782e-04 2.16962e-04 1.93437e-03 6.79048e-04 9.97674e-04 2.51026e-04 1.25416e-03 3.22270e-04 1.53651e-03 5.22323e-04 1.56025e-03 4.61596e-04 
3500.0 3525.0 3550.0 3.27455e-04 2.23467e-04 3.26722e-04 1.35562e-04 -1.87807e-04 3.29387e-04 3.91592e-04 1.60260e-04 3.08847e-04 1.86492e-04 1.59923e-04 3.14445e-04 2.85412e-04 2.54155e-04 
3550.0 3575.0 3600.0 9.65051e-04 3.14976e-04 7.29773e-04 1.96299e-04 1.22148e-03 5.05967e-04 7.90070e-04 2.25194e-04 8.94052e-04 2.76094e-04 1.46755e-03 4.88231e-04 1.26825e-03 3.93552e-04 
3600.0 3625.0 3650.0 5.36736e-04 2.08231e-04 4.89545e-04 1.36174e-04 5.75869e-04 3.48027e-04 4.87316e-04 1.45138e-04 5.76198e-04 1.88593e-04 5.88549e-04 3.06869e-04 5.23685e-04 2.40290e-04 
3650.0 3675.0 3700.0 3.88366e-04 1.49878e-04 3.05403e-04 8.98406e-05 3.09492e-04 2.49181e-04 3.57761e-04 1.09261e-04 3.40344e-04 1.24000e-04 3.59208e-04 2.12763e-04 3.91968e-04 1.75455e-04 
3700.0 3725.0 3750.0 1.51374e-04 1.17147e-04 1.93163e-04 7.52560e-05 -8.12643e-05 1.89992e-04 1.92264e-04 8.57378e-05 2.12067e-04 1.02085e-04 6.25203e-05 1.63885e-04 9.95610e-05 1.35526e-04 
3750.0 3775.0 3800.0 2.20005e-04 1.07860e-04 2.28210e-04 6.74610e-05 1.91505e-04 1.96550e-04 2.36504e-04 7.74897e-05 2.62195e-04 1.04759e-04 2.19177e-04 1.70074e-04 1.85174e-04 1.26044e-04 
3800.0 3825.0 3850.0 4.97411e-04 1.88251e-04 3.86204e-04 1.17217e-04 3.82385e-04 2.90741e-04 4.20815e-04 1.35389e-04 3.99246e-04 1.48152e-04 5.32183e-04 2.47472e-04 5.22524e-04 2.20851e-04 
3850.0 3875.0 3900.0 -7.68552e-06 7.08513e-05 6.75516e-05 4.50590e-05 -2.11240e-04 1.19937e-04 6.36686e-05 5.17639e-05 4.66786e-05 6.13251e-05 -1.18586e-04 1.01207e-04 -3.79439e-05 8.26071e-05 
3900.0 3925.0 3950.0 3.06173e-04 1.34919e-04 2.53461e-04 8.54966e-05 2.89733e-04 2.20860e-04 2.68448e-04 9.78707e-05 3.00284e-04 1.18271e-04 3.19895e-04 1.91618e-04 3.13320e-04 1.55646e-04 
3950.0 3975.0 4000.0 1.95745e-05 6.85620e-05 8.54168e-05 4.56852e-05 -1.63670e-04 1.15717e-04 7.61125e-05 5.26940e-05 7.08752e-05 6.22346e-05 -9.26419e-05 9.75987e-05 -3.28652e-05 8.12418e-05 
