0.0 0.065449846958 0.13089969392 4.25438e+02 1.19794e+01 4.85646e+02 8.27365e+00 8.89845e+01 1.83451e+01 4.70821e+02 8.53629e+00 4.63742e+02 1.16118e+01 1.71827e+02 1.76259e+01 3.90088e+02 1.24453e+01 
0.13089969392 0.19634954088 0.26179938783 4.25842e+02 1.40624e+01 4.88519e+02 9.32766e+00 7.32570e+01 2.15865e+01 4.73630e+02 9.67477e+00 4.62746e+02 1.27392e+01 1.61626e+02 1.99995e+01 3.88001e+02 1.38421e+01 
0.26179938783 0.32724923479 0.39269908175 4.32394e+02 1.41437e+01 5.01576e+02 9.38364e+00 6.58487e+01 2.19015e+01 4.86404e+02 9.75796e+00 4.71942e+02 1.35665e+01 1.53896e+02 2.16887e+01 3.94590e+02 1.43452e+01 
0.39269908175 0.45814892871 0.52359877567 4.90442e+02 1.49339e+01 5.67072e+02 1.00157e+01 8.80852e+01 2.38111e+01 5.50164e+02 1.03642e+01 5.34516e+02 1.44165e+01 1.82054e+02 2.27761e+01 4.52807e+02 1.55967e+01 
0.52359877567 0.58904862263 0.65449846958 5.18998e+02 1.43733e+01 5.90740e+02 9.69037e+00 1.16177e+02 2.27187e+01 5.73655e+02 1.00207e+01 5.63672e+02 1.38894e+01 2.11752e+02 2.17692e+01 4.78506e+02 1.49688e+01 
0.65449846958 0.71994831654 0.7853981635 4.66069e+02 1.32297e+01 5.31233e+02 8.96086e+00 1.03679e+02 2.08085e+01 5.15529e+02 9.26048e+00 5.06818e+02 1.27914e+01 1.91126e+02 1.99419e+01 4.28659e+02 1.37707e+01 
0.7853981635 0.85084801046 0.91629785742 4.80638e+02 1.32593e+01 5.20247e+02 8.86469e+00 1.89242e+02 2.04451e+01 5.07900e+02 9.19533e+00 5.15001e+02 1.27621e+01 2.63212e+02 1.95226e+01 4.49957e+02 1.38822e+01 
0.91629785742 0.98174770438 1.0471975513 4.02555e+02 1.23146e+01 4.55429e+02 8.24074e+00 9.72035e+01 1.96638e+01 4.42232e+02 8.53205e+00 4.37047e+02 1.18803e+01 1.71639e+02 1.87884e+01 3.71850e+02 1.28569e+01 
1.0471975513 1.1126473983 1.1780972453 3.67651e+02 1.25580e+01 4.20261e+02 8.27408e+00 7.59069e+01 1.96464e+01 4.08177e+02 8.59890e+00 3.99426e+02 1.20651e+01 1.43533e+02 1.94234e+01 3.39213e+02 1.27511e+01 
1.1780972453 1.2435470922 1.3089969392 3.97044e+02 1.09861e+01 4.28798e+02 7.70795e+00 1.45372e+02 1.73050e+01 4.21840e+02 7.67110e+00 4.21632e+02 1.11427e+01 1.97782e+02 1.79015e+01 3.71414e+02 1.14293e+01 
1.3089969392 1.3744467861 1.4398966331 3.68733e+02 1.17194e+01 4.07817e+02 7.71009e+00 1.14122e+02 1.90977e+01 3.97256e+02 8.01907e+00 3.97150e+02 1.12444e+01 1.75535e+02 1.81370e+01 3.43118e+02 1.22981e+01 
1.4398966331 1.50534648 1.570796327 3.76865e+02 1.12510e+01 4.07635e+02 7.43801e+00 1.43377e+02 1.82199e+01 3.98110e+02 7.71710e+00 4.03402e+02 1.08269e+01 2.00836e+02 1.73630e+01 3.53886e+02 1.17789e+01 
1.570796327 1.636246174 1.7016960209 3.85911e+02 1.09720e+01 4.12209e+02 7.23662e+00 1.60871e+02 1.78146e+01 4.03334e+02 7.52144e+00 4.11297e+02 1.05368e+01 2.16099e+02 1.69325e+01 3.63696e+02 1.15062e+01 
1.7016960209 1.7671458679 1.8325957148 4.09815e+02 1.09829e+01 4.29805e+02 7.23638e+00 1.97079e+02 1.73733e+01 4.22882e+02 7.40820e+00 4.33670e+02 1.05493e+01 2.45877e+02 1.69656e+01 3.91432e+02 1.12682e+01 
1.8325957148 1.8980455618 1.9634954088 4.42142e+02 1.03607e+01 4.50876e+02 7.12485e+00 2.38600e+02 1.66735e+01 4.45180e+02 7.12432e+00 4.63417e+02 1.04352e+01 2.93052e+02 1.59260e+01 4.20411e+02 1.08189e+01 
1.9634954088 2.0289452557 2.0943951027 4.62300e+02 1.04937e+01 4.69593e+02 6.92093e+00 2.62458e+02 1.69858e+01 4.61358e+02 7.17662e+00 4.86831e+02 1.01057e+01 3.15541e+02 1.62233e+01 4.41392e+02 1.09602e+01 
2.0943951027 2.1598449496 2.2252947966 4.83427e+02 1.07500e+01 4.91419e+02 6.80341e+00 2.84531e+02 1.77995e+01 4.82246e+02 7.05343e+00 5.10530e+02 9.94964e+00 3.35295e+02 1.60363e+01 4.66298e+02 1.13617e+01 
2.2252947966 2.2907446435 2.3561944905 5.13803e+02 1.07151e+01 5.16995e+02 6.95281e+00 3.06289e+02 1.76794e+01 5.08578e+02 7.23630e+00 5.38838e+02 1.02743e+01 3.60264e+02 1.67997e+01 4.92729e+02 1.12446e+01 
2.3561944905 2.4216443375 2.4870941844 5.69074e+02 1.02589e+01 5.60819e+02 6.69951e+00 3.74822e+02 1.67715e+01 5.52943e+02 6.95459e+00 5.93857e+02 9.86927e+00 4.27191e+02 1.60173e+01 5.49148e+02 1.07191e+01 
2.4870941844 2.5525440314 2.6179938783 5.82816e+02 1.00611e+01 5.78691e+02 6.53848e+00 3.72138e+02 1.65240e+01 5.70074e+02 6.79803e+00 6.08999e+02 9.66284e+00 4.26866e+02 1.57616e+01 5.61610e+02 1.05260e+01 
2.6179938783 2.6834437253 2.7488935723 6.30923e+02 9.89056e+00 6.16292e+02 6.39531e+00 4.32464e+02 1.63265e+01 6.08533e+02 6.65712e+00 6.56105e+02 9.48936e+00 4.84918e+02 1.55595e+01 6.11362e+02 1.03590e+01 
2.7488935723 2.8143434192 2.8797932662 6.63185e+02 9.33153e+00 6.42813e+02 6.02012e+00 4.67320e+02 1.55483e+01 6.34611e+02 6.26744e+00 6.89041e+02 8.95189e+00 5.21182e+02 1.47023e+01 6.42823e+02 9.84142e+00 
2.8797932662 2.9452431131 3.0106929601 6.91866e+02 9.21344e+00 6.65792e+02 5.87765e+00 5.04116e+02 1.53971e+01 6.58519e+02 6.13651e+00 7.16529e+02 8.81566e+00 5.54914e+02 1.46522e+01 6.73378e+02 9.66973e+00 
3.0106929601 3.076142807 3.141592654 6.85058e+02 7.49212e+00 6.66224e+02 4.89707e+00 4.81175e+02 1.22555e+01 6.57002e+02 5.09052e+00 7.12502e+02 7.20395e+00 5.35061e+02 1.16612e+01 6.64748e+02 7.85908e+00 
