0.0 0.05 0.1 4.92275e+01 1.61373e+00 6.05195e+01 1.18389e+00 -1.52760e+00 2.31426e+00 5.80557e+01 1.23449e+00 5.60336e+01 1.55050e+00 1.60961e+01 2.19366e+00 4.15408e+01 1.69716e+00 
0.1 0.15 0.2 4.98471e+01 1.83542e+00 6.11316e+01 1.30125e+00 -1.12504e+00 2.75494e+00 5.86762e+01 1.36494e+00 5.66675e+01 1.74936e+00 1.65321e+01 2.58860e+00 4.20854e+01 1.91777e+00 
0.2 0.25 0.3 5.34986e+01 1.94899e+00 6.54089e+01 1.37947e+00 -5.66004e-01 2.78434e+00 6.28108e+01 1.40869e+00 6.08825e+01 1.85505e+00 1.83278e+01 2.75015e+00 4.52873e+01 1.98690e+00 
0.3 0.35 0.4 5.69273e+01 1.99369e+00 6.93725e+01 1.41599e+00 -8.36355e-01 3.08218e+00 6.63778e+01 1.51548e+00 6.45715e+01 1.89824e+00 1.97092e+01 2.80218e+00 4.78671e+01 2.16944e+00 
0.4 0.45 0.5 6.53890e+01 2.20596e+00 7.96287e+01 1.56209e+00 -7.65192e-02 3.31641e+00 7.64656e+01 1.64101e+00 7.41936e+01 2.09920e+00 2.27309e+01 3.11049e+00 5.52890e+01 2.30058e+00 
0.5 0.55 0.6 7.45002e+01 2.38904e+00 9.08920e+01 1.67243e+00 -1.44726e+00 3.62324e+00 8.72122e+01 1.76675e+00 8.48474e+01 2.25648e+00 2.58102e+01 3.39440e+00 6.24501e+01 2.53727e+00 
0.6 0.65 0.7 7.87192e+01 2.17949e+00 8.92574e+01 1.54624e+00 1.90586e+01 3.29483e+00 8.66075e+01 1.62403e+00 8.71790e+01 2.08162e+00 4.09724e+01 3.08455e+00 6.95302e+01 2.31448e+00 
0.7 0.75 0.8 6.32504e+01 1.94786e+00 7.58550e+01 1.39691e+00 3.19406e+00 2.88520e+00 7.30550e+01 1.46339e+00 7.12681e+01 1.85962e+00 2.42083e+01 2.71374e+00 5.42261e+01 2.06130e+00 
0.8 0.85 0.9 5.95452e+01 2.00184e+00 7.13431e+01 1.38622e+00 4.08055e+00 2.97284e+00 6.85650e+01 1.48121e+00 6.70190e+01 1.90025e+00 2.33166e+01 2.84133e+00 5.11322e+01 2.13045e+00 
0.9 0.95 1.0 5.36186e+01 1.98525e+00 6.47762e+01 1.38515e+00 1.26038e+00 3.03922e+00 6.22721e+01 1.46006e+00 6.06712e+01 1.88110e+00 1.97256e+01 2.83785e+00 4.56259e+01 2.11561e+00 
1.0 1.05 1.1 5.25310e+01 1.88757e+00 6.27730e+01 1.33061e+00 4.03664e+00 2.92642e+00 6.05472e+01 1.40000e+00 5.90471e+01 1.79278e+00 2.04484e+01 2.67076e+00 4.51872e+01 2.00727e+00 
1.1 1.15 1.2 4.80361e+01 1.92709e+00 5.89270e+01 1.29799e+00 2.61342e+00 2.69320e+00 5.67603e+01 1.36727e+00 5.53722e+01 1.75849e+00 1.70058e+01 2.77059e+00 4.22829e+01 1.90012e+00 
1.2 1.25 1.3 4.92050e+01 1.99905e+00 5.84557e+01 1.41188e+00 5.64780e+00 3.03795e+00 5.57937e+01 1.44175e+00 5.61391e+01 1.92970e+00 2.14918e+01 2.84718e+00 4.24186e+01 2.12994e+00 
1.3 1.35 1.4 4.33162e+01 1.94864e+00 5.21288e+01 1.32171e+00 1.64397e-01 3.04583e+00 4.99692e+01 1.39669e+00 4.85180e+01 1.82064e+00 1.56313e+01 2.83519e+00 3.65845e+01 2.08342e+00 
1.4 1.45 1.5 4.45332e+01 1.90542e+00 5.19031e+01 1.21362e+00 5.41926e+00 2.97141e+00 5.04677e+01 1.38205e+00 4.93187e+01 1.63927e+00 1.94328e+01 2.76312e+00 3.86383e+01 2.03982e+00 
1.5 1.55 1.6 3.98915e+01 1.78546e+00 4.81919e+01 1.23058e+00 5.46382e-02 2.53791e+00 4.62854e+01 1.30291e+00 4.52719e+01 1.68390e+00 1.42074e+01 2.36532e+00 3.33688e+01 1.78249e+00 
1.6 1.65 1.7 3.77981e+01 1.93072e+00 4.57804e+01 1.29927e+00 -2.26159e+00 2.57881e+00 4.40579e+01 1.38460e+00 4.28189e+01 1.80784e+00 1.35866e+01 2.83297e+00 3.20429e+01 2.08329e+00 
1.7 1.75 1.8 3.48690e+01 1.67453e+00 4.28738e+01 1.16286e+00 -2.28031e+00 2.57641e+00 4.11367e+01 1.22849e+00 3.97904e+01 1.58364e+00 1.13253e+01 2.39457e+00 2.91944e+01 1.78750e+00 
1.8 1.85 1.9 3.37164e+01 1.80530e+00 4.16340e+01 1.22691e+00 -2.76733e+00 3.00012e+00 3.99124e+01 1.30355e+00 3.85598e+01 1.69627e+00 1.06195e+01 2.62691e+00 2.79219e+01 2.00041e+00 
1.9 1.95 2.0 3.47480e+01 1.81338e+00 4.12773e+01 1.22784e+00 2.55891e+00 2.86387e+00 3.97401e+01 1.30517e+00 3.92387e+01 1.70354e+00 1.43127e+01 2.64795e+00 2.97868e+01 1.95221e+00 
2.0 2.05 2.1 3.32380e+01 1.87877e+00 3.89191e+01 1.25770e+00 3.07053e+00 2.89467e+00 3.75522e+01 1.34405e+00 3.67898e+01 1.76025e+00 1.39026e+01 2.76944e+00 2.87475e+01 1.96511e+00 
2.1 2.15 2.2 2.80760e+01 1.85676e+00 3.53115e+01 1.24036e+00 -3.61961e+00 2.97208e+00 3.38360e+01 1.33326e+00 3.24189e+01 1.73462e+00 7.95849e+00 2.73747e+00 2.32479e+01 2.01037e+00 
2.2 2.25 2.3 3.11554e+01 1.81661e+00 3.62372e+01 1.20773e+00 3.92281e+00 2.91564e+00 3.53400e+01 1.24627e+00 3.46874e+01 1.58450e+00 1.41949e+01 2.68687e+00 2.73329e+01 1.92798e+00 
2.3 2.35 2.4 2.60550e+01 1.71134e+00 3.20744e+01 1.14552e+00 -1.85535e+00 2.72674e+00 3.08065e+01 1.22452e+00 2.97703e+01 1.59809e+00 8.29424e+00 2.51098e+00 2.17072e+01 1.85077e+00 
2.4 2.45 2.5 2.48318e+01 1.52067e+00 3.04494e+01 1.04071e+00 -1.77928e+00 2.69548e+00 2.92590e+01 1.10788e+00 2.83516e+01 1.42728e+00 6.93525e+00 2.30817e+00 1.97125e+01 1.80061e+00 
2.5 2.55 2.6 2.39223e+01 1.59542e+00 2.90251e+01 1.07426e+00 -6.62044e-01 2.52476e+00 2.79225e+01 1.14740e+00 2.71078e+01 1.54592e+00 8.47104e+00 2.32644e+00 2.00280e+01 1.72408e+00 
2.6 2.65 2.7 2.18926e+01 1.64715e+00 2.70158e+01 1.09477e+00 -1.95380e+00 2.63959e+00 2.59234e+01 1.17205e+00 2.51298e+01 1.53638e+00 6.89300e+00 2.42953e+00 1.81204e+01 1.76577e+00 
2.7 2.75 2.8 1.99882e+01 1.55675e+00 2.51250e+01 1.03579e+00 -3.15215e+00 2.42687e+00 2.40624e+01 1.11021e+00 2.29013e+01 1.26247e+00 5.32627e+00 2.28806e+00 1.63446e+01 1.65099e+00 
2.8 2.85 2.9 1.94774e+01 1.50593e+00 2.44621e+01 1.03420e+00 -1.52183e+00 2.42638e+00 2.30729e+01 1.07792e+00 2.29322e+01 1.45538e+00 6.36874e+00 2.26403e+00 1.63259e+01 1.64729e+00 
2.9 2.95 3.0 1.95937e+01 1.46884e+00 2.38785e+01 9.84009e-01 1.02767e-02 2.37939e+00 2.31115e+01 1.05350e+00 2.26546e+01 1.37144e+00 7.21217e+00 2.14484e+00 1.65082e+01 1.59079e+00 
3.0 3.05 3.1 1.75109e+01 1.51880e+00 2.17110e+01 1.00767e+00 -2.16535e+00 2.43505e+00 2.08161e+01 1.08095e+00 2.04743e+01 1.34144e+00 4.76606e+00 2.00394e+00 1.43298e+01 1.64728e+00 
3.1 3.15 3.2 1.55851e+01 1.37894e+00 1.99306e+01 9.31889e-01 -3.72588e+00 2.16262e+00 1.90508e+01 9.95866e-01 1.81487e+01 1.28945e+00 3.41393e+00 1.99570e+00 1.25138e+01 1.48937e+00 
3.2 3.25 3.3 1.69572e+01 1.45085e+00 1.99951e+01 9.58262e-01 8.15785e-01 2.33526e+00 1.93230e+01 1.03100e+00 1.91357e+01 1.34679e+00 7.13068e+00 2.13905e+00 1.43295e+01 1.57893e+00 
3.3 3.35 3.4 1.44064e+01 1.36827e+00 1.78916e+01 9.11055e-01 -2.61306e+00 2.05700e+00 1.71509e+01 9.78400e-01 1.66326e+01 1.27265e+00 3.66529e+00 1.76485e+00 1.13425e+01 1.41313e+00 
3.4 3.45 3.5 1.51543e+01 1.44224e+00 1.75523e+01 9.44205e-01 1.51121e+00 2.34030e+00 1.70099e+01 1.01835e+00 1.69971e+01 1.33554e+00 6.98530e+00 2.13959e+00 1.29007e+01 1.57300e+00 
3.5 3.55 3.6 1.19171e+01 1.42509e+00 1.48257e+01 9.32359e-01 -1.99516e+00 2.33813e+00 1.42273e+01 1.00559e+00 1.37584e+01 1.31985e+00 3.34342e+00 2.13902e+00 9.58633e+00 1.56847e+00 
3.6 3.65 3.7 1.17325e+01 1.39649e+00 1.46216e+01 9.17883e-01 -1.54993e+00 1.85241e+00 1.40356e+01 9.90248e-01 1.35498e+01 1.29297e+00 3.28905e+00 2.06099e+00 9.50784e+00 1.52412e+00 
3.7 3.75 3.8 9.66349e+00 1.37217e+00 1.22437e+01 8.15147e-01 -3.33734e+00 2.23073e+00 1.15297e+01 8.35559e-01 1.13831e+01 1.26769e+00 1.60879e+00 2.03455e+00 6.71943e+00 1.24328e+00 
3.8 3.85 3.9 1.05622e+01 1.34909e+00 1.28489e+01 8.87500e-01 -1.13240e+00 2.13661e+00 1.23841e+01 9.60998e-01 1.20503e+01 1.24312e+00 3.56403e+00 1.98274e+00 8.60374e+00 1.47294e+00 
3.9 3.95 4.0 7.98583e+00 1.26039e+00 1.08872e+01 7.43896e-01 -3.84477e+00 2.03216e+00 1.01889e+01 8.94058e-01 9.58312e+00 1.16633e+00 6.89668e-01 1.85800e+00 6.60400e+00 1.18618e+00 
4.0 4.05 4.1 1.15091e+01 1.23400e+00 1.24970e+01 8.13449e-01 3.33083e+00 1.98079e+00 1.22358e+01 8.78980e-01 1.24318e+01 1.11545e+00 6.92259e+00 1.81005e+00 9.48346e+00 1.28747e+00 
4.1 4.15 4.2 7.40205e+00 1.20566e+00 9.36461e+00 7.86805e-01 8.73237e-01 1.99121e+00 9.38170e+00 8.59486e-01 8.58846e+00 1.11099e+00 2.30587e+00 1.80899e+00 6.60127e+00 1.27514e+00 
4.2 4.25 4.3 4.56421e+00 9.96313e-01 7.16007e+00 6.72836e-01 -5.09787e+00 1.89346e+00 7.13016e+00 8.37817e-01 6.14963e+00 1.06565e+00 -1.65467e+00 1.42410e+00 3.35979e+00 1.32665e+00 
4.3 4.35 4.4 5.58253e+00 1.14064e+00 7.65807e+00 6.92313e-01 -2.69165e+00 1.84251e+00 7.33422e+00 7.48054e-01 6.96766e+00 9.59465e-01 5.06372e-01 1.67669e+00 4.23101e+00 1.25114e+00 
4.4 4.45 4.5 4.51104e+00 9.89486e-01 6.42932e+00 6.63875e-01 -3.42598e+00 1.54940e+00 6.03709e+00 7.16262e-01 5.59749e+00 9.17886e-01 -3.08845e-01 1.42135e+00 3.13779e+00 1.07769e+00 
4.5 4.55 4.6 4.70092e+00 9.22229e-01 6.57299e+00 6.87611e-01 -1.03855e+00 1.70391e+00 6.45987e+00 7.66172e-01 5.59579e+00 8.56729e-01 1.44996e+00 1.51167e+00 4.44643e+00 1.18209e+00 
4.6 4.65 4.7 3.64650e+00 9.66671e-01 5.03882e+00 6.42563e-01 -2.63119e+00 1.52726e+00 4.89519e+00 6.59180e-01 4.33540e+00 8.91665e-01 -7.16682e-01 1.55273e+00 2.63604e+00 1.10477e+00 
4.7 4.75 4.8 2.56441e+00 1.01408e+00 4.25697e+00 6.61101e-01 -3.90929e+00 1.65158e+00 3.93132e+00 7.20707e-01 3.43297e+00 9.30102e-01 -1.40363e+00 1.48851e+00 1.44056e+00 1.12254e+00 
4.8 4.85 4.9 3.60413e+00 9.80721e-01 4.53257e+00 6.44011e-01 -1.03406e+00 1.57270e+00 4.35097e+00 7.00868e-01 4.21833e+00 9.01909e-01 8.85778e-01 1.42967e+00 2.80999e+00 1.07806e+00 
4.9 4.95 5.0 3.51795e+00 9.29478e-01 4.20080e+00 6.04195e-01 2.61593e-01 1.51058e+00 4.06086e+00 6.60685e-01 4.03077e+00 8.50250e-01 1.31948e+00 1.36355e+00 3.21042e+00 1.02867e+00 
5.0 5.05 5.1 1.29431e+00 8.52243e-01 2.96129e+00 5.01743e-01 -3.23670e+00 1.37802e+00 2.32001e+00 6.06933e-01 2.54227e+00 6.89762e-01 -3.67405e-01 1.05796e+00 9.61075e-01 9.55984e-01 
5.1 5.15 5.2 2.41364e+00 7.99698e-01 3.06496e+00 5.28364e-01 -8.33632e-01 1.27064e+00 2.94167e+00 5.76173e-01 2.83826e+00 7.34200e-01 -2.35109e-01 1.14307e+00 1.27260e+00 9.12484e-01 
5.2 5.25 5.3 1.20942e+00 8.06727e-01 2.06838e+00 5.28959e-01 -2.51782e+00 1.21442e+00 1.91268e+00 5.78634e-01 1.64504e+00 7.38220e-01 -8.16104e-01 1.17019e+00 6.37698e-01 8.78079e-01 
5.3 5.35 5.4 1.05895e+00 7.45363e-01 1.65156e+00 4.87467e-01 -1.22437e+00 1.17743e+00 1.59196e+00 5.31081e-01 1.37363e+00 6.83154e-01 -4.63972e-01 1.09736e+00 8.11803e-01 8.09083e-01 
5.4 5.45 5.5 1.40877e+00 7.33998e-01 1.74065e+00 4.82135e-01 -7.00923e-01 1.16518e+00 1.65617e+00 5.28198e-01 1.54362e+00 6.70396e-01 1.56573e-01 1.05419e+00 7.12427e-01 8.11789e-01 
5.5 5.55 5.6 1.58258e+00 7.15312e-01 1.84441e+00 4.77974e-01 -6.32696e-02 1.11386e+00 1.79798e+00 5.21047e-01 1.78964e+00 6.57874e-01 6.46213e-01 1.01495e+00 1.04262e+00 7.92358e-01 
5.6 5.65 5.7 1.75368e+00 6.66633e-01 1.71634e+00 4.46087e-01 9.88905e-01 1.03153e+00 1.72449e+00 4.86595e-01 1.88204e+00 6.13812e-01 1.34713e+00 9.42349e-01 1.47459e+00 7.31791e-01 
5.7 5.75 5.8 1.16877e+00 6.07895e-01 1.22006e+00 4.07486e-01 3.81662e-01 9.38071e-01 1.20023e+00 4.42567e-01 1.27969e+00 5.61891e-01 7.87308e-01 8.61811e-01 1.01597e+00 6.64486e-01 
5.8 5.85 5.9 1.58828e+00 5.64573e-01 1.38891e+00 3.81202e-01 1.42083e+00 8.61308e-01 1.40987e+00 4.14520e-01 1.60879e+00 5.21789e-01 1.61790e+00 7.91522e-01 1.55067e+00 6.17339e-01 
5.9 5.95 6.0 -2.38484e-01 3.05603e-01 2.49560e-02 2.01734e-01 -9.66435e-01 4.81254e-01 -2.01048e-02 2.21327e-01 -1.42948e-01 2.79490e-01 -7.16617e-01 4.36583e-01 -3.61087e-01 3.37989e-01 
6.0 6.05 6.1 -1.37344e+00 1.08861e-01 -7.78670e-01 6.19393e-02 -2.50905e+00 1.99202e-01 -8.91190e-01 7.07747e-02 -1.20001e+00 9.52709e-02 -2.16653e+00 1.72243e-01 -1.59136e+00 1.25940e-01 
6.1 6.15 6.2 -7.49224e-01 8.35563e-02 -4.10706e-01 4.62745e-02 -1.49183e+00 1.59783e-01 -4.85861e-01 5.42354e-02 -6.53752e-01 7.29417e-02 -1.20621e+00 1.34372e-01 -9.26548e-01 9.92983e-02 
6.2 6.25 6.3 -4.13200e-01 4.41849e-02 -2.36836e-01 2.51284e-02 -7.68901e-01 8.23388e-02 -2.67748e-01 2.86766e-02 -3.65592e-01 3.87423e-02 -6.65843e-01 7.10653e-02 -4.77145e-01 5.11947e-02 
6.3 6.35 6.4 -1.75365e-01 1.86735e-02 -9.90854e-02 1.04792e-02 -3.28682e-01 3.48652e-02 -1.13498e-01 1.20904e-02 -1.53181e-01 1.61937e-02 -2.83001e-01 3.01213e-02 -2.03672e-01 2.16146e-02 
6.4 6.45 6.5 0.00000e+00 0.00000e+00 0.00000e+00 0.00000e+00 0.00000e+00 0.00000e+00 0.00000e+00 0.00000e+00 0.00000e+00 0.00000e+00 0.00000e+00 0.00000e+00 0.00000e+00 0.00000e+00 
6.5 6.55 6.6 0.00000e+00 0.00000e+00 0.00000e+00 0.00000e+00 0.00000e+00 0.00000e+00 0.00000e+00 0.00000e+00 0.00000e+00 0.00000e+00 0.00000e+00 0.00000e+00 0.00000e+00 0.00000e+00 
6.6 6.65 6.7 0.00000e+00 0.00000e+00 0.00000e+00 0.00000e+00 0.00000e+00 0.00000e+00 0.00000e+00 0.00000e+00 0.00000e+00 0.00000e+00 0.00000e+00 0.00000e+00 0.00000e+00 0.00000e+00 
6.7 6.75 6.8 0.00000e+00 0.00000e+00 0.00000e+00 0.00000e+00 0.00000e+00 0.00000e+00 0.00000e+00 0.00000e+00 0.00000e+00 0.00000e+00 0.00000e+00 0.00000e+00 0.00000e+00 0.00000e+00 
6.8 6.85 6.9 0.00000e+00 0.00000e+00 0.00000e+00 0.00000e+00 0.00000e+00 0.00000e+00 0.00000e+00 0.00000e+00 0.00000e+00 0.00000e+00 0.00000e+00 0.00000e+00 0.00000e+00 0.00000e+00 
6.9 6.95 7.0 0.00000e+00 0.00000e+00 0.00000e+00 0.00000e+00 0.00000e+00 0.00000e+00 0.00000e+00 0.00000e+00 0.00000e+00 0.00000e+00 0.00000e+00 0.00000e+00 0.00000e+00 0.00000e+00 
7.0 7.05 7.1 0.00000e+00 0.00000e+00 0.00000e+00 0.00000e+00 0.00000e+00 0.00000e+00 0.00000e+00 0.00000e+00 0.00000e+00 0.00000e+00 0.00000e+00 0.00000e+00 0.00000e+00 0.00000e+00 
7.1 7.15 7.2 0.00000e+00 0.00000e+00 0.00000e+00 0.00000e+00 0.00000e+00 0.00000e+00 0.00000e+00 0.00000e+00 0.00000e+00 0.00000e+00 0.00000e+00 0.00000e+00 0.00000e+00 0.00000e+00 
7.2 7.25 7.3 0.00000e+00 0.00000e+00 0.00000e+00 0.00000e+00 0.00000e+00 0.00000e+00 0.00000e+00 0.00000e+00 0.00000e+00 0.00000e+00 0.00000e+00 0.00000e+00 0.00000e+00 0.00000e+00 
7.3 7.35 7.4 0.00000e+00 0.00000e+00 0.00000e+00 0.00000e+00 0.00000e+00 0.00000e+00 0.00000e+00 0.00000e+00 0.00000e+00 0.00000e+00 0.00000e+00 0.00000e+00 0.00000e+00 0.00000e+00 
7.4 7.45 7.5 0.00000e+00 0.00000e+00 0.00000e+00 0.00000e+00 0.00000e+00 0.00000e+00 0.00000e+00 0.00000e+00 0.00000e+00 0.00000e+00 0.00000e+00 0.00000e+00 0.00000e+00 0.00000e+00 
7.5 7.55 7.6 0.00000e+00 0.00000e+00 0.00000e+00 0.00000e+00 0.00000e+00 0.00000e+00 0.00000e+00 0.00000e+00 0.00000e+00 0.00000e+00 0.00000e+00 0.00000e+00 0.00000e+00 0.00000e+00 
7.6 7.65 7.7 0.00000e+00 0.00000e+00 0.00000e+00 0.00000e+00 0.00000e+00 0.00000e+00 0.00000e+00 0.00000e+00 0.00000e+00 0.00000e+00 0.00000e+00 0.00000e+00 0.00000e+00 0.00000e+00 
7.7 7.75 7.8 0.00000e+00 0.00000e+00 0.00000e+00 0.00000e+00 0.00000e+00 0.00000e+00 0.00000e+00 0.00000e+00 0.00000e+00 0.00000e+00 0.00000e+00 0.00000e+00 0.00000e+00 0.00000e+00 
7.8 7.85 7.9 0.00000e+00 0.00000e+00 0.00000e+00 0.00000e+00 0.00000e+00 0.00000e+00 0.00000e+00 0.00000e+00 0.00000e+00 0.00000e+00 0.00000e+00 0.00000e+00 0.00000e+00 0.00000e+00 
7.9 7.95 8.0 0.00000e+00 0.00000e+00 0.00000e+00 0.00000e+00 0.00000e+00 0.00000e+00 0.00000e+00 0.00000e+00 0.00000e+00 0.00000e+00 0.00000e+00 0.00000e+00 0.00000e+00 0.00000e+00 
8.0 8.05 8.1 0.00000e+00 0.00000e+00 0.00000e+00 0.00000e+00 0.00000e+00 0.00000e+00 0.00000e+00 0.00000e+00 0.00000e+00 0.00000e+00 0.00000e+00 0.00000e+00 0.00000e+00 0.00000e+00 
8.1 8.15 8.2 0.00000e+00 0.00000e+00 0.00000e+00 0.00000e+00 0.00000e+00 0.00000e+00 0.00000e+00 0.00000e+00 0.00000e+00 0.00000e+00 0.00000e+00 0.00000e+00 0.00000e+00 0.00000e+00 
8.2 8.25 8.3 0.00000e+00 0.00000e+00 0.00000e+00 0.00000e+00 0.00000e+00 0.00000e+00 0.00000e+00 0.00000e+00 0.00000e+00 0.00000e+00 0.00000e+00 0.00000e+00 0.00000e+00 0.00000e+00 
8.3 8.35 8.4 0.00000e+00 0.00000e+00 0.00000e+00 0.00000e+00 0.00000e+00 0.00000e+00 0.00000e+00 0.00000e+00 0.00000e+00 0.00000e+00 0.00000e+00 0.00000e+00 0.00000e+00 0.00000e+00 
8.4 8.45 8.5 0.00000e+00 0.00000e+00 0.00000e+00 0.00000e+00 0.00000e+00 0.00000e+00 0.00000e+00 0.00000e+00 0.00000e+00 0.00000e+00 0.00000e+00 0.00000e+00 0.00000e+00 0.00000e+00 
8.5 8.55 8.6 0.00000e+00 0.00000e+00 0.00000e+00 0.00000e+00 0.00000e+00 0.00000e+00 0.00000e+00 0.00000e+00 0.00000e+00 0.00000e+00 0.00000e+00 0.00000e+00 0.00000e+00 0.00000e+00 
8.6 8.65 8.7 0.00000e+00 0.00000e+00 0.00000e+00 0.00000e+00 0.00000e+00 0.00000e+00 0.00000e+00 0.00000e+00 0.00000e+00 0.00000e+00 0.00000e+00 0.00000e+00 0.00000e+00 0.00000e+00 
8.7 8.75 8.8 0.00000e+00 0.00000e+00 0.00000e+00 0.00000e+00 0.00000e+00 0.00000e+00 0.00000e+00 0.00000e+00 0.00000e+00 0.00000e+00 0.00000e+00 0.00000e+00 0.00000e+00 0.00000e+00 
8.8 8.85 8.9 0.00000e+00 0.00000e+00 0.00000e+00 0.00000e+00 0.00000e+00 0.00000e+00 0.00000e+00 0.00000e+00 0.00000e+00 0.00000e+00 0.00000e+00 0.00000e+00 0.00000e+00 0.00000e+00 
8.9 8.95 9.0 0.00000e+00 0.00000e+00 0.00000e+00 0.00000e+00 0.00000e+00 0.00000e+00 0.00000e+00 0.00000e+00 0.00000e+00 0.00000e+00 0.00000e+00 0.00000e+00 0.00000e+00 0.00000e+00 
9.0 9.05 9.1 0.00000e+00 0.00000e+00 0.00000e+00 0.00000e+00 0.00000e+00 0.00000e+00 0.00000e+00 0.00000e+00 0.00000e+00 0.00000e+00 0.00000e+00 0.00000e+00 0.00000e+00 0.00000e+00 
9.1 9.15 9.2 0.00000e+00 0.00000e+00 0.00000e+00 0.00000e+00 0.00000e+00 0.00000e+00 0.00000e+00 0.00000e+00 0.00000e+00 0.00000e+00 0.00000e+00 0.00000e+00 0.00000e+00 0.00000e+00 
9.2 9.25 9.3 0.00000e+00 0.00000e+00 0.00000e+00 0.00000e+00 0.00000e+00 0.00000e+00 0.00000e+00 0.00000e+00 0.00000e+00 0.00000e+00 0.00000e+00 0.00000e+00 0.00000e+00 0.00000e+00 
9.3 9.35 9.4 0.00000e+00 0.00000e+00 0.00000e+00 0.00000e+00 0.00000e+00 0.00000e+00 0.00000e+00 0.00000e+00 0.00000e+00 0.00000e+00 0.00000e+00 0.00000e+00 0.00000e+00 0.00000e+00 
9.4 9.45 9.5 0.00000e+00 0.00000e+00 0.00000e+00 0.00000e+00 0.00000e+00 0.00000e+00 0.00000e+00 0.00000e+00 0.00000e+00 0.00000e+00 0.00000e+00 0.00000e+00 0.00000e+00 0.00000e+00 
9.5 9.55 9.6 0.00000e+00 0.00000e+00 0.00000e+00 0.00000e+00 0.00000e+00 0.00000e+00 0.00000e+00 0.00000e+00 0.00000e+00 0.00000e+00 0.00000e+00 0.00000e+00 0.00000e+00 0.00000e+00 
9.6 9.65 9.7 0.00000e+00 0.00000e+00 0.00000e+00 0.00000e+00 0.00000e+00 0.00000e+00 0.00000e+00 0.00000e+00 0.00000e+00 0.00000e+00 0.00000e+00 0.00000e+00 0.00000e+00 0.00000e+00 
9.7 9.75 9.8 0.00000e+00 0.00000e+00 0.00000e+00 0.00000e+00 0.00000e+00 0.00000e+00 0.00000e+00 0.00000e+00 0.00000e+00 0.00000e+00 0.00000e+00 0.00000e+00 0.00000e+00 0.00000e+00 
9.8 9.85 9.9 0.00000e+00 0.00000e+00 0.00000e+00 0.00000e+00 0.00000e+00 0.00000e+00 0.00000e+00 0.00000e+00 0.00000e+00 0.00000e+00 0.00000e+00 0.00000e+00 0.00000e+00 0.00000e+00 
9.9 9.95 10.0 0.00000e+00 0.00000e+00 0.00000e+00 0.00000e+00 0.00000e+00 0.00000e+00 0.00000e+00 0.00000e+00 0.00000e+00 0.00000e+00 0.00000e+00 0.00000e+00 0.00000e+00 0.00000e+00 
