0.0 25.0 50.0 8.28125e-01 4.01101e-02 1.00602e+00 2.81065e-02 2.88901e-02 6.01808e-02 9.72664e-01 2.85897e-02 8.97630e-01 3.94808e-02 1.38251e-01 5.89208e-02 7.73639e-01 4.09872e-02 
50.0 75.0 100.0 5.09361e+00 5.06372e-02 5.10565e+00 3.64677e-02 3.14776e+00 7.49652e-02 4.97947e+00 3.77632e-02 5.35424e+00 5.03317e-02 3.67238e+00 7.37402e-02 4.84618e+00 5.27522e-02 
100.0 125.0 150.0 2.34429e+00 2.21305e-02 2.32418e+00 1.59740e-02 1.49545e+00 3.02574e-02 2.28599e+00 1.65493e-02 2.46935e+00 2.13757e-02 1.81315e+00 3.07712e-02 2.21809e+00 2.21793e-02 
150.0 175.0 200.0 8.66985e-01 8.84400e-03 8.53938e-01 6.55841e-03 5.66278e-01 1.25533e-02 8.42811e-01 6.79047e-03 9.13364e-01 8.57527e-03 6.93926e-01 1.18797e-02 8.15465e-01 9.21109e-03 
200.0 225.0 250.0 3.51379e-01 4.14634e-03 3.41865e-01 3.09132e-03 2.42177e-01 5.77492e-03 3.37519e-01 3.12809e-03 3.68463e-01 3.99565e-03 2.93380e-01 5.44870e-03 3.32570e-01 4.33727e-03 
250.0 275.0 300.0 1.64749e-01 2.23322e-03 1.57299e-01 1.65626e-03 1.19616e-01 3.05441e-03 1.56835e-01 1.73738e-03 1.71725e-01 2.13488e-03 1.44359e-01 2.90716e-03 1.55554e-01 2.31470e-03 
300.0 325.0 350.0 8.30101e-02 1.27919e-03 7.81843e-02 9.53534e-04 6.45659e-02 1.80844e-03 7.82900e-02 1.00044e-03 8.60496e-02 1.22398e-03 7.63287e-02 1.71952e-03 7.92208e-02 1.35070e-03 
350.0 375.0 400.0 4.41563e-02 7.67848e-04 4.10966e-02 5.76514e-04 3.53685e-02 1.06088e-03 4.13355e-02 6.06371e-04 4.55158e-02 7.33259e-04 4.12703e-02 1.00038e-03 4.23685e-02 8.12642e-04 
400.0 425.0 450.0 2.49417e-02 4.98995e-04 2.30901e-02 3.77631e-04 1.99961e-02 6.63728e-04 2.32642e-02 3.98252e-04 2.56449e-02 4.79946e-04 2.35970e-02 6.47900e-04 2.39424e-02 5.29013e-04 
450.0 475.0 500.0 1.49598e-02 3.28167e-04 1.37277e-02 2.53152e-04 1.26698e-02 4.37154e-04 1.38313e-02 2.64853e-04 1.53759e-02 3.16475e-04 1.46908e-02 4.25818e-04 1.44373e-02 3.44959e-04 
500.0 525.0 550.0 8.85196e-03 2.21318e-04 8.04403e-03 1.67696e-04 7.64407e-03 2.99815e-04 8.18470e-03 1.78856e-04 9.01920e-03 2.08411e-04 8.60524e-03 2.73998e-04 8.60515e-03 2.34787e-04 
550.0 575.0 600.0 5.65182e-03 1.58649e-04 5.12709e-03 1.21686e-04 4.88854e-03 2.11810e-04 5.21068e-03 1.28392e-04 5.75495e-03 1.51375e-04 5.59429e-03 2.00630e-04 5.40493e-03 1.66992e-04 
600.0 625.0 650.0 3.94069e-03 1.18097e-04 3.51906e-03 9.23245e-05 3.52634e-03 1.53057e-04 3.58512e-03 9.69856e-05 3.98883e-03 1.13217e-04 3.94108e-03 1.46425e-04 3.82153e-03 1.23061e-04 
650.0 675.0 700.0 2.58182e-03 8.68359e-05 2.31102e-03 6.76887e-05 2.30428e-03 1.13543e-04 2.35695e-03 7.11172e-05 2.59778e-03 8.18118e-05 2.57204e-03 1.04337e-04 2.50323e-03 9.15253e-05 
700.0 725.0 750.0 1.66287e-03 6.35027e-05 1.48349e-03 4.93979e-05 1.49521e-03 8.16906e-05 1.51619e-03 5.22461e-05 1.68043e-03 6.05303e-05 1.68377e-03 7.83619e-05 1.61724e-03 6.65690e-05 
750.0 775.0 800.0 1.13536e-03 4.80222e-05 1.02408e-03 3.80052e-05 1.03094e-03 6.33626e-05 1.03767e-03 3.96415e-05 1.16127e-03 4.67004e-05 1.15722e-03 6.04618e-05 1.10609e-03 5.05886e-05 
800.0 825.0 850.0 7.89055e-04 3.81877e-05 6.97303e-04 2.96805e-05 7.03170e-04 4.82330e-05 7.06738e-04 3.12383e-05 7.93265e-04 3.64202e-05 8.09670e-04 4.71818e-05 7.55933e-04 3.95143e-05 
850.0 875.0 900.0 5.45755e-04 3.08095e-05 4.82378e-04 2.44036e-05 4.99552e-04 3.88391e-05 4.94840e-04 2.56964e-05 5.45781e-04 2.96237e-05 5.56132e-04 3.73004e-05 5.30046e-04 3.22715e-05 
900.0 925.0 950.0 3.92357e-04 2.54278e-05 3.51340e-04 2.01712e-05 3.56568e-04 3.17103e-05 3.58808e-04 2.08030e-05 3.96957e-04 2.43992e-05 3.96719e-04 3.02680e-05 3.85199e-04 2.65228e-05 
950.0 975.0 1000.0 2.68300e-04 1.83488e-05 2.42946e-04 1.46492e-05 2.36345e-04 2.25753e-05 2.45832e-04 1.53163e-05 2.71650e-04 1.77358e-05 2.69834e-04 2.20528e-05 2.62864e-04 1.94185e-05 
1000.0 1025.0 1050.0 2.19992e-04 1.53705e-05 1.93911e-04 1.24363e-05 2.04573e-04 1.84538e-05 1.99535e-04 1.30617e-05 2.20766e-04 1.48592e-05 2.27001e-04 1.80425e-05 2.16590e-04 1.59351e-05 
1050.0 1075.0 1100.0 1.59277e-04 1.29099e-05 1.43479e-04 1.06975e-05 1.42651e-04 1.59284e-05 1.46829e-04 1.11295e-05 1.62775e-04 1.29276e-05 1.62774e-04 1.56497e-05 1.56474e-04 1.38749e-05 
1100.0 1125.0 1150.0 9.82045e-05 9.85523e-06 8.66758e-05 7.95988e-06 8.54909e-05 1.16529e-05 9.07000e-05 8.40745e-06 9.96321e-05 9.53319e-06 9.68105e-05 1.15055e-05 9.60565e-05 1.02209e-05 
1150.0 1175.0 1200.0 8.85364e-05 8.35661e-06 7.70888e-05 6.82911e-06 8.52695e-05 9.75328e-06 7.97092e-05 7.17131e-06 8.87684e-05 8.10422e-06 9.29431e-05 9.65505e-06 8.76911e-05 8.62278e-06 
1200.0 1225.0 1250.0 6.16663e-05 6.85782e-06 5.66508e-05 5.77030e-06 4.98205e-05 7.72075e-06 5.78011e-05 5.98937e-06 6.28930e-05 6.77386e-06 6.06292e-05 7.49750e-06 5.88646e-05 7.00741e-06 
1250.0 1275.0 1300.0 4.66016e-05 5.41465e-06 4.03364e-05 4.40167e-06 4.56768e-05 6.37671e-06 4.17502e-05 4.62767e-06 4.63886e-05 5.24940e-06 4.93284e-05 6.30225e-06 4.64392e-05 5.59832e-06 
1300.0 1325.0 1350.0 3.04381e-05 4.24706e-06 2.67443e-05 3.48505e-06 2.74319e-05 4.91245e-06 2.70901e-05 3.64169e-06 3.01289e-05 4.12351e-06 3.11435e-05 4.87537e-06 2.95015e-05 4.37430e-06 
1350.0 1375.0 1400.0 2.38926e-05 3.43296e-06 2.15820e-05 2.83649e-06 1.99727e-05 3.85996e-06 2.22873e-05 2.98726e-06 2.42064e-05 3.33085e-06 2.35179e-05 3.86779e-06 2.26980e-05 3.51154e-06 
1400.0 1425.0 1450.0 1.18214e-05 2.41093e-06 1.21994e-05 2.03779e-06 7.78975e-06 2.84985e-06 1.14642e-05 2.06705e-06 1.17965e-05 2.32708e-06 1.07565e-05 2.81114e-06 1.04781e-05 2.47336e-06 
1450.0 1475.0 1500.0 1.46899e-05 2.41354e-06 1.26775e-05 2.01971e-06 1.27744e-05 2.67070e-06 1.34386e-05 2.13560e-06 1.45363e-05 2.38034e-06 1.46066e-05 2.72319e-06 1.42969e-05 2.46662e-06 
1500.0 1525.0 1550.0 8.98151e-06 1.80840e-06 8.38930e-06 1.51564e-06 6.23862e-06 2.00922e-06 8.29741e-06 1.58226e-06 9.22788e-06 1.76044e-06 8.34416e-06 2.01670e-06 8.28615e-06 1.86945e-06 
1550.0 1575.0 1600.0 1.13167e-05 1.61633e-06 9.77587e-06 1.34294e-06 1.10209e-05 1.78223e-06 1.01692e-05 1.40573e-06 1.12150e-05 1.57891e-06 1.19871e-05 1.82135e-06 1.12256e-05 1.64130e-06 
1600.0 1625.0 1650.0 5.57906e-06 1.19150e-06 5.07978e-06 9.73754e-07 4.38988e-06 1.35552e-06 5.22036e-06 1.02182e-06 5.66518e-06 1.15888e-06 5.48935e-06 1.37311e-06 5.33561e-06 1.20808e-06 
1650.0 1675.0 1700.0 4.30383e-06 9.85283e-07 4.07737e-06 8.07048e-07 2.76516e-06 1.01506e-06 4.06209e-06 8.52660e-07 4.49209e-06 9.58555e-07 4.16238e-06 1.12141e-06 3.91917e-06 1.00637e-06 
1700.0 1725.0 1750.0 2.86303e-06 6.70846e-07 3.18542e-06 6.40110e-07 2.43807e-06 7.33439e-07 3.21184e-06 6.72501e-07 3.02590e-06 6.51227e-07 2.90097e-06 7.38988e-07 2.82682e-06 6.76486e-07 
1750.0 1775.0 1800.0 4.27839e-06 8.95806e-07 3.91998e-06 7.55733e-07 3.60318e-06 9.42334e-07 3.99684e-06 7.93258e-07 4.37610e-06 8.75322e-07 4.25987e-06 9.80986e-07 4.18619e-06 9.07624e-07 
1800.0 1825.0 1850.0 1.68134e-06 4.53138e-07 1.53274e-06 3.74171e-07 1.72740e-06 5.19180e-07 1.70856e-06 4.17558e-07 1.71140e-06 4.41130e-07 2.00453e-06 5.53241e-07 1.58190e-06 4.68404e-07 
1850.0 1875.0 1900.0 3.62728e-08 1.50653e-07 3.57607e-07 1.64413e-07 -3.01165e-07 2.18896e-07 3.65791e-07 1.77606e-07 7.00591e-08 1.42997e-07 -1.95055e-07 1.94387e-07 -7.98426e-08 1.71678e-07 
1900.0 1925.0 1950.0 9.38551e-07 2.51099e-07 7.85388e-07 1.99002e-07 7.15782e-07 2.68707e-07 8.85694e-07 2.24017e-07 9.41098e-07 2.42911e-07 8.72120e-07 2.76831e-07 8.65213e-07 2.58109e-07 
1950.0 1975.0 2000.0 5.16553e-07 1.87883e-07 5.27644e-07 1.56537e-07 1.94797e-07 2.07690e-07 5.27922e-07 1.66406e-07 5.42926e-07 1.81257e-07 4.62943e-07 2.18896e-07 3.97638e-07 1.92586e-07 
2000.0 2025.0 2050.0 3.64043e-07 1.47335e-07 3.49209e-07 1.23130e-07 2.43186e-07 1.59757e-07 3.56284e-07 1.30003e-07 3.71256e-07 1.40985e-07 3.20387e-07 1.60681e-07 3.45744e-07 1.52028e-07 
2050.0 2075.0 2100.0 3.10543e-07 1.11504e-07 2.83441e-07 9.09585e-08 1.98113e-07 1.23180e-07 2.94222e-07 9.64763e-08 3.12517e-07 1.07305e-07 3.00200e-07 1.27337e-07 2.87565e-07 1.14523e-07 
2100.0 2125.0 2150.0 4.27520e-08 6.40720e-08 7.10444e-08 5.16673e-08 -1.73721e-08 7.52796e-08 6.38282e-08 5.55587e-08 6.07559e-08 6.06101e-08 -5.37563e-09 7.35093e-08 4.48021e-08 6.71407e-08 
2150.0 2175.0 2200.0 3.14462e-07 9.63375e-08 2.54468e-07 7.65476e-08 1.45262e-07 9.10603e-08 2.86043e-07 8.60794e-08 3.18447e-07 9.33159e-08 2.15467e-07 8.85458e-08 1.93630e-07 8.42691e-08 
2200.0 2225.0 2250.0 2.37516e-07 8.15410e-08 2.15844e-07 6.96225e-08 1.93637e-07 8.17502e-08 2.25921e-07 7.36566e-08 2.36552e-07 7.94342e-08 2.28307e-07 8.66492e-08 2.25955e-07 8.28928e-08 
2250.0 2275.0 2300.0 8.63132e-08 4.12172e-08 9.19245e-08 3.41186e-08 4.78567e-08 4.43839e-08 8.90835e-08 3.61670e-08 9.69472e-08 3.99051e-08 6.90959e-08 4.60404e-08 8.02101e-08 4.18382e-08 
2300.0 2325.0 2350.0 1.29367e-07 4.02946e-08 1.18102e-07 3.35142e-08 9.74500e-08 4.25956e-08 1.21465e-07 3.56508e-08 1.31008e-07 3.88711e-08 1.26369e-07 4.43893e-08 1.21254e-07 4.10433e-08 
2350.0 2375.0 2400.0 -2.66471e-08 9.56099e-09 -1.42068e-08 5.80789e-09 -5.19823e-08 1.33656e-08 -1.80524e-08 7.10014e-09 -1.71946e-08 7.64438e-09 -3.86277e-08 1.35954e-08 -3.55141e-08 9.44359e-09 
2400.0 2425.0 2450.0 -3.08571e-08 7.01691e-09 -1.83935e-08 4.41546e-09 -6.01515e-08 1.24455e-08 -2.20354e-08 5.02898e-09 -2.63822e-08 5.87060e-09 -4.85812e-08 1.00900e-08 -4.19362e-08 8.70192e-09 
2450.0 2475.0 2500.0 3.65529e-08 1.51826e-08 3.63383e-08 1.25152e-08 -1.50955e-10 1.36902e-08 2.73054e-08 1.18531e-08 3.84621e-08 1.44761e-08 1.41160e-08 1.37175e-08 2.40494e-08 1.46172e-08 
2500.0 2525.0 2550.0 -1.55533e-08 3.91884e-09 -8.36487e-09 2.21135e-09 -2.92482e-08 6.71278e-09 -1.07284e-08 2.87079e-09 -1.10000e-08 3.21393e-09 -2.14653e-08 5.39296e-09 -1.94495e-08 4.55198e-09 
2550.0 2575.0 2600.0 -1.15956e-08 3.19743e-09 -6.17695e-09 1.95666e-09 -2.03436e-08 5.81650e-09 -7.87555e-09 2.34282e-09 -9.11092e-09 2.66665e-09 -1.74438e-08 4.49066e-09 -1.33215e-08 4.09581e-09 
2600.0 2625.0 2650.0 -2.07871e-10 4.12738e-09 1.22499e-09 3.18436e-09 -4.57662e-09 6.14525e-09 1.56515e-09 3.45790e-09 2.57161e-10 3.83935e-09 -5.58839e-10 5.91590e-09 8.95192e-10 5.52142e-09 
2650.0 2675.0 2700.0 -8.59120e-09 1.89313e-09 -4.94169e-09 1.09521e-09 -1.78191e-08 3.57521e-09 -6.65159e-09 1.43007e-09 -6.93484e-09 1.52157e-09 -1.16943e-08 2.47226e-09 -1.24128e-08 2.51105e-09 
2700.0 2725.0 2750.0 -5.79994e-09 1.46106e-09 -3.49881e-09 8.97548e-10 -1.12694e-08 2.54100e-09 -3.86669e-09 1.09990e-09 -4.49306e-09 1.23395e-09 -8.79991e-09 2.02901e-09 -7.76612e-09 1.79172e-09 
2750.0 2775.0 2800.0 -1.12932e-09 1.49046e-09 1.23243e-10 1.04142e-09 -3.48187e-09 2.20058e-09 -2.68754e-10 1.19047e-09 -4.35844e-10 1.30526e-09 -2.24137e-09 1.94300e-09 -1.49170e-09 1.70184e-09 
2800.0 2825.0 2850.0 -4.38863e-09 9.18930e-10 -2.54715e-09 5.21905e-10 -7.81160e-09 1.63129e-09 -3.14234e-09 6.61439e-10 -3.55652e-09 7.24964e-10 -6.43558e-09 1.13505e-09 -5.45965e-09 1.14653e-09 
2850.0 2875.0 2900.0 8.21689e-10 1.41759e-09 1.62933e-09 1.11847e-09 -1.91185e-09 1.78510e-09 1.37011e-09 1.22777e-09 1.38526e-09 1.31499e-09 -3.57865e-10 1.63565e-09 3.59254e-12 1.55990e-09 
2900.0 2925.0 2950.0 -8.95495e-10 7.65600e-10 -3.19392e-10 4.97208e-10 -2.92922e-09 1.09713e-09 -3.12473e-10 6.23862e-10 -7.14013e-10 6.21367e-10 -1.84133e-09 9.63425e-10 -1.55228e-09 8.68442e-10 
2950.0 2975.0 3000.0 -2.26328e-09 3.72121e-10 -1.34864e-09 2.14200e-10 -4.25064e-09 6.75748e-10 -1.62886e-09 2.68603e-10 -1.87366e-09 2.96769e-10 -3.22083e-09 5.27818e-10 -2.98706e-09 4.76415e-10 
3000.0 3025.0 3050.0 -1.70082e-09 3.10512e-10 -9.27620e-10 1.74837e-10 -3.01716e-09 5.60565e-10 -1.21326e-09 2.24470e-10 -1.30061e-09 2.41796e-10 -2.44153e-09 4.39871e-10 -2.21855e-09 3.66121e-10 
3050.0 3075.0 3100.0 -1.24092e-09 2.07603e-10 -7.09551e-10 1.21830e-10 -2.37480e-09 4.15594e-10 -8.93691e-10 1.49877e-10 -9.85736e-10 1.68801e-10 -1.87228e-09 3.19399e-10 -1.73661e-09 2.89556e-10 
3100.0 3125.0 3150.0 -6.64046e-10 1.82603e-10 -4.13097e-10 1.13412e-10 -1.16680e-09 3.62077e-10 -4.78428e-10 1.32009e-10 -5.74205e-10 1.56888e-10 -8.23862e-10 2.76964e-10 -8.18777e-10 2.55712e-10 
3150.0 3175.0 3200.0 -7.61690e-10 1.75275e-10 -4.42895e-10 9.79876e-11 -1.62652e-09 2.84021e-10 -5.11679e-10 1.30417e-10 -6.27946e-10 1.33824e-10 -1.10646e-09 2.46310e-10 -9.92505e-10 2.14779e-10 
3200.0 3225.0 3250.0 -5.29895e-10 8.92967e-11 -3.10326e-10 5.16916e-11 -8.51288e-10 1.59112e-10 -3.82440e-10 6.45896e-11 -4.29953e-10 7.14732e-11 -7.51709e-10 1.26363e-10 -6.00036e-10 1.12468e-10 
3250.0 3275.0 3300.0 -3.51460e-10 8.38339e-11 -1.68023e-10 4.74667e-11 -6.71066e-10 1.51653e-10 -2.65751e-10 5.95516e-11 -2.75539e-10 6.78895e-11 -5.14740e-10 1.16990e-10 -4.58311e-10 1.08363e-10 
3300.0 3325.0 3350.0 -3.35675e-10 6.60994e-11 -1.89475e-10 3.86782e-11 -6.07285e-10 1.19355e-10 -2.42571e-10 4.78438e-11 -2.74000e-10 5.39634e-11 -4.59549e-10 9.56433e-11 -4.40159e-10 8.73579e-11 
3350.0 3375.0 3400.0 -2.84338e-10 4.88581e-11 -1.39015e-10 2.81209e-11 -4.83966e-10 9.02607e-11 -2.05149e-10 3.53822e-11 -1.92749e-10 3.88285e-11 -3.56873e-10 6.88405e-11 -3.41011e-10 6.38785e-11 
3400.0 3425.0 3450.0 -1.59335e-10 2.73563e-11 -9.18253e-11 1.57424e-11 -2.97483e-10 5.05051e-11 -1.15181e-10 1.98240e-11 -1.27024e-10 2.17245e-11 -2.25629e-10 3.86289e-11 -2.10746e-10 3.54006e-11 
3450.0 3475.0 3500.0 -8.70957e-11 2.27953e-11 -3.74119e-11 1.11965e-11 -1.29531e-10 3.63613e-11 -6.28617e-11 1.65209e-11 -5.17750e-11 1.54414e-11 -1.18044e-10 3.09271e-11 -9.13533e-11 2.57547e-11 
3500.0 3525.0 3550.0 -9.19124e-11 1.65169e-11 -5.38561e-11 9.58226e-12 -1.67116e-10 2.98631e-11 -6.65572e-11 1.19798e-11 -7.47582e-11 1.35289e-11 -1.29895e-10 2.32989e-11 -1.21486e-10 2.18907e-11 
3550.0 3575.0 3600.0 -8.21386e-11 1.34876e-11 -4.89719e-11 7.91413e-12 -1.49058e-10 2.49494e-11 -5.93923e-11 9.78540e-12 -6.76144e-11 1.06910e-11 -1.17385e-10 1.96995e-11 -1.05256e-10 1.76939e-11 
3600.0 3625.0 3650.0 -2.89951e-11 6.43309e-12 -1.71134e-11 3.56336e-12 -5.42958e-11 1.22771e-11 -2.25427e-11 4.59733e-12 -2.36902e-11 4.90781e-12 -3.89515e-11 8.90899e-12 -3.97722e-11 8.97783e-12 
3650.0 3675.0 3700.0 -2.42450e-11 4.47826e-12 -1.36230e-11 2.53788e-12 -4.13030e-11 8.41863e-12 -1.75788e-11 3.25100e-12 -1.87902e-11 3.49549e-12 -3.42144e-11 6.31055e-12 -2.97735e-11 5.70158e-12 
3700.0 3725.0 3750.0 -1.81776e-11 5.10664e-12 -1.00666e-11 2.93706e-12 -3.51429e-11 9.27834e-12 -1.33355e-11 2.46737e-12 -1.39045e-11 4.04416e-12 -2.57017e-11 7.19314e-12 -2.48497e-11 6.58636e-12 
3750.0 3775.0 3800.0 -1.67802e-11 2.34692e-12 -9.00886e-12 1.29709e-12 -3.05736e-11 4.38903e-12 -1.21797e-11 1.70547e-12 -1.24119e-11 1.78490e-12 -2.36499e-11 3.30325e-12 -2.16892e-11 3.11806e-12 
3800.0 3825.0 3850.0 -1.03465e-11 1.76114e-12 -5.91635e-12 9.94136e-13 -1.97185e-11 3.27651e-12 -7.49498e-12 1.27971e-12 -8.16727e-12 1.36807e-12 -1.46162e-11 2.47908e-12 -1.39610e-11 2.32777e-12 
3850.0 3875.0 3900.0 -7.73616e-12 1.23280e-12 -4.45657e-12 6.97497e-13 -1.48167e-11 2.26154e-12 -5.61343e-12 8.95794e-13 -6.14057e-12 9.60103e-13 -1.09073e-11 1.73530e-12 -1.05110e-11 1.60671e-12 
3900.0 3925.0 3950.0 -3.19505e-12 6.17545e-13 -1.88852e-12 3.55532e-13 -5.55342e-12 1.12555e-12 -2.31905e-12 4.49367e-13 -2.60188e-12 4.88637e-13 -4.50311e-12 8.67816e-13 -4.21187e-12 8.03530e-13 
3950.0 3975.0 4000.0 -2.77757e-12 7.12009e-13 -1.57031e-12 4.03386e-13 -5.39052e-12 1.11956e-12 -2.01747e-12 5.18084e-13 -2.16187e-12 5.54378e-13 -3.91150e-12 1.00059e-12 -3.54208e-12 6.77954e-13 
