0.0 0.065449846958 0.13089969392 2.57291e+02 2.79145e+00 2.12626e+02 1.93344e+00 2.81943e+02 4.30394e+00 2.19378e+02 2.06065e+00 2.53384e+02 2.62022e+00 2.85497e+02 3.93171e+00 2.61806e+02 3.00555e+00 
0.13089969392 0.19634954088 0.26179938783 2.63890e+02 2.92279e+00 2.17373e+02 1.99882e+00 2.90629e+02 4.50854e+00 2.24369e+02 2.13636e+00 2.59677e+02 2.73404e+00 2.94393e+02 4.17012e+00 2.68942e+02 3.15339e+00 
0.26179938783 0.32724923479 0.39269908175 2.69811e+02 3.00172e+00 2.21799e+02 2.02918e+00 2.98407e+02 4.71514e+00 2.29243e+02 2.17393e+00 2.65052e+02 2.79880e+00 3.01597e+02 4.33617e+00 2.75370e+02 3.25465e+00 
0.39269908175 0.45814892871 0.52359877567 2.92636e+02 3.25439e+00 2.41368e+02 2.16338e+00 3.21059e+02 5.11970e+00 2.49258e+02 2.35113e+00 2.87793e+02 2.98057e+00 3.25295e+02 4.59921e+00 2.98128e+02 3.52261e+00 
0.52359877567 0.58904862263 0.65449846958 2.92522e+02 2.88520e+00 2.40608e+02 1.99840e+00 3.23226e+02 4.38781e+00 2.48418e+02 2.12777e+00 2.87690e+02 2.71074e+00 3.27222e+02 4.07310e+00 2.98106e+02 3.10204e+00 
0.65449846958 0.71994831654 0.7853981635 2.49854e+02 2.83452e+00 2.06334e+02 1.91427e+00 2.73342e+02 4.52124e+00 2.12942e+02 2.04765e+00 2.45948e+02 2.64614e+00 2.77745e+02 4.11042e+00 2.55477e+02 3.02929e+00 
0.7853981635 0.85084801046 0.91629785742 2.21454e+02 2.31810e+00 1.82534e+02 1.68306e+00 2.47248e+02 3.88291e+00 1.88053e+02 1.70988e+00 2.18436e+02 2.30862e+00 2.49858e+02 3.57854e+00 2.27184e+02 2.68693e+00 
0.91629785742 0.98174770438 1.0471975513 1.94105e+02 2.16743e+00 1.59489e+02 1.48636e+00 2.14144e+02 3.34867e+00 1.65090e+02 1.58467e+00 1.90362e+02 2.03042e+00 2.16710e+02 3.09783e+00 1.97992e+02 2.33432e+00 
1.0471975513 1.1126473983 1.1780972453 1.69655e+02 1.95302e+00 1.39649e+02 1.37220e+00 1.86508e+02 2.99473e+00 1.44528e+02 1.43412e+00 1.66796e+02 1.83615e+00 1.88926e+02 2.77736e+00 1.72994e+02 2.09829e+00 
1.1780972453 1.2435470922 1.3089969392 1.53127e+02 1.78192e+00 1.26003e+02 1.23068e+00 1.67968e+02 2.86891e+00 1.30289e+02 1.30862e+00 1.50409e+02 1.67448e+00 1.70688e+02 2.54309e+00 1.55605e+02 1.99237e+00 
1.3089969392 1.3744467861 1.4398966331 1.39495e+02 1.68077e+00 1.14925e+02 1.16015e+00 1.53149e+02 2.56363e+00 1.18858e+02 1.23588e+00 1.37016e+02 1.57668e+00 1.54987e+02 2.37492e+00 1.42071e+02 1.80106e+00 
1.4398966331 1.50534648 1.570796327 1.25738e+02 1.55751e+00 1.03487e+02 1.07957e+00 1.39545e+02 2.43272e+00 1.06663e+02 1.17783e+00 1.23419e+02 1.46479e+00 1.40267e+02 2.20619e+00 1.28677e+02 1.70301e+00 
1.570796327 1.636246174 1.7016960209 1.15181e+02 1.54292e+00 9.51309e+01 1.05048e+00 1.25342e+02 2.49485e+00 9.84668e+01 1.14344e+00 1.13146e+02 1.44344e+00 1.27815e+02 2.22097e+00 1.17589e+02 1.70518e+00 
1.7016960209 1.7671458679 1.8325957148 1.07586e+02 1.41429e+00 8.88518e+01 9.73906e-01 1.17736e+02 2.17352e+00 9.20299e+01 1.03910e+00 1.05556e+02 1.32511e+00 1.19200e+02 2.01046e+00 1.09899e+02 1.52422e+00 
1.8325957148 1.8980455618 1.9634954088 1.01546e+02 1.37106e+00 8.39815e+01 9.36490e-01 1.10885e+02 2.13165e+00 8.69519e+01 1.00088e+00 9.96741e+01 1.28116e+00 1.12375e+02 1.96405e+00 1.03674e+02 1.48225e+00 
1.9634954088 2.0289452557 2.0943951027 9.45697e+01 1.35654e+00 7.82905e+01 9.35488e-01 1.03463e+02 2.26414e+00 8.10294e+01 9.81346e-01 9.28979e+01 1.29687e+00 1.05620e+02 2.06173e+00 9.67177e+01 1.54499e+00 
2.0943951027 2.1598449496 2.2252947966 9.26612e+01 1.38949e+00 7.67439e+01 8.59394e-01 1.00663e+02 2.17949e+00 7.93719e+01 9.98142e-01 9.10506e+01 1.24942e+00 1.02601e+02 2.02500e+00 9.42348e+01 1.49372e+00 
2.2252947966 2.2907446435 2.3561944905 8.90310e+01 1.42948e+00 7.38956e+01 9.46576e-01 9.63686e+01 2.28797e+00 7.66188e+01 1.02306e+00 8.73575e+01 1.32086e+00 9.78954e+01 2.09344e+00 9.08402e+01 1.55745e+00 
2.3561944905 2.4216443375 2.4870941844 8.47954e+01 1.42148e+00 7.06645e+01 9.37490e-01 9.11502e+01 2.29168e+00 7.31997e+01 1.01230e+00 8.32694e+01 1.31415e+00 9.26415e+01 2.08945e+00 8.64783e+01 1.57394e+00 
2.4870941844 2.5525440314 2.6179938783 8.32967e+01 1.39921e+00 6.91397e+01 9.24827e-01 9.02985e+01 2.24236e+00 7.16938e+01 1.00089e+00 8.16781e+01 1.29155e+00 9.15435e+01 2.04453e+00 8.51176e+01 1.53116e+00 
2.6179938783 2.6834437253 2.7488935723 7.98187e+01 1.33651e+00 6.63967e+01 8.82541e-01 8.60244e+01 2.12522e+00 6.88513e+01 9.54757e-01 7.82721e+01 1.23374e+00 8.73747e+01 1.95656e+00 8.14902e+01 1.46004e+00 
2.7488935723 2.8143434192 2.8797932662 7.77131e+01 1.41758e+00 6.48226e+01 9.20260e-01 8.31696e+01 2.31435e+00 6.71367e+01 9.53334e-01 7.63394e+01 1.30253e+00 8.46535e+01 2.09909e+00 7.92492e+01 1.55886e+00 
2.8797932662 2.9452431131 3.0106929601 7.63425e+01 1.32002e+00 6.36098e+01 8.68294e-01 8.20371e+01 2.12543e+00 6.59613e+01 9.41153e-01 7.50728e+01 1.21609e+00 8.33074e+01 1.93554e+00 7.80657e+01 1.52514e+00 
3.0106929601 3.076142807 3.141592654 7.32733e+01 1.17200e+00 6.14852e+01 7.86626e-01 7.75667e+01 1.84850e+00 6.36155e+01 8.47536e-01 7.20899e+01 1.08673e+00 7.92390e+01 1.69211e+00 7.45807e+01 1.27684e+00 
