0.0 0.065449846958 0.13089969392 1.27596e+03 1.30689e+01 1.04671e+03 8.95283e+00 1.42629e+03 2.01396e+01 1.05984e+03 9.25793e+00 1.27415e+03 1.26376e+01 1.44949e+03 1.93317e+01 1.28071e+03 1.35942e+01 
0.13089969392 0.19634954088 0.26179938783 1.29370e+03 1.49944e+01 1.06121e+03 9.93599e+00 1.43726e+03 2.31002e+01 1.07474e+03 1.03131e+01 1.28983e+03 1.36812e+01 1.46511e+03 2.15045e+01 1.29657e+03 1.48646e+01 
0.26179938783 0.32724923479 0.39269908175 1.32970e+03 1.51512e+01 1.09373e+03 1.00386e+01 1.47611e+03 2.35355e+01 1.10784e+03 1.04461e+01 1.32723e+03 1.45284e+01 1.50180e+03 2.32056e+01 1.33386e+03 1.54272e+01 
0.39269908175 0.45814892871 0.52359877567 1.49773e+03 1.60153e+01 1.23230e+03 1.07149e+01 1.66968e+03 2.55068e+01 1.24798e+03 1.10987e+01 1.49509e+03 1.54478e+01 1.69463e+03 2.44127e+01 1.50657e+03 1.67194e+01 
0.52359877567 0.58904862263 0.65449846958 1.56714e+03 1.55402e+01 1.28311e+03 1.04413e+01 1.76076e+03 2.45594e+01 1.29956e+03 1.08089e+01 1.56409e+03 1.50045e+01 1.78628e+03 2.35495e+01 1.57383e+03 1.61788e+01 
0.65449846958 0.71994831654 0.7853981635 1.39227e+03 1.42934e+01 1.14285e+03 9.64420e+00 1.55817e+03 2.24929e+01 1.15686e+03 9.97645e+00 1.39039e+03 1.38082e+01 1.58276e+03 2.15716e+01 1.39716e+03 1.48739e+01 
0.7853981635 0.85084801046 0.91629785742 1.32272e+03 1.41767e+01 1.07627e+03 9.45956e+00 1.51174e+03 2.19295e+01 1.09085e+03 9.81813e+00 1.31845e+03 1.36403e+01 1.52882e+03 2.09593e+01 1.33032e+03 1.48312e+01 
0.91629785742 0.98174770438 1.0471975513 1.19746e+03 1.32051e+01 9.79979e+02 8.81780e+00 1.34657e+03 2.10590e+01 9.92323e+02 9.13685e+00 1.19528e+03 1.27314e+01 1.36687e+03 2.01383e+01 1.20315e+03 1.37803e+01 
1.0471975513 1.1126473983 1.1780972453 1.10742e+03 1.33345e+01 9.08314e+02 8.78504e+00 1.23896e+03 2.08846e+01 9.20029e+02 9.13222e+00 1.10502e+03 1.28107e+01 1.25609e+03 2.05852e+01 1.11292e+03 1.35765e+01 
1.1780972453 1.2435470922 1.3089969392 1.12189e+03 1.18415e+01 9.07007e+02 8.23980e+00 1.28499e+03 1.86570e+01 9.23046e+02 8.24716e+00 1.11344e+03 1.19262e+01 1.28875e+03 1.91231e+01 1.12894e+03 1.23144e+01 
1.3089969392 1.3744467861 1.4398966331 1.06565e+03 1.24346e+01 8.67689e+02 8.18345e+00 1.20955e+03 2.01882e+01 8.79073e+02 8.51001e+00 1.06254e+03 1.19359e+01 1.22466e+03 1.92080e+01 1.07113e+03 1.30295e+01 
1.4398966331 1.50534648 1.570796327 1.05327e+03 1.19637e+01 8.53625e+02 7.90407e+00 1.20767e+03 1.93244e+01 8.65466e+02 8.20487e+00 1.04908e+03 1.15093e+01 1.21983e+03 1.84338e+01 1.06067e+03 1.25163e+01 
1.570796327 1.636246174 1.7016960209 1.05854e+03 1.16653e+01 8.55961e+02 7.69282e+00 1.21852e+03 1.88813e+01 8.68006e+02 7.99590e+00 1.05384e+03 1.12051e+01 1.22962e+03 1.79754e+01 1.06593e+03 1.22183e+01 
1.7016960209 1.7671458679 1.8325957148 1.09297e+03 1.16564e+01 8.80361e+02 7.67993e+00 1.27213e+03 1.84374e+01 8.94545e+02 7.87580e+00 1.08645e+03 1.11989e+01 1.27599e+03 1.79788e+01 1.10443e+03 1.19740e+01 
1.8325957148 1.8980455618 1.9634954088 1.13283e+03 1.10298e+01 9.06804e+02 7.54862e+00 1.32399e+03 1.77107e+01 9.21879e+02 7.58038e+00 1.12420e+03 1.10533e+01 1.33497e+03 1.69377e+01 1.14023e+03 1.15074e+01 
1.9634954088 2.0289452557 2.0943951027 1.17594e+03 1.11409e+01 9.40866e+02 7.34656e+00 1.38343e+03 1.79857e+01 9.53639e+02 7.61983e+00 1.17021e+03 1.07285e+01 1.39278e+03 1.71969e+01 1.18432e+03 1.16271e+01 
2.0943951027 2.1598449496 2.2252947966 1.22325e+03 1.13549e+01 9.80242e+02 7.21640e+00 1.44593e+03 1.87156e+01 9.92408e+02 7.48429e+00 1.21961e+03 1.05529e+01 1.45253e+03 1.69771e+01 1.23569e+03 1.19792e+01 
2.2252947966 2.2907446435 2.3561944905 1.28653e+03 1.13062e+01 1.02789e+03 7.34668e+00 1.51850e+03 1.85785e+01 1.04119e+03 7.64587e+00 1.28025e+03 1.08442e+01 1.52781e+03 1.76770e+01 1.29533e+03 1.18525e+01 
2.3561944905 2.4216443375 2.4870941844 1.37592e+03 1.08419e+01 1.09448e+03 7.08611e+00 1.64006e+03 1.76647e+01 1.10886e+03 7.35717e+00 1.36860e+03 1.04302e+01 1.64687e+03 1.68860e+01 1.38646e+03 1.13204e+01 
2.4870941844 2.5525440314 2.6179938783 1.43301e+03 1.06412e+01 1.14154e+03 6.92464e+00 1.70392e+03 1.74098e+01 1.15562e+03 7.19976e+00 1.42645e+03 1.02216e+01 1.71272e+03 1.66238e+01 1.44251e+03 1.11237e+01 
2.6179938783 2.6834437253 2.7488935723 1.51416e+03 1.04219e+01 1.20140e+03 6.75090e+00 1.81528e+03 1.71339e+01 1.21668e+03 7.02673e+00 1.50611e+03 1.00015e+01 1.82116e+03 1.63452e+01 1.52551e+03 1.09058e+01 
2.7488935723 2.8143434192 2.8797932662 1.57712e+03 9.83152e+00 1.24848e+03 6.35433e+00 1.89728e+03 1.63036e+01 1.26380e+03 6.61626e+00 1.56902e+03 9.43180e+00 1.90410e+03 1.54397e+01 1.58819e+03 1.03553e+01 
2.8797932662 2.9452431131 3.0106929601 1.62643e+03 9.65433e+00 1.28533e+03 6.17491e+00 1.96585e+03 1.60625e+01 1.30177e+03 6.44691e+00 1.61686e+03 9.23854e+00 1.96945e+03 1.52957e+01 1.63948e+03 1.01265e+01 
3.0106929601 3.076142807 3.141592654 1.62526e+03 7.93864e+00 1.28974e+03 5.19177e+00 1.95100e+03 1.29416e+01 1.30405e+03 5.39958e+00 1.61873e+03 7.63014e+00 1.95832e+03 1.23249e+01 1.63605e+03 8.32184e+00 
