-3.5 -3.45 -3.4 8.32065e+00 3.21299e-01 6.81426e+00 2.37237e-01 9.08005e+00 4.97794e-01 7.06462e+00 2.39827e-01 8.13229e+00 3.01311e-01 9.19557e+00 4.77945e-01 8.45598e+00 3.55954e-01 
-3.4 -3.35 -3.3 1.04035e+01 3.72935e-01 8.38131e+00 2.58325e-01 1.17736e+01 5.72511e-01 8.72627e+00 2.77440e-01 1.01077e+01 3.48474e-01 1.18241e+01 5.26765e-01 1.07278e+01 3.98596e-01 
-3.3 -3.25 -3.2 1.15201e+01 3.69542e-01 9.39351e+00 2.61151e-01 1.30807e+01 5.74267e-01 9.70939e+00 2.72901e-01 1.13826e+01 3.56102e-01 1.31886e+01 5.33550e-01 1.16765e+01 4.02064e-01 
-3.2 -3.15 -3.1 1.32149e+01 3.98162e-01 1.07391e+01 2.79162e-01 1.47365e+01 6.15584e-01 1.11105e+01 2.97750e-01 1.29247e+01 3.79105e-01 1.49519e+01 5.59979e-01 1.34622e+01 4.34630e-01 
-3.1 -3.05 -3.0 1.41803e+01 3.95364e-01 1.15728e+01 2.91397e-01 1.56600e+01 6.52084e-01 1.20174e+01 2.94478e-01 1.39522e+01 3.90451e-01 1.59680e+01 5.85655e-01 1.44469e+01 4.58139e-01 
-3.0 -2.95 -2.9 1.71516e+01 4.47992e-01 1.37804e+01 3.04832e-01 1.96085e+01 6.72271e-01 1.43499e+01 3.28394e-01 1.67204e+01 4.19355e-01 1.96051e+01 6.28471e-01 1.75952e+01 4.81594e-01 
-2.9 -2.85 -2.8 1.77779e+01 4.60658e-01 1.46826e+01 3.22101e-01 1.95679e+01 6.97024e-01 1.51120e+01 3.40274e-01 1.75706e+01 4.37008e-01 1.98404e+01 6.51780e-01 1.81269e+01 4.93901e-01 
-2.8 -2.75 -2.7 2.05844e+01 4.87725e-01 1.68837e+01 3.26792e-01 2.29541e+01 7.25015e-01 1.75239e+01 3.67097e-01 2.03167e+01 4.32005e-01 2.32272e+01 6.79035e-01 2.09940e+01 5.19741e-01 
-2.7 -2.65 -2.6 2.33825e+01 5.08930e-01 1.89329e+01 3.53839e-01 2.66589e+01 7.70316e-01 1.96067e+01 3.75345e-01 2.28964e+01 4.79928e-01 2.67586e+01 7.18305e-01 2.39418e+01 5.44595e-01 
-2.6 -2.55 -2.5 2.47950e+01 5.36268e-01 2.02867e+01 3.73022e-01 2.80841e+01 7.24115e-01 2.09666e+01 3.95980e-01 2.44269e+01 4.99934e-01 2.79463e+01 7.55627e-01 2.55052e+01 5.26727e-01 
-2.5 -2.45 -2.4 2.83619e+01 5.65657e-01 2.29366e+01 3.96036e-01 3.24409e+01 8.47892e-01 2.37507e+01 4.19361e-01 2.77759e+01 5.34859e-01 3.25006e+01 7.80420e-01 2.90490e+01 6.03283e-01 
-2.4 -2.35 -2.3 3.04142e+01 5.81201e-01 2.47038e+01 4.14643e-01 3.38226e+01 8.50129e-01 2.55077e+01 4.37458e-01 2.98770e+01 5.51872e-01 3.41593e+01 7.98964e-01 3.07643e+01 6.09851e-01 
-2.3 -2.25 -2.2 3.30532e+01 5.98847e-01 2.68241e+01 4.24460e-01 3.74733e+01 9.03337e-01 2.76815e+01 4.47567e-01 3.23840e+01 5.67955e-01 3.77389e+01 8.30799e-01 3.35155e+01 6.05439e-01 
-2.2 -2.15 -2.1 3.56220e+01 6.29197e-01 2.88900e+01 4.42292e-01 4.08408e+01 9.80052e-01 2.98995e+01 4.68368e-01 3.50508e+01 6.01312e-01 4.07100e+01 8.78549e-01 3.67527e+01 6.68802e-01 
-2.1 -2.05 -2.0 3.83088e+01 6.96840e-01 3.09949e+01 4.67686e-01 4.37771e+01 9.32208e-01 3.20876e+01 5.18811e-01 3.74987e+01 6.57055e-01 4.39457e+01 9.75173e-01 3.91805e+01 6.83658e-01 
-2.0 -1.95 -1.9 4.12551e+01 6.86968e-01 3.36710e+01 4.99626e-01 4.71172e+01 1.05699e+00 3.46643e+01 5.16066e-01 4.06487e+01 6.66069e-01 4.74341e+01 9.91186e-01 4.20996e+01 7.29242e-01 
-1.9 -1.85 -1.8 4.54317e+01 7.52410e-01 3.65696e+01 5.13358e-01 5.19417e+01 1.12576e+00 3.80425e+01 5.58925e-01 4.45603e+01 7.13961e-01 5.21595e+01 1.05510e+00 4.64417e+01 8.00439e-01 
-1.8 -1.75 -1.7 4.73560e+01 7.71438e-01 3.87099e+01 5.26838e-01 5.32523e+01 1.10412e+00 3.98734e+01 5.65179e-01 4.64713e+01 7.30550e-01 5.35716e+01 1.03562e+00 4.85085e+01 7.72251e-01 
-1.7 -1.65 -1.6 5.08773e+01 7.81713e-01 4.14298e+01 5.64996e-01 5.79567e+01 1.06854e+00 4.27747e+01 5.93469e-01 4.99671e+01 7.45573e-01 5.79955e+01 1.06489e+00 5.24546e+01 8.49422e-01 
-1.6 -1.55 -1.5 5.34022e+01 7.81633e-01 4.36264e+01 5.82582e-01 6.06015e+01 1.13156e+00 4.50713e+01 6.12813e-01 5.25765e+01 7.44916e-01 6.09373e+01 1.06728e+00 5.49582e+01 8.69093e-01 
-1.5 -1.45 -1.4 5.72493e+01 8.33383e-01 4.64715e+01 5.92732e-01 6.53136e+01 1.22028e+00 4.80790e+01 6.26284e-01 5.60324e+01 7.92044e-01 6.55334e+01 1.15610e+00 5.86497e+01 8.89420e-01 
-1.4 -1.35 -1.3 6.04493e+01 8.78964e-01 4.91183e+01 6.16066e-01 6.85659e+01 1.19559e+00 5.07934e+01 6.31570e-01 5.92658e+01 8.19328e-01 6.90535e+01 1.22074e+00 6.17321e+01 8.97643e-01 
-1.3 -1.25 -1.2 6.32146e+01 8.89294e-01 5.13774e+01 6.40682e-01 7.18930e+01 1.33694e+00 5.30412e+01 6.72459e-01 6.20579e+01 8.48798e-01 7.23343e+01 1.21854e+00 6.45247e+01 9.72374e-01 
-1.2 -1.15 -1.1 6.48327e+01 9.06110e-01 5.29064e+01 6.45879e-01 7.32157e+01 1.33564e+00 5.45930e+01 6.80377e-01 6.37023e+01 8.60813e-01 7.37250e+01 1.25392e+00 6.61423e+01 9.62688e-01 
-1.1 -1.05 -1.0 6.77643e+01 9.61230e-01 5.52355e+01 6.81009e-01 7.71306e+01 1.26619e+00 5.70013e+01 7.17131e-01 6.65685e+01 8.63001e-01 7.72286e+01 1.23772e+00 6.94159e+01 9.31864e-01 
-1.0 -0.95 -0.9 7.10401e+01 9.79002e-01 5.78808e+01 6.95453e-01 8.11000e+01 1.45041e+00 5.97088e+01 7.30630e-01 6.98094e+01 9.32856e-01 8.11343e+01 1.35947e+00 7.28293e+01 1.03710e+00 
-0.9 -0.85 -0.8 7.29836e+01 9.98316e-01 5.94785e+01 7.09308e-01 8.25431e+01 1.39829e+00 6.13662e+01 7.50548e-01 7.17073e+01 9.44015e-01 8.32344e+01 1.37785e+00 7.44742e+01 1.06858e+00 
-0.8 -0.75 -0.7 7.53095e+01 9.96105e-01 6.13140e+01 7.09542e-01 8.54143e+01 1.42159e+00 6.30093e+01 7.32779e-01 7.39810e+01 9.47951e-01 8.64299e+01 1.39170e+00 7.65234e+01 1.00897e+00 
-0.7 -0.65 -0.6 7.79409e+01 1.02591e+00 6.31394e+01 6.93670e-01 8.90387e+01 1.39964e+00 6.53618e+01 7.69442e-01 7.61869e+01 9.44100e-01 8.93127e+01 1.42325e+00 7.96531e+01 1.02604e+00 
-0.6 -0.55 -0.5 7.76983e+01 1.02014e+00 6.33168e+01 7.25617e-01 8.80300e+01 1.34915e+00 6.53380e+01 7.63839e-01 7.63178e+01 9.69864e-01 8.74646e+01 1.35269e+00 7.90231e+01 1.02132e+00 
-0.5 -0.45 -0.4 8.03144e+01 1.01252e+00 6.54839e+01 7.23790e-01 9.00758e+01 1.52325e+00 6.75466e+01 7.60705e-01 7.89155e+01 9.64199e-01 9.08264e+01 1.30474e+00 8.14072e+01 1.01419e+00 
-0.4 -0.35 -0.3 8.22009e+01 1.02962e+00 6.65698e+01 7.41077e-01 9.38468e+01 1.44573e+00 6.88907e+01 7.74420e-01 8.04124e+01 9.88145e-01 9.41028e+01 1.44893e+00 8.39491e+01 1.09123e+00 
-0.3 -0.25 -0.2 8.11796e+01 1.01003e+00 6.61041e+01 7.17358e-01 9.24952e+01 1.48542e+00 6.81962e+01 7.58603e-01 7.97420e+01 9.54021e-01 9.29638e+01 1.39901e+00 8.28524e+01 1.06960e+00 
-0.2 -0.15 -0.1 8.28756e+01 1.02022e+00 6.74557e+01 7.30486e-01 9.43090e+01 1.49519e+00 6.95879e+01 7.67150e-01 8.14063e+01 9.72397e-01 9.47662e+01 1.40902e+00 8.45927e+01 1.07996e+00 
-0.1 -0.05 0.0 8.35773e+01 1.02346e+00 6.81731e+01 7.50789e-01 9.44634e+01 1.47788e+00 7.03024e+01 7.75393e-01 8.21534e+01 9.97151e-01 9.52572e+01 1.39928e+00 8.48222e+01 1.10489e+00 
0.0 0.05 0.1 8.28773e+01 1.03227e+00 6.77000e+01 7.37802e-01 9.38253e+01 1.50975e+00 6.98571e+01 7.75924e-01 8.14172e+01 9.82406e-01 9.43589e+01 1.41981e+00 8.45875e+01 1.09505e+00 
0.1 0.15 0.2 8.23799e+01 1.03873e+00 6.73392e+01 7.43802e-01 9.28948e+01 1.52352e+00 6.94584e+01 7.81524e-01 8.10597e+01 9.85143e-01 9.34946e+01 1.43491e+00 8.41038e+01 1.07710e+00 
0.2 0.25 0.3 8.27238e+01 1.05274e+00 6.72427e+01 7.08651e-01 9.43429e+01 1.45537e+00 6.94704e+01 7.70191e-01 8.12639e+01 9.32587e-01 9.49580e+01 1.32564e+00 8.43694e+01 1.02974e+00 
0.3 0.35 0.4 8.11867e+01 1.07362e+00 6.63319e+01 7.28182e-01 9.18943e+01 1.63784e+00 6.83269e+01 8.04199e-01 7.98512e+01 1.01989e+00 9.24482e+01 1.49054e+00 8.29433e+01 1.13966e+00 
0.4 0.45 0.5 8.03307e+01 1.03040e+00 6.53501e+01 7.28589e-01 9.03848e+01 1.53738e+00 6.73916e+01 7.66033e-01 7.89562e+01 9.79774e-01 9.16150e+01 1.42769e+00 8.15224e+01 1.10345e+00 
0.5 0.55 0.6 7.79761e+01 1.00314e+00 6.37196e+01 7.35558e-01 8.71320e+01 1.51695e+00 6.56212e+01 7.54181e-01 7.67910e+01 9.49673e-01 8.90030e+01 1.37478e+00 7.91306e+01 1.03895e+00 
0.6 0.65 0.7 7.69037e+01 9.32815e-01 6.28271e+01 6.80956e-01 8.67434e+01 1.36932e+00 6.47807e+01 7.12546e-01 7.56130e+01 8.93426e-01 8.74230e+01 1.26132e+00 7.83768e+01 1.00353e+00 
0.7 0.75 0.8 7.63438e+01 9.78691e-01 6.22062e+01 7.06141e-01 8.72019e+01 1.33595e+00 6.41660e+01 7.40583e-01 7.53055e+01 9.00727e-01 8.76563e+01 1.26858e+00 7.78751e+01 1.03337e+00 
0.8 0.85 0.9 7.23889e+01 9.67483e-01 5.90028e+01 6.86878e-01 8.20144e+01 1.30065e+00 6.08744e+01 7.23460e-01 7.11106e+01 9.18632e-01 8.25399e+01 1.22676e+00 7.36851e+01 9.52991e-01 
0.9 0.95 1.0 7.06942e+01 9.16765e-01 5.76315e+01 6.64464e-01 8.01357e+01 1.31472e+00 5.95062e+01 6.94581e-01 6.94317e+01 8.76825e-01 8.06110e+01 1.24466e+00 7.22034e+01 9.63856e-01 
1.0 1.05 1.1 6.70337e+01 9.09022e-01 5.45082e+01 6.64737e-01 7.63603e+01 1.27067e+00 5.63705e+01 6.83032e-01 6.56667e+01 8.92095e-01 7.65604e+01 1.28264e+00 6.86591e+01 9.29376e-01 
1.1 1.15 1.2 6.49595e+01 9.15782e-01 5.28683e+01 6.39895e-01 7.36615e+01 1.35756e+00 5.45670e+01 6.71958e-01 6.38992e+01 8.52226e-01 7.43649e+01 1.27841e+00 6.61061e+01 9.71714e-01 
1.2 1.25 1.3 6.27612e+01 9.04648e-01 5.10225e+01 6.41715e-01 7.14733e+01 1.34309e+00 5.27046e+01 6.75376e-01 6.15723e+01 8.59891e-01 7.17432e+01 1.26120e+00 6.36954e+01 9.38723e-01 
1.3 1.35 1.4 6.12239e+01 8.73376e-01 4.98749e+01 6.26761e-01 6.94868e+01 1.32666e+00 5.13694e+01 6.69186e-01 6.02530e+01 8.32474e-01 6.98839e+01 1.25177e+00 6.24361e+01 9.52535e-01 
1.4 1.45 1.5 5.61930e+01 7.94463e-01 4.56050e+01 5.71169e-01 6.38264e+01 1.23157e+00 4.70793e+01 5.99046e-01 5.51799e+01 7.58641e-01 6.44700e+01 1.09259e+00 5.71872e+01 8.80338e-01 
1.5 1.55 1.6 5.38195e+01 7.60470e-01 4.38404e+01 5.55049e-01 6.07553e+01 1.08422e+00 4.53067e+01 5.80325e-01 5.27825e+01 7.29513e-01 6.12110e+01 1.02877e+00 5.49020e+01 8.00550e-01 
1.6 1.65 1.7 5.04803e+01 7.40883e-01 4.09419e+01 5.35092e-01 5.78576e+01 1.10419e+00 4.23147e+01 5.62545e-01 4.95045e+01 7.06197e-01 5.80530e+01 1.03909e+00 5.17555e+01 8.03419e-01 
1.7 1.75 1.8 4.79751e+01 7.81262e-01 3.89299e+01 5.55266e-01 5.46864e+01 1.14539e+00 4.01483e+01 5.61328e-01 4.70069e+01 7.23482e-01 5.49189e+01 1.08788e+00 4.89942e+01 8.15522e-01 
1.8 1.85 1.9 4.36072e+01 6.96910e-01 3.56003e+01 5.20267e-01 4.97031e+01 1.10601e+00 3.68033e+01 5.49187e-01 4.27740e+01 6.63150e-01 4.96029e+01 9.49748e-01 4.47945e+01 7.92240e-01 
1.9 1.95 2.0 4.07454e+01 6.55886e-01 3.31818e+01 4.87946e-01 4.63214e+01 9.52564e-01 3.42582e+01 4.96861e-01 4.00311e+01 6.52572e-01 4.64361e+01 8.95318e-01 4.17370e+01 6.96831e-01 
2.0 2.05 2.1 3.69897e+01 6.66291e-01 3.03451e+01 4.34649e-01 4.16971e+01 1.00736e+00 3.13288e+01 4.56959e-01 3.65355e+01 5.78543e-01 4.18943e+01 9.43120e-01 3.78402e+01 7.10182e-01 
2.1 2.15 2.2 3.60558e+01 6.55899e-01 2.92525e+01 4.60698e-01 4.10517e+01 9.87007e-01 3.01723e+01 4.74818e-01 3.53315e+01 5.75472e-01 4.11632e+01 9.20837e-01 3.67428e+01 6.78598e-01 
2.2 2.25 2.3 3.20077e+01 6.07491e-01 2.60867e+01 4.24683e-01 3.62788e+01 8.69825e-01 2.69754e+01 4.49284e-01 3.13963e+01 5.74483e-01 3.64789e+01 8.15845e-01 3.27707e+01 6.13394e-01 
2.3 2.35 2.4 3.02755e+01 5.92739e-01 2.45584e+01 3.87426e-01 3.43699e+01 7.91461e-01 2.54130e+01 4.08474e-01 2.96768e+01 5.59854e-01 3.45347e+01 7.44410e-01 3.10177e+01 6.22862e-01 
2.4 2.45 2.5 2.85808e+01 5.76772e-01 2.29303e+01 4.05153e-01 3.29632e+01 8.80135e-01 2.38155e+01 4.33016e-01 2.79244e+01 5.55265e-01 3.30367e+01 8.08084e-01 2.93333e+01 6.16335e-01 
2.5 2.55 2.6 2.62183e+01 5.41431e-01 2.13192e+01 3.73307e-01 2.97410e+01 8.40842e-01 2.19856e+01 4.00337e-01 2.59219e+01 4.90657e-01 3.03833e+01 6.91990e-01 2.67563e+01 5.92608e-01 
2.6 2.65 2.7 2.29691e+01 5.22883e-01 1.86152e+01 3.60957e-01 2.56711e+01 7.77612e-01 1.92700e+01 3.82710e-01 2.24305e+01 4.87718e-01 2.62569e+01 7.44887e-01 2.32169e+01 5.47377e-01 
2.7 2.75 2.8 2.02634e+01 4.98610e-01 1.65606e+01 3.48127e-01 2.30723e+01 7.30841e-01 1.71325e+01 3.69667e-01 1.99579e+01 4.75860e-01 2.28372e+01 6.99036e-01 2.09768e+01 5.23850e-01 
2.8 2.85 2.9 1.83731e+01 4.33294e-01 1.50149e+01 3.14417e-01 2.06350e+01 6.12913e-01 1.54923e+01 3.23488e-01 1.80864e+01 4.25092e-01 2.08073e+01 6.00903e-01 1.87747e+01 4.46359e-01 
2.9 2.95 3.0 1.65864e+01 4.35584e-01 1.35741e+01 2.90348e-01 1.87887e+01 5.83412e-01 1.39787e+01 3.18893e-01 1.63700e+01 3.93122e-01 1.89891e+01 6.13605e-01 1.70408e+01 4.21148e-01 
3.0 3.05 3.1 1.55488e+01 4.19754e-01 1.27328e+01 2.91504e-01 1.79756e+01 6.36292e-01 1.30696e+01 3.11109e-01 1.53028e+01 3.96691e-01 1.76842e+01 5.86248e-01 1.59416e+01 4.48364e-01 
3.1 3.15 3.2 1.27811e+01 3.92629e-01 1.04179e+01 2.72701e-01 1.43288e+01 5.78977e-01 1.07969e+01 2.89533e-01 1.23716e+01 3.40330e-01 1.44171e+01 5.53495e-01 1.30913e+01 4.12255e-01 
3.2 3.25 3.3 1.13980e+01 3.75613e-01 9.22136e+00 2.59615e-01 1.29046e+01 5.72541e-01 9.60442e+00 2.76780e-01 1.10974e+01 3.52608e-01 1.26880e+01 5.06611e-01 1.17195e+01 4.05218e-01 
3.3 3.35 3.4 9.80040e+00 3.41743e-01 7.95156e+00 2.30934e-01 1.09687e+01 5.18791e-01 8.27502e+00 2.51749e-01 9.52606e+00 3.11153e-01 1.09455e+01 4.60826e-01 1.00365e+01 3.67269e-01 
3.4 3.45 3.5 7.70055e+00 3.08763e-01 6.42821e+00 2.24190e-01 8.47710e+00 4.83992e-01 6.67938e+00 2.37433e-01 7.56770e+00 2.93140e-01 8.62954e+00 4.53629e-01 7.96155e+00 3.44381e-01 
