0.0 15.0 30.0 4.52316e+00 4.20839e-02 4.10761e+00 2.84834e-02 4.04208e+00 6.63742e-02 4.05898e+00 2.93607e-02 4.63415e+00 4.07995e-02 4.18646e+00 6.31769e-02 4.44552e+00 4.39479e-02 
30.0 45.0 60.0 9.49322e+00 8.13012e-02 8.41541e+00 5.70946e-02 8.96287e+00 1.22972e-01 8.34487e+00 5.79412e-02 9.69625e+00 8.02123e-02 9.33114e+00 1.18943e-01 9.33781e+00 8.37455e-02 
60.0 75.0 90.0 9.22545e+00 1.00178e-01 9.37865e+00 7.15681e-02 5.37240e+00 1.46213e-01 9.17549e+00 7.30888e-02 9.71002e+00 9.82187e-02 6.22017e+00 1.41960e-01 8.86796e+00 1.03025e-01 
90.0 105.0 120.0 6.52626e+00 6.09635e-02 6.47094e+00 4.48098e-02 4.21338e+00 8.58585e-02 6.35717e+00 4.59458e-02 6.84500e+00 5.96100e-02 4.87601e+00 8.26251e-02 6.25792e+00 6.32054e-02 
120.0 135.0 150.0 3.54948e+00 3.54986e-02 3.56546e+00 2.68626e-02 2.14063e+00 4.86560e-02 3.50529e+00 2.74359e-02 3.73821e+00 3.50038e-02 2.58901e+00 4.64879e-02 3.37269e+00 3.70212e-02 
150.0 165.0 180.0 1.81713e+00 2.19005e-02 1.88446e+00 1.67114e-02 9.32485e-01 2.91087e-02 1.84668e+00 1.71764e-02 1.93477e+00 2.14444e-02 1.21916e+00 2.81907e-02 1.70323e+00 2.26758e-02 
180.0 195.0 210.0 9.54449e-01 1.41987e-02 1.02273e+00 1.09107e-02 3.93724e-01 1.85561e-02 9.98729e-01 1.12256e-02 1.02837e+00 1.38975e-02 5.81204e-01 1.81532e-02 8.78319e-01 1.46142e-02 
210.0 225.0 240.0 5.08246e-01 9.37630e-03 5.63225e-01 7.26278e-03 1.50601e-01 1.22485e-02 5.48882e-01 7.49670e-03 5.53270e-01 9.14954e-03 2.72028e-01 1.18486e-02 4.57041e-01 9.73472e-03 
240.0 255.0 270.0 2.75638e-01 6.44472e-03 3.20236e-01 5.05861e-03 4.20837e-02 8.21836e-03 3.09727e-01 5.21413e-03 3.06448e-01 6.31585e-03 1.22358e-01 8.01022e-03 2.41760e-01 6.65928e-03 
270.0 285.0 300.0 1.63568e-01 4.66523e-03 1.94541e-01 3.66228e-03 1.36966e-02 5.94051e-03 1.87038e-01 3.78250e-03 1.84424e-01 4.55640e-03 6.74840e-02 5.77442e-03 1.40898e-01 4.81280e-03 
300.0 315.0 330.0 8.73200e-02 3.35668e-03 1.11082e-01 2.65371e-03 -1.33468e-02 4.26941e-03 1.05829e-01 2.73713e-03 1.01687e-01 3.29252e-03 2.21122e-02 4.14904e-03 7.17322e-02 3.47098e-03 
330.0 345.0 360.0 5.16398e-02 2.46824e-03 6.81475e-02 1.96258e-03 -1.46620e-02 3.06964e-03 6.45833e-02 2.02876e-03 6.09654e-02 2.41323e-03 8.93520e-03 3.02198e-03 4.11668e-02 2.53397e-03 
360.0 375.0 390.0 2.71064e-02 1.80759e-03 3.92485e-02 1.44942e-03 -1.89592e-02 2.26177e-03 3.70409e-02 1.48763e-03 3.29824e-02 1.78571e-03 -2.41363e-03 2.21405e-03 1.94968e-02 1.86081e-03 
390.0 405.0 420.0 1.50234e-02 1.39172e-03 2.43097e-02 1.10692e-03 -1.69715e-02 1.75633e-03 2.24341e-02 1.14620e-03 1.95551e-02 1.35811e-03 -5.60321e-03 1.70984e-03 9.73127e-03 1.43799e-03 
420.0 435.0 450.0 7.18040e-03 1.04899e-03 1.41679e-02 8.43614e-04 -1.54716e-02 1.30184e-03 1.27584e-02 8.72425e-04 1.04227e-02 1.02632e-03 -7.29967e-03 1.27168e-03 3.49288e-03 1.07590e-03 
450.0 465.0 480.0 3.98230e-03 8.28396e-04 9.10133e-03 6.68371e-04 -1.19522e-02 1.01388e-03 8.05101e-03 6.94330e-04 6.33242e-03 8.05647e-04 -6.19460e-03 9.93825e-04 1.18867e-03 8.52397e-04 
480.0 495.0 510.0 1.54263e-03 6.62519e-04 5.38553e-03 5.41837e-04 -9.98338e-03 8.01537e-04 4.60478e-03 5.58381e-04 3.23617e-03 6.51848e-04 -5.78492e-03 7.89290e-04 -5.48017e-04 6.77951e-04 
510.0 525.0 540.0 9.28520e-04 5.19250e-04 3.61856e-03 4.26163e-04 -6.99174e-03 6.21983e-04 3.04349e-03 4.38964e-04 2.14450e-03 5.11490e-04 -4.07180e-03 6.14262e-04 -5.40848e-04 5.30927e-04 
540.0 555.0 570.0 2.72323e-04 3.90270e-04 2.24997e-03 3.21954e-04 -5.54932e-03 4.64994e-04 1.86083e-03 3.32690e-04 1.11015e-03 3.83547e-04 -3.37580e-03 4.57506e-04 -8.32133e-04 4.00385e-04 
570.0 585.0 600.0 -3.25981e-04 3.15017e-04 1.26430e-03 2.64299e-04 -4.70190e-03 3.60246e-04 9.27862e-04 2.70943e-04 3.52305e-04 3.13159e-04 -3.08734e-03 3.63995e-04 -1.16458e-03 3.17121e-04 
600.0 615.0 630.0 -6.31168e-04 2.32917e-04 5.41312e-04 1.94938e-04 -3.42992e-03 2.64405e-04 2.61909e-04 2.00681e-04 -1.08767e-04 2.30259e-04 -2.50808e-03 2.68721e-04 -1.10260e-03 2.34104e-04 
630.0 645.0 660.0 -2.45267e-04 2.13278e-04 6.46270e-04 1.82258e-04 -2.68524e-03 2.38148e-04 4.54375e-04 1.86482e-04 1.39172e-04 2.13060e-04 -1.75742e-03 2.40772e-04 -7.31780e-04 2.14687e-04 
660.0 675.0 690.0 -2.84709e-04 1.72529e-04 3.52208e-04 1.48376e-04 -1.98704e-03 1.88994e-04 2.14683e-04 1.51949e-04 -1.46945e-05 1.72424e-04 -1.34266e-03 1.91731e-04 -6.45312e-04 1.72731e-04 
690.0 705.0 720.0 -4.16442e-04 1.34569e-04 1.09897e-04 1.12418e-04 -1.70530e-03 1.52083e-04 1.72976e-06 1.15835e-04 -2.10170e-04 1.32961e-04 -1.26244e-03 1.55636e-04 -6.51116e-04 1.34877e-04 
720.0 735.0 750.0 -2.84862e-04 1.12574e-04 9.40236e-05 9.67995e-05 -1.30367e-03 1.24493e-04 2.11082e-05 9.92892e-05 -1.41788e-04 1.12290e-04 -9.05583e-04 1.25262e-04 -5.04134e-04 1.13923e-04 
750.0 765.0 780.0 -1.53774e-04 1.01384e-04 1.32254e-04 8.89266e-05 -9.04804e-04 1.10233e-04 1.10393e-04 9.44650e-05 -3.14608e-05 1.02057e-04 -5.71324e-04 1.14188e-04 -2.91879e-04 1.04944e-04 
780.0 795.0 810.0 -1.69039e-04 7.37195e-05 3.52468e-05 6.20068e-05 -6.87401e-04 8.43512e-05 -7.94300e-06 6.36649e-05 -8.66421e-05 7.33460e-05 -4.90583e-04 8.45813e-05 -2.86519e-04 7.43020e-05 
810.0 825.0 840.0 -2.20010e-04 5.13025e-05 -2.19092e-05 4.83832e-05 -5.68403e-04 6.75047e-05 -5.66478e-05 4.96497e-05 -1.42367e-04 5.18608e-05 -4.49527e-04 6.12514e-05 -2.53431e-04 6.16689e-05 
840.0 855.0 870.0 -4.67935e-05 5.79372e-05 6.38765e-05 5.07369e-05 -3.43553e-04 6.04709e-05 3.93420e-05 5.17188e-05 1.37538e-06 5.84121e-05 -2.15959e-04 6.46593e-05 -1.21229e-04 5.72511e-05 
870.0 885.0 900.0 1.48641e-05 5.57819e-05 6.62289e-05 4.52485e-05 -2.28834e-04 4.90502e-05 5.00807e-05 4.60778e-05 1.24736e-05 4.96038e-05 -1.47136e-04 5.23286e-05 -5.96814e-05 4.80547e-05 
900.0 915.0 930.0 -2.13798e-04 1.37122e-05 -1.23594e-04 7.99762e-06 -3.67411e-04 2.39525e-05 -1.47695e-04 9.47935e-06 -1.78913e-04 1.15688e-05 -3.12268e-04 2.02661e-05 -2.46128e-04 1.60596e-05 
930.0 945.0 960.0 -1.39022e-04 9.90581e-06 -8.34468e-05 5.91167e-06 -2.42984e-04 1.69482e-05 -9.61649e-05 6.85668e-06 -1.20637e-04 8.54064e-06 -2.07193e-04 1.47512e-05 -1.63037e-04 1.13810e-05 
960.0 975.0 990.0 -1.07815e-04 7.80676e-06 -6.44498e-05 4.68327e-06 -1.88915e-04 1.36257e-05 -7.46716e-05 5.41059e-06 -9.30564e-05 6.75733e-06 -1.60439e-04 1.16077e-05 -1.26946e-04 9.16382e-06 
990.0 1005.0 1020.0 -8.89664e-05 6.32804e-06 -5.34381e-05 3.82526e-06 -1.55650e-04 1.10198e-05 -6.16969e-05 4.39011e-06 -7.70569e-05 5.51379e-06 -1.32185e-04 9.39779e-06 -1.04760e-04 7.42030e-06 
1020.0 1035.0 1050.0 -5.19471e-05 4.63918e-06 -3.18264e-05 2.80742e-06 -9.06671e-05 8.05715e-06 -3.60655e-05 3.22293e-06 -4.58417e-05 4.04119e-06 -7.70787e-05 6.87843e-06 -6.11053e-05 5.43418e-06 
1050.0 1065.0 1080.0 -3.94174e-05 3.31112e-06 -2.37805e-05 2.04802e-06 -6.88310e-05 5.79055e-06 -2.73986e-05 2.30264e-06 -3.42129e-05 2.94495e-06 -5.84074e-05 4.90360e-06 -4.64511e-05 3.91001e-06 
1080.0 1095.0 1110.0 -2.55923e-05 2.24663e-06 -1.50214e-05 1.35091e-06 -4.51107e-05 3.89217e-06 -1.78088e-05 1.56407e-06 -2.15869e-05 1.94045e-06 -3.78732e-05 3.32303e-06 -3.04833e-05 2.63140e-06 
1110.0 1125.0 1140.0 -1.73133e-05 1.65663e-06 4.54600e-16 4.54612e-16 -3.00428e-05 2.81223e-06 -1.20616e-05 1.15442e-06 6.52568e-16 6.52586e-16 -2.55883e-05 2.44772e-06 -2.03278e-05 1.90329e-06 
1140.0 1155.0 1170.0 -3.77946e-06 3.48739e-07 -2.17104e-06 2.03567e-07 -6.53468e-06 6.06782e-07 -2.63590e-06 2.43296e-07 -3.11295e-06 2.91791e-07 -5.57909e-06 5.14616e-07 -4.42694e-06 4.11203e-07 
1170.0 1185.0 1200.0 0.00000e+00 0.00000e+00 0.00000e+00 0.00000e+00 0.00000e+00 0.00000e+00 0.00000e+00 0.00000e+00 0.00000e+00 0.00000e+00 0.00000e+00 0.00000e+00 0.00000e+00 0.00000e+00 
1200.0 1215.0 1230.0 0.00000e+00 0.00000e+00 0.00000e+00 0.00000e+00 0.00000e+00 0.00000e+00 0.00000e+00 0.00000e+00 0.00000e+00 0.00000e+00 0.00000e+00 0.00000e+00 0.00000e+00 0.00000e+00 
1230.0 1245.0 1260.0 0.00000e+00 0.00000e+00 0.00000e+00 0.00000e+00 0.00000e+00 0.00000e+00 0.00000e+00 0.00000e+00 0.00000e+00 0.00000e+00 0.00000e+00 0.00000e+00 0.00000e+00 0.00000e+00 
1260.0 1275.0 1290.0 0.00000e+00 0.00000e+00 0.00000e+00 0.00000e+00 0.00000e+00 0.00000e+00 0.00000e+00 0.00000e+00 0.00000e+00 0.00000e+00 0.00000e+00 0.00000e+00 0.00000e+00 0.00000e+00 
1290.0 1305.0 1320.0 0.00000e+00 0.00000e+00 0.00000e+00 0.00000e+00 0.00000e+00 0.00000e+00 0.00000e+00 0.00000e+00 0.00000e+00 0.00000e+00 0.00000e+00 0.00000e+00 0.00000e+00 0.00000e+00 
1320.0 1335.0 1350.0 0.00000e+00 0.00000e+00 0.00000e+00 0.00000e+00 0.00000e+00 0.00000e+00 0.00000e+00 0.00000e+00 0.00000e+00 0.00000e+00 0.00000e+00 0.00000e+00 0.00000e+00 0.00000e+00 
1350.0 1365.0 1380.0 0.00000e+00 0.00000e+00 0.00000e+00 0.00000e+00 0.00000e+00 0.00000e+00 0.00000e+00 0.00000e+00 0.00000e+00 0.00000e+00 0.00000e+00 0.00000e+00 0.00000e+00 0.00000e+00 
1380.0 1395.0 1410.0 0.00000e+00 0.00000e+00 0.00000e+00 0.00000e+00 0.00000e+00 0.00000e+00 0.00000e+00 0.00000e+00 0.00000e+00 0.00000e+00 0.00000e+00 0.00000e+00 0.00000e+00 0.00000e+00 
1410.0 1425.0 1440.0 0.00000e+00 0.00000e+00 0.00000e+00 0.00000e+00 0.00000e+00 0.00000e+00 0.00000e+00 0.00000e+00 0.00000e+00 0.00000e+00 0.00000e+00 0.00000e+00 0.00000e+00 0.00000e+00 
1440.0 1455.0 1470.0 0.00000e+00 0.00000e+00 0.00000e+00 0.00000e+00 0.00000e+00 0.00000e+00 0.00000e+00 0.00000e+00 0.00000e+00 0.00000e+00 0.00000e+00 0.00000e+00 0.00000e+00 0.00000e+00 
1470.0 1485.0 1500.0 0.00000e+00 0.00000e+00 0.00000e+00 0.00000e+00 0.00000e+00 0.00000e+00 0.00000e+00 0.00000e+00 0.00000e+00 0.00000e+00 0.00000e+00 0.00000e+00 0.00000e+00 0.00000e+00 
1500.0 1515.0 1530.0 0.00000e+00 0.00000e+00 0.00000e+00 0.00000e+00 0.00000e+00 0.00000e+00 0.00000e+00 0.00000e+00 0.00000e+00 0.00000e+00 0.00000e+00 0.00000e+00 0.00000e+00 0.00000e+00 
1530.0 1545.0 1560.0 0.00000e+00 0.00000e+00 0.00000e+00 0.00000e+00 0.00000e+00 0.00000e+00 0.00000e+00 0.00000e+00 0.00000e+00 0.00000e+00 0.00000e+00 0.00000e+00 0.00000e+00 0.00000e+00 
1560.0 1575.0 1590.0 0.00000e+00 0.00000e+00 0.00000e+00 0.00000e+00 0.00000e+00 0.00000e+00 0.00000e+00 0.00000e+00 0.00000e+00 0.00000e+00 0.00000e+00 0.00000e+00 0.00000e+00 0.00000e+00 
1590.0 1605.0 1620.0 0.00000e+00 0.00000e+00 0.00000e+00 0.00000e+00 0.00000e+00 0.00000e+00 0.00000e+00 0.00000e+00 0.00000e+00 0.00000e+00 0.00000e+00 0.00000e+00 0.00000e+00 0.00000e+00 
1620.0 1635.0 1650.0 0.00000e+00 0.00000e+00 0.00000e+00 0.00000e+00 0.00000e+00 0.00000e+00 0.00000e+00 0.00000e+00 0.00000e+00 0.00000e+00 0.00000e+00 0.00000e+00 0.00000e+00 0.00000e+00 
1650.0 1665.0 1680.0 0.00000e+00 0.00000e+00 0.00000e+00 0.00000e+00 0.00000e+00 0.00000e+00 0.00000e+00 0.00000e+00 0.00000e+00 0.00000e+00 0.00000e+00 0.00000e+00 0.00000e+00 0.00000e+00 
1680.0 1695.0 1710.0 0.00000e+00 0.00000e+00 0.00000e+00 0.00000e+00 0.00000e+00 0.00000e+00 0.00000e+00 0.00000e+00 0.00000e+00 0.00000e+00 0.00000e+00 0.00000e+00 0.00000e+00 0.00000e+00 
1710.0 1725.0 1740.0 0.00000e+00 0.00000e+00 0.00000e+00 0.00000e+00 0.00000e+00 0.00000e+00 0.00000e+00 0.00000e+00 0.00000e+00 0.00000e+00 0.00000e+00 0.00000e+00 0.00000e+00 0.00000e+00 
1740.0 1755.0 1770.0 0.00000e+00 0.00000e+00 0.00000e+00 0.00000e+00 0.00000e+00 0.00000e+00 0.00000e+00 0.00000e+00 0.00000e+00 0.00000e+00 0.00000e+00 0.00000e+00 0.00000e+00 0.00000e+00 
1770.0 1785.0 1800.0 0.00000e+00 0.00000e+00 0.00000e+00 0.00000e+00 0.00000e+00 0.00000e+00 0.00000e+00 0.00000e+00 0.00000e+00 0.00000e+00 0.00000e+00 0.00000e+00 0.00000e+00 0.00000e+00 
1800.0 1815.0 1830.0 0.00000e+00 0.00000e+00 0.00000e+00 0.00000e+00 0.00000e+00 0.00000e+00 0.00000e+00 0.00000e+00 0.00000e+00 0.00000e+00 0.00000e+00 0.00000e+00 0.00000e+00 0.00000e+00 
1830.0 1845.0 1860.0 0.00000e+00 0.00000e+00 0.00000e+00 0.00000e+00 0.00000e+00 0.00000e+00 0.00000e+00 0.00000e+00 0.00000e+00 0.00000e+00 0.00000e+00 0.00000e+00 0.00000e+00 0.00000e+00 
1860.0 1875.0 1890.0 0.00000e+00 0.00000e+00 0.00000e+00 0.00000e+00 0.00000e+00 0.00000e+00 0.00000e+00 0.00000e+00 0.00000e+00 0.00000e+00 0.00000e+00 0.00000e+00 0.00000e+00 0.00000e+00 
1890.0 1905.0 1920.0 0.00000e+00 0.00000e+00 0.00000e+00 0.00000e+00 0.00000e+00 0.00000e+00 0.00000e+00 0.00000e+00 0.00000e+00 0.00000e+00 0.00000e+00 0.00000e+00 0.00000e+00 0.00000e+00 
1920.0 1935.0 1950.0 0.00000e+00 0.00000e+00 0.00000e+00 0.00000e+00 0.00000e+00 0.00000e+00 0.00000e+00 0.00000e+00 0.00000e+00 0.00000e+00 0.00000e+00 0.00000e+00 0.00000e+00 0.00000e+00 
1950.0 1965.0 1980.0 0.00000e+00 0.00000e+00 0.00000e+00 0.00000e+00 0.00000e+00 0.00000e+00 0.00000e+00 0.00000e+00 0.00000e+00 0.00000e+00 0.00000e+00 0.00000e+00 0.00000e+00 0.00000e+00 
1980.0 1995.0 2010.0 0.00000e+00 0.00000e+00 0.00000e+00 0.00000e+00 0.00000e+00 0.00000e+00 0.00000e+00 0.00000e+00 0.00000e+00 0.00000e+00 0.00000e+00 0.00000e+00 0.00000e+00 0.00000e+00 
2010.0 2025.0 2040.0 0.00000e+00 0.00000e+00 0.00000e+00 0.00000e+00 0.00000e+00 0.00000e+00 0.00000e+00 0.00000e+00 0.00000e+00 0.00000e+00 0.00000e+00 0.00000e+00 0.00000e+00 0.00000e+00 
2040.0 2055.0 2070.0 0.00000e+00 0.00000e+00 0.00000e+00 0.00000e+00 0.00000e+00 0.00000e+00 0.00000e+00 0.00000e+00 0.00000e+00 0.00000e+00 0.00000e+00 0.00000e+00 0.00000e+00 0.00000e+00 
2070.0 2085.0 2100.0 0.00000e+00 0.00000e+00 0.00000e+00 0.00000e+00 0.00000e+00 0.00000e+00 0.00000e+00 0.00000e+00 0.00000e+00 0.00000e+00 0.00000e+00 0.00000e+00 0.00000e+00 0.00000e+00 
2100.0 2115.0 2130.0 0.00000e+00 0.00000e+00 0.00000e+00 0.00000e+00 0.00000e+00 0.00000e+00 0.00000e+00 0.00000e+00 0.00000e+00 0.00000e+00 0.00000e+00 0.00000e+00 0.00000e+00 0.00000e+00 
2130.0 2145.0 2160.0 0.00000e+00 0.00000e+00 0.00000e+00 0.00000e+00 0.00000e+00 0.00000e+00 0.00000e+00 0.00000e+00 0.00000e+00 0.00000e+00 0.00000e+00 0.00000e+00 0.00000e+00 0.00000e+00 
2160.0 2175.0 2190.0 0.00000e+00 0.00000e+00 0.00000e+00 0.00000e+00 0.00000e+00 0.00000e+00 0.00000e+00 0.00000e+00 0.00000e+00 0.00000e+00 0.00000e+00 0.00000e+00 0.00000e+00 0.00000e+00 
2190.0 2205.0 2220.0 0.00000e+00 0.00000e+00 0.00000e+00 0.00000e+00 0.00000e+00 0.00000e+00 0.00000e+00 0.00000e+00 0.00000e+00 0.00000e+00 0.00000e+00 0.00000e+00 0.00000e+00 0.00000e+00 
2220.0 2235.0 2250.0 0.00000e+00 0.00000e+00 0.00000e+00 0.00000e+00 0.00000e+00 0.00000e+00 0.00000e+00 0.00000e+00 0.00000e+00 0.00000e+00 0.00000e+00 0.00000e+00 0.00000e+00 0.00000e+00 
2250.0 2265.0 2280.0 0.00000e+00 0.00000e+00 0.00000e+00 0.00000e+00 0.00000e+00 0.00000e+00 0.00000e+00 0.00000e+00 0.00000e+00 0.00000e+00 0.00000e+00 0.00000e+00 0.00000e+00 0.00000e+00 
2280.0 2295.0 2310.0 0.00000e+00 0.00000e+00 0.00000e+00 0.00000e+00 0.00000e+00 0.00000e+00 0.00000e+00 0.00000e+00 0.00000e+00 0.00000e+00 0.00000e+00 0.00000e+00 0.00000e+00 0.00000e+00 
2310.0 2325.0 2340.0 0.00000e+00 0.00000e+00 0.00000e+00 0.00000e+00 0.00000e+00 0.00000e+00 0.00000e+00 0.00000e+00 0.00000e+00 0.00000e+00 0.00000e+00 0.00000e+00 0.00000e+00 0.00000e+00 
2340.0 2355.0 2370.0 0.00000e+00 0.00000e+00 0.00000e+00 0.00000e+00 0.00000e+00 0.00000e+00 0.00000e+00 0.00000e+00 0.00000e+00 0.00000e+00 0.00000e+00 0.00000e+00 0.00000e+00 0.00000e+00 
2370.0 2385.0 2400.0 0.00000e+00 0.00000e+00 0.00000e+00 0.00000e+00 0.00000e+00 0.00000e+00 0.00000e+00 0.00000e+00 0.00000e+00 0.00000e+00 0.00000e+00 0.00000e+00 0.00000e+00 0.00000e+00 
2400.0 2415.0 2430.0 0.00000e+00 0.00000e+00 0.00000e+00 0.00000e+00 0.00000e+00 0.00000e+00 0.00000e+00 0.00000e+00 0.00000e+00 0.00000e+00 0.00000e+00 0.00000e+00 0.00000e+00 0.00000e+00 
2430.0 2445.0 2460.0 0.00000e+00 0.00000e+00 0.00000e+00 0.00000e+00 0.00000e+00 0.00000e+00 0.00000e+00 0.00000e+00 0.00000e+00 0.00000e+00 0.00000e+00 0.00000e+00 0.00000e+00 0.00000e+00 
2460.0 2475.0 2490.0 0.00000e+00 0.00000e+00 0.00000e+00 0.00000e+00 0.00000e+00 0.00000e+00 0.00000e+00 0.00000e+00 0.00000e+00 0.00000e+00 0.00000e+00 0.00000e+00 0.00000e+00 0.00000e+00 
2490.0 2505.0 2520.0 0.00000e+00 0.00000e+00 0.00000e+00 0.00000e+00 0.00000e+00 0.00000e+00 0.00000e+00 0.00000e+00 0.00000e+00 0.00000e+00 0.00000e+00 0.00000e+00 0.00000e+00 0.00000e+00 
2520.0 2535.0 2550.0 0.00000e+00 0.00000e+00 0.00000e+00 0.00000e+00 0.00000e+00 0.00000e+00 0.00000e+00 0.00000e+00 0.00000e+00 0.00000e+00 0.00000e+00 0.00000e+00 0.00000e+00 0.00000e+00 
2550.0 2565.0 2580.0 0.00000e+00 0.00000e+00 0.00000e+00 0.00000e+00 0.00000e+00 0.00000e+00 0.00000e+00 0.00000e+00 0.00000e+00 0.00000e+00 0.00000e+00 0.00000e+00 0.00000e+00 0.00000e+00 
2580.0 2595.0 2610.0 0.00000e+00 0.00000e+00 0.00000e+00 0.00000e+00 0.00000e+00 0.00000e+00 0.00000e+00 0.00000e+00 0.00000e+00 0.00000e+00 0.00000e+00 0.00000e+00 0.00000e+00 0.00000e+00 
2610.0 2625.0 2640.0 0.00000e+00 0.00000e+00 0.00000e+00 0.00000e+00 0.00000e+00 0.00000e+00 0.00000e+00 0.00000e+00 0.00000e+00 0.00000e+00 0.00000e+00 0.00000e+00 0.00000e+00 0.00000e+00 
2640.0 2655.0 2670.0 0.00000e+00 0.00000e+00 0.00000e+00 0.00000e+00 0.00000e+00 0.00000e+00 0.00000e+00 0.00000e+00 0.00000e+00 0.00000e+00 0.00000e+00 0.00000e+00 0.00000e+00 0.00000e+00 
2670.0 2685.0 2700.0 0.00000e+00 0.00000e+00 0.00000e+00 0.00000e+00 0.00000e+00 0.00000e+00 0.00000e+00 0.00000e+00 0.00000e+00 0.00000e+00 0.00000e+00 0.00000e+00 0.00000e+00 0.00000e+00 
2700.0 2715.0 2730.0 0.00000e+00 0.00000e+00 0.00000e+00 0.00000e+00 0.00000e+00 0.00000e+00 0.00000e+00 0.00000e+00 0.00000e+00 0.00000e+00 0.00000e+00 0.00000e+00 0.00000e+00 0.00000e+00 
2730.0 2745.0 2760.0 0.00000e+00 0.00000e+00 0.00000e+00 0.00000e+00 0.00000e+00 0.00000e+00 0.00000e+00 0.00000e+00 0.00000e+00 0.00000e+00 0.00000e+00 0.00000e+00 0.00000e+00 0.00000e+00 
2760.0 2775.0 2790.0 0.00000e+00 0.00000e+00 0.00000e+00 0.00000e+00 0.00000e+00 0.00000e+00 0.00000e+00 0.00000e+00 0.00000e+00 0.00000e+00 0.00000e+00 0.00000e+00 0.00000e+00 0.00000e+00 
2790.0 2805.0 2820.0 0.00000e+00 0.00000e+00 0.00000e+00 0.00000e+00 0.00000e+00 0.00000e+00 0.00000e+00 0.00000e+00 0.00000e+00 0.00000e+00 0.00000e+00 0.00000e+00 0.00000e+00 0.00000e+00 
2820.0 2835.0 2850.0 0.00000e+00 0.00000e+00 0.00000e+00 0.00000e+00 0.00000e+00 0.00000e+00 0.00000e+00 0.00000e+00 0.00000e+00 0.00000e+00 0.00000e+00 0.00000e+00 0.00000e+00 0.00000e+00 
2850.0 2865.0 2880.0 0.00000e+00 0.00000e+00 0.00000e+00 0.00000e+00 0.00000e+00 0.00000e+00 0.00000e+00 0.00000e+00 0.00000e+00 0.00000e+00 0.00000e+00 0.00000e+00 0.00000e+00 0.00000e+00 
2880.0 2895.0 2910.0 0.00000e+00 0.00000e+00 0.00000e+00 0.00000e+00 0.00000e+00 0.00000e+00 0.00000e+00 0.00000e+00 0.00000e+00 0.00000e+00 0.00000e+00 0.00000e+00 0.00000e+00 0.00000e+00 
2910.0 2925.0 2940.0 0.00000e+00 0.00000e+00 0.00000e+00 0.00000e+00 0.00000e+00 0.00000e+00 0.00000e+00 0.00000e+00 0.00000e+00 0.00000e+00 0.00000e+00 0.00000e+00 0.00000e+00 0.00000e+00 
2940.0 2955.0 2970.0 0.00000e+00 0.00000e+00 0.00000e+00 0.00000e+00 0.00000e+00 0.00000e+00 0.00000e+00 0.00000e+00 0.00000e+00 0.00000e+00 0.00000e+00 0.00000e+00 0.00000e+00 0.00000e+00 
2970.0 2985.0 3000.0 0.00000e+00 0.00000e+00 0.00000e+00 0.00000e+00 0.00000e+00 0.00000e+00 0.00000e+00 0.00000e+00 0.00000e+00 0.00000e+00 0.00000e+00 0.00000e+00 0.00000e+00 0.00000e+00 
