-3.5 -3.45 -3.4 3.81194e+00 2.31727e-01 3.16751e+00 1.61679e-01 4.09282e+00 3.42681e-01 3.29953e+00 1.76030e-01 3.82793e+00 2.23083e-01 4.18441e+00 3.19037e-01 3.87773e+00 2.48489e-01 
-3.4 -3.35 -3.3 5.02934e+00 2.62349e-01 4.09331e+00 1.78493e-01 5.69202e+00 3.87418e-01 4.23873e+00 1.89899e-01 4.85082e+00 2.48145e-01 5.52254e+00 3.47739e-01 5.22970e+00 2.82121e-01 
-3.3 -3.25 -3.2 6.18021e+00 2.62423e-01 5.02843e+00 1.91680e-01 7.16414e+00 3.71585e-01 5.19313e+00 1.98299e-01 6.03105e+00 2.51731e-01 7.06900e+00 3.72887e-01 6.44362e+00 2.74462e-01 
-3.2 -3.15 -3.1 7.13589e+00 2.82014e-01 5.75717e+00 2.08516e-01 7.70739e+00 4.42223e-01 5.96301e+00 2.22162e-01 6.88594e+00 2.77339e-01 8.03724e+00 3.81880e-01 7.10994e+00 3.18879e-01 
-3.1 -3.05 -3.0 7.54901e+00 3.01224e-01 6.16596e+00 2.18104e-01 8.30327e+00 4.43173e-01 6.40907e+00 2.26306e-01 7.35508e+00 2.93865e-01 8.36683e+00 4.31963e-01 7.69406e+00 3.21897e-01 
-3.0 -2.95 -2.9 9.14965e+00 3.07115e-01 7.52027e+00 2.28682e-01 1.04247e+01 4.71227e-01 7.70788e+00 2.32480e-01 8.97844e+00 2.85207e-01 1.03636e+01 4.18152e-01 9.59067e+00 3.37217e-01 
-2.9 -2.85 -2.8 9.83803e+00 3.40600e-01 8.11315e+00 2.42056e-01 1.04097e+01 5.07836e-01 8.37203e+00 2.60830e-01 9.64031e+00 3.20804e-01 1.08330e+01 4.69088e-01 9.90893e+00 3.67061e-01 
-2.8 -2.75 -2.7 1.20495e+01 3.80204e-01 9.86035e+00 2.71993e-01 1.34057e+01 4.99693e-01 1.01700e+01 2.87206e-01 1.18303e+01 3.61688e-01 1.35631e+01 4.75759e-01 1.22786e+01 3.74541e-01 
-2.7 -2.65 -2.6 1.37525e+01 3.99482e-01 1.11572e+01 2.82380e-01 1.52548e+01 5.52924e-01 1.15438e+01 2.98983e-01 1.34796e+01 3.77819e-01 1.56902e+01 5.53766e-01 1.40362e+01 4.23524e-01 
-2.6 -2.55 -2.5 1.50297e+01 4.01726e-01 1.23477e+01 2.98605e-01 1.65957e+01 5.96133e-01 1.27401e+01 3.05582e-01 1.47876e+01 3.97776e-01 1.68442e+01 5.78710e-01 1.52908e+01 4.36946e-01 
-2.5 -2.45 -2.4 1.70582e+01 4.30473e-01 1.40057e+01 3.15951e-01 1.91965e+01 6.31365e-01 1.43543e+01 3.28386e-01 1.69105e+01 4.09310e-01 1.92707e+01 6.25492e-01 1.74634e+01 4.81754e-01 
-2.4 -2.35 -2.3 1.85014e+01 4.62839e-01 1.51849e+01 3.23450e-01 2.05397e+01 6.15800e-01 1.56487e+01 3.50619e-01 1.82226e+01 4.23111e-01 2.08203e+01 6.31902e-01 1.88134e+01 4.60653e-01 
-2.3 -2.25 -2.2 2.03819e+01 4.95176e-01 1.66922e+01 3.59509e-01 2.29373e+01 7.21745e-01 1.72892e+01 3.74917e-01 2.00455e+01 4.77688e-01 2.29910e+01 6.77379e-01 2.08808e+01 5.26327e-01 
-2.2 -2.15 -2.1 2.23847e+01 5.29536e-01 1.82827e+01 3.76624e-01 2.52601e+01 7.69199e-01 1.88580e+01 3.97204e-01 2.20115e+01 5.03062e-01 2.53796e+01 7.32608e-01 2.29690e+01 5.50763e-01 
-2.1 -2.05 -2.0 2.46508e+01 5.69430e-01 1.99897e+01 3.90231e-01 2.78953e+01 8.19998e-01 2.06343e+01 4.11518e-01 2.41232e+01 5.11022e-01 2.81304e+01 7.82703e-01 2.52006e+01 5.95941e-01 
-2.0 -1.95 -1.9 2.69423e+01 6.00975e-01 2.20545e+01 4.30856e-01 3.03352e+01 8.54550e-01 2.27101e+01 4.53006e-01 2.66122e+01 5.64548e-01 3.06817e+01 8.04231e-01 2.75104e+01 6.23358e-01 
-1.9 -1.85 -1.8 3.04238e+01 6.32544e-01 2.46627e+01 4.47792e-01 3.44736e+01 9.23924e-01 2.55158e+01 4.76770e-01 2.97777e+01 5.91595e-01 3.47694e+01 8.69917e-01 3.09776e+01 6.69366e-01 
-1.8 -1.75 -1.7 3.17761e+01 6.32389e-01 2.60092e+01 4.63012e-01 3.55556e+01 8.95759e-01 2.68170e+01 4.87288e-01 3.12500e+01 6.02653e-01 3.58980e+01 8.42987e-01 3.23681e+01 6.71636e-01 
-1.7 -1.65 -1.6 3.51929e+01 6.60507e-01 2.86587e+01 5.04585e-01 3.95725e+01 9.19473e-01 2.96502e+01 5.11802e-01 3.47309e+01 6.51269e-01 4.01145e+01 9.10765e-01 3.58603e+01 6.94221e-01 
-1.6 -1.55 -1.5 3.69462e+01 6.66873e-01 3.01452e+01 4.89949e-01 4.16071e+01 9.41580e-01 3.10627e+01 5.12899e-01 3.63506e+01 6.39019e-01 4.20611e+01 8.92347e-01 3.75662e+01 7.03257e-01 
-1.5 -1.45 -1.4 3.83556e+01 7.16579e-01 3.15652e+01 5.16098e-01 4.26923e+01 1.04921e+00 3.24841e+01 5.42022e-01 3.78059e+01 6.83038e-01 4.31464e+01 9.83459e-01 3.90650e+01 7.62255e-01 
-1.4 -1.35 -1.3 4.18363e+01 7.60183e-01 3.43356e+01 5.40094e-01 4.70445e+01 1.09810e+00 3.52235e+01 5.73295e-01 4.13883e+01 7.14304e-01 4.75018e+01 1.03452e+00 4.25685e+01 7.97568e-01 
-1.3 -1.25 -1.2 4.42838e+01 7.78414e-01 3.63104e+01 5.69109e-01 4.98871e+01 1.10790e+00 3.72855e+01 5.93890e-01 4.37649e+01 7.47656e-01 5.03219e+01 1.05282e+00 4.50824e+01 8.18329e-01 
-1.2 -1.15 -1.1 4.60643e+01 7.85357e-01 3.77939e+01 5.62564e-01 5.13819e+01 1.06159e+00 3.88862e+01 5.90156e-01 4.54534e+01 7.41431e-01 5.21721e+01 1.07406e+00 4.68323e+01 8.31108e-01 
-1.1 -1.05 -1.0 4.81601e+01 8.14213e-01 3.94888e+01 5.73469e-01 5.38963e+01 1.16169e+00 4.06246e+01 6.14505e-01 4.74668e+01 7.55418e-01 5.48528e+01 1.09316e+00 4.90455e+01 8.48369e-01 
-1.0 -0.95 -0.9 5.03879e+01 8.39987e-01 4.12675e+01 6.02380e-01 5.72109e+01 1.17273e+00 4.24730e+01 6.31525e-01 4.96316e+01 8.02046e-01 5.71238e+01 1.16157e+00 5.16598e+01 8.56122e-01 
-0.9 -0.85 -0.8 5.14319e+01 8.35830e-01 4.22277e+01 6.01100e-01 5.75210e+01 1.22121e+00 4.34270e+01 6.34751e-01 5.07099e+01 7.92036e-01 5.81357e+01 1.13766e+00 5.22882e+01 8.94115e-01 
-0.8 -0.75 -0.7 5.41453e+01 8.60895e-01 4.42714e+01 6.18183e-01 6.12143e+01 1.21425e+00 4.55947e+01 6.36432e-01 5.33279e+01 8.21542e-01 6.15868e+01 1.18733e+00 5.51872e+01 8.86129e-01 
-0.7 -0.65 -0.6 5.51504e+01 8.67418e-01 4.53793e+01 6.04185e-01 6.21648e+01 1.26414e+00 4.64622e+01 6.53343e-01 5.46680e+01 7.94753e-01 6.32109e+01 1.12799e+00 5.61353e+01 9.15753e-01 
-0.6 -0.55 -0.5 5.50507e+01 8.45633e-01 4.51559e+01 6.20714e-01 6.14747e+01 1.19149e+00 4.65548e+01 6.52352e-01 5.43261e+01 8.25642e-01 6.21671e+01 1.13020e+00 5.59157e+01 8.74964e-01 
-0.5 -0.45 -0.4 5.70212e+01 8.77993e-01 4.68656e+01 6.29526e-01 6.38696e+01 1.23786e+00 4.81795e+01 6.60078e-01 5.62319e+01 8.38012e-01 6.50111e+01 1.17400e+00 5.80587e+01 9.01500e-01 
-0.4 -0.35 -0.3 5.87249e+01 8.62939e-01 4.79640e+01 6.34656e-01 6.65061e+01 1.25357e+00 4.93359e+01 6.52294e-01 5.78463e+01 8.45816e-01 6.69879e+01 1.18493e+00 5.97804e+01 9.10701e-01 
-0.3 -0.25 -0.2 5.74225e+01 8.61671e-01 4.71174e+01 6.19898e-01 6.44441e+01 1.22861e+00 4.84333e+01 6.48937e-01 5.66298e+01 8.24067e-01 6.50908e+01 1.16452e+00 5.83966e+01 8.93754e-01 
-0.2 -0.15 -0.1 5.85346e+01 8.64440e-01 4.80534e+01 6.22084e-01 6.54787e+01 1.19722e+00 4.93800e+01 6.50993e-01 5.77435e+01 8.26856e-01 6.62803e+01 1.19272e+00 5.94048e+01 8.77043e-01 
-0.1 -0.05 0.0 5.95201e+01 8.92476e-01 4.89840e+01 6.43043e-01 6.63275e+01 1.29852e+00 5.02773e+01 6.72272e-01 5.91223e+01 8.41399e-01 6.72299e+01 1.23102e+00 6.03641e+01 9.39376e-01 
0.0 0.05 0.1 5.81441e+01 8.52041e-01 4.79821e+01 6.20699e-01 6.45562e+01 1.21860e+00 4.92664e+01 6.48453e-01 5.74370e+01 8.17116e-01 6.53124e+01 1.15894e+00 5.90686e+01 8.94794e-01 
0.1 0.15 0.2 5.93097e+01 8.61971e-01 4.83779e+01 6.28414e-01 6.61441e+01 1.17191e+00 5.00949e+01 6.55037e-01 5.79455e+01 8.29234e-01 6.65506e+01 1.15319e+00 6.01738e+01 8.71168e-01 
0.2 0.25 0.3 5.91460e+01 8.52056e-01 4.84330e+01 6.40830e-01 6.65620e+01 1.26404e+00 4.98664e+01 6.70148e-01 5.84090e+01 8.42704e-01 6.74040e+01 1.24374e+00 6.02393e+01 9.31572e-01 
0.3 0.35 0.4 5.77646e+01 8.71659e-01 4.75997e+01 6.35228e-01 6.49518e+01 1.30084e+00 4.89620e+01 6.69307e-01 5.70266e+01 8.33650e-01 6.52702e+01 1.19706e+00 5.89383e+01 9.38447e-01 
0.4 0.45 0.5 5.64314e+01 8.82773e-01 4.64645e+01 6.33474e-01 6.24864e+01 1.31772e+00 4.77244e+01 6.63888e-01 5.57200e+01 8.43091e-01 6.36076e+01 1.22046e+00 5.70871e+01 9.46272e-01 
0.5 0.55 0.6 5.60982e+01 8.17773e-01 4.59607e+01 6.31372e-01 6.29709e+01 1.26185e+00 4.73119e+01 6.26587e-01 5.52170e+01 8.40428e-01 6.35387e+01 1.10184e+00 5.70736e+01 9.14448e-01 
0.6 0.65 0.7 5.54506e+01 8.42446e-01 4.54835e+01 6.11217e-01 6.21776e+01 1.26867e+00 4.67574e+01 6.38982e-01 5.46827e+01 8.06938e-01 6.28314e+01 1.15183e+00 5.63663e+01 9.15956e-01 
0.7 0.75 0.8 5.35552e+01 8.60638e-01 4.42063e+01 5.93441e-01 5.98669e+01 1.25291e+00 4.51528e+01 6.45486e-01 5.31670e+01 7.76178e-01 6.05523e+01 1.18610e+00 5.43076e+01 9.00347e-01 
0.8 0.85 0.9 5.10059e+01 8.16498e-01 4.18617e+01 5.88565e-01 5.73934e+01 1.18951e+00 4.29559e+01 6.04811e-01 5.02667e+01 7.80244e-01 5.76725e+01 1.12271e+00 5.18819e+01 8.80021e-01 
0.9 0.95 1.0 5.06907e+01 7.77447e-01 4.14195e+01 5.71668e-01 5.75052e+01 1.12765e+00 4.26365e+01 5.96169e-01 4.99100e+01 7.47544e-01 5.79478e+01 1.07204e+00 5.17788e+01 8.31329e-01 
1.0 1.05 1.1 4.65592e+01 8.05276e-01 3.84935e+01 5.50993e-01 5.28370e+01 1.08705e+00 3.93844e+01 6.05489e-01 4.62142e+01 7.22169e-01 5.31336e+01 1.01895e+00 4.79596e+01 8.02668e-01 
1.1 1.15 1.2 4.64880e+01 8.06602e-01 3.79062e+01 5.78141e-01 5.32934e+01 1.16375e+00 3.90192e+01 6.06852e-01 4.56886e+01 7.45995e-01 5.30973e+01 1.11471e+00 4.77184e+01 8.42595e-01 
1.2 1.25 1.3 4.36795e+01 7.74865e-01 3.59759e+01 5.65631e-01 4.88254e+01 1.12322e+00 3.70456e+01 5.93177e-01 4.32293e+01 7.51184e-01 4.93112e+01 1.06131e+00 4.44511e+01 8.18191e-01 
1.3 1.35 1.4 4.28772e+01 7.52049e-01 3.50273e+01 5.49223e-01 4.81212e+01 1.14254e+00 3.60730e+01 5.74104e-01 4.22132e+01 7.20609e-01 4.87734e+01 1.01705e+00 4.35125e+01 8.29511e-01 
1.4 1.45 1.5 3.82590e+01 7.29316e-01 3.15073e+01 5.03621e-01 4.31657e+01 9.91860e-01 3.22381e+01 5.47252e-01 3.79819e+01 6.63979e-01 4.33906e+01 1.01088e+00 3.90707e+01 7.27515e-01 
1.5 1.55 1.6 3.61312e+01 7.02306e-01 2.97907e+01 5.07539e-01 4.01969e+01 9.79106e-01 3.06322e+01 5.30392e-01 3.56734e+01 6.72124e-01 4.05339e+01 9.63638e-01 3.68314e+01 7.19354e-01 
1.6 1.65 1.7 3.43077e+01 6.64371e-01 2.78712e+01 4.73497e-01 3.87199e+01 9.89269e-01 2.88158e+01 5.03332e-01 3.36110e+01 6.23580e-01 3.89828e+01 9.30772e-01 3.50043e+01 7.03520e-01 
1.7 1.75 1.8 3.28993e+01 6.65436e-01 2.66148e+01 4.64784e-01 3.73517e+01 9.64515e-01 2.74343e+01 4.84541e-01 3.22866e+01 6.28374e-01 3.75782e+01 9.10002e-01 3.35803e+01 7.10111e-01 
1.8 1.85 1.9 2.89624e+01 6.40536e-01 2.36575e+01 4.57789e-01 3.24823e+01 9.26287e-01 2.44042e+01 4.82336e-01 2.83811e+01 5.80432e-01 3.28365e+01 8.83323e-01 2.94724e+01 6.72821e-01 
1.9 1.95 2.0 2.63980e+01 5.69459e-01 2.15521e+01 4.07840e-01 2.95992e+01 8.51644e-01 2.22530e+01 4.29971e-01 2.58350e+01 5.39209e-01 3.01491e+01 7.40604e-01 2.68901e+01 6.14205e-01 
2.0 2.05 2.1 2.43166e+01 5.39427e-01 1.97581e+01 3.66284e-01 2.71028e+01 7.28693e-01 2.04944e+01 4.06552e-01 2.37507e+01 4.82713e-01 2.76452e+01 7.60383e-01 2.46240e+01 5.35716e-01 
2.1 2.15 2.2 2.29707e+01 5.16344e-01 1.86754e+01 3.85678e-01 2.56898e+01 8.04211e-01 1.93695e+01 3.92864e-01 2.24673e+01 5.15036e-01 2.59990e+01 7.00306e-01 2.33414e+01 5.78379e-01 
2.2 2.25 2.3 2.01672e+01 4.89087e-01 1.64665e+01 3.48268e-01 2.23258e+01 7.24156e-01 1.69755e+01 3.66354e-01 1.98328e+01 4.64827e-01 2.28698e+01 6.76158e-01 2.03351e+01 5.21407e-01 
2.3 2.35 2.4 1.89725e+01 4.46915e-01 1.54963e+01 3.40612e-01 2.14491e+01 7.02835e-01 1.60222e+01 3.59848e-01 1.86132e+01 4.25886e-01 2.15522e+01 6.04963e-01 1.94040e+01 5.06627e-01 
2.4 2.45 2.5 1.73517e+01 4.62007e-01 1.41180e+01 3.31528e-01 2.00396e+01 6.58255e-01 1.45026e+01 3.49978e-01 1.71316e+01 4.43179e-01 1.99301e+01 6.31857e-01 1.78708e+01 4.84059e-01 
2.5 2.55 2.6 1.56849e+01 4.25848e-01 1.27632e+01 3.02678e-01 1.76932e+01 6.26889e-01 1.31926e+01 3.19899e-01 1.53928e+01 4.03537e-01 1.78227e+01 5.86906e-01 1.60209e+01 4.54021e-01 
2.6 2.65 2.7 1.35805e+01 4.02224e-01 1.10491e+01 2.80260e-01 1.51436e+01 5.93594e-01 1.14624e+01 2.97762e-01 1.32935e+01 3.74446e-01 1.53666e+01 5.59283e-01 1.38099e+01 4.26506e-01 
2.7 2.75 2.8 1.22195e+01 3.88146e-01 9.97252e+00 2.77517e-01 1.38052e+01 5.75643e-01 1.02629e+01 2.92934e-01 1.20643e+01 3.69502e-01 1.40501e+01 5.37038e-01 1.25715e+01 4.12051e-01 
2.8 2.85 2.9 9.80651e+00 3.51761e-01 8.09061e+00 2.47648e-01 1.09125e+01 5.21804e-01 8.34201e+00 2.61975e-01 9.64092e+00 3.31718e-01 1.08615e+01 4.86878e-01 1.00906e+01 3.74580e-01 
2.9 2.95 3.0 9.41084e+00 3.21008e-01 7.63902e+00 2.17756e-01 1.06604e+01 4.79897e-01 7.87251e+00 2.34366e-01 9.27650e+00 3.01788e-01 1.07269e+01 4.47793e-01 9.62799e+00 3.43314e-01 
3.0 3.05 3.1 8.35585e+00 3.11849e-01 6.81419e+00 2.22644e-01 9.17906e+00 4.30190e-01 7.05308e+00 2.35006e-01 8.11982e+00 2.80499e-01 9.42808e+00 4.27299e-01 8.59162e+00 3.28290e-01 
3.1 3.15 3.2 6.67085e+00 2.87090e-01 5.49480e+00 2.03846e-01 7.50548e+00 4.22738e-01 5.66722e+00 2.15753e-01 6.57775e+00 2.71779e-01 7.43410e+00 3.94870e-01 6.71785e+00 2.98375e-01 
3.2 3.25 3.3 5.63837e+00 2.62224e-01 4.62730e+00 1.85240e-01 6.14113e+00 3.91392e-01 4.79749e+00 1.97074e-01 5.53084e+00 2.47147e-01 6.26483e+00 3.60233e-01 5.74049e+00 2.83985e-01 
3.3 3.35 3.4 4.93447e+00 2.36852e-01 4.00014e+00 1.66987e-01 5.53450e+00 3.48807e-01 4.13346e+00 1.76152e-01 4.85129e+00 2.22111e-01 5.60710e+00 3.27035e-01 5.05593e+00 2.53113e-01 
3.4 3.45 3.5 3.59029e+00 2.16860e-01 3.04009e+00 1.51622e-01 3.82789e+00 3.13560e-01 3.07740e+00 1.58090e-01 3.58740e+00 2.01469e-01 3.90381e+00 2.99684e-01 3.65623e+00 2.32120e-01 
