0.0 0.065449846958 0.13089969392 8.17535e+02 8.81200e+00 6.56897e+02 5.81102e+00 9.55877e+02 1.31388e+01 6.72036e+02 6.29392e+00 8.08374e+02 8.27555e+00 9.55407e+02 1.27917e+01 8.30821e+02 9.40012e+00 
0.13089969392 0.19634954088 0.26179938783 8.12127e+02 9.79182e+00 6.55640e+02 6.08618e+00 9.52158e+02 1.44166e+01 6.70974e+02 6.43619e+00 8.05952e+02 8.50409e+00 9.44156e+02 1.45702e+01 8.27309e+02 9.55027e+00 
0.26179938783 0.32724923479 0.39269908175 8.16679e+02 9.10150e+00 6.54593e+02 6.07273e+00 9.49689e+02 1.45284e+01 6.72929e+02 6.35981e+00 8.05788e+02 8.50158e+00 9.53977e+02 1.33548e+01 8.32293e+02 9.46644e+00 
0.39269908175 0.45814892871 0.52359877567 8.09169e+02 7.96870e+00 6.46891e+02 5.70397e+00 9.28136e+02 1.35118e+01 6.65372e+02 5.72879e+00 7.94802e+02 8.03124e+00 9.44328e+02 1.15546e+01 8.15217e+02 9.11870e+00 
0.52359877567 0.58904862263 0.65449846958 8.21569e+02 8.35889e+00 6.56003e+02 5.45474e+00 9.59673e+02 1.31400e+01 6.74423e+02 5.91719e+00 8.08261e+02 7.59709e+00 9.63403e+02 1.23012e+01 8.34877e+02 8.90788e+00 
0.65449846958 0.71994831654 0.7853981635 8.35825e+02 7.84187e+00 6.73334e+02 5.23897e+00 9.70573e+02 1.23163e+01 6.87943e+02 5.61183e+00 8.28089e+02 7.27868e+00 9.77715e+02 1.07746e+01 8.49604e+02 8.38599e+00 
0.7853981635 0.85084801046 0.91629785742 9.12933e+02 7.79562e+00 7.32295e+02 5.26586e+00 1.07073e+03 1.16076e+01 7.50049e+02 5.59021e+00 9.02327e+02 7.32410e+00 1.07120e+03 1.11285e+01 9.28766e+02 8.12254e+00 
0.91629785742 0.98174770438 1.0471975513 8.32576e+02 7.05357e+00 6.65746e+02 4.82437e+00 9.76280e+02 1.09207e+01 6.81596e+02 5.06446e+00 8.22231e+02 6.71630e+00 9.80565e+02 1.02724e+01 8.45450e+02 7.47962e+00 
1.0471975513 1.1126473983 1.1780972453 7.61330e+02 6.44979e+00 6.05039e+02 4.41741e+00 8.96237e+02 9.28846e+00 6.20838e+02 4.64829e+00 7.49930e+02 6.14157e+00 9.03506e+02 9.37381e+00 7.70981e+02 6.47741e+00 
1.1780972453 1.2435470922 1.3089969392 6.75647e+02 5.63667e+00 5.38252e+02 3.91352e+00 7.98923e+02 8.64745e+00 5.51786e+02 4.06824e+00 6.66253e+02 5.43381e+00 8.02003e+02 8.32778e+00 6.87677e+02 5.95931e+00 
1.3089969392 1.3744467861 1.4398966331 6.15857e+02 4.94009e+00 4.90664e+02 3.44513e+00 7.26643e+02 7.44231e+00 5.03325e+02 3.60340e+00 6.06965e+02 4.72637e+00 7.28485e+02 7.05056e+00 6.26477e+02 5.20740e+00 
1.4398966331 1.50534648 1.570796327 5.70350e+02 4.84105e+00 4.53128e+02 3.32325e+00 6.80308e+02 6.82759e+00 4.66045e+02 3.30839e+00 5.61520e+02 4.62068e+00 6.77305e+02 7.03645e+00 5.82967e+02 4.78508e+00 
1.570796327 1.636246174 1.7016960209 5.31904e+02 4.40442e+00 4.23658e+02 3.08990e+00 6.31327e+02 6.83192e+00 4.34285e+02 3.19448e+00 5.23693e+02 4.21389e+00 6.31124e+02 6.38215e+00 5.42406e+02 4.72511e+00 
1.7016960209 1.7671458679 1.8325957148 4.95687e+02 3.91316e+00 3.93574e+02 2.71870e+00 5.86159e+02 6.53660e+00 4.04952e+02 2.85331e+00 4.86946e+02 3.73021e+00 5.87840e+02 5.58886e+00 5.04676e+02 4.44827e+00 
1.8325957148 1.8980455618 1.9634954088 4.70406e+02 4.00401e+00 3.74026e+02 2.67224e+00 5.56631e+02 6.29300e+00 3.84610e+02 2.85941e+00 4.62539e+02 3.72573e+00 5.57413e+02 5.87742e+00 4.79331e+02 4.27548e+00 
1.9634954088 2.0289452557 2.0943951027 4.62304e+02 3.87869e+00 3.66086e+02 2.59633e+00 5.53474e+02 6.00523e+00 3.76971e+02 2.77083e+00 4.53831e+02 3.62428e+00 5.50783e+02 5.69703e+00 4.73477e+02 4.15475e+00 
2.0943951027 2.1598449496 2.2252947966 4.37117e+02 3.74016e+00 3.46784e+02 2.48019e+00 5.18830e+02 5.93136e+00 3.57816e+02 2.65325e+00 4.28170e+02 3.48396e+00 5.17713e+02 5.53109e+00 4.46494e+02 3.89442e+00 
2.2252947966 2.2907446435 2.3561944905 4.17190e+02 3.63658e+00 3.32697e+02 2.38950e+00 4.97482e+02 5.34959e+00 3.42285e+02 2.57477e+00 4.10399e+02 3.35896e+00 4.92533e+02 5.38841e+00 4.29042e+02 3.65575e+00 
2.3561944905 2.4216443375 2.4870941844 4.11857e+02 3.51171e+00 3.26512e+02 2.34518e+00 4.92812e+02 5.18520e+00 3.36984e+02 2.49201e+00 4.03474e+02 3.30176e+00 4.88286e+02 5.00094e+00 4.22899e+02 3.55020e+00 
2.4870941844 2.5525440314 2.6179938783 3.98611e+02 3.56571e+00 3.15985e+02 2.33942e+00 4.76541e+02 5.71500e+00 3.26012e+02 2.51349e+00 3.89496e+02 3.18633e+00 4.72951e+02 4.98527e+00 4.08894e+02 3.83764e+00 
2.6179938783 2.6834437253 2.7488935723 3.71535e+02 3.15774e+00 2.94687e+02 2.19452e+00 4.37942e+02 5.38778e+00 3.05332e+02 2.25079e+00 3.62578e+02 3.04532e+00 4.38197e+02 4.63418e+00 3.79437e+02 3.61597e+00 
2.7488935723 2.8143434192 2.8797932662 3.60767e+02 3.22151e+00 2.87121e+02 2.14462e+00 4.24684e+02 5.38840e+00 2.96262e+02 2.27519e+00 3.53691e+02 3.03719e+00 4.26249e+02 4.78003e+00 3.67761e+02 3.59959e+00 
2.8797932662 2.9452431131 3.0106929601 3.47954e+02 3.24331e+00 2.77480e+02 2.18122e+00 4.16508e+02 5.31495e+00 2.85932e+02 2.27731e+00 3.41527e+02 3.08380e+00 4.14003e+02 5.03147e+00 3.59323e+02 3.54438e+00 
3.0106929601 3.076142807 3.141592654 3.38863e+02 2.80390e+00 2.69398e+02 1.90518e+00 4.02354e+02 4.39711e+00 2.78528e+02 2.01053e+00 3.31432e+02 2.66144e+00 3.99623e+02 4.08417e+00 3.48113e+02 3.01509e+00 
