0.0 0.05 0.1 4.92197e+02 1.16550e+01 5.29376e+02 8.01531e+00 2.10277e+02 1.80369e+01 5.17156e+02 8.21696e+00 5.23491e+02 1.13616e+01 2.71590e+02 1.74198e+01 4.65878e+02 1.20393e+01 
0.1 0.15 0.2 4.98752e+02 1.33470e+01 5.33106e+02 8.44284e+00 2.20454e+02 2.11648e+01 5.21782e+02 9.20566e+00 5.28866e+02 1.28427e+01 2.81314e+02 2.04829e+01 4.73039e+02 1.37793e+01 
0.2 0.25 0.3 5.30639e+02 1.28458e+01 5.63800e+02 8.68866e+00 2.38176e+02 1.93681e+01 5.50263e+02 8.93748e+00 5.64856e+02 1.24776e+01 3.12393e+02 1.95103e+01 5.02079e+02 1.38399e+01 
0.3 0.35 0.4 5.44384e+02 1.32304e+01 5.83812e+02 9.07553e+00 2.29629e+02 2.13363e+01 5.68887e+02 9.25743e+00 5.81330e+02 1.29623e+01 3.08747e+02 1.99525e+01 5.08742e+02 1.40080e+01 
0.4 0.45 0.5 5.86514e+02 1.42737e+01 6.30157e+02 9.66830e+00 2.43307e+02 2.25677e+01 6.16406e+02 9.90118e+00 6.23175e+02 1.39409e+01 3.23811e+02 2.17722e+01 5.51501e+02 1.47699e+01 
0.5 0.55 0.6 6.39043e+02 1.55099e+01 6.93222e+02 1.03921e+01 2.37000e+02 2.22263e+01 6.70162e+02 1.00328e+01 6.83459e+02 1.50319e+01 3.42149e+02 2.37972e+01 5.90792e+02 1.47553e+01 
0.6 0.65 0.7 6.13990e+02 1.45565e+01 6.59586e+02 9.27793e+00 2.81819e+02 2.27146e+01 6.38848e+02 1.00461e+01 6.62522e+02 1.32650e+01 3.55877e+02 2.23349e+01 5.83366e+02 1.48266e+01 
0.7 0.75 0.8 5.77866e+02 1.35888e+01 6.16331e+02 9.12548e+00 2.52540e+02 2.06995e+01 6.01447e+02 9.39798e+00 6.15899e+02 1.31797e+01 3.35769e+02 2.02727e+01 5.42187e+02 1.36022e+01 
0.8 0.85 0.9 5.52207e+02 1.27688e+01 5.84815e+02 8.98013e+00 2.52983e+02 2.02249e+01 5.71709e+02 8.87071e+00 5.86382e+02 1.30344e+01 3.27703e+02 1.94488e+01 5.19998e+02 1.32561e+01 
0.9 0.95 1.0 5.23404e+02 1.22599e+01 5.56605e+02 8.75005e+00 2.36569e+02 1.93529e+01 5.43300e+02 8.51975e+00 5.57326e+02 1.27370e+01 3.06260e+02 1.86512e+01 4.93295e+02 1.26920e+01 
1.0 1.05 1.1 5.13731e+02 1.24290e+01 5.42976e+02 8.35410e+00 2.43285e+02 2.01070e+01 5.30999e+02 8.60865e+00 5.45489e+02 1.20473e+01 3.06372e+02 1.89830e+01 4.88307e+02 1.27708e+01 
1.1 1.15 1.2 4.83558e+02 1.19678e+01 5.16638e+02 8.06595e+00 2.11039e+02 1.89247e+01 5.04657e+02 8.31443e+00 5.15047e+02 1.15997e+01 2.75269e+02 1.82061e+01 4.56455e+02 1.24157e+01 
1.2 1.25 1.3 4.84305e+02 1.25259e+01 5.10777e+02 8.33549e+00 2.27427e+02 1.94255e+01 4.99462e+02 8.61689e+00 5.14356e+02 1.21000e+01 2.91268e+02 1.92787e+01 4.57073e+02 1.26683e+01 
1.3 1.35 1.4 4.37769e+02 1.26088e+01 4.69877e+02 8.31445e+00 1.84279e+02 2.04589e+01 4.59587e+02 8.61397e+00 4.65742e+02 1.21515e+01 2.41680e+02 1.95597e+01 4.20113e+02 1.26959e+01 
1.4 1.45 1.5 4.51150e+02 1.18325e+01 4.74440e+02 7.90942e+00 2.16013e+02 1.89030e+01 4.63911e+02 8.16697e+00 4.79309e+02 1.14425e+01 2.74650e+02 1.81342e+01 4.26562e+02 1.23001e+01 
1.5 1.55 1.6 4.54171e+02 1.23336e+01 4.72173e+02 8.16771e+00 2.32135e+02 1.98913e+01 4.62563e+02 8.45301e+00 4.80743e+02 1.19015e+01 2.88031e+02 1.90567e+01 4.31144e+02 1.28451e+01 
1.6 1.65 1.7 4.11175e+02 1.13014e+01 4.36510e+02 7.57169e+00 1.83236e+02 1.79863e+01 4.26800e+02 7.83472e+00 4.37644e+02 1.09091e+01 2.39261e+02 1.72235e+01 3.87942e+02 1.17735e+01 
1.7 1.75 1.8 3.93863e+02 1.17105e+01 4.25694e+02 7.43562e+00 1.67558e+02 1.86990e+01 4.11019e+02 8.03771e+00 4.28180e+02 1.07113e+01 2.22940e+02 1.80563e+01 3.70675e+02 1.21132e+01 
1.8 1.85 1.9 3.91772e+02 1.16407e+01 4.15538e+02 7.71213e+00 1.74852e+02 1.89493e+01 4.06323e+02 8.05638e+00 4.18045e+02 1.11965e+01 2.31613e+02 1.80839e+01 3.68749e+02 1.22614e+01 
1.9 1.95 2.0 3.97355e+02 1.15528e+01 4.12079e+02 7.66863e+00 2.02430e+02 1.85719e+01 4.03463e+02 7.94908e+00 4.21432e+02 1.11304e+01 2.54456e+02 1.77485e+01 3.76040e+02 1.20587e+01 
2.0 2.05 2.1 3.86138e+02 1.10740e+01 3.98657e+02 7.34767e+00 2.02656e+02 1.77734e+01 3.91016e+02 7.65038e+00 4.08387e+02 1.06129e+01 2.51085e+02 1.68551e+01 3.67457e+02 1.15900e+01 
2.1 2.15 2.2 3.61215e+02 1.10400e+01 3.77735e+02 7.32926e+00 1.74235e+02 1.82552e+01 3.69984e+02 7.61065e+00 3.83494e+02 1.06181e+01 2.22321e+02 1.69207e+01 3.42029e+02 1.18194e+01 
2.2 2.25 2.3 3.46703e+02 1.06957e+01 3.61299e+02 7.11288e+00 1.59314e+02 1.82482e+01 3.53787e+02 7.38092e+00 3.68261e+02 1.02933e+01 2.16693e+02 1.63689e+01 3.21654e+02 1.17638e+01 
2.3 2.35 2.4 3.22060e+02 1.05475e+01 3.44868e+02 7.42263e+00 1.40375e+02 1.69031e+01 3.33497e+02 7.28867e+00 3.49508e+02 1.08617e+01 1.99208e+02 1.76076e+01 3.02726e+02 1.10387e+01 
2.4 2.45 2.5 3.08280e+02 1.13001e+01 3.21742e+02 7.33331e+00 1.46078e+02 1.84308e+01 3.15878e+02 7.67061e+00 3.26544e+02 1.07827e+01 1.88600e+02 1.76198e+01 2.91083e+02 1.15385e+01 
2.5 2.55 2.6 3.06545e+02 1.10616e+01 3.17616e+02 7.22353e+00 1.51301e+02 1.85925e+01 3.11565e+02 7.54492e+00 3.24116e+02 1.08800e+01 1.92328e+02 1.77283e+01 2.89765e+02 1.19228e+01 
2.6 2.65 2.7 2.69313e+02 1.08951e+01 2.87834e+02 7.08790e+00 1.06358e+02 1.80475e+01 2.81970e+02 7.40821e+00 2.87181e+02 1.04104e+01 1.47978e+02 1.69508e+01 2.52851e+02 1.15644e+01 
2.7 2.75 2.8 2.69694e+02 1.03179e+01 2.81085e+02 6.75390e+00 1.29283e+02 1.70855e+01 2.76130e+02 7.06006e+00 2.86292e+02 9.85851e+00 1.65804e+02 1.59199e+01 2.55544e+02 1.08685e+01 
2.8 2.85 2.9 2.55375e+02 9.82701e+00 2.65665e+02 6.46686e+00 1.26650e+02 1.70205e+01 2.60524e+02 6.74463e+00 2.71297e+02 9.41208e+00 1.58250e+02 1.51157e+01 2.40123e+02 1.07569e+01 
2.9 2.95 3.0 2.22621e+02 1.00287e+01 2.37846e+02 6.62290e+00 8.41111e+01 1.58473e+01 2.33510e+02 6.68700e+00 2.37987e+02 9.77155e+00 1.22815e+02 1.60209e+01 2.08679e+02 1.02618e+01 
3.0 3.05 3.1 2.27987e+02 9.29791e+00 2.37093e+02 6.14719e+00 1.06456e+02 1.49448e+01 2.32507e+02 6.40972e+00 2.42474e+02 8.91151e+00 1.40916e+02 1.42168e+01 2.14367e+02 9.76584e+00 
3.1 3.15 3.2 2.08909e+02 9.92463e+00 2.20035e+02 6.43471e+00 8.87517e+01 1.63246e+01 2.15955e+02 6.74174e+00 2.22336e+02 9.46215e+00 1.20879e+02 1.54401e+01 1.96795e+02 1.04710e+01 
3.2 3.25 3.3 2.12484e+02 9.35495e+00 2.14632e+02 6.11801e+00 1.16607e+02 1.52004e+01 2.11905e+02 6.40207e+00 2.23336e+02 8.93355e+00 1.43607e+02 1.44169e+01 2.03074e+02 9.84905e+00 
3.3 3.35 3.4 1.86688e+02 9.00330e+00 1.92807e+02 5.89442e+00 8.92858e+01 1.46218e+01 1.89641e+02 6.16850e+00 1.97828e+02 8.59765e+00 1.16432e+02 1.38554e+01 1.76769e+02 9.48465e+00 
3.4 3.45 3.5 1.67424e+02 8.87731e+00 1.75067e+02 5.78255e+00 7.30085e+01 1.44967e+01 1.71899e+02 6.06047e+00 1.78130e+02 8.46360e+00 9.92141e+01 1.37181e+01 1.57639e+02 9.36424e+00 
3.5 3.55 3.6 1.65833e+02 9.62909e+00 1.67700e+02 6.15451e+00 8.79260e+01 1.60504e+01 1.65449e+02 6.46624e+00 1.74717e+02 9.15625e+00 1.11082e+02 1.51647e+01 1.57501e+02 1.01751e+01 
3.6 3.65 3.7 1.38374e+02 8.96300e+00 1.45348e+02 5.76720e+00 5.74553e+01 1.47302e+01 1.42961e+02 6.05433e+00 1.47049e+02 8.53115e+00 7.90721e+01 1.40213e+01 1.30014e+02 9.41107e+00 
3.7 3.75 3.8 1.36234e+02 8.97066e+00 1.41082e+02 5.72386e+00 7.09184e+01 1.50668e+01 1.37387e+02 5.86248e+00 1.47600e+02 8.49324e+00 8.80957e+01 1.40840e+01 1.31546e+02 9.75260e+00 
3.8 3.85 3.9 1.18443e+02 8.61254e+00 1.22564e+02 5.57625e+00 5.52292e+01 1.40569e+01 1.19712e+02 5.78510e+00 1.26973e+02 8.30837e+00 7.43857e+01 1.35506e+01 1.11416e+02 8.94586e+00 
3.9 3.95 4.0 9.34451e+01 7.93556e+00 1.03584e+02 4.85109e+00 2.96497e+01 1.30843e+01 9.87928e+01 5.36922e+00 9.95013e+01 7.78648e+00 4.65592e+01 1.23807e+01 8.72429e+01 8.37434e+00 
4.0 4.05 4.1 9.78887e+01 8.01405e+00 1.00282e+02 5.08202e+00 4.35091e+01 1.16607e+01 9.55935e+01 4.91513e+00 1.05036e+02 7.54234e+00 6.37884e+01 1.25945e+01 8.92435e+01 7.57282e+00 
4.1 4.15 4.2 6.99135e+01 7.87142e+00 7.80234e+01 4.97248e+00 1.38078e+01 1.31100e+01 7.55559e+01 5.28221e+00 8.17615e+01 6.60802e+00 2.99757e+01 1.23931e+01 6.35755e+01 8.32505e+00 
4.2 4.25 4.3 7.71501e+01 7.27287e+00 7.74154e+01 4.65467e+00 4.39622e+01 1.07442e+01 7.66592e+01 4.90601e+00 8.10287e+01 6.89495e+00 5.46625e+01 1.01613e+01 7.38482e+01 7.71904e+00 
4.3 4.35 4.4 7.19755e+01 6.90594e+00 6.97260e+01 4.43348e+00 4.38655e+01 1.15287e+01 6.89708e+01 4.69605e+00 7.48061e+01 6.54491e+00 5.37048e+01 1.07591e+01 6.85931e+01 7.37765e+00 
4.4 4.45 4.5 6.58655e+01 6.73052e+00 6.14571e+01 4.29013e+00 4.80362e+01 1.11724e+01 6.15461e+01 4.53330e+00 6.76442e+01 6.36071e+00 4.63051e+01 9.71211e+00 6.41499e+01 7.12236e+00 
4.5 4.55 4.6 4.04569e+01 5.86579e+00 4.34890e+01 3.79726e+00 9.63168e+00 1.00368e+01 4.24628e+01 3.98988e+00 4.37723e+01 5.58101e+00 2.04058e+01 9.07804e+00 3.59390e+01 6.42772e+00 
4.6 4.65 4.7 4.17415e+01 5.11622e+00 4.01425e+01 3.33954e+00 2.89512e+01 8.62592e+00 3.99744e+01 3.50790e+00 4.33543e+01 4.87083e+00 3.16689e+01 7.83536e+00 4.16304e+01 5.58407e+00 
4.7 4.75 4.8 3.62593e+01 5.35818e+00 3.38246e+01 3.41769e+00 2.25696e+01 7.76096e+00 3.24313e+01 3.28948e+00 3.74234e+01 5.07966e+00 3.00248e+01 8.40685e+00 3.29753e+01 5.06305e+00 
4.8 4.85 4.9 1.55836e+01 4.68319e+00 1.96393e+01 3.03428e+00 1.88178e+00 7.94761e+00 1.82613e+01 3.13407e+00 1.86480e+01 4.54740e+00 2.36909e+00 7.38743e+00 1.62091e+01 5.02098e+00 
4.9 4.95 5.0 1.16820e+01 3.69145e+00 1.35442e+01 2.37416e+00 1.24853e+00 6.61840e+00 1.36753e+01 2.65020e+00 1.27895e+01 3.50311e+00 3.00266e+00 5.73165e+00 1.13364e+01 4.19847e+00 
5.0 5.05 5.1 1.71248e+01 3.59158e+00 1.62654e+01 2.38614e+00 1.33978e+01 5.81139e+00 1.56336e+01 2.44859e+00 1.86599e+01 3.51990e+00 1.50362e+01 5.53365e+00 1.67261e+01 3.77463e+00 
5.1 5.15 5.2 1.34311e+01 3.08049e+00 1.12610e+01 1.88633e+00 1.52627e+01 5.09473e+00 1.17459e+01 2.08117e+00 1.46192e+01 2.94163e+00 1.31983e+01 4.79363e+00 1.50171e+01 3.27199e+00 
5.2 5.25 5.3 2.49381e+00 2.30522e+00 3.64355e+00 1.48298e+00 -2.37197e+00 3.78711e+00 3.46870e+00 1.55839e+00 2.97697e+00 2.19397e+00 -1.20247e+00 3.58816e+00 2.74430e+00 2.39193e+00 
5.3 5.35 5.4 1.54768e+00 1.62468e+00 2.30475e+00 1.04018e+00 -1.39425e+00 2.62106e+00 2.02852e+00 1.10816e+00 2.10895e+00 1.52156e+00 -1.65863e-01 2.50659e+00 1.13522e+00 1.70900e+00 
5.4 5.45 5.5 -9.89635e-01 6.94119e-01 -2.89512e-01 4.43454e-01 -2.80525e+00 1.15171e+00 -3.34488e-01 4.67244e-01 -8.87647e-01 6.59752e-01 -2.48534e+00 1.08559e+00 -1.10099e+00 7.28053e-01 
5.5 5.55 5.6 -7.37795e-01 1.12897e-01 -4.17116e-01 6.95158e-02 -1.48308e+00 2.05399e-01 -4.68206e-01 6.67922e-02 -6.84827e-01 1.13649e-01 -1.30151e+00 1.82850e-01 -8.53508e-01 1.18765e-01 
5.6 5.65 5.7 0.00000e+00 0.00000e+00 0.00000e+00 0.00000e+00 0.00000e+00 0.00000e+00 0.00000e+00 0.00000e+00 0.00000e+00 0.00000e+00 0.00000e+00 0.00000e+00 0.00000e+00 0.00000e+00 
5.7 5.75 5.8 0.00000e+00 0.00000e+00 0.00000e+00 0.00000e+00 0.00000e+00 0.00000e+00 0.00000e+00 0.00000e+00 0.00000e+00 0.00000e+00 0.00000e+00 0.00000e+00 0.00000e+00 0.00000e+00 
5.8 5.85 5.9 0.00000e+00 0.00000e+00 0.00000e+00 0.00000e+00 0.00000e+00 0.00000e+00 0.00000e+00 0.00000e+00 0.00000e+00 0.00000e+00 0.00000e+00 0.00000e+00 0.00000e+00 0.00000e+00 
5.9 5.95 6.0 0.00000e+00 0.00000e+00 0.00000e+00 0.00000e+00 0.00000e+00 0.00000e+00 0.00000e+00 0.00000e+00 0.00000e+00 0.00000e+00 0.00000e+00 0.00000e+00 0.00000e+00 0.00000e+00 
6.0 6.05 6.1 0.00000e+00 0.00000e+00 0.00000e+00 0.00000e+00 0.00000e+00 0.00000e+00 0.00000e+00 0.00000e+00 0.00000e+00 0.00000e+00 0.00000e+00 0.00000e+00 0.00000e+00 0.00000e+00 
6.1 6.15 6.2 0.00000e+00 0.00000e+00 0.00000e+00 0.00000e+00 0.00000e+00 0.00000e+00 0.00000e+00 0.00000e+00 0.00000e+00 0.00000e+00 0.00000e+00 0.00000e+00 0.00000e+00 0.00000e+00 
6.2 6.25 6.3 0.00000e+00 0.00000e+00 0.00000e+00 0.00000e+00 0.00000e+00 0.00000e+00 0.00000e+00 0.00000e+00 0.00000e+00 0.00000e+00 0.00000e+00 0.00000e+00 0.00000e+00 0.00000e+00 
6.3 6.35 6.4 0.00000e+00 0.00000e+00 0.00000e+00 0.00000e+00 0.00000e+00 0.00000e+00 0.00000e+00 0.00000e+00 0.00000e+00 0.00000e+00 0.00000e+00 0.00000e+00 0.00000e+00 0.00000e+00 
6.4 6.45 6.5 0.00000e+00 0.00000e+00 0.00000e+00 0.00000e+00 0.00000e+00 0.00000e+00 0.00000e+00 0.00000e+00 0.00000e+00 0.00000e+00 0.00000e+00 0.00000e+00 0.00000e+00 0.00000e+00 
6.5 6.55 6.6 0.00000e+00 0.00000e+00 0.00000e+00 0.00000e+00 0.00000e+00 0.00000e+00 0.00000e+00 0.00000e+00 0.00000e+00 0.00000e+00 0.00000e+00 0.00000e+00 0.00000e+00 0.00000e+00 
6.6 6.65 6.7 0.00000e+00 0.00000e+00 0.00000e+00 0.00000e+00 0.00000e+00 0.00000e+00 0.00000e+00 0.00000e+00 0.00000e+00 0.00000e+00 0.00000e+00 0.00000e+00 0.00000e+00 0.00000e+00 
6.7 6.75 6.8 0.00000e+00 0.00000e+00 0.00000e+00 0.00000e+00 0.00000e+00 0.00000e+00 0.00000e+00 0.00000e+00 0.00000e+00 0.00000e+00 0.00000e+00 0.00000e+00 0.00000e+00 0.00000e+00 
6.8 6.85 6.9 0.00000e+00 0.00000e+00 0.00000e+00 0.00000e+00 0.00000e+00 0.00000e+00 0.00000e+00 0.00000e+00 0.00000e+00 0.00000e+00 0.00000e+00 0.00000e+00 0.00000e+00 0.00000e+00 
6.9 6.95 7.0 0.00000e+00 0.00000e+00 0.00000e+00 0.00000e+00 0.00000e+00 0.00000e+00 0.00000e+00 0.00000e+00 0.00000e+00 0.00000e+00 0.00000e+00 0.00000e+00 0.00000e+00 0.00000e+00 
7.0 7.05 7.1 0.00000e+00 0.00000e+00 0.00000e+00 0.00000e+00 0.00000e+00 0.00000e+00 0.00000e+00 0.00000e+00 0.00000e+00 0.00000e+00 0.00000e+00 0.00000e+00 0.00000e+00 0.00000e+00 
7.1 7.15 7.2 0.00000e+00 0.00000e+00 0.00000e+00 0.00000e+00 0.00000e+00 0.00000e+00 0.00000e+00 0.00000e+00 0.00000e+00 0.00000e+00 0.00000e+00 0.00000e+00 0.00000e+00 0.00000e+00 
7.2 7.25 7.3 0.00000e+00 0.00000e+00 0.00000e+00 0.00000e+00 0.00000e+00 0.00000e+00 0.00000e+00 0.00000e+00 0.00000e+00 0.00000e+00 0.00000e+00 0.00000e+00 0.00000e+00 0.00000e+00 
7.3 7.35 7.4 0.00000e+00 0.00000e+00 0.00000e+00 0.00000e+00 0.00000e+00 0.00000e+00 0.00000e+00 0.00000e+00 0.00000e+00 0.00000e+00 0.00000e+00 0.00000e+00 0.00000e+00 0.00000e+00 
7.4 7.45 7.5 0.00000e+00 0.00000e+00 0.00000e+00 0.00000e+00 0.00000e+00 0.00000e+00 0.00000e+00 0.00000e+00 0.00000e+00 0.00000e+00 0.00000e+00 0.00000e+00 0.00000e+00 0.00000e+00 
7.5 7.55 7.6 0.00000e+00 0.00000e+00 0.00000e+00 0.00000e+00 0.00000e+00 0.00000e+00 0.00000e+00 0.00000e+00 0.00000e+00 0.00000e+00 0.00000e+00 0.00000e+00 0.00000e+00 0.00000e+00 
7.6 7.65 7.7 0.00000e+00 0.00000e+00 0.00000e+00 0.00000e+00 0.00000e+00 0.00000e+00 0.00000e+00 0.00000e+00 0.00000e+00 0.00000e+00 0.00000e+00 0.00000e+00 0.00000e+00 0.00000e+00 
7.7 7.75 7.8 0.00000e+00 0.00000e+00 0.00000e+00 0.00000e+00 0.00000e+00 0.00000e+00 0.00000e+00 0.00000e+00 0.00000e+00 0.00000e+00 0.00000e+00 0.00000e+00 0.00000e+00 0.00000e+00 
7.8 7.85 7.9 0.00000e+00 0.00000e+00 0.00000e+00 0.00000e+00 0.00000e+00 0.00000e+00 0.00000e+00 0.00000e+00 0.00000e+00 0.00000e+00 0.00000e+00 0.00000e+00 0.00000e+00 0.00000e+00 
7.9 7.95 8.0 0.00000e+00 0.00000e+00 0.00000e+00 0.00000e+00 0.00000e+00 0.00000e+00 0.00000e+00 0.00000e+00 0.00000e+00 0.00000e+00 0.00000e+00 0.00000e+00 0.00000e+00 0.00000e+00 
8.0 8.05 8.1 0.00000e+00 0.00000e+00 0.00000e+00 0.00000e+00 0.00000e+00 0.00000e+00 0.00000e+00 0.00000e+00 0.00000e+00 0.00000e+00 0.00000e+00 0.00000e+00 0.00000e+00 0.00000e+00 
8.1 8.15 8.2 0.00000e+00 0.00000e+00 0.00000e+00 0.00000e+00 0.00000e+00 0.00000e+00 0.00000e+00 0.00000e+00 0.00000e+00 0.00000e+00 0.00000e+00 0.00000e+00 0.00000e+00 0.00000e+00 
8.2 8.25 8.3 0.00000e+00 0.00000e+00 0.00000e+00 0.00000e+00 0.00000e+00 0.00000e+00 0.00000e+00 0.00000e+00 0.00000e+00 0.00000e+00 0.00000e+00 0.00000e+00 0.00000e+00 0.00000e+00 
8.3 8.35 8.4 0.00000e+00 0.00000e+00 0.00000e+00 0.00000e+00 0.00000e+00 0.00000e+00 0.00000e+00 0.00000e+00 0.00000e+00 0.00000e+00 0.00000e+00 0.00000e+00 0.00000e+00 0.00000e+00 
8.4 8.45 8.5 0.00000e+00 0.00000e+00 0.00000e+00 0.00000e+00 0.00000e+00 0.00000e+00 0.00000e+00 0.00000e+00 0.00000e+00 0.00000e+00 0.00000e+00 0.00000e+00 0.00000e+00 0.00000e+00 
8.5 8.55 8.6 0.00000e+00 0.00000e+00 0.00000e+00 0.00000e+00 0.00000e+00 0.00000e+00 0.00000e+00 0.00000e+00 0.00000e+00 0.00000e+00 0.00000e+00 0.00000e+00 0.00000e+00 0.00000e+00 
8.6 8.65 8.7 0.00000e+00 0.00000e+00 0.00000e+00 0.00000e+00 0.00000e+00 0.00000e+00 0.00000e+00 0.00000e+00 0.00000e+00 0.00000e+00 0.00000e+00 0.00000e+00 0.00000e+00 0.00000e+00 
8.7 8.75 8.8 0.00000e+00 0.00000e+00 0.00000e+00 0.00000e+00 0.00000e+00 0.00000e+00 0.00000e+00 0.00000e+00 0.00000e+00 0.00000e+00 0.00000e+00 0.00000e+00 0.00000e+00 0.00000e+00 
8.8 8.85 8.9 0.00000e+00 0.00000e+00 0.00000e+00 0.00000e+00 0.00000e+00 0.00000e+00 0.00000e+00 0.00000e+00 0.00000e+00 0.00000e+00 0.00000e+00 0.00000e+00 0.00000e+00 0.00000e+00 
8.9 8.95 9.0 0.00000e+00 0.00000e+00 0.00000e+00 0.00000e+00 0.00000e+00 0.00000e+00 0.00000e+00 0.00000e+00 0.00000e+00 0.00000e+00 0.00000e+00 0.00000e+00 0.00000e+00 0.00000e+00 
9.0 9.05 9.1 0.00000e+00 0.00000e+00 0.00000e+00 0.00000e+00 0.00000e+00 0.00000e+00 0.00000e+00 0.00000e+00 0.00000e+00 0.00000e+00 0.00000e+00 0.00000e+00 0.00000e+00 0.00000e+00 
9.1 9.15 9.2 0.00000e+00 0.00000e+00 0.00000e+00 0.00000e+00 0.00000e+00 0.00000e+00 0.00000e+00 0.00000e+00 0.00000e+00 0.00000e+00 0.00000e+00 0.00000e+00 0.00000e+00 0.00000e+00 
9.2 9.25 9.3 0.00000e+00 0.00000e+00 0.00000e+00 0.00000e+00 0.00000e+00 0.00000e+00 0.00000e+00 0.00000e+00 0.00000e+00 0.00000e+00 0.00000e+00 0.00000e+00 0.00000e+00 0.00000e+00 
9.3 9.35 9.4 0.00000e+00 0.00000e+00 0.00000e+00 0.00000e+00 0.00000e+00 0.00000e+00 0.00000e+00 0.00000e+00 0.00000e+00 0.00000e+00 0.00000e+00 0.00000e+00 0.00000e+00 0.00000e+00 
9.4 9.45 9.5 0.00000e+00 0.00000e+00 0.00000e+00 0.00000e+00 0.00000e+00 0.00000e+00 0.00000e+00 0.00000e+00 0.00000e+00 0.00000e+00 0.00000e+00 0.00000e+00 0.00000e+00 0.00000e+00 
9.5 9.55 9.6 0.00000e+00 0.00000e+00 0.00000e+00 0.00000e+00 0.00000e+00 0.00000e+00 0.00000e+00 0.00000e+00 0.00000e+00 0.00000e+00 0.00000e+00 0.00000e+00 0.00000e+00 0.00000e+00 
9.6 9.65 9.7 0.00000e+00 0.00000e+00 0.00000e+00 0.00000e+00 0.00000e+00 0.00000e+00 0.00000e+00 0.00000e+00 0.00000e+00 0.00000e+00 0.00000e+00 0.00000e+00 0.00000e+00 0.00000e+00 
9.7 9.75 9.8 0.00000e+00 0.00000e+00 0.00000e+00 0.00000e+00 0.00000e+00 0.00000e+00 0.00000e+00 0.00000e+00 0.00000e+00 0.00000e+00 0.00000e+00 0.00000e+00 0.00000e+00 0.00000e+00 
9.8 9.85 9.9 0.00000e+00 0.00000e+00 0.00000e+00 0.00000e+00 0.00000e+00 0.00000e+00 0.00000e+00 0.00000e+00 0.00000e+00 0.00000e+00 0.00000e+00 0.00000e+00 0.00000e+00 0.00000e+00 
9.9 9.95 10.0 0.00000e+00 0.00000e+00 0.00000e+00 0.00000e+00 0.00000e+00 0.00000e+00 0.00000e+00 0.00000e+00 0.00000e+00 0.00000e+00 0.00000e+00 0.00000e+00 0.00000e+00 0.00000e+00 
