0.0 0.065449846958 0.13089969392 5.46809e+01 1.62523e+00 6.45192e+01 1.19269e+00 6.04092e+00 2.27355e+00 6.19934e+01 1.25986e+00 6.12882e+01 1.56332e+00 2.15040e+01 2.27702e+00 4.78027e+01 1.67863e+00 
0.13089969392 0.19634954088 0.26179938783 5.55617e+01 1.72430e+00 6.56359e+01 1.23992e+00 5.72635e+00 2.76173e+00 6.34047e+01 1.36555e+00 6.23935e+01 1.64953e+00 2.29509e+01 2.39776e+00 4.77509e+01 1.81180e+00 
0.26179938783 0.32724923479 0.39269908175 5.88294e+01 1.93236e+00 6.90865e+01 1.35499e+00 7.00746e+00 2.71121e+00 6.67591e+01 1.42638e+00 6.56823e+01 1.83383e+00 2.47635e+01 2.75055e+00 5.13784e+01 1.92806e+00 
0.39269908175 0.45814892871 0.52359877567 6.55430e+01 2.15095e+00 7.80765e+01 1.46552e+00 2.67032e+00 3.28287e+00 7.55784e+01 1.60006e+00 7.31665e+01 1.94752e+00 2.47137e+01 3.03052e+00 5.59996e+01 2.31402e+00 
0.52359877567 0.58904862263 0.65449846958 6.77905e+01 2.06383e+00 8.01029e+01 1.46413e+00 6.46312e+00 3.09921e+00 7.72334e+01 1.53648e+00 7.60196e+01 1.96607e+00 2.79066e+01 2.90757e+00 5.86381e+01 2.18907e+00 
0.65449846958 0.71994831654 0.7853981635 5.89452e+01 1.72770e+00 6.87455e+01 1.25487e+00 7.21882e+00 2.79105e+00 6.64076e+01 1.31148e+00 6.57650e+01 1.65558e+00 2.60865e+01 2.37207e+00 5.07577e+01 1.97530e+00 
0.7853981635 0.85084801046 0.91629785742 5.02068e+01 1.55566e+00 5.83339e+01 1.13162e+00 7.64728e+00 2.25373e+00 5.63533e+01 1.18131e+00 5.59324e+01 1.56409e+00 2.27569e+01 2.13350e+00 4.37935e+01 1.63787e+00 
0.91629785742 0.98174770438 1.0471975513 3.76356e+01 1.41032e+00 4.63175e+01 1.02319e+00 -5.84005e-01 2.25332e+00 4.43850e+01 1.07290e+00 4.28466e+01 1.35181e+00 1.17835e+01 1.93894e+00 3.24555e+01 1.59664e+00 
1.0471975513 1.1126473983 1.1780972453 3.39386e+01 1.33303e+00 4.09868e+01 9.63662e-01 8.15035e-01 1.94642e+00 3.93796e+01 1.00745e+00 3.83925e+01 1.27662e+00 1.22817e+01 1.83912e+00 2.89796e+01 1.40584e+00 
1.1780972453 1.2435470922 1.3089969392 3.00676e+01 1.35012e+00 3.60008e+01 9.47453e-01 1.66768e+00 2.04873e+00 3.46064e+01 9.95552e-01 3.39258e+01 1.28409e+00 1.15873e+01 1.92173e+00 2.57729e+01 1.43297e+00 
1.3089969392 1.3744467861 1.4398966331 2.65826e+01 1.18954e+00 3.15619e+01 8.45222e-01 2.21023e+00 1.77734e+00 3.04136e+01 8.88270e-01 2.98507e+01 1.13182e+00 1.07093e+01 1.66721e+00 2.29427e+01 1.26278e+00 
1.4398966331 1.50534648 1.570796327 2.12485e+01 1.12199e+00 2.63482e+01 7.83109e-01 -2.46575e-01 1.68742e+00 2.48956e+01 8.32460e-01 2.41352e+01 1.06779e+00 7.15761e+00 1.58468e+00 1.80308e+01 1.19003e+00 
1.570796327 1.636246174 1.7016960209 1.71168e+01 1.00075e+00 2.14456e+01 7.10098e-01 -3.06187e+00 1.62394e+00 2.04846e+01 7.45281e-01 1.87919e+01 1.01140e+00 3.48816e+00 1.55155e+00 1.42705e+01 1.06045e+00 
1.7016960209 1.7671458679 1.8325957148 1.43494e+01 9.80167e-01 1.78413e+01 6.82335e-01 -1.01194e+00 1.50090e+00 1.70981e+01 7.19792e-01 1.63706e+01 9.28199e-01 4.15274e+00 1.40195e+00 1.20979e+01 1.04475e+00 
1.8325957148 1.8980455618 1.9634954088 1.13957e+01 9.12018e-01 1.48453e+01 6.37728e-01 -2.70465e+00 1.39117e+00 1.41177e+01 6.77763e-01 1.32422e+01 8.64026e-01 1.95150e+00 1.29907e+00 9.73039e+00 9.58745e-01 
1.9634954088 2.0289452557 2.0943951027 8.00108e+00 7.41304e-01 1.10669e+01 5.31795e-01 -3.88218e+00 1.15355e+00 1.03713e+01 5.72955e-01 9.48250e+00 7.31089e-01 1.81935e-01 1.03163e+00 6.11473e+00 8.16050e-01 
2.0943951027 2.1598449496 2.2252947966 7.15408e+00 7.58776e-01 9.85236e+00 5.53630e-01 -3.52570e+00 1.15193e+00 9.39698e+00 5.59551e-01 8.57939e+00 7.20559e-01 -1.80749e-02 1.07930e+00 5.55170e+00 8.06283e-01 
2.2252947966 2.2907446435 2.3561944905 6.19339e+00 6.60014e-01 8.90049e+00 5.19878e-01 -3.34338e+00 9.71626e-01 8.29962e+00 5.43441e-01 7.60544e+00 7.02543e-01 -1.54368e-01 9.18295e-01 4.71370e+00 6.96156e-01 
2.3561944905 2.4216443375 2.4870941844 3.12133e+00 6.88542e-01 6.19124e+00 4.68733e-01 -6.49823e+00 1.06636e+00 5.58549e+00 5.01240e-01 4.45269e+00 6.41153e-01 -3.59948e+00 9.93775e-01 1.89066e+00 7.40938e-01 
2.4870941844 2.5525440314 2.6179938783 3.94435e+00 5.69727e-01 6.27928e+00 4.04850e-01 -4.78648e+00 1.03476e+00 5.82479e+00 4.24868e-01 5.01122e+00 5.42867e-01 -1.56169e+00 7.99457e-01 2.73912e+00 6.03331e-01 
2.6179938783 2.6834437253 2.7488935723 3.10409e+00 6.29400e-01 5.53689e+00 4.28958e-01 -4.89709e+00 9.86199e-01 5.09878e+00 4.54253e-01 4.60896e+00 5.38457e-01 -2.46949e+00 9.17251e-01 1.96709e+00 6.73658e-01 
2.7488935723 2.8143434192 2.8797932662 4.06049e+00 5.76466e-01 5.79071e+00 3.99408e-01 -2.84143e+00 8.89065e-01 5.58674e+00 4.20390e-01 4.70655e+00 5.47423e-01 -6.20058e-01 8.30379e-01 3.03902e+00 6.14565e-01 
2.8797932662 2.9452431131 3.0106929601 1.77677e+00 5.71680e-01 4.28111e+00 3.95762e-01 -5.93306e+00 8.79273e-01 3.82192e+00 4.17605e-01 2.77916e+00 5.41199e-01 -3.59852e+00 8.22097e-01 6.45519e-01 6.08977e-01 
3.0106929601 3.076142807 3.141592654 2.16431e+00 5.10438e-01 4.42752e+00 3.59420e-01 -5.02301e+00 7.70185e-01 4.01948e+00 3.77842e-01 3.08487e+00 4.85348e-01 -2.84767e+00 7.22725e-01 1.12929e+00 5.41703e-01 
