0.0 15.0 30.0 1.45101e+01 5.46801e-02 1.12927e+01 3.67997e-02 1.80310e+01 8.62127e-02 1.13591e+01 3.79846e-02 1.44994e+01 5.30287e-02 1.81140e+01 8.23817e-02 1.45300e+01 5.70887e-02 
30.0 45.0 60.0 2.83980e+01 9.98379e-02 2.18911e+01 6.87606e-02 3.58516e+01 1.51838e-01 2.21119e+01 7.04101e-02 2.82658e+01 9.73591e-02 3.58847e+01 1.47553e-01 2.85715e+01 1.03018e-01 
60.0 75.0 90.0 3.26962e+01 1.26665e-01 2.60803e+01 8.83264e-02 3.87490e+01 1.88194e-01 2.63196e+01 9.07635e-02 3.26508e+01 1.23072e-01 3.90644e+01 1.83291e-01 3.28110e+01 1.30214e-01 
90.0 105.0 120.0 2.37376e+01 8.24587e-02 1.88292e+01 5.88357e-02 2.83815e+01 1.19872e-01 1.91114e+01 6.07631e-02 2.35841e+01 7.99827e-02 2.85149e+01 1.15227e-01 2.39476e+01 8.57462e-02 
120.0 135.0 150.0 1.43049e+01 5.09197e-02 1.13692e+01 3.70754e-02 1.69781e+01 7.34022e-02 1.16087e+01 3.82052e-02 1.41401e+01 4.96213e-02 1.70426e+01 6.95874e-02 1.44766e+01 5.36023e-02 
150.0 165.0 180.0 8.45471e+00 3.29193e-02 6.76190e+00 2.40206e-02 9.94163e+00 4.66462e-02 6.92539e+00 2.49830e-02 8.34100e+00 3.17555e-02 9.95758e+00 4.43095e-02 8.59439e+00 3.43619e-02 
180.0 195.0 210.0 5.14863e+00 2.22306e-02 4.14055e+00 1.63218e-02 5.98535e+00 3.11362e-02 4.25239e+00 1.70067e-02 5.07076e+00 2.14114e-02 6.00183e+00 2.97598e-02 5.24308e+00 2.32890e-02 
210.0 225.0 240.0 3.22020e+00 1.56078e-02 2.59963e+00 1.14345e-02 3.71297e+00 2.19270e-02 2.67763e+00 1.20003e-02 3.16476e+00 1.49083e-02 3.72324e+00 2.08032e-02 3.28588e+00 1.64552e-02 
240.0 255.0 270.0 2.07815e+00 1.12123e-02 1.68710e+00 8.29982e-03 2.36926e+00 1.55580e-02 1.74074e+00 8.69663e-03 2.04085e+00 1.07422e-02 2.37962e+00 1.47949e-02 2.12230e+00 1.18041e-02 
270.0 285.0 300.0 1.37985e+00 8.29226e-03 1.12368e+00 6.17146e-03 1.56146e+00 1.15002e-02 1.16149e+00 6.47094e-03 1.35359e+00 7.94219e-03 1.57118e+00 1.08672e-02 1.40951e+00 8.76954e-03 
300.0 315.0 330.0 9.12679e-01 6.23898e-03 7.46750e-01 4.64848e-03 1.02349e+00 8.65249e-03 7.72955e-01 4.87472e-03 8.94389e-01 5.97368e-03 1.03080e+00 8.17921e-03 9.33225e-01 6.59741e-03 
330.0 345.0 360.0 6.34169e-01 4.85629e-03 5.18965e-01 3.61145e-03 7.10316e-01 6.69805e-03 5.38522e-01 3.80797e-03 6.20353e-01 4.62345e-03 7.14540e-01 6.34189e-03 6.48794e-01 5.15417e-03 
360.0 375.0 390.0 4.43447e-01 3.78129e-03 3.64039e-01 2.80816e-03 4.92913e-01 5.26300e-03 3.78342e-01 2.96748e-03 4.33344e-01 3.59009e-03 4.96578e-01 4.93822e-03 4.54441e-01 4.02446e-03 
390.0 405.0 420.0 3.17237e-01 2.99310e-03 2.60768e-01 2.24424e-03 3.51152e-01 4.14473e-03 2.71522e-01 2.35969e-03 3.09523e-01 2.86294e-03 3.53959e-01 3.88920e-03 3.25315e-01 3.18532e-03 
420.0 435.0 450.0 2.28825e-01 2.42764e-03 1.89011e-01 1.81557e-03 2.50976e-01 3.35617e-03 1.96708e-01 1.92081e-03 2.23610e-01 2.30361e-03 2.53848e-01 3.14149e-03 2.34535e-01 2.58585e-03 
450.0 465.0 480.0 1.66113e-01 2.00059e-03 1.37808e-01 1.49351e-03 1.81453e-01 2.77295e-03 1.43400e-01 1.58619e-03 1.62483e-01 1.88946e-03 1.83227e-01 2.58492e-03 1.70541e-01 2.14062e-03 
480.0 495.0 510.0 1.21173e-01 1.63666e-03 1.00838e-01 1.22747e-03 1.30949e-01 2.25267e-03 1.05030e-01 1.30218e-03 1.18484e-01 1.54838e-03 1.32900e-01 2.10660e-03 1.24116e-01 1.74611e-03 
510.0 525.0 540.0 9.04052e-02 1.33787e-03 7.55366e-02 1.00724e-03 9.66942e-02 1.83480e-03 7.87199e-02 1.06776e-03 8.83997e-02 1.26729e-03 9.84860e-02 1.71436e-03 9.24853e-02 1.42841e-03 
540.0 555.0 570.0 6.75053e-02 1.11040e-03 5.63413e-02 8.31186e-04 7.25865e-02 1.53571e-03 5.88063e-02 8.84983e-04 6.59121e-02 1.04650e-03 7.35960e-02 1.42612e-03 6.92976e-02 1.19183e-03 
570.0 585.0 600.0 5.24110e-02 9.64263e-04 4.35977e-02 7.23264e-04 5.65357e-02 1.33046e-03 4.56180e-02 7.70571e-04 5.10365e-02 9.08423e-04 5.73034e-02 1.23453e-03 5.37919e-02 1.03711e-03 
600.0 615.0 630.0 4.05126e-02 7.99455e-04 3.37911e-02 6.01402e-04 4.35537e-02 1.09765e-03 3.53189e-02 6.40814e-04 3.95843e-02 7.54217e-04 4.42244e-02 1.01955e-03 4.15895e-02 8.57823e-04 
630.0 645.0 660.0 2.92511e-02 6.60883e-04 2.47418e-02 4.99601e-04 3.04106e-02 9.07200e-04 2.58146e-02 5.31401e-04 2.86675e-02 6.24330e-04 3.12702e-02 8.40208e-04 2.98513e-02 7.10405e-04 
660.0 675.0 690.0 2.36837e-02 6.01333e-04 1.99214e-02 4.49819e-04 2.49798e-02 8.33977e-04 2.08470e-02 4.82098e-04 2.31077e-02 5.62722e-04 2.54709e-02 7.67513e-04 2.43107e-02 6.50403e-04 
690.0 705.0 720.0 1.80928e-02 5.05992e-04 1.53233e-02 3.77279e-04 1.88009e-02 7.03373e-04 1.60299e-02 4.04022e-04 1.77072e-02 4.72352e-04 1.93168e-02 6.47315e-04 1.84962e-02 5.47391e-04 
720.0 735.0 750.0 1.43085e-02 4.37540e-04 1.20722e-02 3.30404e-04 1.49057e-02 5.96752e-04 1.26366e-02 3.52123e-04 1.39665e-02 4.12470e-04 1.53480e-02 5.56365e-04 1.46144e-02 4.68745e-04 
750.0 765.0 780.0 1.13648e-02 3.79512e-04 9.70307e-03 2.91144e-04 1.15315e-02 5.10330e-04 1.01494e-02 3.09714e-04 1.11198e-02 3.58653e-04 1.19771e-02 4.73904e-04 1.15941e-02 4.06655e-04 
780.0 795.0 810.0 9.32801e-03 3.49131e-04 7.84271e-03 2.61702e-04 9.84039e-03 4.86479e-04 8.23378e-03 2.81159e-04 9.07813e-03 3.25871e-04 1.00257e-02 4.44407e-04 9.58806e-03 3.78949e-04 
810.0 825.0 840.0 7.37964e-03 2.94679e-04 6.20182e-03 2.19780e-04 7.75271e-03 4.10702e-04 6.52184e-03 2.36598e-04 7.16746e-03 2.74451e-04 7.92218e-03 3.75691e-04 7.57755e-03 3.20517e-04 
840.0 855.0 870.0 6.09635e-03 2.54855e-04 5.13032e-03 1.92017e-04 6.41795e-03 3.50203e-04 5.39382e-03 2.06285e-04 5.92565e-03 2.38064e-04 6.53611e-03 3.21368e-04 6.27885e-03 2.76417e-04 
870.0 885.0 900.0 4.69801e-03 2.26647e-04 3.98951e-03 1.69891e-04 4.87654e-03 3.14780e-04 4.19994e-03 1.83031e-04 4.59805e-03 2.11400e-04 5.04528e-03 2.86690e-04 4.83245e-03 2.46907e-04 
900.0 915.0 930.0 3.78760e-03 1.95694e-04 3.15229e-03 1.47988e-04 3.99116e-03 2.68531e-04 3.33509e-03 1.58600e-04 3.65304e-03 1.83364e-04 4.08156e-03 2.46712e-04 3.87583e-03 2.11973e-04 
930.0 945.0 960.0 3.03023e-03 1.97713e-04 2.55110e-03 1.44084e-04 3.18176e-03 2.83618e-04 2.68519e-03 1.57411e-04 2.94457e-03 1.81174e-04 3.24735e-03 2.54274e-04 3.12043e-03 2.19195e-04 
960.0 975.0 990.0 2.33334e-03 1.55042e-04 2.00686e-03 1.19998e-04 2.31732e-03 2.07497e-04 2.09617e-03 1.28010e-04 2.29283e-03 1.46116e-04 2.44117e-03 1.91753e-04 2.36526e-03 1.66648e-04 
990.0 1005.0 1020.0 2.03228e-03 1.59414e-04 1.70085e-03 1.16432e-04 2.14400e-03 2.29467e-04 1.80681e-03 1.27744e-04 1.95403e-03 1.45360e-04 2.16821e-03 2.04088e-04 2.10887e-03 1.77787e-04 
1020.0 1035.0 1050.0 1.68238e-03 1.30005e-04 1.40374e-03 9.60674e-05 1.80832e-03 1.84025e-04 1.48911e-03 1.04619e-04 1.61953e-03 1.19557e-04 1.81042e-03 1.65259e-04 1.75586e-03 1.43728e-04 
1050.0 1065.0 1080.0 1.44823e-03 1.19180e-04 1.21211e-03 8.84537e-05 1.53079e-03 1.67215e-04 1.27885e-03 9.58786e-05 1.40373e-03 1.10190e-04 1.56594e-03 1.51507e-04 1.48885e-03 1.30736e-04 
1080.0 1095.0 1110.0 1.02201e-03 9.15126e-05 8.99779e-04 7.39254e-05 1.01875e-03 1.24205e-04 9.19082e-04 7.49067e-05 1.03148e-03 9.16640e-05 1.07051e-03 1.13848e-04 1.03639e-03 9.91912e-05 
1110.0 1125.0 1140.0 7.38269e-04 8.00274e-05 6.31912e-04 5.92924e-05 7.52269e-04 1.12231e-04 6.63570e-04 6.44605e-05 7.16975e-04 7.37786e-05 7.74620e-04 1.01496e-04 7.59063e-04 8.79966e-05 
1140.0 1155.0 1170.0 7.54102e-04 8.20476e-05 6.37714e-04 6.28532e-05 7.88061e-04 1.10368e-04 6.69251e-04 6.74213e-05 7.31687e-04 7.70069e-05 8.02321e-04 1.01608e-04 7.68467e-04 8.86357e-05 
1170.0 1185.0 1200.0 6.17825e-04 7.62387e-05 5.11750e-04 5.75028e-05 6.86647e-04 1.04569e-04 5.45461e-04 6.19241e-05 5.93699e-04 7.11050e-05 6.88526e-04 9.53847e-05 6.56117e-04 8.28897e-05 
1200.0 1215.0 1230.0 4.60955e-04 6.64827e-05 3.99548e-04 5.00703e-05 4.72548e-04 9.13101e-05 4.18464e-04 5.40582e-05 4.53875e-04 6.18193e-05 4.77769e-04 8.33625e-05 4.80938e-04 7.24586e-05 
1230.0 1245.0 1260.0 4.22952e-04 6.16486e-05 3.39006e-04 4.41676e-05 4.90234e-04 8.98447e-05 3.65021e-04 4.87429e-05 3.99361e-04 5.58851e-05 4.76713e-04 7.98407e-05 4.49187e-04 6.90298e-05 
1260.0 1275.0 1290.0 3.85484e-04 5.31075e-05 3.26460e-04 4.13427e-05 3.89390e-04 6.97733e-05 3.43440e-04 4.42440e-05 3.73418e-04 4.99540e-05 4.07942e-04 6.45420e-05 3.91797e-04 5.71721e-05 
1290.0 1305.0 1320.0 2.44580e-04 4.16932e-05 2.02050e-04 3.04857e-05 2.33343e-04 5.67386e-05 2.15378e-04 3.33137e-05 2.26233e-04 3.72678e-05 2.47970e-04 5.10494e-05 2.47174e-04 4.58103e-05 
1320.0 1335.0 1350.0 1.16289e-04 3.13014e-05 1.04824e-04 2.33600e-05 8.82945e-05 4.23236e-05 1.08655e-04 2.53397e-05 1.16092e-04 2.89848e-05 1.04009e-04 3.79934e-05 1.11862e-04 3.43361e-05 
1350.0 1365.0 1380.0 1.56322e-04 3.44542e-05 1.44928e-04 2.87090e-05 1.40047e-04 4.27455e-05 1.47399e-04 2.97170e-05 1.59345e-04 3.36597e-05 1.55653e-04 4.06134e-05 1.54925e-04 3.62679e-05 
1380.0 1395.0 1410.0 1.58871e-04 3.26861e-05 1.32360e-04 2.63924e-05 1.53238e-04 3.87646e-05 1.44689e-04 2.82422e-05 1.48662e-04 3.08698e-05 1.63107e-04 3.73390e-05 1.60599e-04 3.40054e-05 
1410.0 1425.0 1440.0 1.26642e-05 1.59984e-05 1.07875e-05 1.03677e-05 8.35796e-06 2.35971e-05 1.26801e-05 1.20307e-05 1.07400e-05 1.37860e-05 1.06351e-05 2.17690e-05 1.15949e-05 1.73374e-05 
1440.0 1455.0 1470.0 3.24935e-05 1.25457e-05 3.12727e-05 9.27584e-06 2.32121e-05 1.76428e-05 3.34035e-05 1.03275e-05 3.18200e-05 1.13095e-05 2.89808e-05 1.59628e-05 3.25667e-05 1.40669e-05 
1470.0 1485.0 1500.0 5.42391e-06 1.16022e-05 1.59682e-05 1.00803e-05 -2.91415e-05 1.12191e-05 1.32690e-05 1.03390e-05 1.58254e-05 1.25833e-05 -9.28474e-06 1.27371e-05 -4.26882e-06 1.13543e-05 
1500.0 1515.0 1530.0 -6.35757e-08 8.13380e-06 1.36046e-05 8.27994e-06 -2.86460e-05 7.77830e-06 1.60575e-05 9.67831e-06 4.08977e-06 7.89985e-06 -1.64894e-05 7.96281e-06 -6.10742e-06 8.30003e-06 
1530.0 1545.0 1560.0 -9.72559e-07 7.06635e-06 6.73939e-06 6.02318e-06 -2.72358e-05 7.31589e-06 5.22518e-06 6.29432e-06 2.47609e-06 6.95102e-06 -1.37454e-05 7.67341e-06 -8.37338e-06 7.13372e-06 
1560.0 1575.0 1590.0 -3.40786e-06 5.74587e-06 5.31533e-06 5.43611e-06 -2.12974e-05 6.16570e-06 3.82585e-06 5.63722e-06 2.30494e-06 6.30743e-06 -1.32687e-05 6.18751e-06 -3.92244e-06 6.80526e-06 
1590.0 1605.0 1620.0 -1.75796e-05 1.30162e-06 -1.02989e-05 7.63902e-07 -3.09646e-05 2.18716e-06 -1.24088e-05 9.19298e-07 -1.45911e-05 1.08160e-06 -2.55850e-05 1.89308e-06 -2.12763e-05 1.50385e-06 
1620.0 1635.0 1650.0 -1.15451e-05 9.36915e-07 -7.04555e-06 5.99346e-07 -1.99499e-05 1.69644e-06 -8.15456e-06 6.62181e-07 -9.97444e-06 8.48031e-07 -1.67897e-05 1.36154e-06 -1.37187e-05 1.16737e-06 
1650.0 1665.0 1680.0 -1.23282e-05 9.49321e-07 -7.15377e-06 5.48424e-07 -2.10720e-05 1.58326e-06 -8.71349e-06 6.71296e-07 -1.01215e-05 7.75520e-07 -1.79146e-05 1.37874e-06 -1.45018e-05 1.09019e-06 
1680.0 1695.0 1710.0 -9.75079e-06 7.90203e-07 -5.66629e-06 4.53353e-07 -1.66759e-05 1.40106e-06 -6.89718e-06 5.59216e-07 -8.01107e-06 6.40621e-07 -1.41565e-05 1.14662e-06 -1.14858e-05 9.65576e-07 
1710.0 1725.0 1740.0 -7.26182e-06 6.10604e-07 -4.44298e-06 3.91073e-07 -1.28704e-05 1.03578e-06 -5.13944e-06 4.32377e-07 -6.27795e-06 5.52258e-07 -1.05364e-05 8.85411e-07 -8.87047e-06 7.14274e-07 
1740.0 1755.0 1770.0 -5.74571e-06 4.46063e-07 -3.42517e-06 2.63219e-07 -1.03905e-05 8.01095e-07 -4.06882e-06 3.16119e-07 -4.81382e-06 3.74303e-07 -8.41095e-06 6.51354e-07 -7.16609e-06 5.52942e-07 
1770.0 1785.0 1800.0 -5.71255e-06 4.89077e-07 -3.32217e-06 2.85876e-07 -1.00447e-05 8.59119e-07 -4.04827e-06 3.46722e-07 -4.68799e-06 4.03247e-07 -8.27634e-06 7.08277e-07 -6.93313e-06 5.93235e-07 
1800.0 1815.0 1830.0 -3.40024e-06 3.19724e-07 -1.96427e-06 1.82547e-07 -6.05353e-06 5.67420e-07 -2.41091e-06 2.26828e-07 -2.77031e-06 2.57309e-07 -4.92335e-06 4.62647e-07 -4.18079e-06 3.92127e-07 
1830.0 1845.0 1860.0 -3.03607e-06 2.78046e-07 -1.73203e-06 1.62527e-07 -5.29704e-06 4.91145e-07 -2.15414e-06 1.97351e-07 -2.44115e-06 2.28978e-07 -4.39280e-06 4.02130e-07 -3.66096e-06 3.39599e-07 
1860.0 1875.0 1890.0 -1.93175e-06 1.93210e-07 -1.16315e-06 1.09695e-07 -3.40682e-06 3.41678e-07 -1.37131e-06 1.37241e-07 -1.63848e-06 1.54443e-07 -2.79342e-06 2.79195e-07 -2.35603e-06 2.36448e-07 
1890.0 1905.0 1920.0 -1.94586e-06 1.87471e-07 -1.20650e-06 1.15025e-07 -3.57033e-06 3.30158e-07 -1.38214e-06 1.33213e-07 -1.69856e-06 1.61874e-07 -2.81196e-06 2.70790e-07 -2.47075e-06 2.28570e-07 
1920.0 1935.0 1950.0 -1.60857e-06 1.47178e-07 -9.47547e-07 8.69067e-08 -2.84864e-06 2.59963e-07 -1.14321e-06 1.04638e-07 -1.33326e-06 1.22238e-07 -2.32305e-06 2.12462e-07 -1.97252e-06 1.80083e-07 
1950.0 1965.0 1980.0 -1.54118e-06 1.25509e-07 -9.19188e-07 7.48386e-08 -2.76241e-06 2.28547e-07 -1.10996e-06 9.01937e-08 -1.29266e-06 1.05214e-07 -2.22418e-06 1.81054e-07 -1.93889e-06 1.60060e-07 
1980.0 1995.0 2010.0 -1.19370e-06 1.01707e-07 -7.21000e-07 5.99532e-08 -2.22184e-06 1.87825e-07 -8.60849e-07 7.15813e-08 -1.01327e-06 8.42393e-08 -1.72161e-06 1.46640e-07 -1.54056e-06 1.30271e-07 
2010.0 2025.0 2040.0 -7.93693e-07 8.67959e-08 -4.39211e-07 4.56515e-08 -1.45750e-06 1.55914e-07 -5.58375e-07 6.14588e-08 -6.16970e-07 6.41047e-08 -1.00755e-06 1.00884e-07 -8.61719e-07 8.62593e-08 
2040.0 2055.0 2070.0 -2.61179e-07 2.90283e-08 -1.39355e-07 1.41134e-08 -4.73224e-07 5.23074e-08 -1.86000e-07 2.06818e-08 -1.95687e-07 1.98133e-08 -3.76310e-07 4.18029e-08 -3.28408e-07 3.63264e-08 
2070.0 2085.0 2100.0 -5.51850e-08 5.24480e-09 -3.14191e-08 2.99945e-09 -1.01293e-07 9.58202e-09 -3.93082e-08 3.73666e-09 -4.41102e-08 4.21027e-09 -7.94928e-08 7.55332e-09 -7.03203e-08 6.65386e-09 
2100.0 2115.0 2130.0 -9.69782e-08 1.00073e-08 -5.46368e-08 5.72447e-09 -1.85411e-07 1.83959e-08 -6.91377e-08 7.13728e-09 -7.66388e-08 8.02638e-09 -1.39553e-07 1.43939e-08 -1.28847e-07 1.27877e-08 
2130.0 2145.0 2160.0 -2.91719e-08 2.87195e-09 -1.42353e-08 1.45699e-09 -5.44535e-08 5.25696e-09 -2.08065e-08 2.04935e-09 -1.99597e-08 2.04166e-09 -4.19568e-08 4.12835e-09 -3.78611e-08 3.65664e-09 
2160.0 2175.0 2190.0 -2.71197e-08 3.20272e-09 -1.59423e-08 1.79865e-09 -5.20977e-08 6.38256e-09 -1.93536e-08 2.28621e-09 -2.23394e-08 2.51976e-09 -3.89798e-08 4.60182e-09 -3.46988e-08 4.00420e-09 
2190.0 2205.0 2220.0 -2.79515e-09 3.19436e-10 -1.57608e-09 1.81079e-10 -5.13645e-09 5.86467e-10 -1.97566e-09 2.26822e-10 -2.20794e-09 2.53610e-10 -4.01623e-09 4.58850e-10 -3.57450e-09 4.08260e-10 
2220.0 2235.0 2250.0 -2.06721e-10 3.10524e-11 -8.89053e-11 1.31759e-11 -4.00528e-10 5.85872e-11 -1.47662e-10 2.21905e-11 -1.24448e-10 1.84429e-11 -2.96791e-10 4.45594e-11 -2.78974e-10 4.08271e-11 
2250.0 2265.0 2280.0 -1.95273e-10 2.58301e-11 -9.73142e-11 1.32101e-11 -4.10955e-10 5.39424e-11 -1.39551e-10 1.84606e-11 -1.36172e-10 1.84834e-11 -2.80195e-10 3.70605e-11 -2.86398e-10 3.75948e-11 
2280.0 2295.0 2310.0 -3.08047e-11 5.22915e-12 -1.68899e-11 2.72073e-12 -6.20056e-11 1.02605e-11 -2.20247e-11 3.73879e-12 -2.36231e-11 3.80524e-12 -4.41769e-11 7.49894e-12 -4.32364e-11 7.15484e-12 
2310.0 2325.0 2340.0 -1.62428e-11 2.71566e-12 -8.50430e-12 1.41688e-12 -3.70283e-11 6.08739e-12 -1.16156e-11 1.94313e-12 -1.18915e-11 1.98026e-12 -2.32880e-11 3.89092e-12 -2.58302e-11 4.24928e-12 
2340.0 2355.0 2370.0 -1.77832e-12 3.33274e-13 -9.01540e-13 1.71380e-13 -3.69823e-12 6.85959e-13 -1.27259e-12 2.38496e-13 -1.25982e-12 2.39486e-13 -2.54758e-12 4.77437e-13 -2.58152e-12 4.78831e-13 
2370.0 2385.0 2400.0 -7.40943e-14 1.94754e-14 -3.97526e-14 1.03359e-14 -1.25640e-13 3.34432e-14 -5.30420e-14 1.39428e-14 -5.55302e-14 1.44372e-14 -1.06099e-13 2.78854e-14 -8.77365e-14 2.33558e-14 
2400.0 2415.0 2430.0 0.00000e+00 0.00000e+00 0.00000e+00 0.00000e+00 0.00000e+00 0.00000e+00 0.00000e+00 0.00000e+00 0.00000e+00 0.00000e+00 0.00000e+00 0.00000e+00 0.00000e+00 0.00000e+00 
2430.0 2445.0 2460.0 0.00000e+00 0.00000e+00 0.00000e+00 0.00000e+00 0.00000e+00 0.00000e+00 0.00000e+00 0.00000e+00 0.00000e+00 0.00000e+00 0.00000e+00 0.00000e+00 0.00000e+00 0.00000e+00 
2460.0 2475.0 2490.0 0.00000e+00 0.00000e+00 0.00000e+00 0.00000e+00 0.00000e+00 0.00000e+00 0.00000e+00 0.00000e+00 0.00000e+00 0.00000e+00 0.00000e+00 0.00000e+00 0.00000e+00 0.00000e+00 
2490.0 2505.0 2520.0 0.00000e+00 0.00000e+00 0.00000e+00 0.00000e+00 0.00000e+00 0.00000e+00 0.00000e+00 0.00000e+00 0.00000e+00 0.00000e+00 0.00000e+00 0.00000e+00 0.00000e+00 0.00000e+00 
2520.0 2535.0 2550.0 0.00000e+00 0.00000e+00 0.00000e+00 0.00000e+00 0.00000e+00 0.00000e+00 0.00000e+00 0.00000e+00 0.00000e+00 0.00000e+00 0.00000e+00 0.00000e+00 0.00000e+00 0.00000e+00 
2550.0 2565.0 2580.0 0.00000e+00 0.00000e+00 0.00000e+00 0.00000e+00 0.00000e+00 0.00000e+00 0.00000e+00 0.00000e+00 0.00000e+00 0.00000e+00 0.00000e+00 0.00000e+00 0.00000e+00 0.00000e+00 
2580.0 2595.0 2610.0 0.00000e+00 0.00000e+00 0.00000e+00 0.00000e+00 0.00000e+00 0.00000e+00 0.00000e+00 0.00000e+00 0.00000e+00 0.00000e+00 0.00000e+00 0.00000e+00 0.00000e+00 0.00000e+00 
2610.0 2625.0 2640.0 0.00000e+00 0.00000e+00 0.00000e+00 0.00000e+00 0.00000e+00 0.00000e+00 0.00000e+00 0.00000e+00 0.00000e+00 0.00000e+00 0.00000e+00 0.00000e+00 0.00000e+00 0.00000e+00 
2640.0 2655.0 2670.0 0.00000e+00 0.00000e+00 0.00000e+00 0.00000e+00 0.00000e+00 0.00000e+00 0.00000e+00 0.00000e+00 0.00000e+00 0.00000e+00 0.00000e+00 0.00000e+00 0.00000e+00 0.00000e+00 
2670.0 2685.0 2700.0 0.00000e+00 0.00000e+00 0.00000e+00 0.00000e+00 0.00000e+00 0.00000e+00 0.00000e+00 0.00000e+00 0.00000e+00 0.00000e+00 0.00000e+00 0.00000e+00 0.00000e+00 0.00000e+00 
2700.0 2715.0 2730.0 0.00000e+00 0.00000e+00 0.00000e+00 0.00000e+00 0.00000e+00 0.00000e+00 0.00000e+00 0.00000e+00 0.00000e+00 0.00000e+00 0.00000e+00 0.00000e+00 0.00000e+00 0.00000e+00 
2730.0 2745.0 2760.0 0.00000e+00 0.00000e+00 0.00000e+00 0.00000e+00 0.00000e+00 0.00000e+00 0.00000e+00 0.00000e+00 0.00000e+00 0.00000e+00 0.00000e+00 0.00000e+00 0.00000e+00 0.00000e+00 
2760.0 2775.0 2790.0 0.00000e+00 0.00000e+00 0.00000e+00 0.00000e+00 0.00000e+00 0.00000e+00 0.00000e+00 0.00000e+00 0.00000e+00 0.00000e+00 0.00000e+00 0.00000e+00 0.00000e+00 0.00000e+00 
2790.0 2805.0 2820.0 0.00000e+00 0.00000e+00 0.00000e+00 0.00000e+00 0.00000e+00 0.00000e+00 0.00000e+00 0.00000e+00 0.00000e+00 0.00000e+00 0.00000e+00 0.00000e+00 0.00000e+00 0.00000e+00 
2820.0 2835.0 2850.0 0.00000e+00 0.00000e+00 0.00000e+00 0.00000e+00 0.00000e+00 0.00000e+00 0.00000e+00 0.00000e+00 0.00000e+00 0.00000e+00 0.00000e+00 0.00000e+00 0.00000e+00 0.00000e+00 
2850.0 2865.0 2880.0 0.00000e+00 0.00000e+00 0.00000e+00 0.00000e+00 0.00000e+00 0.00000e+00 0.00000e+00 0.00000e+00 0.00000e+00 0.00000e+00 0.00000e+00 0.00000e+00 0.00000e+00 0.00000e+00 
2880.0 2895.0 2910.0 0.00000e+00 0.00000e+00 0.00000e+00 0.00000e+00 0.00000e+00 0.00000e+00 0.00000e+00 0.00000e+00 0.00000e+00 0.00000e+00 0.00000e+00 0.00000e+00 0.00000e+00 0.00000e+00 
2910.0 2925.0 2940.0 0.00000e+00 0.00000e+00 0.00000e+00 0.00000e+00 0.00000e+00 0.00000e+00 0.00000e+00 0.00000e+00 0.00000e+00 0.00000e+00 0.00000e+00 0.00000e+00 0.00000e+00 0.00000e+00 
2940.0 2955.0 2970.0 0.00000e+00 0.00000e+00 0.00000e+00 0.00000e+00 0.00000e+00 0.00000e+00 0.00000e+00 0.00000e+00 0.00000e+00 0.00000e+00 0.00000e+00 0.00000e+00 0.00000e+00 0.00000e+00 
2970.0 2985.0 3000.0 0.00000e+00 0.00000e+00 0.00000e+00 0.00000e+00 0.00000e+00 0.00000e+00 0.00000e+00 0.00000e+00 0.00000e+00 0.00000e+00 0.00000e+00 0.00000e+00 0.00000e+00 0.00000e+00 
