-3.5 -3.45 -3.4 5.62058e+01 2.75647e+00 4.42313e+01 1.84302e+00 6.69055e+01 4.36514e+00 4.62509e+01 1.98334e+00 5.46558e+01 2.56377e+00 6.55887e+01 3.98862e+00 5.82340e+01 3.00337e+00 
-3.4 -3.35 -3.3 6.91721e+01 3.16918e+00 5.46216e+01 2.09900e+00 7.97719e+01 5.03237e+00 5.66388e+01 2.25626e+00 6.76446e+01 2.93333e+00 8.11086e+01 4.61220e+00 7.02744e+01 3.45381e+00 
-3.3 -3.25 -3.2 7.47294e+01 2.97109e+00 6.01824e+01 1.99310e+00 8.45353e+01 4.54117e+00 6.20743e+01 2.13381e+00 7.35820e+01 2.77436e+00 8.53368e+01 4.30927e+00 7.61476e+01 3.21518e+00 
-3.2 -3.15 -3.1 8.84153e+01 2.97255e+00 7.05855e+01 2.02764e+00 1.01541e+02 4.82103e+00 7.29674e+01 2.16173e+00 8.67350e+01 2.79206e+00 1.02267e+02 4.23993e+00 9.03075e+01 3.33470e+00 
-3.1 -3.05 -3.0 9.78357e+01 2.97160e+00 7.84615e+01 2.00728e+00 1.09933e+02 4.67930e+00 8.09752e+01 2.13385e+00 9.61141e+01 2.79444e+00 1.12607e+02 4.31571e+00 9.87388e+01 3.21017e+00 
-3.0 -2.95 -2.9 1.23948e+02 3.31713e+00 9.81316e+01 2.23598e+00 1.45791e+02 5.18422e+00 1.01506e+02 2.38021e+00 1.21336e+02 3.11806e+00 1.45579e+02 4.81562e+00 1.27108e+02 3.56893e+00 
-2.9 -2.85 -2.8 1.23973e+02 3.20753e+00 1.00630e+02 2.15655e+00 1.38022e+02 5.02847e+00 1.03544e+02 2.29398e+00 1.22280e+02 3.01414e+00 1.40435e+02 4.68357e+00 1.25636e+02 3.40226e+00 
-2.8 -2.75 -2.7 1.45022e+02 3.27369e+00 1.16420e+02 2.22366e+00 1.65529e+02 5.15148e+00 1.20001e+02 2.35950e+00 1.42326e+02 3.05904e+00 1.67236e+02 4.73071e+00 1.47508e+02 3.54922e+00 
-2.7 -2.65 -2.6 1.60394e+02 3.27337e+00 1.28917e+02 2.21339e+00 1.81411e+02 4.82901e+00 1.32722e+02 2.34709e+00 1.57834e+02 3.08488e+00 1.83019e+02 4.51074e+00 1.61962e+02 3.35246e+00 
-2.6 -2.55 -2.5 1.69585e+02 3.24398e+00 1.37165e+02 2.20089e+00 1.90712e+02 4.98478e+00 1.41050e+02 2.32694e+00 1.67141e+02 3.06793e+00 1.93866e+02 4.72280e+00 1.72544e+02 3.46315e+00 
-2.5 -2.45 -2.4 1.84330e+02 3.15660e+00 1.49180e+02 2.15611e+00 2.08878e+02 4.87548e+00 1.53348e+02 2.27585e+00 1.81721e+02 2.99074e+00 2.10767e+02 4.56730e+00 1.87517e+02 3.36378e+00 
-2.4 -2.35 -2.3 1.99029e+02 3.28975e+00 1.62145e+02 2.23267e+00 2.23198e+02 5.08406e+00 1.66282e+02 2.33908e+00 1.96864e+02 3.09755e+00 2.25960e+02 4.76960e+00 2.01980e+02 3.49997e+00 
-2.3 -2.25 -2.2 2.18343e+02 3.27231e+00 1.76395e+02 2.23298e+00 2.49258e+02 5.07435e+00 1.81171e+02 2.35163e+00 2.15320e+02 3.10656e+00 2.51050e+02 4.75482e+00 2.22045e+02 3.47980e+00 
-2.2 -2.15 -2.1 2.29274e+02 3.26371e+00 1.86965e+02 2.23668e+00 2.57228e+02 5.03198e+00 1.91562e+02 2.35058e+00 2.26808e+02 3.10541e+00 2.60739e+02 4.73541e+00 2.32348e+02 3.46141e+00 
-2.1 -2.05 -2.0 2.46673e+02 3.26262e+00 2.00793e+02 2.24348e+00 2.77263e+02 4.98563e+00 2.05674e+02 2.35137e+00 2.43786e+02 3.10820e+00 2.80843e+02 4.71560e+00 2.49954e+02 3.44632e+00 
-2.0 -1.95 -1.9 2.67909e+02 3.19348e+00 2.16824e+02 2.21905e+00 3.04288e+02 4.82130e+00 2.22298e+02 2.32290e+00 2.64569e+02 3.05249e+00 3.06881e+02 4.56520e+00 2.70904e+02 3.36781e+00 
-1.9 -1.85 -1.8 2.79012e+02 3.27224e+00 2.27282e+02 2.26344e+00 3.14420e+02 4.97810e+00 2.32713e+02 2.36855e+00 2.76025e+02 3.12819e+00 3.18083e+02 4.71467e+00 2.82738e+02 3.45019e+00 
-1.8 -1.75 -1.7 2.91034e+02 3.25890e+00 2.37238e+02 2.24594e+00 3.28433e+02 4.96402e+00 2.42568e+02 2.35698e+00 2.88371e+02 3.10262e+00 3.32286e+02 4.70163e+00 2.94780e+02 3.43480e+00 
-1.7 -1.65 -1.6 3.02991e+02 3.36669e+00 2.47846e+02 2.24081e+00 3.41345e+02 5.14895e+00 2.52645e+02 2.42469e+00 3.01114e+02 3.07734e+00 3.45135e+02 4.87971e+00 3.06980e+02 3.54637e+00 
-1.6 -1.55 -1.5 3.24685e+02 3.35408e+00 2.63502e+02 2.35849e+00 3.68797e+02 5.06856e+00 2.69951e+02 2.43101e+00 3.20724e+02 3.26654e+00 3.71539e+02 4.92325e+00 3.28979e+02 3.51995e+00 
-1.5 -1.45 -1.4 3.31880e+02 3.34731e+00 2.70286e+02 2.31347e+00 3.76321e+02 4.80430e+00 2.76588e+02 2.41455e+00 3.28323e+02 3.20761e+00 3.79277e+02 4.84845e+00 3.36867e+02 3.35987e+00 
-1.4 -1.35 -1.3 3.48124e+02 3.37773e+00 2.83095e+02 2.33482e+00 3.95446e+02 5.15274e+00 2.89507e+02 2.43417e+00 3.44569e+02 3.23978e+00 3.99425e+02 4.89894e+00 3.52589e+02 3.54604e+00 
-1.3 -1.25 -1.2 3.57678e+02 3.39942e+00 2.91865e+02 2.31649e+00 4.04746e+02 5.16986e+00 2.98000e+02 2.45306e+00 3.54732e+02 3.19445e+00 4.09016e+02 4.92285e+00 3.62425e+02 3.53989e+00 
-1.2 -1.15 -1.1 3.69006e+02 3.29526e+00 3.00366e+02 2.30027e+00 4.19040e+02 4.96182e+00 3.07156e+02 2.39171e+00 3.65141e+02 3.17035e+00 4.22693e+02 4.73526e+00 3.73925e+02 3.44787e+00 
-1.1 -1.05 -1.0 3.81010e+02 3.33410e+00 3.10692e+02 2.33096e+00 4.31260e+02 5.01172e+00 3.17278e+02 2.41927e+00 3.77656e+02 3.21389e+00 4.36195e+02 4.79438e+00 3.85330e+02 3.48063e+00 
-1.0 -0.95 -0.9 3.96892e+02 3.44043e+00 3.22210e+02 2.33968e+00 4.52278e+02 5.22205e+00 3.29883e+02 2.48151e+00 3.92014e+02 3.22491e+00 4.55979e+02 4.98703e+00 4.02127e+02 3.59641e+00 
-0.9 -0.85 -0.8 4.00960e+02 3.24481e+00 3.26675e+02 2.28836e+00 4.55130e+02 4.82043e+00 3.33743e+02 2.37153e+00 3.97122e+02 3.13327e+00 4.59501e+02 4.61982e+00 4.05880e+02 3.38171e+00 
-0.8 -0.75 -0.7 4.10348e+02 3.31147e+00 3.33756e+02 2.31933e+00 4.67823e+02 5.13362e+00 3.41113e+02 2.40558e+00 4.05255e+02 3.18637e+00 4.71685e+02 4.90992e+00 4.15727e+02 3.45425e+00 
-0.7 -0.65 -0.6 4.16525e+02 3.29768e+00 3.39021e+02 2.31189e+00 4.73606e+02 4.93772e+00 3.46290e+02 2.39517e+00 4.12555e+02 3.18470e+00 4.77992e+02 4.73447e+00 4.21444e+02 3.43442e+00 
-0.6 -0.55 -0.5 4.23443e+02 3.36886e+00 3.45521e+02 2.36030e+00 4.79821e+02 5.05641e+00 3.52683e+02 2.44399e+00 4.19748e+02 3.25440e+00 4.84754e+02 4.84814e+00 4.28273e+02 3.50797e+00 
-0.5 -0.45 -0.4 4.32596e+02 3.38884e+00 3.51416e+02 2.36475e+00 4.94815e+02 5.11383e+00 3.59088e+02 2.36917e+00 4.28458e+02 3.27276e+00 4.99005e+02 4.90261e+00 4.37891e+02 3.52922e+00 
-0.4 -0.35 -0.3 4.34947e+02 3.40347e+00 3.53907e+02 2.37494e+00 4.96741e+02 5.19774e+00 3.61333e+02 2.45916e+00 4.30941e+02 3.28769e+00 5.00354e+02 4.92452e+00 4.40626e+02 3.57706e+00 
-0.3 -0.25 -0.2 4.37891e+02 3.49539e+00 3.56161e+02 2.42660e+00 4.99783e+02 5.30695e+00 3.63715e+02 2.51453e+00 4.33692e+02 3.37320e+00 5.03926e+02 5.08667e+00 4.43297e+02 3.64108e+00 
-0.2 -0.15 -0.1 4.36787e+02 3.31244e+00 3.56497e+02 2.37271e+00 4.97251e+02 4.95729e+00 3.64049e+02 2.45716e+00 4.33892e+02 3.28802e+00 5.01581e+02 4.75813e+00 4.42108e+02 3.44608e+00 
-0.1 -0.05 0.0 4.46732e+02 3.35911e+00 3.62236e+02 2.40214e+00 5.11455e+02 5.01849e+00 3.70513e+02 2.44207e+00 4.41489e+02 3.32271e+00 5.14274e+02 4.86119e+00 4.52299e+02 3.49234e+00 
0.0 0.05 0.1 4.43427e+02 3.44487e+00 3.60527e+02 2.39690e+00 5.06537e+02 5.22194e+00 3.68244e+02 2.48514e+00 4.39063e+02 3.32204e+00 5.10466e+02 4.99513e+00 4.49055e+02 3.59391e+00 
0.1 0.15 0.2 4.38919e+02 3.34064e+00 3.57651e+02 2.34920e+00 4.99257e+02 4.98780e+00 3.65067e+02 2.42971e+00 4.34984e+02 3.23135e+00 5.03961e+02 4.79038e+00 4.44021e+02 3.47339e+00 
0.2 0.25 0.3 4.35870e+02 3.42824e+00 3.54944e+02 2.38671e+00 4.96903e+02 5.22505e+00 3.62453e+02 2.47095e+00 4.31745e+02 3.31206e+00 5.00527e+02 4.97741e+00 4.41586e+02 3.58741e+00 
0.3 0.35 0.4 4.31313e+02 3.29644e+00 3.51044e+02 2.31712e+00 4.91182e+02 4.80928e+00 3.58445e+02 2.36212e+00 4.27170e+02 3.18766e+00 4.95719e+02 4.72890e+00 4.36389e+02 3.36704e+00 
0.4 0.45 0.5 4.29572e+02 3.42806e+00 3.49976e+02 2.40210e+00 4.88989e+02 5.16997e+00 3.57248e+02 2.47935e+00 4.25741e+02 3.32570e+00 4.93171e+02 4.95370e+00 4.34894e+02 3.57195e+00 
0.5 0.55 0.6 4.20488e+02 3.25437e+00 3.42496e+02 2.29194e+00 4.78206e+02 4.84799e+00 3.49846e+02 2.37235e+00 4.16296e+02 3.18899e+00 4.82172e+02 4.74279e+00 4.25710e+02 3.38698e+00 
0.6 0.65 0.7 4.17229e+02 3.37444e+00 3.38533e+02 2.30281e+00 4.76371e+02 5.10675e+00 3.46397e+02 2.43823e+00 4.12242e+02 3.16767e+00 4.80404e+02 4.87937e+00 4.22491e+02 3.52532e+00 
0.7 0.75 0.8 4.06863e+02 3.39997e+00 3.31781e+02 2.37271e+00 4.61267e+02 5.12528e+00 3.38782e+02 2.46035e+00 4.03179e+02 3.27985e+00 4.65981e+02 4.90769e+00 4.11600e+02 3.54555e+00 
0.8 0.85 0.9 3.99526e+02 3.27068e+00 3.25185e+02 2.29148e+00 4.56240e+02 5.07101e+00 3.32875e+02 2.42223e+00 3.95652e+02 3.15482e+00 4.58660e+02 4.69421e+00 4.05524e+02 3.50062e+00 
0.9 0.95 1.0 3.95061e+02 3.41817e+00 3.21362e+02 2.36771e+00 4.50899e+02 5.08140e+00 3.28208e+02 2.36004e+00 3.91235e+02 3.28798e+00 4.53937e+02 4.96573e+00 4.00629e+02 3.50870e+00 
1.0 1.05 1.1 3.81840e+02 3.38898e+00 3.11316e+02 2.35269e+00 4.32405e+02 5.14463e+00 3.18025e+02 2.44605e+00 3.78308e+02 3.25971e+00 4.37006e+02 4.90651e+00 3.86376e+02 3.54688e+00 
1.1 1.15 1.2 3.76198e+02 3.37058e+00 3.05610e+02 2.34173e+00 4.27691e+02 5.05947e+00 3.12037e+02 2.42434e+00 3.71105e+02 3.18677e+00 4.32664e+02 4.86604e+00 3.80387e+02 3.50629e+00 
1.2 1.25 1.3 3.58027e+02 3.28282e+00 2.91859e+02 2.28963e+00 4.05195e+02 4.95219e+00 2.98298e+02 2.38181e+00 3.54592e+02 3.15661e+00 4.09591e+02 4.72082e+00 3.62383e+02 3.43783e+00 
1.3 1.35 1.4 3.52645e+02 3.42209e+00 2.87795e+02 2.32960e+00 4.01261e+02 5.23987e+00 2.93250e+02 2.46524e+00 3.50661e+02 3.21935e+00 4.04862e+02 4.96652e+00 3.57297e+02 3.59315e+00 
1.4 1.45 1.5 3.36098e+02 3.22563e+00 2.73812e+02 2.25774e+00 3.80134e+02 4.94207e+00 2.80095e+02 2.35086e+00 3.32628e+02 3.10002e+00 3.84051e+02 4.60581e+00 3.40433e+02 3.43685e+00 
1.5 1.55 1.6 3.19624e+02 3.18576e+00 2.60593e+02 2.28529e+00 3.61139e+02 4.78338e+00 2.66441e+02 2.32134e+00 3.16277e+02 3.05656e+00 3.64966e+02 4.54956e+00 3.23855e+02 3.34565e+00 
1.6 1.65 1.7 3.06076e+02 3.29189e+00 2.49832e+02 2.21337e+00 3.45612e+02 5.06434e+00 2.55667e+02 2.30782e+00 3.02975e+02 3.17336e+00 3.49461e+02 4.75371e+00 3.10029e+02 3.46547e+00 
1.7 1.75 1.8 2.90700e+02 3.29859e+00 2.37225e+02 2.25410e+00 3.27693e+02 5.04957e+00 2.42378e+02 2.37978e+00 2.88293e+02 3.11553e+00 3.31680e+02 4.77295e+00 2.94371e+02 3.48137e+00 
1.8 1.85 1.9 2.79860e+02 3.34101e+00 2.27110e+02 2.29429e+00 3.17255e+02 5.02931e+00 2.32860e+02 2.40583e+00 2.76449e+02 3.18636e+00 3.20448e+02 4.84650e+00 2.83412e+02 3.53247e+00 
1.9 1.95 2.0 2.60207e+02 3.22945e+00 2.11350e+02 2.22358e+00 2.94608e+02 4.94084e+00 2.16698e+02 2.33272e+00 2.57034e+02 3.07870e+00 2.97433e+02 4.66301e+00 2.64126e+02 3.41600e+00 
2.0 2.05 2.1 2.50444e+02 3.23335e+00 2.03447e+02 2.17624e+00 2.84157e+02 4.91055e+00 2.08303e+02 2.32870e+00 2.47969e+02 2.98799e+00 2.87151e+02 4.66321e+00 2.54043e+02 3.40345e+00 
2.1 2.15 2.2 2.32689e+02 3.23422e+00 1.88559e+02 2.15991e+00 2.61235e+02 4.66248e+00 1.93630e+02 2.32834e+00 2.29466e+02 2.97690e+00 2.64406e+02 4.40282e+00 2.34851e+02 3.26012e+00 
2.2 2.25 2.3 2.18575e+02 3.19165e+00 1.77407e+02 2.20261e+00 2.46969e+02 4.87182e+00 1.81883e+02 2.31107e+00 2.16063e+02 3.04255e+00 2.49929e+02 4.59184e+00 2.21707e+02 3.37963e+00 
2.3 2.35 2.4 2.00494e+02 3.22700e+00 1.62961e+02 2.21243e+00 2.27475e+02 5.01977e+00 1.67774e+02 2.34199e+00 1.97951e+02 3.06658e+00 2.28032e+02 4.65957e+00 2.04546e+02 3.46032e+00 
2.4 2.45 2.5 1.86824e+02 3.24544e+00 1.51593e+02 2.19578e+00 2.12233e+02 4.78639e+00 1.55772e+02 2.33814e+00 1.83884e+02 3.09266e+00 2.11594e+02 4.74009e+00 1.89895e+02 3.47721e+00 
2.5 2.55 2.6 1.72341e+02 3.22908e+00 1.39282e+02 2.20797e+00 1.92911e+02 4.81599e+00 1.43134e+02 2.33269e+00 1.69986e+02 3.05749e+00 1.98377e+02 4.69078e+00 1.73579e+02 3.36317e+00 
2.6 2.65 2.7 1.56099e+02 3.09479e+00 1.26662e+02 2.12385e+00 1.75400e+02 4.75162e+00 1.30137e+02 2.23852e+00 1.54076e+02 2.93712e+00 1.77608e+02 4.45569e+00 1.58567e+02 3.29448e+00 
2.7 2.75 2.8 1.38060e+02 3.07787e+00 1.12402e+02 2.10574e+00 1.53605e+02 4.74435e+00 1.15438e+02 2.22439e+00 1.36435e+02 2.91429e+00 1.56740e+02 4.43574e+00 1.40031e+02 3.28563e+00 
2.8 2.85 2.9 1.25493e+02 2.98751e+00 1.01414e+02 2.05000e+00 1.41585e+02 4.58530e+00 1.04308e+02 2.16570e+00 1.23781e+02 2.82874e+00 1.43457e+02 4.28453e+00 1.27528e+02 3.19070e+00 
2.9 2.95 3.0 1.14532e+02 3.17154e+00 9.10623e+01 2.14246e+00 1.33476e+02 4.95707e+00 9.42167e+01 2.28257e+00 1.12133e+02 2.98020e+00 1.31881e+02 4.42878e+00 1.17298e+02 3.42925e+00 
3.0 3.05 3.1 9.29391e+01 2.92653e+00 7.55399e+01 2.00178e+00 1.02252e+02 4.47376e+00 7.79747e+01 2.11690e+00 9.13765e+01 2.77008e+00 1.04223e+02 4.20932e+00 9.42749e+01 3.11304e+00 
3.1 3.15 3.2 8.59907e+01 2.98069e+00 6.93265e+01 2.03690e+00 9.65600e+01 4.57594e+00 7.14097e+01 2.17825e+00 8.46348e+01 2.81147e+00 9.80443e+01 4.27129e+00 8.76089e+01 3.18328e+00 
3.2 3.25 3.3 7.59746e+01 2.98138e+00 6.08967e+01 2.04373e+00 8.70407e+01 4.58498e+00 6.27204e+01 2.15902e+00 7.49324e+01 2.83318e+00 8.84466e+01 4.32524e+00 7.76337e+01 3.20491e+00 
3.3 3.35 3.4 6.31856e+01 2.73546e+00 5.05921e+01 1.86087e+00 7.17617e+01 4.23780e+00 5.22786e+01 1.97832e+00 6.20991e+01 2.57464e+00 7.26188e+01 3.92645e+00 6.44711e+01 2.94692e+00 
3.4 3.45 3.5 5.67370e+01 2.64221e+00 4.46818e+01 1.81621e+00 6.64758e+01 4.10437e+00 4.63951e+01 1.93075e+00 5.54138e+01 2.48936e+00 6.66381e+01 3.73827e+00 5.82508e+01 2.88385e+00 
