-3.5 -3.45 -3.4 3.75270e+01 4.02764e-01 2.20491e+01 2.34940e-01 6.71451e+01 7.23434e-01 2.39596e+01 2.55866e-01 3.45275e+01 3.69425e-01 6.15711e+01 6.64352e-01 4.08644e+01 4.36342e-01 
-3.4 -3.35 -3.3 4.12869e+01 4.26430e-01 2.42790e+01 2.48517e-01 7.39762e+01 7.70887e-01 2.63672e+01 2.70816e-01 3.80267e+01 3.91414e-01 6.77559e+01 7.04722e-01 4.50941e+01 4.66683e-01 
-3.3 -3.25 -3.2 4.35693e+01 4.21252e-01 2.56824e+01 2.47542e-01 7.76870e+01 7.55329e-01 2.78396e+01 2.67975e-01 4.02040e+01 3.89263e-01 7.14552e+01 6.94752e-01 4.73881e+01 4.58197e-01 
-3.2 -3.15 -3.1 4.58162e+01 4.26329e-01 2.70493e+01 2.51503e-01 8.17689e+01 7.70950e-01 2.93449e+01 2.73484e-01 4.23480e+01 3.95740e-01 7.51456e+01 7.03581e-01 4.98699e+01 4.67196e-01 
-3.1 -3.05 -3.0 4.93752e+01 4.30982e-01 2.91836e+01 2.53688e-01 8.82119e+01 7.78897e-01 3.15578e+01 2.74189e-01 4.56735e+01 3.98912e-01 8.09514e+01 7.10750e-01 5.38205e+01 4.72476e-01 
-3.0 -2.95 -2.9 5.41739e+01 4.77058e-01 3.21202e+01 2.83845e-01 9.61590e+01 8.52771e-01 3.46814e+01 3.06062e-01 5.02784e+01 4.47467e-01 8.89438e+01 7.91768e-01 5.87774e+01 5.21454e-01 
-2.9 -2.85 -2.8 5.53291e+01 4.43746e-01 3.27699e+01 2.61267e-01 9.80970e+01 7.91188e-01 3.53679e+01 2.82397e-01 5.12792e+01 4.10702e-01 9.06974e+01 7.31472e-01 5.97256e+01 4.76881e-01 
-2.8 -2.75 -2.7 6.11633e+01 4.91276e-01 3.62720e+01 2.90159e-01 1.08121e+02 8.71581e-01 3.90997e+01 3.12397e-01 5.67560e+01 4.56476e-01 1.00254e+02 8.10563e-01 6.59893e+01 5.28463e-01 
-2.7 -2.65 -2.6 6.37274e+01 4.78941e-01 3.78282e+01 2.82579e-01 1.12703e+02 8.54607e-01 4.07439e+01 3.04629e-01 5.91842e+01 4.44459e-01 1.04441e+02 7.90024e-01 6.87965e+01 5.18401e-01 
-2.6 -2.55 -2.5 6.70374e+01 4.85152e-01 3.98874e+01 2.89156e-01 1.18401e+02 8.67462e-01 4.28651e+01 3.08480e-01 6.23988e+01 4.54949e-01 1.09850e+02 8.00541e-01 7.22846e+01 5.25958e-01 
-2.5 -2.45 -2.4 7.13138e+01 4.95747e-01 4.24397e+01 2.93915e-01 1.25742e+02 8.79723e-01 4.56013e+01 3.15132e-01 6.63893e+01 4.62562e-01 1.16853e+02 8.18334e-01 7.67708e+01 5.33234e-01 
-2.4 -2.35 -2.3 7.46242e+01 5.28624e-01 4.44657e+01 3.14405e-01 1.31371e+02 9.34026e-01 4.77190e+01 3.35665e-01 6.96296e+01 4.96398e-01 1.22275e+02 8.73734e-01 8.02098e+01 5.65437e-01 
-2.3 -2.25 -2.2 7.92062e+01 5.49390e-01 4.72836e+01 3.28564e-01 1.39438e+02 9.75896e-01 5.06560e+01 3.49241e-01 7.39545e+01 5.16981e-01 1.29726e+02 9.02485e-01 8.51512e+01 5.91701e-01 
-2.2 -2.15 -2.1 8.18656e+01 5.28614e-01 4.88513e+01 3.13740e-01 1.43870e+02 9.36795e-01 5.23729e+01 3.36382e-01 7.63843e+01 4.93234e-01 1.34068e+02 8.71505e-01 8.78895e+01 5.68540e-01 
-2.1 -2.05 -2.0 8.63307e+01 5.57515e-01 5.15945e+01 3.32253e-01 1.51347e+02 9.73970e-01 5.52311e+01 3.54593e-01 8.06789e+01 5.22972e-01 1.41392e+02 9.20491e-01 9.24621e+01 5.90757e-01 
-2.0 -1.95 -1.9 8.99099e+01 5.60196e-01 5.37401e+01 3.33426e-01 1.57542e+02 9.87452e-01 5.74830e+01 3.55895e-01 8.40162e+01 5.24387e-01 1.47217e+02 9.23969e-01 9.62531e+01 5.99322e-01 
-1.9 -1.85 -1.8 9.31100e+01 5.68619e-01 5.58104e+01 3.42000e-01 1.63033e+02 1.00260e+00 5.95880e+01 3.61819e-01 8.72403e+01 5.37895e-01 1.52416e+02 9.37484e-01 9.96413e+01 6.08523e-01 
-1.8 -1.75 -1.7 9.79313e+01 5.81133e-01 5.86756e+01 3.47158e-01 1.71265e+02 1.02143e+00 6.26849e+01 3.69642e-01 9.16969e+01 5.46058e-01 1.60272e+02 9.58541e-01 1.04696e+02 6.19703e-01 
-1.7 -1.65 -1.6 1.02076e+02 6.05885e-01 6.12056e+01 3.62086e-01 1.78246e+02 1.06139e+00 6.53741e+01 3.86546e-01 9.56609e+01 5.70001e-01 1.67076e+02 1.00038e+00 1.08952e+02 6.43303e-01 
-1.6 -1.55 -1.5 1.06053e+02 6.08998e-01 6.37954e+01 3.72405e-01 1.85177e+02 1.07124e+00 6.78707e+01 3.87000e-01 9.97163e+01 5.86162e-01 1.73606e+02 1.00568e+00 1.13175e+02 6.49156e-01 
-1.5 -1.45 -1.4 1.06828e+02 5.93284e-01 6.41292e+01 3.55049e-01 1.86511e+02 1.04316e+00 6.84057e+01 3.77199e-01 1.00112e+02 5.54995e-01 1.74751e+02 9.79147e-01 1.14067e+02 6.32472e-01 
-1.4 -1.35 -1.3 1.12891e+02 6.45768e-01 6.78284e+01 3.86486e-01 1.96770e+02 1.13257e+00 7.22531e+01 4.08258e-01 1.05965e+02 6.07777e-01 1.84678e+02 1.06491e+00 1.20340e+02 6.87264e-01 
-1.3 -1.25 -1.2 1.14932e+02 6.39833e-01 6.90818e+01 3.83460e-01 2.00240e+02 1.12118e+00 7.36007e+01 4.07121e-01 1.07911e+02 6.02945e-01 1.87993e+02 1.05493e+00 1.22477e+02 6.80499e-01 
-1.2 -1.15 -1.1 1.18131e+02 6.42646e-01 7.10649e+01 3.85609e-01 2.05594e+02 1.12343e+00 7.56555e+01 4.09093e-01 1.11162e+02 6.08697e-01 1.93205e+02 1.05901e+00 1.25767e+02 6.82241e-01 
-1.1 -1.05 -1.0 1.20575e+02 6.36138e-01 7.25703e+01 3.81873e-01 2.09727e+02 1.11153e+00 7.72259e+01 4.04551e-01 1.13344e+02 6.00782e-01 1.97187e+02 1.04957e+00 1.28305e+02 6.74181e-01 
-1.0 -0.95 -0.9 1.23865e+02 6.50798e-01 7.45711e+01 3.90745e-01 2.15381e+02 1.13685e+00 7.93338e+01 4.14008e-01 1.16467e+02 6.14510e-01 2.02564e+02 1.07329e+00 1.31765e+02 6.89785e-01 
-0.9 -0.85 -0.8 1.25735e+02 6.48042e-01 7.58140e+01 3.90567e-01 2.18526e+02 1.13553e+00 8.05555e+01 4.12459e-01 1.18378e+02 6.13996e-01 2.05550e+02 1.06810e+00 1.33737e+02 6.89391e-01 
-0.8 -0.75 -0.7 1.28093e+02 6.58087e-01 7.71870e+01 3.95768e-01 2.22492e+02 1.14758e+00 8.20551e+01 4.18361e-01 1.20535e+02 6.22869e-01 2.09440e+02 1.08622e+00 1.36143e+02 6.95779e-01 
-0.7 -0.65 -0.6 1.29882e+02 6.58516e-01 7.82770e+01 3.96153e-01 2.25543e+02 1.14877e+00 8.32250e+01 4.19018e-01 1.22067e+02 6.20333e-01 2.12051e+02 1.08218e+00 1.37790e+02 6.92404e-01 
-0.6 -0.55 -0.5 1.30949e+02 6.84002e-01 7.89470e+01 4.11171e-01 2.27206e+02 1.18818e+00 8.39091e+01 4.36523e-01 1.23261e+02 6.46873e-01 2.14061e+02 1.12848e+00 1.39059e+02 7.20842e-01 
-0.5 -0.45 -0.4 1.32917e+02 6.84280e-01 8.01970e+01 4.13657e-01 2.30611e+02 1.19091e+00 8.51779e+01 4.35514e-01 1.25068e+02 6.46161e-01 2.16931e+02 1.12004e+00 1.41178e+02 7.23094e-01 
-0.4 -0.35 -0.3 1.34275e+02 6.97173e-01 8.09940e+01 4.19206e-01 2.32854e+02 1.20502e+00 8.60342e+01 4.43361e-01 1.26452e+02 6.59502e-01 2.19407e+02 1.14188e+00 1.42526e+02 7.31227e-01 
-0.3 -0.25 -0.2 1.35765e+02 7.01509e-01 8.18867e+01 4.20779e-01 2.35269e+02 1.21019e+00 8.70028e+01 4.46720e-01 1.27826e+02 6.61193e-01 2.21882e+02 1.15558e+00 1.44024e+02 7.34985e-01 
-0.2 -0.15 -0.1 1.36043e+02 6.96022e-01 8.21541e+01 4.21150e-01 2.35734e+02 1.20357e+00 8.71804e+01 4.42562e-01 1.28245e+02 6.62713e-01 2.22338e+02 1.14855e+00 1.44396e+02 7.34013e-01 
-0.1 -0.05 0.0 1.35359e+02 6.65406e-01 8.16613e+01 3.99827e-01 2.34783e+02 1.16207e+00 8.67463e+01 4.23604e-01 1.27468e+02 6.28363e-01 2.21205e+02 1.09649e+00 1.43739e+02 7.05678e-01 
0.0 0.05 0.1 1.36630e+02 6.96686e-01 8.24112e+01 4.18665e-01 2.36749e+02 1.20418e+00 8.75564e+01 4.43266e-01 1.28646e+02 6.58329e-01 2.23042e+02 1.13836e+00 1.44930e+02 7.30951e-01 
0.1 0.15 0.2 1.35350e+02 6.75650e-01 8.16558e+01 4.06016e-01 2.34602e+02 1.17181e+00 8.67359e+01 4.29899e-01 1.27466e+02 6.38415e-01 2.21206e+02 1.11401e+00 1.43621e+02 7.11356e-01 
0.2 0.25 0.3 1.35331e+02 6.76716e-01 8.16509e+01 4.07614e-01 2.34963e+02 1.19335e+00 8.67675e+01 4.32261e-01 1.27460e+02 6.41472e-01 2.21179e+02 1.11691e+00 1.43832e+02 7.23225e-01 
0.3 0.35 0.4 1.34021e+02 6.71387e-01 8.08351e+01 4.03727e-01 2.32526e+02 1.17086e+00 8.58747e+01 4.26925e-01 1.26199e+02 6.35230e-01 2.19063e+02 1.10781e+00 1.42328e+02 7.10116e-01 
0.4 0.45 0.5 1.32904e+02 6.68648e-01 8.01181e+01 4.00256e-01 2.30801e+02 1.16538e+00 8.51731e+01 4.25721e-01 1.25058e+02 6.28961e-01 2.17192e+02 1.10164e+00 1.41301e+02 7.08076e-01 
0.5 0.55 0.6 1.32024e+02 6.63812e-01 7.95914e+01 3.98469e-01 2.29199e+02 1.16069e+00 8.45995e+01 4.22594e-01 1.24252e+02 6.26255e-01 2.15787e+02 1.09383e+00 1.40299e+02 7.04934e-01 
0.6 0.65 0.7 1.30308e+02 6.56779e-01 7.85373e+01 3.94284e-01 2.26280e+02 1.14763e+00 8.34742e+01 4.17813e-01 1.22644e+02 6.20119e-01 2.13061e+02 1.08315e+00 1.38461e+02 6.96396e-01 
0.7 0.75 0.8 1.27951e+02 6.59789e-01 7.70938e+01 3.96654e-01 2.22271e+02 1.15099e+00 8.19717e+01 4.19526e-01 1.20378e+02 6.24119e-01 2.09183e+02 1.08874e+00 1.36022e+02 6.97989e-01 
0.8 0.85 0.9 1.26657e+02 6.74206e-01 7.62376e+01 4.01433e-01 2.20132e+02 1.18132e+00 8.10863e+01 4.25910e-01 1.19067e+02 6.32143e-01 2.07125e+02 1.11350e+00 1.34676e+02 7.15745e-01 
0.9 0.95 1.0 1.23608e+02 6.40876e-01 7.44626e+01 3.87707e-01 2.14935e+02 1.11796e+00 7.91853e+01 4.07612e-01 1.16276e+02 6.09975e-01 2.02095e+02 1.05720e+00 1.31525e+02 6.78212e-01 
1.0 1.05 1.1 1.21397e+02 6.47543e-01 7.30404e+01 3.88307e-01 2.11244e+02 1.13316e+00 7.77590e+01 4.11826e-01 1.14024e+02 6.07753e-01 1.98429e+02 1.06297e+00 1.29246e+02 6.87345e-01 
1.1 1.15 1.2 1.17630e+02 6.32151e-01 7.07178e+01 3.76817e-01 2.04540e+02 1.09368e+00 7.52692e+01 3.97960e-01 1.10461e+02 5.93069e-01 1.92268e+02 1.03726e+00 1.25115e+02 6.62787e-01 
1.2 1.25 1.3 1.14897e+02 6.25751e-01 6.90739e+01 3.75557e-01 2.00125e+02 1.09360e+00 7.35743e+01 3.97799e-01 1.07905e+02 5.91048e-01 1.87948e+02 1.03284e+00 1.22400e+02 6.63021e-01 
1.3 1.35 1.4 1.12744e+02 6.15248e-01 6.77443e+01 3.70014e-01 1.96515e+02 1.07886e+00 7.21979e+01 3.91478e-01 1.05823e+02 5.81928e-01 1.84416e+02 1.01443e+00 1.20271e+02 6.58971e-01 
1.4 1.45 1.5 1.08612e+02 5.93208e-01 6.51980e+01 3.54943e-01 1.89519e+02 1.04074e+00 6.95386e+01 3.77181e-01 1.01866e+02 5.58496e-01 1.77701e+02 9.78923e-01 1.15889e+02 6.31089e-01 
1.5 1.55 1.6 1.04809e+02 5.88796e-01 6.29350e+01 3.54705e-01 1.82678e+02 1.02724e+00 6.70988e+01 3.74413e-01 9.82655e+01 5.53233e-01 1.71492e+02 9.71485e-01 1.11700e+02 6.23082e-01 
1.6 1.65 1.7 1.01654e+02 5.64876e-01 6.09501e+01 3.37153e-01 1.77623e+02 9.94146e-01 6.50631e+01 3.59157e-01 9.52587e+01 5.30527e-01 1.66380e+02 9.32208e-01 1.08458e+02 5.99127e-01 
1.7 1.75 1.8 9.77158e+01 5.63250e-01 5.85275e+01 3.35258e-01 1.70961e+02 9.94945e-01 6.25316e+01 3.57893e-01 9.14874e+01 5.27829e-01 1.59968e+02 9.30215e-01 1.04478e+02 6.02766e-01 
1.8 1.85 1.9 9.42363e+01 5.45627e-01 5.64169e+01 3.25671e-01 1.64905e+02 9.58886e-01 6.03005e+01 3.46888e-01 8.81955e+01 5.12509e-01 1.54286e+02 9.00592e-01 1.00771e+02 5.81411e-01 
1.9 1.95 2.0 8.96234e+01 5.19501e-01 5.35997e+01 3.09537e-01 1.57127e+02 9.21967e-01 5.73687e+01 3.31660e-01 8.38619e+01 4.88969e-01 1.46805e+02 8.61114e-01 9.59944e+01 5.58582e-01 
2.0 2.05 2.1 8.64209e+01 5.27900e-01 5.15978e+01 3.13374e-01 1.51686e+02 9.34936e-01 5.52942e+01 3.36007e-01 8.06684e+01 4.92518e-01 1.41577e+02 8.72600e-01 9.26792e+01 5.67660e-01 
2.1 2.15 2.2 8.26115e+01 5.12070e-01 4.93139e+01 3.04018e-01 1.45117e+02 9.06975e-01 5.28459e+01 3.25604e-01 7.71136e+01 4.78341e-01 1.35302e+02 8.44973e-01 8.86427e+01 5.49997e-01 
2.2 2.25 2.3 7.81054e+01 4.93332e-01 4.66382e+01 2.95031e-01 1.37283e+02 8.71946e-01 5.00199e+01 3.17121e-01 7.28374e+01 4.59189e-01 1.27946e+02 8.14709e-01 8.39483e+01 5.32977e-01 
2.3 2.35 2.4 7.53862e+01 4.95058e-01 4.48904e+01 2.91626e-01 1.32741e+02 8.78273e-01 4.82066e+01 3.14809e-01 7.02199e+01 4.58679e-01 1.23461e+02 8.11523e-01 8.10477e+01 5.32646e-01 
2.4 2.45 2.5 7.14403e+01 4.81408e-01 4.24906e+01 2.82764e-01 1.25931e+02 8.53877e-01 4.56839e+01 3.06514e-01 6.65156e+01 4.48512e-01 1.17055e+02 7.93154e-01 7.68895e+01 5.18550e-01 
2.5 2.55 2.6 6.75920e+01 4.71728e-01 4.01337e+01 2.77233e-01 1.19160e+02 8.36255e-01 4.31575e+01 2.97986e-01 6.27929e+01 4.36260e-01 1.10783e+02 7.78340e-01 7.27351e+01 5.07029e-01 
2.6 2.65 2.7 6.40746e+01 4.56208e-01 3.80358e+01 2.69135e-01 1.13438e+02 8.18491e-01 4.09566e+01 2.89980e-01 5.95389e+01 4.23994e-01 1.05153e+02 7.56792e-01 6.91491e+01 4.93559e-01 
2.7 2.75 2.8 5.99638e+01 4.35611e-01 3.55835e+01 2.57721e-01 1.06142e+02 7.78308e-01 3.83301e+01 2.77077e-01 5.56833e+01 4.05368e-01 9.82970e+01 7.18524e-01 6.47757e+01 4.72084e-01 
2.8 2.85 2.9 5.68508e+01 4.43512e-01 3.36777e+01 2.60693e-01 1.00791e+02 7.95392e-01 3.63341e+01 2.82026e-01 5.27090e+01 4.10094e-01 9.32128e+01 7.31797e-01 6.14405e+01 4.78195e-01 
2.9 2.95 3.0 5.26530e+01 4.13419e-01 3.11558e+01 2.42984e-01 9.34719e+01 7.41281e-01 3.36498e+01 2.63044e-01 4.87640e+01 3.82030e-01 8.63342e+01 6.81674e-01 5.70287e+01 4.49794e-01 
3.0 3.05 3.1 4.99668e+01 4.07482e-01 2.94991e+01 2.37958e-01 8.88536e+01 7.33685e-01 3.19218e+01 2.59397e-01 4.62045e+01 3.75392e-01 8.19184e+01 6.72460e-01 5.41904e+01 4.45278e-01 
3.1 3.15 3.2 4.62824e+01 3.98971e-01 2.73908e+01 2.36794e-01 8.22428e+01 7.08860e-01 2.95753e+01 2.53581e-01 4.28770e+01 3.72754e-01 7.58990e+01 6.58696e-01 5.01695e+01 4.29462e-01 
3.2 3.25 3.3 4.28653e+01 3.82149e-01 2.52752e+01 2.23941e-01 7.64160e+01 6.87488e-01 2.73883e+01 2.42923e-01 3.95689e+01 3.52391e-01 7.03054e+01 6.30820e-01 4.66091e+01 4.16645e-01 
3.3 3.35 3.4 3.97924e+01 3.71284e-01 2.34200e+01 2.16846e-01 7.10266e+01 6.67089e-01 2.54293e+01 2.36466e-01 3.66580e+01 3.40593e-01 6.52511e+01 6.11470e-01 4.33309e+01 4.05177e-01 
3.4 3.45 3.5 3.67526e+01 3.58139e-01 2.15989e+01 2.08373e-01 6.57814e+01 6.50012e-01 2.34844e+01 2.27855e-01 3.38104e+01 3.27615e-01 6.02746e+01 5.90613e-01 4.01250e+01 3.94312e-01 
