-3.5 -3.45 -3.4 1.00619e-01 1.74110e-02 8.75743e-02 1.32040e-02 7.28924e-02 1.92628e-02 9.29578e-02 1.46881e-02 1.05425e-01 1.68561e-02 1.05067e-01 2.13182e-02 1.04765e-01 1.96918e-02 
-3.4 -3.35 -3.3 1.96404e-01 3.23484e-02 1.91693e-01 2.74448e-02 1.30438e-01 3.83031e-02 1.81644e-01 2.62727e-02 2.22279e-01 3.44883e-02 2.01341e-01 4.31146e-02 1.85996e-01 3.34291e-02 
-3.3 -3.25 -3.2 3.24308e-01 5.52943e-02 3.07881e-01 4.12420e-02 1.63329e-01 6.84513e-02 3.13267e-01 4.47193e-02 3.42699e-01 5.22878e-02 2.60522e-01 6.77248e-02 2.86938e-01 5.87193e-02 
-3.2 -3.15 -3.1 4.91911e-01 7.41521e-02 5.20123e-01 5.52171e-02 8.81884e-02 9.41406e-02 5.03010e-01 5.97748e-02 5.61447e-01 6.99528e-02 3.62508e-01 9.10666e-02 4.20381e-01 7.86869e-02 
-3.1 -3.05 -3.0 9.48162e-01 1.11892e-01 9.68185e-01 8.31786e-02 2.53373e-01 1.45838e-01 9.62867e-01 8.95253e-02 1.03645e+00 1.05708e-01 6.59550e-01 1.40026e-01 7.98300e-01 1.19309e-01 
-3.0 -2.95 -2.9 1.44265e+00 1.62052e-01 1.53185e+00 1.20502e-01 2.84291e-01 2.11332e-01 1.50146e+00 1.28320e-01 1.60389e+00 1.54880e-01 9.21085e-01 2.05856e-01 1.20247e+00 1.70604e-01 
-2.9 -2.85 -2.8 1.39404e+00 1.77163e-01 1.77868e+00 1.31111e-01 -6.50042e-01 2.40299e-01 1.68466e+00 1.40073e-01 1.68802e+00 1.67869e-01 3.25078e-01 2.27196e-01 9.83671e-01 1.89147e-01 
-2.8 -2.75 -2.7 2.28518e+00 2.25612e-01 2.82641e+00 1.68356e-01 -6.86578e-01 3.03027e-01 2.67586e+00 1.78474e-01 2.74607e+00 2.15035e-01 7.24154e-01 2.89512e-01 1.67241e+00 2.38160e-01 
-2.7 -2.65 -2.6 3.00019e+00 2.66324e-01 3.73738e+00 1.98682e-01 -1.01193e+00 3.62222e-01 3.54495e+00 2.09522e-01 3.58695e+00 2.55081e-01 8.79876e-01 3.44224e-01 2.17724e+00 2.81793e-01 
-2.6 -2.55 -2.5 4.49645e+00 3.31404e-01 5.32331e+00 2.49800e-01 -5.70554e-01 4.42808e-01 5.16321e+00 2.62643e-01 5.16568e+00 3.19051e-01 1.71485e+00 4.22657e-01 3.53869e+00 3.49807e-01 
-2.5 -2.45 -2.4 4.69105e+00 3.66971e-01 6.15876e+00 2.73387e-01 -2.23146e+00 5.02535e-01 5.82785e+00 2.88785e-01 5.66729e+00 3.50451e-01 7.28147e-01 4.74532e-01 3.40279e+00 3.90174e-01 
-2.4 -2.35 -2.3 5.67660e+00 4.32615e-01 7.68582e+00 3.22153e-01 -3.26847e+00 5.90220e-01 7.24230e+00 3.37698e-01 6.99210e+00 4.15151e-01 5.03801e-01 5.65377e-01 4.02439e+00 4.53078e-01 
-2.3 -2.25 -2.2 7.56418e+00 4.86147e-01 9.89058e+00 3.64850e-01 -3.11254e+00 6.59673e-01 9.37626e+00 3.82480e-01 9.08693e+00 4.67037e-01 1.24482e+00 6.29153e-01 5.72889e+00 5.10148e-01 
-2.2 -2.15 -2.1 9.68047e+00 5.37963e-01 1.23797e+01 4.01971e-01 -2.83148e+00 7.37221e-01 1.17324e+01 4.20970e-01 1.15096e+01 5.16464e-01 2.29677e+00 7.00212e-01 7.43514e+00 5.67010e-01 
-2.1 -2.05 -2.0 1.05343e+01 6.05032e-01 1.41234e+01 4.58722e-01 -4.74782e+00 7.98535e-01 1.33162e+01 4.78043e-01 1.27146e+01 5.85972e-01 1.13786e+00 7.78561e-01 7.94727e+00 6.26696e-01 
-2.0 -1.95 -1.9 1.19450e+01 6.50775e-01 1.62881e+01 4.90217e-01 -6.08915e+00 8.87068e-01 1.53205e+01 5.10300e-01 1.44781e+01 6.28769e-01 7.61906e-01 8.48279e-01 8.87277e+00 6.81721e-01 
-1.9 -1.85 -1.8 1.43521e+01 6.85468e-01 1.91782e+01 5.17168e-01 -5.79349e+00 9.32672e-01 1.81559e+01 5.38364e-01 1.71303e+01 6.62977e-01 1.74707e+00 8.94088e-01 1.11687e+01 7.19308e-01 
-1.8 -1.75 -1.7 1.60189e+01 7.41214e-01 2.15679e+01 5.54341e-01 -6.90761e+00 1.02110e+00 2.04209e+01 5.78765e-01 1.91172e+01 7.13674e-01 1.37118e+00 9.72609e-01 1.23676e+01 7.78633e-01 
-1.7 -1.65 -1.6 1.94482e+01 8.03046e-01 2.52516e+01 6.07798e-01 -5.50244e+00 1.08192e+00 2.40088e+01 6.31710e-01 2.28511e+01 7.78243e-01 3.59098e+00 1.04084e+00 1.54617e+01 8.37640e-01 
-1.6 -1.55 -1.5 1.94355e+01 8.36023e-01 2.65629e+01 6.28400e-01 -9.16836e+00 1.14396e+00 2.51094e+01 6.53701e-01 2.32307e+01 8.06439e-01 8.60112e-01 1.09507e+00 1.50055e+01 8.75621e-01 
-1.5 -1.45 -1.4 2.10550e+01 8.69113e-01 2.90751e+01 6.54261e-01 -1.03783e+01 1.18147e+00 2.74178e+01 6.82633e-01 2.53253e+01 8.37142e-01 5.56231e-01 1.12748e+00 1.62059e+01 9.09527e-01 
-1.4 -1.35 -1.3 2.43265e+01 9.16020e-01 3.28125e+01 6.90238e-01 -9.74482e+00 1.25394e+00 3.10864e+01 7.17571e-01 2.88606e+01 8.85593e-01 1.95247e+00 1.19397e+00 1.90834e+01 9.59688e-01 
-1.3 -1.25 -1.2 2.50794e+01 9.44050e-01 3.45174e+01 7.12651e-01 -1.21303e+01 1.28870e+00 3.25788e+01 7.42531e-01 2.99128e+01 9.12718e-01 6.07142e-01 1.22956e+00 1.93285e+01 9.89702e-01 
-1.2 -1.15 -1.1 2.76915e+01 1.00334e+00 3.77793e+01 7.56251e-01 -1.23304e+01 1.38782e+00 3.56998e+01 7.84372e-01 3.30039e+01 9.72599e-01 1.57342e+00 1.31413e+00 2.13612e+01 1.05606e+00 
-1.1 -1.05 -1.0 2.80423e+01 1.04649e+00 3.91201e+01 7.86925e-01 -1.44115e+01 1.43942e+00 3.68861e+01 8.15933e-01 3.35575e+01 1.01484e+00 -3.51313e-01 1.37921e+00 2.17145e+01 1.09311e+00 
-1.0 -0.95 -0.9 3.04327e+01 1.04041e+00 4.19452e+01 7.88644e-01 -1.41415e+01 1.41213e+00 3.97060e+01 8.16577e-01 3.61972e+01 1.01087e+00 5.36688e-01 1.35663e+00 2.37829e+01 1.08257e+00 
-0.9 -0.85 -0.8 3.46231e+01 1.06613e+00 4.59434e+01 8.09463e-01 -1.08257e+01 1.43306e+00 4.37003e+01 8.38719e-01 4.05386e+01 1.03499e+00 4.10072e+00 1.38244e+00 2.79209e+01 1.10664e+00 
-0.8 -0.75 -0.7 3.57826e+01 1.11090e+00 4.78514e+01 8.39774e-01 -1.19950e+01 1.51410e+00 4.54798e+01 8.70357e-01 4.19730e+01 1.07746e+00 3.67563e+00 1.45197e+00 2.88023e+01 1.15883e+00 
-0.7 -0.65 -0.6 3.83201e+01 1.15111e+00 5.10834e+01 8.78086e-01 -1.13430e+01 1.54411e+00 4.85136e+01 9.08856e-01 4.49874e+01 1.12224e+00 4.48446e+00 1.49069e+00 3.12508e+01 1.19921e+00 
-0.6 -0.55 -0.5 3.92506e+01 1.17108e+00 5.21423e+01 8.85765e-01 -1.15143e+01 1.57727e+00 4.97741e+01 9.15848e-01 4.58309e+01 1.13576e+00 4.75442e+00 1.52645e+00 3.20664e+01 1.21206e+00 
-0.5 -0.45 -0.4 4.05269e+01 1.16711e+00 5.36860e+01 8.83584e-01 -1.11767e+01 1.56948e+00 5.11988e+01 9.17493e-01 4.73277e+01 1.13018e+00 5.37884e+00 1.50820e+00 3.32896e+01 1.20947e+00 
-0.4 -0.35 -0.3 4.02258e+01 1.16036e+00 5.39588e+01 8.84786e-01 -1.38523e+01 1.56571e+00 5.11046e+01 9.16749e-01 4.71434e+01 1.12995e+00 3.40215e+00 1.51475e+00 3.22656e+01 1.20821e+00 
-0.3 -0.25 -0.2 3.95064e+01 1.16241e+00 5.37995e+01 8.87799e-01 -1.53993e+01 1.55657e+00 5.10627e+01 9.18078e-01 4.64857e+01 1.13228e+00 2.01472e+00 1.50295e+00 3.19266e+01 1.20214e+00 
-0.2 -0.15 -0.1 4.24074e+01 1.17869e+00 5.61776e+01 8.97383e-01 -1.20206e+01 1.59792e+00 5.34868e+01 9.28067e-01 4.94127e+01 1.14614e+00 5.43680e+00 1.52882e+00 3.46382e+01 1.23110e+00 
-0.1 -0.05 0.0 4.09653e+01 1.19903e+00 5.52465e+01 9.08037e-01 -1.44279e+01 1.62828e+00 5.25124e+01 9.39198e-01 4.80479e+01 1.16577e+00 3.21546e+00 1.56820e+00 3.30958e+01 1.24686e+00 
0.0 0.05 0.1 4.14661e+01 1.18572e+00 5.56071e+01 9.01178e-01 -1.38209e+01 1.60645e+00 5.28368e+01 9.31385e-01 4.85954e+01 1.15363e+00 4.04160e+00 1.54384e+00 3.32867e+01 1.23632e+00 
0.1 0.15 0.2 4.12568e+01 1.18871e+00 5.52773e+01 9.03944e-01 -1.34094e+01 1.60067e+00 5.26432e+01 9.35519e-01 4.81707e+01 1.15498e+00 3.81619e+00 1.54343e+00 3.38035e+01 1.23248e+00 
0.2 0.25 0.3 3.98573e+01 1.19086e+00 5.41919e+01 9.03156e-01 -1.51865e+01 1.60798e+00 5.14668e+01 9.33190e-01 4.69178e+01 1.15790e+00 2.27034e+00 1.55495e+00 3.20714e+01 1.23448e+00 
0.3 0.35 0.4 4.17351e+01 1.18741e+00 5.51075e+01 9.04942e-01 -1.14378e+01 1.59136e+00 5.25114e+01 9.35149e-01 4.85642e+01 1.15600e+00 5.64632e+00 1.53942e+00 3.41741e+01 1.23103e+00 
0.4 0.45 0.5 3.73995e+01 1.15830e+00 5.13498e+01 8.76732e-01 -1.57506e+01 1.56349e+00 4.86256e+01 9.08685e-01 4.42972e+01 1.12411e+00 1.26774e+00 1.51150e+00 2.97726e+01 1.20134e+00 
0.5 0.55 0.6 3.69855e+01 1.15823e+00 5.02948e+01 8.79132e-01 -1.43861e+01 1.56304e+00 4.77867e+01 9.11311e-01 4.35198e+01 1.12349e+00 1.95723e+00 1.50424e+00 2.97193e+01 1.20592e+00 
0.6 0.65 0.7 3.63569e+01 1.11661e+00 4.91122e+01 8.48309e-01 -1.34442e+01 1.50194e+00 4.66926e+01 8.79142e-01 4.26979e+01 1.08341e+00 2.59776e+00 1.44808e+00 2.92202e+01 1.16109e+00 
0.7 0.75 0.8 3.52004e+01 1.10072e+00 4.75809e+01 8.36320e-01 -1.31551e+01 1.48321e+00 4.53341e+01 8.62931e-01 4.15099e+01 1.06937e+00 2.26951e+00 1.42753e+00 2.84582e+01 1.13812e+00 
0.8 0.85 0.9 3.31872e+01 1.08526e+00 4.49150e+01 8.21559e-01 -1.24303e+01 1.46605e+00 4.26465e+01 8.50950e-01 3.91154e+01 1.05357e+00 2.38617e+00 1.41467e+00 2.66182e+01 1.12746e+00 
0.9 0.95 1.0 3.00746e+01 1.05463e+00 4.16452e+01 8.01459e-01 -1.41788e+01 1.42267e+00 3.93039e+01 8.29059e-01 3.59848e+01 1.02600e+00 4.57778e-01 1.36967e+00 2.34921e+01 1.09744e+00 
1.0 1.05 1.1 2.84524e+01 9.88859e-01 3.92252e+01 7.55183e-01 -1.34866e+01 1.32186e+00 3.72030e+01 7.80627e-01 3.37808e+01 9.63281e-01 3.82948e-01 1.27664e+00 2.20041e+01 1.03088e+00 
1.1 1.15 1.2 2.81252e+01 9.79393e-01 3.80387e+01 7.44007e-01 -1.10244e+01 1.31713e+00 3.60183e+01 7.70127e-01 3.33337e+01 9.52153e-01 2.23115e+00 1.27076e+00 2.22351e+01 1.01683e+00 
1.2 1.25 1.3 2.57566e+01 9.42366e-01 3.50995e+01 7.16101e-01 -1.09805e+01 1.27108e+00 3.31895e+01 7.42308e-01 3.06811e+01 9.14637e-01 1.47742e+00 1.22044e+00 2.01949e+01 9.82731e-01 
1.3 1.35 1.4 2.45575e+01 9.23209e-01 3.27695e+01 7.03169e-01 -8.80935e+00 1.22970e+00 3.11327e+01 7.30470e-01 2.89513e+01 8.95222e-01 2.62778e+00 1.18559e+00 1.95182e+01 9.62018e-01 
1.4 1.45 1.5 2.24073e+01 8.77563e-01 2.98926e+01 6.62918e-01 -8.07048e+00 1.18234e+00 2.83644e+01 6.88653e-01 2.65012e+01 8.48836e-01 2.47889e+00 1.14001e+00 1.77790e+01 9.12432e-01 
1.5 1.55 1.6 2.06178e+01 8.28923e-01 2.73666e+01 6.28423e-01 -7.31102e+00 1.11476e+00 2.59435e+01 6.52865e-01 2.44091e+01 8.03356e-01 2.64533e+00 1.07250e+00 1.62071e+01 8.64398e-01 
1.6 1.65 1.7 1.59439e+01 7.67823e-01 2.27042e+01 5.78727e-01 -1.02854e+01 1.03833e+00 2.12879e+01 6.03730e-01 1.94311e+01 7.42091e-01 -8.89977e-01 1.00214e+00 1.17205e+01 8.01652e-01 
1.7 1.75 1.8 1.65314e+01 7.55150e-01 2.19146e+01 5.72726e-01 -6.04008e+00 1.00602e+00 2.07591e+01 5.95267e-01 1.96452e+01 7.32022e-01 2.18655e+00 9.74655e-01 1.29159e+01 7.84452e-01 
1.8 1.85 1.9 1.34551e+01 6.84746e-01 1.84596e+01 5.20154e-01 -7.01905e+00 9.20988e-01 1.73980e+01 5.41807e-01 1.63064e+01 6.61966e-01 5.47385e-01 8.79228e-01 1.00827e+01 7.18659e-01 
1.9 1.95 2.0 1.11286e+01 6.25785e-01 1.55828e+01 4.73850e-01 -6.87800e+00 8.38455e-01 1.46214e+01 4.94503e-01 1.36419e+01 6.04297e-01 -1.28637e-01 8.04115e-01 8.10442e+00 6.55559e-01 
2.0 2.05 2.1 1.19390e+01 5.92713e-01 1.50936e+01 4.50909e-01 -2.75537e+00 7.87274e-01 1.43733e+01 4.69226e-01 1.40026e+01 5.74567e-01 3.03589e+00 7.58855e-01 9.43000e+00 6.18417e-01 
2.1 2.15 2.2 8.74175e+00 5.30451e-01 1.15950e+01 4.02521e-01 -3.91759e+00 7.04882e-01 1.09518e+01 4.20170e-01 1.05033e+01 5.13160e-01 1.10256e+00 6.78453e-01 6.53333e+00 5.54658e-01 
2.2 2.25 2.3 7.38642e+00 4.62805e-01 9.66055e+00 3.51086e-01 -3.01878e+00 6.17049e-01 9.12988e+00 3.65686e-01 8.87392e+00 4.48495e-01 1.28466e+00 5.93957e-01 5.48922e+00 4.83551e-01 
2.3 2.35 2.4 5.66922e+00 4.14207e-01 7.66324e+00 3.10940e-01 -3.05190e+00 5.55145e-01 7.20503e+00 3.28117e-01 6.94235e+00 3.95525e-01 4.94048e-01 5.29336e-01 4.13092e+00 4.37289e-01 
2.4 2.45 2.5 4.95608e+00 3.75305e-01 6.43957e+00 2.82773e-01 -2.00459e+00 4.99066e-01 6.09238e+00 2.98669e-01 5.97101e+00 3.58575e-01 9.26690e-01 4.75829e-01 3.70178e+00 3.96929e-01 
2.5 2.55 2.6 4.12485e+00 3.27936e-01 5.10459e+00 2.49074e-01 -1.09818e+00 4.29195e-01 4.87544e+00 2.61038e-01 4.86003e+00 3.16534e-01 1.25065e+00 4.14183e-01 3.05129e+00 3.43763e-01 
2.6 2.65 2.7 3.18166e+00 2.72416e-01 3.94403e+00 2.06973e-01 -9.42174e-01 3.55843e-01 3.75288e+00 2.18254e-01 3.78859e+00 2.62016e-01 1.01434e+00 3.43410e-01 2.38583e+00 2.89213e-01 
2.7 2.75 2.8 1.70764e+00 2.08955e-01 2.40406e+00 1.57486e-01 -1.47187e+00 2.74377e-01 2.23153e+00 1.66264e-01 2.18504e+00 2.00656e-01 8.16303e-04 2.64905e-01 1.06753e+00 2.19738e-01 
2.8 2.85 2.9 1.42097e+00 1.75648e-01 1.80006e+00 1.32115e-01 -7.05642e-01 2.28375e-01 1.70438e+00 1.40475e-01 1.74550e+00 1.67650e-01 3.62388e-01 2.20162e-01 9.60989e-01 1.85766e-01 
2.9 2.95 3.0 1.10916e+00 1.43475e-01 1.31327e+00 1.08175e-01 -2.47494e-01 1.85046e-01 1.25015e+00 1.14087e-01 1.31957e+00 1.38457e-01 4.85710e-01 1.81492e-01 8.00759e-01 1.49720e-01 
3.0 3.05 3.1 8.20111e-01 1.06628e-01 8.92306e-01 8.05868e-02 4.04451e-02 1.34663e-01 8.72634e-01 8.59967e-02 9.27966e-01 1.01803e-01 4.77673e-01 1.31247e-01 6.48216e-01 1.12387e-01 
3.1 3.15 3.2 5.39206e-01 8.03726e-02 5.59294e-01 6.12417e-02 9.40800e-02 9.82936e-02 5.60826e-01 6.58992e-02 5.94018e-01 7.62492e-02 3.57673e-01 9.61152e-02 4.40823e-01 8.52683e-02 
3.2 3.25 3.3 3.46049e-01 6.00012e-02 3.43042e-01 4.61878e-02 9.83137e-02 6.88455e-02 3.44826e-01 4.95192e-02 3.76642e-01 5.76537e-02 2.60312e-01 7.08986e-02 2.90593e-01 6.19720e-02 
3.3 3.35 3.4 1.82081e-01 3.17158e-02 1.71031e-01 2.37495e-02 8.69399e-02 3.89172e-02 1.72182e-01 2.55503e-02 1.95234e-01 3.02272e-02 1.60838e-01 3.89783e-02 1.56520e-01 3.32009e-02 
3.4 3.45 3.5 9.57004e-02 1.97397e-02 8.20222e-02 1.46207e-02 6.57796e-02 2.37884e-02 8.62504e-02 1.60549e-02 9.57728e-02 1.85150e-02 9.31908e-02 2.38837e-02 8.89223e-02 2.09206e-02 
