0.0 25.0 50.0 1.89279e-01 7.95048e-03 2.57468e-01 5.69200e-03 -7.68021e-02 1.16848e-02 2.43130e-01 5.95097e-03 2.24438e-01 7.60594e-03 8.97702e-03 1.11326e-02 1.51150e-01 8.32339e-03 
50.0 75.0 100.0 4.96377e-01 7.86213e-03 5.96711e-01 5.83806e-03 1.94127e-02 1.11661e-02 5.73432e-01 6.04995e-03 5.60586e-01 7.61555e-03 1.83837e-01 1.06122e-02 4.25173e-01 8.24589e-03 
100.0 125.0 150.0 3.47002e-01 7.27086e-03 4.45435e-01 5.30225e-03 -6.56425e-02 1.06229e-02 4.25131e-01 5.49854e-03 4.00924e-01 7.03355e-03 7.05575e-02 1.01733e-02 2.87166e-01 7.66465e-03 
150.0 175.0 200.0 2.57130e-01 7.25029e-03 3.65344e-01 5.14339e-03 -1.52592e-01 1.12209e-02 3.43081e-01 5.48745e-03 3.07908e-01 7.03987e-03 -1.86007e-02 1.02016e-02 1.96147e-01 7.88114e-03 
200.0 225.0 250.0 2.12177e-01 6.99902e-03 3.17424e-01 4.89790e-03 -1.69427e-01 1.07058e-02 2.97229e-01 5.15982e-03 2.61821e-01 6.63789e-03 -4.53402e-02 9.95729e-03 1.55351e-01 7.48364e-03 
250.0 275.0 300.0 1.81630e-01 6.33470e-03 2.65246e-01 4.39756e-03 -1.27658e-01 9.70538e-03 2.49217e-01 4.65097e-03 2.22042e-01 5.98529e-03 -2.55289e-02 9.04050e-03 1.35195e-01 6.76952e-03 
300.0 325.0 350.0 1.47195e-01 5.78491e-03 2.11788e-01 3.97365e-03 -9.58095e-02 9.03529e-03 1.99697e-01 4.20107e-03 1.77934e-01 5.44239e-03 -1.62075e-02 8.27256e-03 1.10409e-01 6.22570e-03 
350.0 375.0 400.0 1.25602e-01 4.91614e-03 1.75053e-01 3.41158e-03 -6.41519e-02 7.61845e-03 1.64851e-01 3.59204e-03 1.51683e-01 4.67585e-03 2.05175e-03 6.87918e-03 9.61608e-02 5.29459e-03 
400.0 425.0 450.0 9.13577e-02 4.70118e-03 1.34389e-01 3.15590e-03 -6.94443e-02 7.37494e-03 1.25652e-01 3.37153e-03 1.11838e-01 4.36804e-03 -1.32866e-02 6.85029e-03 6.58872e-02 5.04767e-03 
450.0 475.0 500.0 8.51912e-02 4.37984e-03 1.16343e-01 2.93859e-03 -4.02943e-02 6.79086e-03 1.10142e-01 3.14786e-03 1.01909e-01 4.08320e-03 5.47341e-03 6.38416e-03 6.41851e-02 4.71610e-03 
500.0 525.0 550.0 7.00840e-02 3.67835e-03 9.45684e-02 2.50001e-03 -2.87686e-02 5.76318e-03 8.97184e-02 2.67227e-03 8.34566e-02 3.43976e-03 6.81217e-03 5.29220e-03 5.40698e-02 3.97258e-03 
550.0 575.0 600.0 5.19215e-02 3.22862e-03 7.22142e-02 2.21704e-03 -2.97445e-02 5.01970e-03 6.86450e-02 2.35142e-03 6.20932e-02 3.07773e-03 1.24996e-05 4.62715e-03 3.87006e-02 3.49115e-03 
600.0 625.0 650.0 3.81482e-02 2.82700e-03 5.49692e-02 1.91497e-03 -2.75099e-02 4.38237e-03 5.17699e-02 2.05402e-03 4.68078e-02 2.63444e-03 -3.00622e-03 4.06131e-03 2.70936e-02 3.09254e-03 
650.0 675.0 700.0 3.11273e-02 2.54392e-03 4.49425e-02 1.71821e-03 -2.15237e-02 3.99118e-03 4.27865e-02 1.84284e-03 3.82636e-02 2.36636e-03 -2.52318e-03 3.65770e-03 2.30916e-02 2.77504e-03 
700.0 725.0 750.0 2.59639e-02 2.16302e-03 3.63808e-02 1.43666e-03 -1.48493e-02 3.35121e-03 3.43861e-02 1.54530e-03 3.17578e-02 1.98281e-03 9.26984e-04 3.05622e-03 1.91077e-02 2.35713e-03 
750.0 775.0 800.0 1.82497e-02 1.78327e-03 2.70223e-02 1.21622e-03 -1.51259e-02 2.75796e-03 2.52900e-02 1.30972e-03 2.28587e-02 1.65620e-03 -2.39855e-03 2.52634e-03 1.24984e-02 1.94141e-03 
800.0 825.0 850.0 1.62226e-02 1.48124e-03 2.21871e-02 1.00609e-03 -8.10301e-03 2.30431e-03 2.10125e-02 1.08484e-03 1.95547e-02 1.37355e-03 1.43345e-03 2.10616e-03 1.23371e-02 1.54781e-03 
850.0 875.0 900.0 1.25647e-02 1.21030e-03 1.73108e-02 8.23547e-04 -6.35461e-03 1.88480e-03 1.64781e-02 8.91098e-04 1.52043e-02 1.12067e-03 9.35320e-04 1.71484e-03 9.37836e-03 1.32552e-03 
900.0 925.0 950.0 1.29066e-02 9.78639e-04 1.56630e-02 6.79733e-04 -6.04819e-04 1.47905e-03 1.51014e-02 7.31347e-04 1.47715e-02 9.10498e-04 5.02791e-03 1.35739e-03 1.05121e-02 1.06392e-03 
950.0 975.0 1000.0 7.21014e-03 8.01918e-04 1.02710e-02 5.51868e-04 -4.77605e-03 1.22768e-03 9.64522e-03 5.95733e-04 8.91508e-03 7.43192e-04 5.84547e-05 1.12109e-03 5.01791e-03 8.75575e-04 
1000.0 1025.0 1050.0 6.89488e-03 6.95522e-04 8.91667e-03 4.62398e-04 -2.58100e-03 1.06209e-03 8.35173e-03 5.14629e-04 8.14923e-03 6.20158e-04 1.56123e-03 9.66207e-04 4.89241e-03 7.59064e-04 
1050.0 1075.0 1100.0 6.10098e-03 5.81677e-04 7.45058e-03 3.98459e-04 -4.56629e-04 8.83653e-04 7.15594e-03 4.31503e-04 7.03548e-03 5.37059e-04 2.35741e-03 8.04209e-04 4.88438e-03 6.35659e-04 
1100.0 1125.0 1150.0 4.67802e-03 5.01415e-04 5.95699e-03 3.42146e-04 -1.19054e-03 7.51014e-04 5.68737e-03 3.70698e-04 5.47556e-03 4.59188e-04 1.38120e-03 6.99873e-04 3.51768e-03 5.38797e-04 
1150.0 1175.0 1200.0 4.72858e-03 4.30944e-04 5.45145e-03 2.99356e-04 3.49457e-04 6.52331e-04 5.30697e-03 3.24066e-04 5.28385e-03 3.98623e-04 2.27736e-03 5.94535e-04 3.89933e-03 4.69920e-04 
1200.0 1225.0 1250.0 3.34699e-03 3.65590e-04 4.18616e-03 2.54878e-04 -5.13425e-04 5.49857e-04 4.00924e-03 2.75717e-04 3.93461e-03 3.38252e-04 1.27153e-03 4.94681e-04 2.60807e-03 3.99611e-04 
1250.0 1275.0 1300.0 2.92353e-03 3.09813e-04 3.48113e-03 2.15533e-04 9.02603e-05 4.69911e-04 3.35657e-03 2.33059e-04 3.34089e-03 2.86982e-04 1.34240e-03 4.18370e-04 2.37706e-03 3.40126e-04 
1300.0 1325.0 1350.0 2.47440e-03 2.63069e-04 2.95851e-03 1.84405e-04 6.74685e-05 3.93465e-04 2.81675e-03 2.01418e-04 2.84976e-03 2.43772e-04 1.16607e-03 3.58839e-04 1.99811e-03 2.87824e-04 
1350.0 1375.0 1400.0 2.16979e-03 2.29697e-04 2.48984e-03 1.61774e-04 2.35254e-04 3.40867e-04 2.40634e-03 1.74428e-04 2.46638e-03 2.12298e-04 1.16355e-03 3.11498e-04 1.79130e-03 2.52057e-04 
1400.0 1425.0 1450.0 1.57388e-03 1.95692e-04 1.94269e-03 1.38422e-04 -1.45178e-04 2.86479e-04 1.85546e-03 1.49779e-04 1.83181e-03 1.81318e-04 6.43742e-04 2.63826e-04 1.23264e-03 2.12927e-04 
1450.0 1475.0 1500.0 1.51345e-03 1.72419e-04 1.76603e-03 1.22416e-04 1.80460e-04 2.52048e-04 1.69402e-03 1.32266e-04 1.73231e-03 1.59604e-04 8.14891e-04 2.31113e-04 1.23847e-03 1.87844e-04 
1500.0 1525.0 1550.0 1.04987e-03 1.47944e-04 1.30441e-03 1.04883e-04 -1.29949e-04 2.17792e-04 1.24374e-03 1.13744e-04 1.22553e-03 1.36968e-04 4.07775e-04 1.98818e-04 7.98996e-04 1.62190e-04 
1550.0 1575.0 1600.0 9.45352e-04 1.30754e-04 1.15503e-03 9.35391e-05 -5.63509e-05 1.88633e-04 1.10976e-03 1.01583e-04 1.08013e-03 1.21768e-04 3.85611e-04 1.72747e-04 7.63437e-04 1.41902e-04 
1600.0 1625.0 1650.0 9.13972e-04 1.21686e-04 1.03743e-03 8.88751e-05 9.73570e-05 1.69461e-04 1.01827e-03 9.53685e-05 1.02808e-03 1.13498e-04 5.09837e-04 1.58832e-04 7.52175e-04 1.31685e-04 
1650.0 1675.0 1700.0 7.12516e-04 1.02426e-04 8.47617e-04 7.50990e-05 5.07322e-05 1.45074e-04 8.20428e-04 8.09899e-05 8.34061e-04 9.65553e-05 4.05122e-04 1.36390e-04 5.95467e-04 1.12719e-04 
1700.0 1725.0 1750.0 7.91578e-04 1.02371e-04 8.57763e-04 7.56112e-05 2.77967e-04 1.41031e-04 8.47371e-04 8.04565e-05 8.68008e-04 9.59041e-05 5.32043e-04 1.31437e-04 6.88373e-04 1.10294e-04 
1750.0 1775.0 1800.0 6.32613e-04 9.71996e-05 6.89774e-04 7.23711e-05 1.77247e-04 1.31093e-04 6.76031e-04 7.74603e-05 7.00873e-04 9.11678e-05 4.42269e-04 1.23020e-04 5.43255e-04 1.04059e-04 
1800.0 1825.0 1850.0 4.19753e-04 6.96144e-05 4.82826e-04 5.04466e-05 5.84784e-05 1.00217e-04 4.72468e-04 5.43273e-05 4.72143e-04 6.45654e-05 2.26863e-04 9.15335e-05 3.45618e-04 7.59355e-05 
1850.0 1875.0 1900.0 4.40175e-04 7.64659e-05 5.04879e-04 5.64847e-05 9.99364e-05 1.04459e-04 4.87338e-04 6.08916e-05 4.93849e-04 7.15693e-05 2.76809e-04 9.71256e-05 3.72258e-04 8.22856e-05 
1900.0 1925.0 1950.0 2.30052e-04 5.80738e-05 3.23620e-04 4.25994e-05 -1.17897e-04 8.12346e-05 3.02691e-04 4.58053e-05 2.88858e-04 5.41763e-05 3.84112e-05 7.49240e-05 1.64822e-04 6.26546e-05 
1950.0 1975.0 2000.0 3.97833e-04 6.34044e-05 4.17768e-04 4.75864e-05 1.27006e-04 8.12156e-05 4.10246e-04 5.09632e-05 4.30022e-04 5.96840e-05 2.55892e-04 7.64340e-05 3.37393e-04 6.79170e-05 
2000.0 2025.0 2050.0 2.49770e-04 5.03178e-05 2.88626e-04 3.75044e-05 6.32403e-06 6.66163e-05 2.81177e-04 4.03507e-05 2.80600e-04 4.70950e-05 1.16583e-04 6.19698e-05 2.02387e-04 5.42519e-05 
2050.0 2075.0 2100.0 2.29642e-04 4.32159e-05 2.58626e-04 3.24412e-05 7.20413e-05 6.17322e-05 2.48801e-04 3.47753e-05 2.60325e-04 4.06420e-05 1.54153e-04 5.69601e-05 1.87407e-04 4.67250e-05 
2100.0 2125.0 2150.0 2.90056e-04 4.47867e-05 2.90267e-04 3.38748e-05 1.59832e-04 5.84243e-05 2.90740e-04 3.63230e-05 3.08875e-04 4.20517e-05 2.39073e-04 5.53325e-05 2.53637e-04 4.78137e-05 
2150.0 2175.0 2200.0 1.75452e-04 3.01839e-05 1.85030e-04 2.26309e-05 7.08687e-05 4.34914e-05 1.86274e-04 2.43200e-05 1.89389e-04 2.87253e-05 1.21183e-04 3.88961e-05 1.56182e-04 3.29036e-05 
2200.0 2225.0 2250.0 1.52491e-04 3.24970e-05 1.79824e-04 2.56432e-05 3.17415e-05 4.26074e-05 1.77310e-04 2.74682e-05 1.79580e-04 3.17031e-05 9.18599e-05 4.01637e-05 1.26232e-04 3.47353e-05 
2250.0 2275.0 2300.0 1.69579e-04 2.73850e-05 1.68645e-04 2.07168e-05 9.12298e-05 3.49484e-05 1.68202e-04 2.22114e-05 1.77661e-04 2.57798e-05 1.39239e-04 3.35753e-05 1.52439e-04 2.87874e-05 
2300.0 2325.0 2350.0 1.03346e-04 2.19659e-05 1.17620e-04 1.65912e-05 1.67023e-05 2.94899e-05 1.13913e-04 1.76118e-05 1.16142e-04 2.06126e-05 6.01606e-05 2.75528e-05 7.84244e-05 2.37387e-05 
2350.0 2375.0 2400.0 7.48653e-05 1.86741e-05 9.31376e-05 1.41522e-05 -2.65813e-06 2.54845e-05 9.10904e-05 1.52468e-05 9.03860e-05 1.75001e-05 4.01848e-05 2.35416e-05 6.14680e-05 2.02194e-05 
2400.0 2425.0 2450.0 8.99078e-05 1.83225e-05 1.01136e-04 1.40715e-05 2.74024e-05 2.39430e-05 1.01360e-04 1.49664e-05 1.02919e-04 1.73034e-05 5.64320e-05 2.25909e-05 7.88876e-05 1.95786e-05 
2450.0 2475.0 2500.0 9.73891e-05 1.78879e-05 1.02889e-04 1.37593e-05 4.02953e-05 2.29144e-05 1.00904e-04 1.47649e-05 1.07092e-04 1.68772e-05 7.49765e-05 2.17799e-05 8.27489e-05 1.90347e-05 
2500.0 2525.0 2550.0 7.24038e-05 1.47636e-05 7.94689e-05 1.13402e-05 2.06448e-05 1.91422e-05 7.82753e-05 1.21273e-05 8.26231e-05 1.37960e-05 4.97688e-05 1.80558e-05 6.02868e-05 1.57459e-05 
2550.0 2575.0 2600.0 7.72184e-05 1.44221e-05 8.03362e-05 1.12243e-05 3.76392e-05 1.79868e-05 7.97607e-05 1.19837e-05 8.41437e-05 1.36461e-05 5.90197e-05 1.73024e-05 6.83884e-05 1.52838e-05 
2600.0 2625.0 2650.0 6.25106e-05 1.17137e-05 6.60833e-05 9.11402e-06 3.74399e-05 1.48085e-05 6.47701e-05 9.71538e-06 6.84149e-05 1.11140e-05 5.28813e-05 1.37440e-05 5.96348e-05 1.24988e-05 
2650.0 2675.0 2700.0 7.19117e-05 1.19039e-05 7.09972e-05 9.26674e-06 5.06900e-05 1.46131e-05 6.97912e-05 9.81317e-06 7.57446e-05 1.13195e-05 6.78269e-05 1.46069e-05 6.77033e-05 1.23530e-05 
2700.0 2725.0 2750.0 6.19485e-05 1.10671e-05 6.32783e-05 8.83534e-06 3.23877e-05 1.37019e-05 6.27378e-05 9.33344e-06 6.50274e-05 1.06974e-05 5.54037e-05 1.30834e-05 5.68570e-05 1.16302e-05 
2750.0 2775.0 2800.0 6.08362e-05 9.42895e-06 5.97952e-05 7.43729e-06 4.10568e-05 1.15608e-05 5.96234e-05 7.90397e-06 6.44404e-05 8.99856e-06 5.24276e-05 1.12154e-05 5.81557e-05 9.93206e-06 
2800.0 2825.0 2850.0 4.03607e-05 7.33084e-06 3.90031e-05 5.62659e-06 2.52519e-05 9.30096e-06 3.98076e-05 6.02969e-06 4.18600e-05 6.89819e-06 3.44165e-05 8.95353e-06 3.67546e-05 7.83651e-06 
2850.0 2875.0 2900.0 1.14204e-05 5.33538e-06 1.93936e-05 3.98576e-06 -9.30969e-06 7.29430e-06 1.72008e-05 4.35573e-06 1.84917e-05 5.49109e-06 1.82114e-06 6.68176e-06 9.38322e-06 5.69009e-06 
2900.0 2925.0 2950.0 2.61095e-05 5.50019e-06 2.68776e-05 4.26188e-06 1.26667e-05 6.99001e-06 2.68319e-05 4.57081e-06 2.76521e-05 5.21801e-06 1.96393e-05 6.65714e-06 2.36225e-05 5.84645e-06 
2950.0 2975.0 3000.0 1.99972e-05 5.17953e-06 2.18109e-05 3.99901e-06 4.64184e-07 5.65916e-06 2.08495e-05 4.00064e-06 2.15972e-05 4.86802e-06 9.37783e-06 5.43768e-06 1.56466e-05 5.17330e-06 
3000.0 3025.0 3050.0 3.08524e-05 5.72607e-06 3.05931e-05 4.50937e-06 2.15147e-05 6.91013e-06 3.02136e-05 4.79926e-06 3.27231e-05 5.45895e-06 2.72673e-05 6.76761e-06 2.85423e-05 5.99468e-06 
3050.0 3075.0 3100.0 3.11574e-05 5.68047e-06 2.98840e-05 4.46956e-06 2.14841e-05 6.16906e-06 2.97626e-05 4.77424e-06 3.23175e-05 5.41060e-06 2.55223e-05 6.02136e-06 2.94069e-05 5.92768e-06 
3100.0 3125.0 3150.0 2.51044e-05 4.39025e-06 2.36809e-05 3.51559e-06 1.50481e-05 5.12159e-06 2.41045e-05 3.74074e-06 2.46742e-05 4.25421e-06 2.22449e-05 5.16802e-06 2.16682e-05 4.44072e-06 
3150.0 3175.0 3200.0 1.45213e-05 3.17297e-06 1.52187e-05 2.47088e-06 7.12711e-06 3.98180e-06 1.50988e-05 2.64418e-06 1.44539e-05 2.82426e-06 1.11273e-05 3.81576e-06 1.40948e-05 3.32721e-06 
3200.0 3225.0 3250.0 8.45722e-06 2.43651e-06 1.05984e-05 1.83212e-06 2.34728e-06 3.09359e-06 9.17679e-06 2.01654e-06 1.01997e-05 2.27439e-06 6.58757e-06 2.92915e-06 6.80123e-06 2.63074e-06 
3250.0 3275.0 3300.0 3.83824e-06 1.86315e-06 5.90573e-06 1.40717e-06 -3.35063e-06 2.54030e-06 5.28861e-06 1.52728e-06 5.16070e-06 1.73381e-06 4.44142e-07 2.31604e-06 1.96668e-06 2.03998e-06 
3300.0 3325.0 3350.0 1.50691e-05 2.77024e-06 1.55593e-05 2.38375e-06 9.98272e-06 3.25217e-06 1.55306e-05 2.54173e-06 1.55010e-05 2.64523e-06 1.34001e-05 3.17106e-06 1.38081e-05 2.91212e-06 
3350.0 3375.0 3400.0 8.48009e-06 1.98241e-06 9.25002e-06 1.56708e-06 3.19489e-06 2.43932e-06 9.10951e-06 1.67226e-06 9.35818e-06 1.88772e-06 6.59103e-06 2.32739e-06 7.52562e-06 2.09021e-06 
3400.0 3425.0 3450.0 1.28277e-05 2.41203e-06 1.21103e-05 1.94462e-06 9.46014e-06 2.85377e-06 1.22680e-05 2.06990e-06 1.34208e-05 2.32169e-06 1.24929e-05 2.80533e-06 1.21647e-05 2.52471e-06 
3450.0 3475.0 3500.0 7.87590e-06 1.68404e-06 7.64994e-06 1.35120e-06 4.55313e-06 2.04115e-06 7.84213e-06 1.43164e-06 8.17050e-06 1.61169e-06 6.38886e-06 1.98205e-06 7.05319e-06 1.77539e-06 
3500.0 3525.0 3550.0 8.28972e-06 1.73202e-06 8.70214e-06 1.46389e-06 5.37221e-06 2.06630e-06 8.83933e-06 1.55617e-06 8.73392e-06 1.65830e-06 7.26654e-06 2.00185e-06 7.59942e-06 1.82338e-06 
3550.0 3575.0 3600.0 7.55317e-06 1.55626e-06 7.05877e-06 1.27991e-06 5.26471e-06 1.80168e-06 7.21135e-06 1.34965e-06 7.37492e-06 1.51463e-06 6.83932e-06 1.77403e-06 6.87456e-06 1.60784e-06 
3600.0 3625.0 3650.0 3.99168e-06 1.05877e-06 4.33409e-06 8.50730e-07 1.25002e-06 1.28485e-06 4.24051e-06 9.05573e-07 4.24743e-06 1.01068e-06 2.77471e-06 1.24844e-06 3.33997e-06 1.12083e-06 
3650.0 3675.0 3700.0 2.97169e-06 1.00301e-06 3.37226e-06 7.92114e-07 7.51164e-07 1.24989e-06 3.21034e-06 8.47501e-07 3.36726e-06 9.51285e-07 1.90338e-06 1.19073e-06 2.47552e-06 1.05974e-06 
3700.0 3725.0 3750.0 3.70911e-06 1.12235e-06 3.55727e-06 8.80066e-07 1.46900e-06 1.39181e-06 3.72302e-06 9.40366e-07 3.69291e-06 1.06736e-06 3.08102e-06 1.34097e-06 3.05531e-06 1.18567e-06 
3750.0 3775.0 3800.0 2.93553e-06 8.26812e-07 3.03250e-06 6.60314e-07 7.97005e-07 1.01251e-06 2.99385e-06 7.10060e-07 3.07916e-06 7.82098e-07 2.18169e-06 9.60976e-07 2.29593e-06 8.84090e-07 
3800.0 3825.0 3850.0 4.88385e-06 9.78500e-07 4.57389e-06 7.95194e-07 3.73069e-06 1.12463e-06 4.66396e-06 8.40598e-07 5.02596e-06 9.45082e-07 4.60424e-06 1.12474e-06 4.61676e-06 1.01034e-06 
3850.0 3875.0 3900.0 3.28893e-06 8.04557e-07 3.48160e-06 6.64261e-07 1.65804e-06 8.83897e-07 3.37040e-06 7.03894e-07 3.47950e-06 7.76786e-07 2.52870e-06 9.00837e-07 2.79332e-06 8.30570e-07 
3900.0 3925.0 3950.0 4.10490e-06 9.08905e-07 3.85922e-06 7.52313e-07 3.38460e-06 1.05939e-06 3.93653e-06 7.96341e-07 4.21663e-06 8.77900e-07 3.82245e-06 1.00900e-06 3.81470e-06 9.35994e-07 
3950.0 3975.0 4000.0 2.04287e-06 5.82415e-07 2.17675e-06 4.75078e-07 9.66560e-07 6.71384e-07 2.12921e-06 5.06744e-07 2.20869e-06 5.56449e-07 1.55368e-06 6.58663e-07 1.59559e-06 5.82149e-07 
