0.0 25.0 50.0 0.00000e+00 0.00000e+00 0.00000e+00 0.00000e+00 0.00000e+00 0.00000e+00 0.00000e+00 0.00000e+00 0.00000e+00 0.00000e+00 0.00000e+00 0.00000e+00 0.00000e+00 0.00000e+00 
50.0 75.0 100.0 2.84883e-02 4.14266e-03 7.18681e-02 3.05852e-03 -1.03940e-01 5.89173e-03 6.46000e-02 3.17969e-03 4.45552e-02 3.99564e-03 -6.81860e-02 5.60272e-03 1.10417e-02 4.34980e-03 
100.0 125.0 150.0 1.17508e-01 2.65151e-03 1.22073e-01 2.00566e-03 6.28827e-02 3.94923e-03 1.19940e-01 2.12325e-03 1.28371e-01 2.69976e-03 8.73868e-02 3.76759e-03 1.07899e-01 2.85321e-03 
150.0 175.0 200.0 3.97411e-02 8.57582e-04 3.58772e-02 6.44366e-04 3.50732e-02 1.19118e-03 3.61132e-02 6.74853e-04 4.07309e-02 8.22251e-04 3.95140e-02 1.12759e-03 3.84551e-02 9.03554e-04 
200.0 225.0 250.0 1.31410e-02 3.36964e-04 1.14225e-02 2.56503e-04 1.26179e-02 4.60753e-04 1.17090e-02 2.69494e-04 1.32015e-02 3.21565e-04 1.37264e-02 4.34477e-04 1.29390e-02 3.56146e-04 
250.0 275.0 300.0 4.67678e-03 1.48200e-04 4.07656e-03 1.14749e-04 4.51833e-03 1.96865e-04 4.16886e-03 1.20650e-04 4.70288e-03 1.41959e-04 4.91418e-03 1.86386e-04 4.61161e-03 1.56263e-04 
300.0 325.0 350.0 2.15601e-03 7.86486e-05 1.83341e-03 6.13097e-05 2.22486e-03 1.01899e-04 1.89446e-03 6.45240e-05 2.14392e-03 7.51545e-05 2.34433e-03 9.75742e-05 2.16412e-03 8.23254e-05 
350.0 375.0 400.0 9.71065e-04 4.29445e-05 8.25299e-04 3.43481e-05 1.04140e-03 5.64146e-05 8.57191e-04 3.61939e-05 9.70949e-04 4.18089e-05 1.06791e-03 5.23071e-05 9.92232e-04 4.59328e-05 
400.0 425.0 450.0 4.32938e-04 2.57473e-05 3.70287e-04 2.04403e-05 4.32597e-04 3.25176e-05 3.82261e-04 2.14665e-05 4.29352e-04 2.47057e-05 4.65121e-04 3.12363e-05 4.30131e-04 2.69066e-05 
450.0 475.0 500.0 2.07767e-04 1.55444e-05 1.75458e-04 1.22990e-05 2.13187e-04 1.99326e-05 1.81778e-04 1.29695e-05 2.04271e-04 1.48618e-05 2.27787e-04 1.89168e-05 2.10795e-04 1.63832e-05 
500.0 525.0 550.0 1.08161e-04 9.51805e-06 9.04747e-05 7.56748e-06 1.10522e-04 1.18709e-05 9.44378e-05 8.01065e-06 1.05719e-04 9.10668e-06 1.16413e-04 1.13097e-05 1.05389e-04 9.86209e-06 
550.0 575.0 600.0 6.41300e-05 7.18335e-06 5.45543e-05 6.00551e-06 6.80268e-05 8.17171e-06 5.71971e-05 6.26246e-06 6.40290e-05 7.07076e-06 7.26704e-05 8.22210e-06 6.55746e-05 7.35978e-06 
600.0 625.0 650.0 2.45881e-05 3.99130e-06 2.16848e-05 3.29714e-06 2.19144e-05 4.54437e-06 2.24735e-05 3.45626e-06 2.44406e-05 3.87225e-06 2.51663e-05 4.56388e-06 2.37125e-05 4.07887e-06 
650.0 675.0 700.0 1.49569e-05 2.86649e-06 1.24222e-05 2.30168e-06 1.25735e-05 3.03216e-06 1.29597e-05 2.40738e-06 1.29154e-05 2.59083e-06 1.29069e-05 2.94204e-06 1.49359e-05 2.90753e-06 
700.0 725.0 750.0 7.87935e-06 1.48980e-06 6.91123e-06 1.23023e-06 8.29559e-06 1.71940e-06 7.10802e-06 1.29235e-06 7.92945e-06 1.44829e-06 8.72485e-06 1.71099e-06 8.44212e-06 1.54352e-06 
750.0 775.0 800.0 4.04943e-06 9.72978e-07 3.05539e-06 7.16323e-07 3.79627e-06 1.10237e-06 3.69541e-06 8.41658e-07 3.54178e-06 8.44441e-07 4.12472e-06 1.08340e-06 4.35709e-06 1.03667e-06 
800.0 825.0 850.0 5.71078e-07 3.27880e-07 5.98422e-07 2.55954e-07 1.61275e-07 4.40228e-07 5.95950e-07 2.77118e-07 6.19263e-07 3.06168e-07 4.38302e-07 3.93508e-07 5.17775e-07 3.71805e-07 
850.0 875.0 900.0 1.07014e-06 3.66883e-07 1.03529e-06 3.16919e-07 7.39614e-07 3.92223e-07 1.05687e-06 3.31761e-07 1.10677e-06 3.61110e-07 8.53879e-07 3.88824e-07 9.22143e-07 3.66833e-07 
900.0 925.0 950.0 -3.39155e-07 5.75833e-08 -1.89433e-07 3.40627e-08 -5.89800e-07 9.34869e-08 -2.36077e-07 4.15790e-08 -2.72283e-07 4.70770e-08 -4.99770e-07 8.20085e-08 -4.21219e-07 6.98377e-08 
950.0 975.0 1000.0 -6.90526e-08 3.73704e-08 -3.79224e-08 2.15205e-08 -1.01424e-07 6.35717e-08 -4.04548e-08 2.57696e-08 -5.36888e-08 3.01403e-08 -9.66401e-08 5.33780e-08 -9.36934e-08 4.46560e-08 
1000.0 1025.0 1050.0 -1.01198e-07 1.91117e-08 -5.96286e-08 1.12635e-08 -1.63357e-07 3.36987e-08 -7.21458e-08 1.36702e-08 -8.36394e-08 1.57478e-08 -1.45621e-07 2.73951e-08 -1.24459e-07 2.35926e-08 
1050.0 1075.0 1100.0 -3.43222e-08 1.07364e-08 -2.00512e-08 6.29951e-09 -6.40132e-08 1.83151e-08 -2.44737e-08 7.69173e-09 -2.81215e-08 8.79343e-09 -4.93766e-08 1.53609e-08 -4.11892e-08 1.34450e-08 
1100.0 1125.0 1150.0 -3.17351e-08 5.90704e-09 -1.81449e-08 3.45686e-09 -5.63605e-08 1.05159e-08 -2.03733e-08 4.09337e-09 -2.79897e-08 4.62874e-09 -4.55514e-08 8.43801e-09 -3.86240e-08 6.70357e-09 
1150.0 1175.0 1200.0 -1.80133e-08 3.82640e-09 -1.08879e-08 2.24522e-09 -3.31222e-08 6.55940e-09 -1.28756e-08 2.74801e-09 -1.52328e-08 3.12638e-09 -2.58380e-08 5.45893e-09 -2.43595e-08 4.62225e-09 
1200.0 1225.0 1250.0 -1.37388e-08 2.31785e-09 -7.80493e-09 1.45052e-09 -2.49870e-08 4.23653e-09 -1.01176e-08 1.67564e-09 -1.11922e-08 1.88712e-09 -1.96443e-08 3.30172e-09 -1.79806e-08 2.91837e-09 
1250.0 1275.0 1300.0 -4.94411e-09 1.29939e-09 -2.89449e-09 7.57660e-10 -9.10081e-09 2.34311e-09 -3.53702e-09 9.35841e-10 -4.04571e-09 1.05204e-09 -7.08329e-09 1.84770e-09 -6.35273e-09 1.64780e-09 
1300.0 1325.0 1350.0 -3.84671e-09 1.09556e-09 -2.41035e-09 5.63752e-10 -7.42276e-09 1.97396e-09 -2.75593e-09 7.89069e-10 -3.39503e-09 8.47265e-10 -5.50129e-09 1.55777e-09 -5.04915e-09 1.41538e-09 
1350.0 1375.0 1400.0 -2.01599e-09 3.32676e-10 -1.24748e-09 2.24259e-10 -3.60201e-09 6.29324e-10 -1.45104e-09 2.40047e-10 -1.73266e-09 3.10898e-10 -2.72710e-09 4.92850e-10 -2.53146e-09 4.43373e-10 
1400.0 1425.0 1450.0 -1.17601e-09 2.22167e-10 -6.76872e-10 1.28427e-10 -2.16212e-09 4.02762e-10 -8.68650e-10 1.61898e-10 -9.39814e-10 1.77784e-10 -1.64700e-09 3.27437e-10 -1.52082e-09 2.84195e-10 
1450.0 1475.0 1500.0 -5.38941e-10 1.27230e-10 -3.32141e-10 7.56961e-11 -9.42417e-10 2.45490e-10 -3.87908e-10 9.21179e-11 -4.61355e-10 1.04542e-10 -7.66920e-10 1.79841e-10 -6.62271e-10 1.73714e-10 
1500.0 1525.0 1550.0 -3.61525e-10 6.35218e-11 -2.10097e-10 3.65840e-11 -6.11524e-10 1.19538e-10 -2.61065e-10 4.60026e-11 -2.90947e-10 5.05191e-11 -4.84272e-10 9.31209e-11 -4.31113e-10 8.46026e-11 
1550.0 1575.0 1600.0 -2.07658e-10 3.46464e-11 -1.20024e-10 1.99869e-11 -3.74842e-10 6.27286e-11 -1.50114e-10 2.51153e-11 -1.66035e-10 2.75730e-11 -2.94060e-10 4.89048e-11 -2.64709e-10 4.44422e-11 
1600.0 1625.0 1650.0 -8.69852e-11 1.34719e-11 -5.00470e-11 7.73418e-12 -1.62304e-10 2.45990e-11 -6.29152e-11 9.77677e-12 -6.81236e-11 9.97035e-12 -1.20218e-10 1.87967e-11 -1.16488e-10 1.73883e-11 
1650.0 1675.0 1700.0 -2.80276e-11 4.47902e-12 -1.65628e-11 2.55830e-12 -5.12036e-11 8.24832e-12 -2.02809e-11 3.25342e-12 -2.28873e-11 3.52270e-12 -3.96445e-11 6.30754e-12 -3.61950e-11 5.85791e-12 
1700.0 1725.0 1750.0 -1.50395e-11 1.89648e-12 -8.62656e-12 1.08228e-12 -2.86316e-11 3.55915e-12 -1.09096e-11 1.37837e-12 -1.18870e-11 1.48896e-12 -2.12116e-11 2.66877e-12 -2.02989e-11 2.52876e-12 
1750.0 1775.0 1800.0 -9.90978e-12 1.24247e-12 -5.63928e-12 7.06148e-13 -1.92725e-11 2.36514e-12 -7.29049e-12 9.04609e-13 -7.76793e-12 9.70627e-13 -1.39637e-11 1.74635e-12 -1.36774e-11 1.68252e-12 
1800.0 1825.0 1850.0 -3.29478e-12 3.94524e-13 -1.81802e-12 2.17478e-13 -6.11623e-12 7.55309e-13 -2.36118e-12 2.83690e-13 -2.50122e-12 2.98741e-13 -4.63622e-12 5.54082e-13 -4.34761e-12 5.37743e-13 
1850.0 1875.0 1900.0 -2.10135e-12 2.25693e-13 -1.18506e-12 1.27136e-13 -3.89464e-12 4.18984e-13 -1.52842e-12 1.64421e-13 -1.62928e-12 1.74515e-13 -2.95433e-12 3.16729e-13 -2.81244e-12 3.01568e-13 
1900.0 1925.0 1950.0 -7.20654e-13 7.21178e-14 -4.06451e-13 4.06457e-14 -1.31369e-12 1.32055e-13 -5.24820e-13 5.25751e-14 -5.58121e-13 5.57541e-14 -1.01172e-12 1.01126e-13 -9.35776e-13 9.41809e-14 
1950.0 1975.0 2000.0 -6.95092e-14 1.05165e-14 -3.89483e-14 5.84348e-15 -1.27430e-13 1.93531e-14 -5.06138e-14 7.67900e-15 -5.34884e-14 8.00264e-15 -9.75970e-14 1.47195e-14 -9.07789e-14 1.38293e-14 
2000.0 2025.0 2050.0 -2.34685e-14 2.91222e-15 -1.15598e-14 1.57741e-15 -4.68757e-14 6.26768e-15 -1.71173e-14 2.12717e-15 -1.58540e-14 2.15912e-15 -3.28884e-14 4.07452e-15 -3.34414e-14 4.48125e-15 
2050.0 2075.0 2100.0 -9.31826e-15 1.09715e-15 -4.95493e-15 5.91073e-16 -1.78925e-14 2.16193e-15 -6.67943e-15 7.95697e-16 -6.78621e-15 8.08709e-16 -1.30386e-14 1.56463e-15 -1.27857e-14 1.54678e-15 
2100.0 2125.0 2150.0 -1.12443e-15 1.20284e-16 -5.90014e-16 6.40823e-17 -2.15180e-15 2.29878e-16 -8.21986e-16 8.79898e-17 -8.07041e-16 8.75916e-17 -1.54112e-15 1.66607e-16 -1.53943e-15 1.64585e-16 
2150.0 2175.0 2200.0 -3.52510e-17 5.88331e-18 -1.80745e-17 3.04696e-18 -7.41490e-17 1.20191e-17 -2.57901e-17 4.30932e-18 -2.47028e-17 4.15898e-18 -4.92288e-17 8.20570e-18 -5.30920e-17 8.61635e-18 
2200.0 2225.0 2250.0 -1.48038e-18 2.88934e-19 -6.94243e-19 1.78110e-19 -3.16946e-18 6.03594e-19 -1.08377e-18 2.11606e-19 -9.47582e-19 2.43068e-19 -2.06588e-18 4.03046e-19 -2.27161e-18 4.32782e-19 
2250.0 2275.0 2300.0 -3.86649e-20 7.00310e-21 -1.96972e-20 3.57455e-21 -8.95545e-20 1.60259e-20 -2.83394e-20 5.13955e-21 -2.68734e-20 4.87069e-21 -5.38868e-20 9.74600e-21 -6.42417e-20 1.15080e-20 
2300.0 2325.0 2350.0 -1.06898e-22 2.89281e-23 -4.52580e-23 1.26728e-23 -2.34280e-22 7.37856e-23 -7.83985e-23 2.12394e-23 -6.17317e-23 1.72650e-23 -1.48881e-22 4.02394e-23 -1.68156e-22 5.30665e-23 
2350.0 2375.0 2400.0 0.00000e+00 0.00000e+00 0.00000e+00 0.00000e+00 0.00000e+00 0.00000e+00 0.00000e+00 0.00000e+00 0.00000e+00 0.00000e+00 0.00000e+00 0.00000e+00 0.00000e+00 0.00000e+00 
2400.0 2425.0 2450.0 0.00000e+00 0.00000e+00 0.00000e+00 0.00000e+00 0.00000e+00 0.00000e+00 0.00000e+00 0.00000e+00 0.00000e+00 0.00000e+00 0.00000e+00 0.00000e+00 0.00000e+00 0.00000e+00 
2450.0 2475.0 2500.0 0.00000e+00 0.00000e+00 0.00000e+00 0.00000e+00 0.00000e+00 0.00000e+00 0.00000e+00 0.00000e+00 0.00000e+00 0.00000e+00 0.00000e+00 0.00000e+00 0.00000e+00 0.00000e+00 
2500.0 2525.0 2550.0 0.00000e+00 0.00000e+00 0.00000e+00 0.00000e+00 0.00000e+00 0.00000e+00 0.00000e+00 0.00000e+00 0.00000e+00 0.00000e+00 0.00000e+00 0.00000e+00 0.00000e+00 0.00000e+00 
2550.0 2575.0 2600.0 0.00000e+00 0.00000e+00 0.00000e+00 0.00000e+00 0.00000e+00 0.00000e+00 0.00000e+00 0.00000e+00 0.00000e+00 0.00000e+00 0.00000e+00 0.00000e+00 0.00000e+00 0.00000e+00 
2600.0 2625.0 2650.0 0.00000e+00 0.00000e+00 0.00000e+00 0.00000e+00 0.00000e+00 0.00000e+00 0.00000e+00 0.00000e+00 0.00000e+00 0.00000e+00 0.00000e+00 0.00000e+00 0.00000e+00 0.00000e+00 
2650.0 2675.0 2700.0 0.00000e+00 0.00000e+00 0.00000e+00 0.00000e+00 0.00000e+00 0.00000e+00 0.00000e+00 0.00000e+00 0.00000e+00 0.00000e+00 0.00000e+00 0.00000e+00 0.00000e+00 0.00000e+00 
2700.0 2725.0 2750.0 0.00000e+00 0.00000e+00 0.00000e+00 0.00000e+00 0.00000e+00 0.00000e+00 0.00000e+00 0.00000e+00 0.00000e+00 0.00000e+00 0.00000e+00 0.00000e+00 0.00000e+00 0.00000e+00 
2750.0 2775.0 2800.0 0.00000e+00 0.00000e+00 0.00000e+00 0.00000e+00 0.00000e+00 0.00000e+00 0.00000e+00 0.00000e+00 0.00000e+00 0.00000e+00 0.00000e+00 0.00000e+00 0.00000e+00 0.00000e+00 
2800.0 2825.0 2850.0 0.00000e+00 0.00000e+00 0.00000e+00 0.00000e+00 0.00000e+00 0.00000e+00 0.00000e+00 0.00000e+00 0.00000e+00 0.00000e+00 0.00000e+00 0.00000e+00 0.00000e+00 0.00000e+00 
2850.0 2875.0 2900.0 0.00000e+00 0.00000e+00 0.00000e+00 0.00000e+00 0.00000e+00 0.00000e+00 0.00000e+00 0.00000e+00 0.00000e+00 0.00000e+00 0.00000e+00 0.00000e+00 0.00000e+00 0.00000e+00 
2900.0 2925.0 2950.0 0.00000e+00 0.00000e+00 0.00000e+00 0.00000e+00 0.00000e+00 0.00000e+00 0.00000e+00 0.00000e+00 0.00000e+00 0.00000e+00 0.00000e+00 0.00000e+00 0.00000e+00 0.00000e+00 
2950.0 2975.0 3000.0 0.00000e+00 0.00000e+00 0.00000e+00 0.00000e+00 0.00000e+00 0.00000e+00 0.00000e+00 0.00000e+00 0.00000e+00 0.00000e+00 0.00000e+00 0.00000e+00 0.00000e+00 0.00000e+00 
3000.0 3025.0 3050.0 0.00000e+00 0.00000e+00 0.00000e+00 0.00000e+00 0.00000e+00 0.00000e+00 0.00000e+00 0.00000e+00 0.00000e+00 0.00000e+00 0.00000e+00 0.00000e+00 0.00000e+00 0.00000e+00 
3050.0 3075.0 3100.0 0.00000e+00 0.00000e+00 0.00000e+00 0.00000e+00 0.00000e+00 0.00000e+00 0.00000e+00 0.00000e+00 0.00000e+00 0.00000e+00 0.00000e+00 0.00000e+00 0.00000e+00 0.00000e+00 
3100.0 3125.0 3150.0 0.00000e+00 0.00000e+00 0.00000e+00 0.00000e+00 0.00000e+00 0.00000e+00 0.00000e+00 0.00000e+00 0.00000e+00 0.00000e+00 0.00000e+00 0.00000e+00 0.00000e+00 0.00000e+00 
3150.0 3175.0 3200.0 0.00000e+00 0.00000e+00 0.00000e+00 0.00000e+00 0.00000e+00 0.00000e+00 0.00000e+00 0.00000e+00 0.00000e+00 0.00000e+00 0.00000e+00 0.00000e+00 0.00000e+00 0.00000e+00 
3200.0 3225.0 3250.0 0.00000e+00 0.00000e+00 0.00000e+00 0.00000e+00 0.00000e+00 0.00000e+00 0.00000e+00 0.00000e+00 0.00000e+00 0.00000e+00 0.00000e+00 0.00000e+00 0.00000e+00 0.00000e+00 
3250.0 3275.0 3300.0 0.00000e+00 0.00000e+00 0.00000e+00 0.00000e+00 0.00000e+00 0.00000e+00 0.00000e+00 0.00000e+00 0.00000e+00 0.00000e+00 0.00000e+00 0.00000e+00 0.00000e+00 0.00000e+00 
3300.0 3325.0 3350.0 0.00000e+00 0.00000e+00 0.00000e+00 0.00000e+00 0.00000e+00 0.00000e+00 0.00000e+00 0.00000e+00 0.00000e+00 0.00000e+00 0.00000e+00 0.00000e+00 0.00000e+00 0.00000e+00 
3350.0 3375.0 3400.0 0.00000e+00 0.00000e+00 0.00000e+00 0.00000e+00 0.00000e+00 0.00000e+00 0.00000e+00 0.00000e+00 0.00000e+00 0.00000e+00 0.00000e+00 0.00000e+00 0.00000e+00 0.00000e+00 
3400.0 3425.0 3450.0 0.00000e+00 0.00000e+00 0.00000e+00 0.00000e+00 0.00000e+00 0.00000e+00 0.00000e+00 0.00000e+00 0.00000e+00 0.00000e+00 0.00000e+00 0.00000e+00 0.00000e+00 0.00000e+00 
3450.0 3475.0 3500.0 0.00000e+00 0.00000e+00 0.00000e+00 0.00000e+00 0.00000e+00 0.00000e+00 0.00000e+00 0.00000e+00 0.00000e+00 0.00000e+00 0.00000e+00 0.00000e+00 0.00000e+00 0.00000e+00 
3500.0 3525.0 3550.0 0.00000e+00 0.00000e+00 0.00000e+00 0.00000e+00 0.00000e+00 0.00000e+00 0.00000e+00 0.00000e+00 0.00000e+00 0.00000e+00 0.00000e+00 0.00000e+00 0.00000e+00 0.00000e+00 
3550.0 3575.0 3600.0 0.00000e+00 0.00000e+00 0.00000e+00 0.00000e+00 0.00000e+00 0.00000e+00 0.00000e+00 0.00000e+00 0.00000e+00 0.00000e+00 0.00000e+00 0.00000e+00 0.00000e+00 0.00000e+00 
3600.0 3625.0 3650.0 0.00000e+00 0.00000e+00 0.00000e+00 0.00000e+00 0.00000e+00 0.00000e+00 0.00000e+00 0.00000e+00 0.00000e+00 0.00000e+00 0.00000e+00 0.00000e+00 0.00000e+00 0.00000e+00 
3650.0 3675.0 3700.0 0.00000e+00 0.00000e+00 0.00000e+00 0.00000e+00 0.00000e+00 0.00000e+00 0.00000e+00 0.00000e+00 0.00000e+00 0.00000e+00 0.00000e+00 0.00000e+00 0.00000e+00 0.00000e+00 
3700.0 3725.0 3750.0 0.00000e+00 0.00000e+00 0.00000e+00 0.00000e+00 0.00000e+00 0.00000e+00 0.00000e+00 0.00000e+00 0.00000e+00 0.00000e+00 0.00000e+00 0.00000e+00 0.00000e+00 0.00000e+00 
3750.0 3775.0 3800.0 0.00000e+00 0.00000e+00 0.00000e+00 0.00000e+00 0.00000e+00 0.00000e+00 0.00000e+00 0.00000e+00 0.00000e+00 0.00000e+00 0.00000e+00 0.00000e+00 0.00000e+00 0.00000e+00 
3800.0 3825.0 3850.0 0.00000e+00 0.00000e+00 0.00000e+00 0.00000e+00 0.00000e+00 0.00000e+00 0.00000e+00 0.00000e+00 0.00000e+00 0.00000e+00 0.00000e+00 0.00000e+00 0.00000e+00 0.00000e+00 
3850.0 3875.0 3900.0 0.00000e+00 0.00000e+00 0.00000e+00 0.00000e+00 0.00000e+00 0.00000e+00 0.00000e+00 0.00000e+00 0.00000e+00 0.00000e+00 0.00000e+00 0.00000e+00 0.00000e+00 0.00000e+00 
3900.0 3925.0 3950.0 0.00000e+00 0.00000e+00 0.00000e+00 0.00000e+00 0.00000e+00 0.00000e+00 0.00000e+00 0.00000e+00 0.00000e+00 0.00000e+00 0.00000e+00 0.00000e+00 0.00000e+00 0.00000e+00 
3950.0 3975.0 4000.0 0.00000e+00 0.00000e+00 0.00000e+00 0.00000e+00 0.00000e+00 0.00000e+00 0.00000e+00 0.00000e+00 0.00000e+00 0.00000e+00 0.00000e+00 0.00000e+00 0.00000e+00 0.00000e+00 
