-3.5 -3.45 -3.4 0.00000e+00 0.00000e+00 0.00000e+00 0.00000e+00 0.00000e+00 0.00000e+00 0.00000e+00 0.00000e+00 0.00000e+00 0.00000e+00 0.00000e+00 0.00000e+00 0.00000e+00 0.00000e+00 
-3.4 -3.35 -3.3 0.00000e+00 0.00000e+00 0.00000e+00 0.00000e+00 0.00000e+00 0.00000e+00 0.00000e+00 0.00000e+00 0.00000e+00 0.00000e+00 0.00000e+00 0.00000e+00 0.00000e+00 0.00000e+00 
-3.3 -3.25 -3.2 0.00000e+00 0.00000e+00 0.00000e+00 0.00000e+00 0.00000e+00 0.00000e+00 0.00000e+00 0.00000e+00 0.00000e+00 0.00000e+00 0.00000e+00 0.00000e+00 0.00000e+00 0.00000e+00 
-3.2 -3.15 -3.1 0.00000e+00 0.00000e+00 0.00000e+00 0.00000e+00 0.00000e+00 0.00000e+00 0.00000e+00 0.00000e+00 0.00000e+00 0.00000e+00 0.00000e+00 0.00000e+00 0.00000e+00 0.00000e+00 
-3.1 -3.05 -3.0 0.00000e+00 0.00000e+00 0.00000e+00 0.00000e+00 0.00000e+00 0.00000e+00 0.00000e+00 0.00000e+00 0.00000e+00 0.00000e+00 0.00000e+00 0.00000e+00 0.00000e+00 0.00000e+00 
-3.0 -2.95 -2.9 0.00000e+00 0.00000e+00 0.00000e+00 0.00000e+00 0.00000e+00 0.00000e+00 0.00000e+00 0.00000e+00 0.00000e+00 0.00000e+00 0.00000e+00 0.00000e+00 0.00000e+00 0.00000e+00 
-2.9 -2.85 -2.8 -1.07440e-11 1.38070e-12 -5.67965e-23 6.30886e-23 -2.70948e-11 3.22242e-12 -7.48225e-12 9.62147e-13 -7.84256e-12 9.48657e-13 -1.58862e-11 2.04004e-12 -1.83121e-11 2.17977e-12 
-2.8 -2.75 -2.7 -1.10841e-08 1.05685e-09 -5.64487e-09 5.41998e-10 -2.29500e-08 2.19514e-09 -7.71166e-09 7.36212e-10 -8.11333e-09 7.78007e-10 -1.64069e-08 1.56217e-09 -1.55039e-08 1.48495e-09 
-2.7 -2.65 -2.6 -2.80112e-07 3.23314e-08 -1.45343e-07 1.59108e-08 -5.57341e-07 6.58471e-08 -1.86521e-07 2.17763e-08 -2.17909e-07 2.41317e-08 -4.22483e-07 4.79026e-08 -3.76453e-07 4.45810e-08 
-2.6 -2.55 -2.5 -2.88271e-06 3.62965e-07 -1.59687e-06 2.00686e-07 -5.48771e-06 6.97495e-07 -2.00553e-06 2.52813e-07 -2.24864e-06 2.91705e-07 -4.01989e-06 5.52947e-07 -3.70609e-06 4.71929e-07 
-2.5 -2.45 -2.4 -3.22094e-05 7.06078e-06 -1.82479e-05 4.09693e-06 -5.41773e-05 7.27752e-06 -2.23139e-05 4.91576e-06 -2.63365e-05 5.88462e-06 -4.79025e-05 1.04441e-05 -3.64392e-05 4.92610e-06 
-2.4 -2.35 -2.3 -5.70484e-05 2.05332e-05 -2.95750e-05 1.21786e-05 -1.19828e-04 3.40074e-05 -3.42699e-05 1.51489e-05 -4.78824e-05 1.65785e-05 -9.18839e-05 2.83413e-05 -6.63660e-05 2.47113e-05 
-2.3 -2.25 -2.2 9.44818e-04 3.13079e-04 6.77071e-04 2.19580e-04 1.24575e-03 4.63858e-04 7.00610e-04 2.33781e-04 8.33343e-04 2.80394e-04 1.14698e-03 4.05210e-04 1.05225e-03 3.58125e-04 
-2.2 -2.15 -2.1 3.08607e-03 7.34995e-04 2.53190e-03 5.67746e-04 4.03409e-03 1.00969e-03 2.71939e-03 6.19497e-04 2.95917e-03 6.83606e-04 3.35331e-03 8.65850e-04 3.28110e-03 7.94506e-04 
-2.1 -2.05 -2.0 5.77975e-03 1.16480e-03 4.44942e-03 8.33105e-04 7.49811e-03 1.72261e-03 4.91297e-03 9.34994e-04 5.33833e-03 1.04395e-03 6.68750e-03 1.47739e-03 6.31922e-03 1.31896e-03 
-2.0 -1.95 -1.9 9.78214e-03 1.84114e-03 7.56371e-03 1.29081e-03 1.11220e-02 2.70469e-03 8.36531e-03 1.45985e-03 9.02072e-03 1.63275e-03 1.15038e-02 2.41136e-03 1.05136e-02 2.12406e-03 
-1.9 -1.85 -1.8 2.15578e-02 3.39518e-03 1.76493e-02 2.52384e-03 2.37666e-02 4.80281e-03 1.90753e-02 2.77946e-03 2.04862e-02 3.10211e-03 2.32094e-02 4.27079e-03 2.05989e-02 3.75423e-03 
-1.8 -1.75 -1.7 5.75163e-02 7.44737e-03 4.57862e-02 5.49643e-03 6.71781e-02 9.50909e-03 5.17147e-02 6.32213e-03 5.45347e-02 7.00681e-03 6.43973e-02 8.83785e-03 6.32043e-02 8.34808e-03 
-1.7 -1.65 -1.6 9.50354e-02 9.60743e-03 7.60313e-02 7.19737e-03 1.04222e-01 1.32485e-02 8.22257e-02 7.86127e-03 8.96575e-02 8.83562e-03 1.02968e-01 1.18608e-02 1.00352e-01 1.06083e-02 
-1.6 -1.55 -1.5 1.32851e-01 1.28863e-02 1.07640e-01 9.72700e-03 1.47199e-01 1.75994e-02 1.15857e-01 1.06002e-02 1.25896e-01 1.18850e-02 1.46620e-01 1.59044e-02 1.39723e-01 1.41848e-02 
-1.5 -1.45 -1.4 1.99535e-01 1.75832e-02 1.59210e-01 1.28090e-02 2.30386e-01 2.51119e-02 1.71493e-01 1.40728e-02 1.88425e-01 1.60431e-02 2.25610e-01 2.24384e-02 2.10935e-01 1.95647e-02 
-1.4 -1.35 -1.3 2.09734e-01 1.74342e-02 1.72404e-01 1.28215e-02 2.27589e-01 2.46122e-02 1.84195e-01 1.40132e-02 2.00133e-01 1.59977e-02 2.29123e-01 2.21537e-02 2.18525e-01 1.92800e-02 
-1.3 -1.25 -1.2 3.02810e-01 2.26830e-02 2.53148e-01 1.73930e-02 3.08844e-01 2.92072e-02 2.67400e-01 1.86403e-02 2.93703e-01 2.13148e-02 3.18660e-01 2.69024e-02 3.10737e-01 2.44549e-02 
-1.2 -1.15 -1.1 3.16990e-01 2.05765e-02 2.64566e-01 1.54684e-02 3.37567e-01 2.83485e-02 2.81451e-01 1.67621e-02 3.04889e-01 1.90617e-02 3.40247e-01 2.57579e-02 3.30458e-01 2.25299e-02 
-1.1 -1.05 -1.0 3.35819e-01 1.89806e-02 2.84324e-01 1.45731e-02 3.41482e-01 2.54969e-02 3.01606e-01 1.56728e-02 3.24122e-01 1.77563e-02 3.52765e-01 2.34198e-02 3.44747e-01 2.05727e-02 
-1.0 -0.95 -0.9 3.93750e-01 2.03123e-02 3.33777e-01 1.54665e-02 4.01644e-01 2.75173e-02 3.53538e-01 1.66798e-02 3.80648e-01 1.89373e-02 4.14526e-01 2.51874e-02 4.05881e-01 2.20722e-02 
-0.9 -0.85 -0.8 4.04825e-01 2.00367e-02 3.42350e-01 1.50357e-02 4.16809e-01 2.75922e-02 3.62968e-01 1.63041e-02 3.91177e-01 1.85463e-02 4.27252e-01 2.51075e-02 4.17772e-01 2.19265e-02 
-0.8 -0.75 -0.7 4.68519e-01 2.15416e-02 3.94740e-01 1.58738e-02 4.87738e-01 3.02522e-02 4.17935e-01 1.72968e-02 4.53516e-01 1.98285e-02 4.99664e-01 2.73712e-02 4.82378e-01 2.37248e-02 
-0.7 -0.65 -0.6 5.40895e-01 2.24938e-02 4.59722e-01 1.70754e-02 5.51332e-01 3.06357e-02 4.85448e-01 1.84188e-02 5.23734e-01 2.09376e-02 5.69924e-01 2.80041e-02 5.54538e-01 2.44903e-02 
-0.6 -0.55 -0.5 5.18950e-01 2.17987e-02 4.44664e-01 1.63277e-02 5.18622e-01 3.00873e-02 4.68570e-01 1.76695e-02 5.05321e-01 2.02167e-02 5.40899e-01 2.74278e-02 5.29687e-01 2.38207e-02 
-0.5 -0.45 -0.4 5.71105e-01 2.21631e-02 4.86762e-01 1.65838e-02 5.84808e-01 3.05500e-02 5.13064e-01 1.79523e-02 5.55376e-01 2.05417e-02 6.02122e-01 2.78923e-02 5.86918e-01 2.41807e-02 
-0.4 -0.35 -0.3 5.70028e-01 2.12640e-02 4.91289e-01 1.60928e-02 5.64161e-01 2.89753e-02 5.16634e-01 1.73509e-02 5.56692e-01 1.98145e-02 5.90197e-01 2.65595e-02 5.92361e-01 2.32580e-02 
-0.3 -0.25 -0.2 6.10216e-01 2.21601e-02 5.17935e-01 1.64772e-02 6.24449e-01 3.09576e-02 5.47416e-01 1.79009e-02 5.91404e-01 2.04563e-02 6.43367e-01 2.80559e-02 6.26716e-01 2.43559e-02 
-0.2 -0.15 -0.1 6.09666e-01 2.18658e-02 5.20501e-01 1.63116e-02 6.14935e-01 3.04405e-02 5.49318e-01 1.76954e-02 5.90696e-01 2.02116e-02 6.34697e-01 2.76167e-02 6.23789e-01 2.39903e-02 
-0.1 -0.05 0.0 5.97177e-01 2.18713e-02 5.06771e-01 1.62457e-02 6.14721e-01 3.06033e-02 5.35513e-01 1.76177e-02 5.79326e-01 2.02264e-02 6.30473e-01 2.77617e-02 6.12067e-01 2.39778e-02 
0.0 0.05 0.1 5.65391e-01 2.06555e-02 4.90820e-01 1.56185e-02 5.45861e-01 2.83400e-02 5.15817e-01 1.68300e-02 5.52879e-01 1.92461e-02 5.78170e-01 2.58413e-02 5.72801e-01 2.24812e-02 
0.1 0.15 0.2 5.81833e-01 2.15677e-02 4.96319e-01 1.59743e-02 5.83448e-01 3.00977e-02 5.23713e-01 1.73481e-02 5.65745e-01 1.99382e-02 6.06894e-01 2.73019e-02 5.94762e-01 2.36500e-02 
0.2 0.25 0.3 5.90143e-01 2.13557e-02 5.04557e-01 1.60412e-02 5.95970e-01 2.94877e-02 5.32001e-01 1.73269e-02 5.73889e-01 1.98398e-02 6.16083e-01 2.69480e-02 6.02821e-01 2.32994e-02 
0.3 0.35 0.4 6.12596e-01 2.24838e-02 5.16819e-01 1.67068e-02 6.43140e-01 3.13743e-02 5.46411e-01 1.81135e-02 5.91212e-01 2.07991e-02 6.56621e-01 2.84772e-02 6.33028e-01 2.46467e-02 
0.4 0.45 0.5 5.84410e-01 2.17999e-02 4.94901e-01 1.64418e-02 6.04725e-01 2.99728e-02 5.21228e-01 1.76921e-02 5.66792e-01 2.03657e-02 6.22853e-01 2.74351e-02 5.99582e-01 2.36783e-02 
0.5 0.55 0.6 5.14366e-01 2.17651e-02 4.42655e-01 1.66179e-02 5.08647e-01 2.93110e-02 4.66100e-01 1.77990e-02 5.01485e-01 2.04339e-02 5.32637e-01 2.70735e-02 5.24120e-01 2.34948e-02 
0.6 0.65 0.7 5.29939e-01 2.30450e-02 4.41861e-01 1.70598e-02 5.57008e-01 3.24172e-02 4.71155e-01 1.85120e-02 5.07706e-01 2.12996e-02 5.65283e-01 2.93239e-02 5.47592e-01 2.53638e-02 
0.7 0.75 0.8 5.02233e-01 2.29231e-02 4.24756e-01 1.73275e-02 5.16868e-01 3.13792e-02 4.48109e-01 1.86268e-02 4.87818e-01 2.14171e-02 5.36021e-01 2.87548e-02 5.13969e-01 2.48952e-02 
0.8 0.85 0.9 4.37999e-01 2.20057e-02 3.75666e-01 1.68992e-02 4.53272e-01 3.00604e-02 3.91105e-01 1.78353e-02 4.23464e-01 2.05933e-02 4.65582e-01 2.76543e-02 4.51095e-01 2.38531e-02 
0.9 0.95 1.0 3.73257e-01 2.24118e-02 3.17089e-01 1.69323e-02 3.78699e-01 3.05758e-02 3.35495e-01 1.81733e-02 3.62057e-01 2.09863e-02 3.92200e-01 2.81440e-02 3.82917e-01 2.42765e-02 
1.0 1.05 1.1 3.99358e-01 2.34962e-02 3.30613e-01 1.79760e-02 4.32971e-01 3.17688e-02 3.52367e-01 1.92490e-02 3.82871e-01 2.20517e-02 4.33503e-01 2.91928e-02 4.16356e-01 2.54177e-02 
1.1 1.15 1.2 3.30706e-01 2.05207e-02 2.72318e-01 1.53580e-02 3.63596e-01 2.87039e-02 2.91682e-01 1.66512e-02 3.14792e-01 1.89811e-02 3.59166e-01 2.58258e-02 3.46463e-01 2.25409e-02 
1.2 1.25 1.3 2.85600e-01 1.94770e-02 2.36309e-01 1.49507e-02 3.08021e-01 2.60737e-02 2.51719e-01 1.59998e-02 2.74198e-01 1.83158e-02 3.10453e-01 2.40723e-02 2.97488e-01 2.10172e-02 
1.3 1.35 1.4 2.21976e-01 1.87268e-02 1.81378e-01 1.42496e-02 2.37436e-01 2.47107e-02 1.94606e-01 1.53034e-02 2.11192e-01 1.75228e-02 2.35458e-01 2.24738e-02 2.26714e-01 1.96651e-02 
1.4 1.45 1.5 1.76558e-01 1.54780e-02 1.42259e-01 1.17582e-02 1.98882e-01 2.08347e-02 1.53174e-01 1.26537e-02 1.67282e-01 1.44875e-02 1.96836e-01 1.92120e-02 1.85928e-01 1.67742e-02 
1.5 1.55 1.6 1.07855e-01 1.17717e-02 8.85711e-02 8.84197e-03 1.15914e-01 1.60966e-02 9.48966e-02 9.55236e-03 1.03029e-01 1.09632e-02 1.17342e-01 1.47353e-02 1.12188e-01 1.28412e-02 
1.6 1.65 1.7 7.88608e-02 1.00754e-02 6.51715e-02 7.73152e-03 8.98031e-02 1.43191e-02 7.09811e-02 8.40369e-03 7.34399e-02 9.22479e-03 8.80968e-02 1.28323e-02 8.66603e-02 1.15120e-02 
1.7 1.75 1.8 5.77038e-02 8.34896e-03 4.65632e-02 6.24477e-03 6.43063e-02 1.14815e-02 5.04269e-02 6.80144e-03 5.44062e-02 7.70922e-03 6.34433e-02 1.04072e-02 6.10807e-02 9.18367e-03 
1.8 1.85 1.9 2.90107e-02 4.75171e-03 2.22083e-02 3.57526e-03 3.19875e-02 6.03778e-03 2.42646e-02 3.85201e-03 2.72497e-02 4.48680e-03 2.96501e-02 5.35386e-03 3.25151e-02 5.33111e-03 
1.9 1.95 2.0 1.51887e-02 2.75453e-03 1.13783e-02 1.97807e-03 1.91693e-02 3.69936e-03 1.34662e-02 2.32848e-03 1.31110e-02 2.39856e-03 1.63806e-02 3.23414e-03 1.80091e-02 3.17978e-03 
2.0 2.05 2.1 3.42781e-03 1.10519e-03 2.69465e-03 7.76131e-04 3.30412e-03 1.48174e-03 3.17477e-03 8.69311e-04 2.95641e-03 9.91168e-04 3.35242e-03 1.33841e-03 3.61238e-03 1.22238e-03 
2.1 2.15 2.2 1.03190e-03 4.02356e-04 8.25799e-04 2.84162e-04 8.63266e-04 5.53932e-04 9.86070e-04 3.26504e-04 8.73551e-04 3.52710e-04 9.57263e-04 5.03136e-04 1.07899e-03 4.47719e-04 
2.2 2.25 2.3 1.24938e-04 1.70647e-04 1.11829e-04 1.09498e-04 -2.42597e-04 1.70831e-04 1.93581e-04 1.51059e-04 5.29690e-05 1.26107e-04 -1.31675e-04 1.64735e-04 2.81599e-08 1.56411e-04 
2.3 2.35 2.4 -5.21309e-05 3.48210e-05 -2.40201e-05 2.04683e-05 -1.31326e-04 5.77179e-05 -2.68502e-05 2.59967e-05 -4.50210e-05 2.75729e-05 -9.73218e-05 4.83406e-05 -8.76409e-05 4.01634e-05 
2.4 2.45 2.5 -5.41695e-05 6.86096e-06 -2.94562e-05 3.84120e-06 -9.52016e-05 1.20792e-05 -3.76047e-05 4.77773e-06 -4.24220e-05 5.51447e-06 -8.03850e-05 1.01456e-05 -6.41502e-05 8.17240e-06 
2.5 2.55 2.6 -9.01336e-06 9.98924e-07 -4.85943e-06 5.42061e-07 -1.61013e-05 1.98116e-06 -6.26452e-06 6.96039e-07 -6.99124e-06 7.77826e-07 -1.33574e-05 1.47614e-06 -1.08590e-05 1.34130e-06 
2.6 2.65 2.7 -7.98601e-07 8.54375e-08 -4.30270e-07 4.59119e-08 -1.64347e-06 1.94445e-07 -5.55217e-07 5.95010e-08 -6.18871e-07 6.59259e-08 -1.18309e-06 1.26327e-07 -1.10916e-06 1.31580e-07 
2.7 2.75 2.8 -4.57416e-08 5.99358e-09 -2.31280e-08 3.06331e-09 -9.12343e-08 9.75612e-09 -3.17973e-08 4.17482e-09 -3.32722e-08 4.39806e-09 -6.77734e-08 8.86019e-09 -6.15799e-08 6.60147e-09 
2.8 2.85 2.9 -1.72064e-10 1.96071e-11 -8.56366e-11 9.78346e-12 -3.87252e-10 4.32983e-11 -1.19675e-10 1.36504e-11 -1.23114e-10 1.40510e-11 -2.59772e-10 2.94153e-11 -2.55668e-10 2.88218e-11 
2.9 2.95 3.0 0.00000e+00 0.00000e+00 0.00000e+00 0.00000e+00 0.00000e+00 0.00000e+00 0.00000e+00 0.00000e+00 0.00000e+00 0.00000e+00 0.00000e+00 0.00000e+00 0.00000e+00 0.00000e+00 
3.0 3.05 3.1 0.00000e+00 0.00000e+00 0.00000e+00 0.00000e+00 0.00000e+00 0.00000e+00 0.00000e+00 0.00000e+00 0.00000e+00 0.00000e+00 0.00000e+00 0.00000e+00 0.00000e+00 0.00000e+00 
3.1 3.15 3.2 0.00000e+00 0.00000e+00 0.00000e+00 0.00000e+00 0.00000e+00 0.00000e+00 0.00000e+00 0.00000e+00 0.00000e+00 0.00000e+00 0.00000e+00 0.00000e+00 0.00000e+00 0.00000e+00 
3.2 3.25 3.3 0.00000e+00 0.00000e+00 0.00000e+00 0.00000e+00 0.00000e+00 0.00000e+00 0.00000e+00 0.00000e+00 0.00000e+00 0.00000e+00 0.00000e+00 0.00000e+00 0.00000e+00 0.00000e+00 
3.3 3.35 3.4 0.00000e+00 0.00000e+00 0.00000e+00 0.00000e+00 0.00000e+00 0.00000e+00 0.00000e+00 0.00000e+00 0.00000e+00 0.00000e+00 0.00000e+00 0.00000e+00 0.00000e+00 0.00000e+00 
3.4 3.45 3.5 0.00000e+00 0.00000e+00 0.00000e+00 0.00000e+00 0.00000e+00 0.00000e+00 0.00000e+00 0.00000e+00 0.00000e+00 0.00000e+00 0.00000e+00 0.00000e+00 0.00000e+00 0.00000e+00 
