0.0 0.065449846958 0.13089969392 9.79832e+02 4.09700e+00 6.48863e+02 2.70489e+00 1.53270e+03 6.44607e+00 6.77129e+02 2.80885e+00 9.38866e+02 3.94489e+00 1.47504e+03 6.22810e+00 1.01855e+03 4.24207e+00 
0.13089969392 0.19634954088 0.26179938783 1.04786e+03 4.37742e+00 6.94101e+02 2.89032e+00 1.63916e+03 6.88945e+00 7.24496e+02 3.00225e+00 1.00418e+03 4.21542e+00 1.57716e+03 6.65451e+00 1.08950e+03 4.53386e+00 
0.26179938783 0.32724923479 0.39269908175 1.25253e+03 4.93030e+00 8.30174e+02 3.25898e+00 1.95785e+03 7.74958e+00 8.66070e+02 3.38171e+00 1.20096e+03 4.75285e+00 1.88505e+03 7.49435e+00 1.30146e+03 5.10051e+00 
0.39269908175 0.45814892871 0.52359877567 1.02835e+03 4.24759e+00 6.81391e+02 2.80550e+00 1.60816e+03 6.68795e+00 7.10893e+02 2.91297e+00 9.85940e+02 4.09195e+00 1.54807e+03 6.45777e+00 1.06869e+03 4.40060e+00 
0.52359877567 0.58904862263 0.65449846958 8.58897e+02 3.81416e+00 5.69255e+02 2.52931e+00 1.34272e+03 5.97008e+00 5.93450e+02 2.61446e+00 8.24106e+02 3.69111e+00 1.29379e+03 5.80231e+00 8.91736e+02 3.92628e+00 
0.65449846958 0.71994831654 0.7853981635 7.53067e+02 3.54749e+00 4.99060e+02 2.34569e+00 1.17749e+03 5.57816e+00 5.20117e+02 2.43138e+00 7.22768e+02 3.42330e+00 1.13493e+03 5.39735e+00 7.81604e+02 3.66757e+00 
0.7853981635 0.85084801046 0.91629785742 6.83303e+02 3.33507e+00 4.52833e+02 2.21111e+00 1.06840e+03 5.22098e+00 4.71698e+02 2.28537e+00 6.56139e+02 3.22761e+00 1.03042e+03 5.07532e+00 7.08756e+02 3.43222e+00 
0.91629785742 0.98174770438 1.0471975513 6.24363e+02 3.15624e+00 4.13686e+02 2.09108e+00 9.77160e+02 4.95083e+00 4.30841e+02 2.16249e+00 5.99646e+02 3.05292e+00 9.41981e+02 4.80411e+00 6.47902e+02 3.25393e+00 
1.0471975513 1.1126473983 1.1780972453 5.92841e+02 3.09379e+00 3.92719e+02 2.04122e+00 9.27394e+02 4.87810e+00 4.08751e+02 2.11852e+00 5.69719e+02 2.98164e+00 8.95322e+02 4.71221e+00 6.14281e+02 3.20383e+00 
1.1780972453 1.2435470922 1.3089969392 5.57948e+02 2.96359e+00 3.69829e+02 1.96443e+00 8.72316e+02 4.64225e+00 3.84471e+02 2.02824e+00 5.36817e+02 2.87120e+00 8.43216e+02 4.51701e+00 5.77391e+02 3.04709e+00 
1.3089969392 1.3744467861 1.4398966331 5.32752e+02 2.89081e+00 3.53234e+02 1.90945e+00 8.32667e+02 4.55124e+00 3.66838e+02 1.97727e+00 5.13100e+02 2.79227e+00 8.05863e+02 4.40927e+00 5.50639e+02 2.98482e+00 
1.4398966331 1.50534648 1.570796327 5.14609e+02 2.75812e+00 3.41135e+02 1.82321e+00 8.04621e+02 4.33846e+00 3.54097e+02 1.88611e+00 4.95865e+02 2.66677e+00 7.79079e+02 4.20802e+00 5.31630e+02 2.84451e+00 
1.570796327 1.636246174 1.7016960209 4.96875e+02 2.65022e+00 3.29558e+02 1.75477e+00 7.76334e+02 4.15786e+00 3.41649e+02 1.81190e+00 4.79375e+02 2.56731e+00 7.52888e+02 4.04455e+00 5.12484e+02 2.72546e+00 
1.7016960209 1.7671458679 1.8325957148 4.88095e+02 2.58108e+00 3.23891e+02 1.70718e+00 7.62245e+02 4.06033e+00 3.35330e+02 1.76332e+00 4.71523e+02 2.49945e+00 7.40342e+02 3.94262e+00 5.02660e+02 2.65890e+00 
1.8325957148 1.8980455618 1.9634954088 4.83973e+02 2.50769e+00 3.21237e+02 1.65696e+00 7.55545e+02 3.95125e+00 3.32246e+02 1.71265e+00 4.68011e+02 2.42667e+00 7.34710e+02 3.83267e+00 4.97778e+02 2.58648e+00 
1.9634954088 2.0289452557 2.0943951027 4.78642e+02 2.41110e+00 3.18112e+02 1.59887e+00 7.46127e+02 3.77757e+00 3.28317e+02 1.64572e+00 4.63834e+02 2.34303e+00 7.27400e+02 3.68697e+00 4.91077e+02 2.47124e+00 
2.0943951027 2.1598449496 2.2252947966 4.73441e+02 2.30129e+00 3.14820e+02 1.52438e+00 7.37606e+02 3.61193e+00 3.24536e+02 1.57040e+00 4.59331e+02 2.23436e+00 7.20074e+02 3.52009e+00 4.85072e+02 2.36210e+00 
2.2252947966 2.2907446435 2.3561944905 4.73853e+02 2.24987e+00 3.15295e+02 1.48543e+00 7.37703e+02 3.54476e+00 3.24601e+02 1.53475e+00 4.60330e+02 2.17805e+00 7.21291e+02 3.44297e+00 4.84734e+02 2.31713e+00 
2.3561944905 2.4216443375 2.4870941844 4.69696e+02 2.07763e+00 3.12783e+02 1.37632e+00 7.30548e+02 3.26113e+00 3.21551e+02 1.41716e+00 4.56948e+02 2.01819e+00 7.15514e+02 3.17965e+00 4.79660e+02 2.13152e+00 
2.4870941844 2.5525440314 2.6179938783 4.71753e+02 1.94888e+00 3.14407e+02 1.29183e+00 7.33065e+02 3.05659e+00 3.22784e+02 1.32925e+00 4.59566e+02 1.89440e+00 7.19119e+02 2.98282e+00 4.80991e+02 1.99769e+00 
2.6179938783 2.6834437253 2.7488935723 4.74341e+02 1.84345e+00 3.16504e+02 1.22331e+00 7.36054e+02 2.88673e+00 3.24384e+02 1.25714e+00 4.62874e+02 1.79422e+00 7.23534e+02 2.82205e+00 4.82638e+02 1.88628e+00 
2.7488935723 2.8143434192 2.8797932662 4.79619e+02 1.72804e+00 3.20052e+02 1.14180e+00 7.44115e+02 2.72217e+00 3.27899e+02 1.17881e+00 4.68196e+02 1.67409e+00 7.31841e+02 2.64433e+00 4.87750e+02 1.77936e+00 
2.8797932662 2.9452431131 3.0106929601 4.77383e+02 1.55413e+00 3.18821e+02 1.02854e+00 7.39996e+02 2.44146e+00 3.26263e+02 1.06048e+00 4.66547e+02 1.50755e+00 7.28726e+02 2.37735e+00 4.84850e+02 1.59639e+00 
3.0106929601 3.076142807 3.141592654 4.75712e+02 1.41383e+00 3.17864e+02 9.36663e-01 7.36959e+02 2.21768e+00 3.25105e+02 9.66161e-01 4.65169e+02 1.37093e+00 7.26215e+02 2.15885e+00 4.82834e+02 1.45276e+00 
