-3.5 -3.45 -3.4 2.09481e+01 4.24816e-01 1.27820e+01 2.56943e-01 3.60607e+01 7.42013e-01 1.43498e+01 2.89882e-01 1.86635e+01 3.76671e-01 3.18863e+01 6.49754e-01 2.36982e+01 4.85380e-01 
-3.4 -3.35 -3.3 2.89942e+01 5.88058e-01 1.78412e+01 3.50760e-01 4.94317e+01 1.04827e+00 1.98712e+01 4.01386e-01 2.60375e+01 5.14022e-01 4.41075e+01 8.99088e-01 3.25038e+01 6.85884e-01 
-3.3 -3.25 -3.2 3.90057e+01 6.05210e-01 2.42563e+01 3.74578e-01 6.56590e+01 1.02848e+00 2.67521e+01 4.13231e-01 3.53744e+01 5.48749e-01 5.92848e+01 9.24989e-01 4.32134e+01 6.73201e-01 
-3.2 -3.15 -3.1 5.20786e+01 8.17377e-01 3.25370e+01 4.94964e-01 8.72226e+01 1.43282e+00 3.57255e+01 5.57321e-01 4.74403e+01 7.25908e-01 7.91356e+01 1.25140e+00 5.74179e+01 9.35805e-01 
-3.1 -3.05 -3.0 6.61716e+01 8.47599e-01 4.16900e+01 5.31565e-01 1.09722e+02 1.42016e+00 4.54185e+01 5.78595e-01 6.07536e+01 7.78933e-01 1.00482e+02 1.29586e+00 7.22811e+01 9.29288e-01 
-3.0 -2.95 -2.9 8.28448e+01 9.26508e-01 5.24930e+01 5.84410e-01 1.36612e+02 1.54391e+00 5.69111e+01 6.33285e-01 7.64315e+01 8.55259e-01 1.25669e+02 1.41423e+00 9.00911e+01 1.01194e+00 
-2.9 -2.85 -2.8 1.02384e+02 1.09576e+00 6.51644e+01 6.84570e-01 1.67791e+02 1.84810e+00 7.03448e+01 7.48093e-01 9.48661e+01 1.00276e+00 1.55282e+02 1.67505e+00 1.10669e+02 1.20897e+00 
-2.8 -2.75 -2.7 1.22281e+02 1.13714e+00 7.82837e+01 7.26402e-01 1.99030e+02 1.86285e+00 8.40594e+01 7.77089e-01 1.13907e+02 1.06328e+00 1.85340e+02 1.73629e+00 1.31361e+02 1.22054e+00 
-2.7 -2.65 -2.6 1.46571e+02 1.26474e+00 9.41086e+01 8.05101e-01 2.37773e+02 2.08215e+00 1.00794e+02 8.64854e-01 1.36883e+02 1.17769e+00 2.22058e+02 1.92952e+00 1.57000e+02 1.36534e+00 
-2.6 -2.55 -2.5 1.68804e+02 1.29059e+00 1.08930e+02 8.29812e-01 2.72237e+02 2.09732e+00 1.16162e+02 8.83071e-01 1.58335e+02 1.21305e+00 2.55533e+02 1.96752e+00 1.79906e+02 1.37620e+00 
-2.5 -2.45 -2.4 1.98255e+02 1.42544e+00 1.28316e+02 9.17716e-01 3.18524e+02 2.31174e+00 1.36386e+02 9.74010e-01 1.86481e+02 1.34188e+00 3.00052e+02 2.17376e+00 2.10540e+02 1.51653e+00 
-2.4 -2.35 -2.3 2.23611e+02 1.50526e+00 1.45098e+02 9.70174e-01 3.58380e+02 2.44127e+00 1.53959e+02 1.03032e+00 2.10795e+02 1.41779e+00 3.38281e+02 2.29385e+00 2.36984e+02 1.60264e+00 
-2.3 -2.25 -2.2 2.51142e+02 1.58450e+00 1.63521e+02 1.03071e+00 4.00906e+02 2.54006e+00 1.72981e+02 1.08422e+00 2.37471e+02 1.50679e+00 3.79757e+02 2.41559e+00 2.65230e+02 1.66692e+00 
-2.2 -2.15 -2.1 2.87136e+02 1.72804e+00 1.87335e+02 1.12290e+00 4.57321e+02 2.77515e+00 1.97807e+02 1.18243e+00 2.72005e+02 1.64152e+00 4.34094e+02 2.63445e+00 3.02615e+02 1.82106e+00 
-2.1 -2.05 -2.0 3.16589e+02 1.76794e+00 2.07059e+02 1.15302e+00 5.02777e+02 2.82476e+00 2.18210e+02 1.21064e+00 3.00491e+02 1.68423e+00 4.78323e+02 2.69277e+00 3.32904e+02 1.85529e+00 
-2.0 -1.95 -1.9 3.47117e+02 1.85199e+00 2.27485e+02 1.20910e+00 5.49995e+02 2.95653e+00 2.39302e+02 1.26835e+00 3.30063e+02 1.76594e+00 5.24312e+02 2.82037e+00 3.64262e+02 1.94211e+00 
-1.9 -1.85 -1.8 3.79166e+02 1.93017e+00 2.48943e+02 1.26249e+00 5.99510e+02 3.07428e+00 2.61442e+02 1.32185e+00 3.61135e+02 1.84398e+00 5.72602e+02 2.93960e+00 3.97139e+02 2.01936e+00 
-1.8 -1.75 -1.7 4.11141e+02 2.00884e+00 2.70405e+02 1.31642e+00 6.48754e+02 3.19161e+00 2.83560e+02 1.37608e+00 3.92173e+02 1.92224e+00 6.20706e+02 3.05846e+00 4.29889e+02 2.09705e+00 
-1.7 -1.65 -1.6 4.39788e+02 2.03956e+00 2.89754e+02 1.34179e+00 6.92525e+02 3.22421e+00 3.03411e+02 1.39750e+00 4.20109e+02 1.95888e+00 6.63708e+02 3.10422e+00 4.59069e+02 2.11937e+00 
-1.6 -1.55 -1.5 4.76720e+02 2.13632e+00 3.14523e+02 1.40626e+00 7.49455e+02 3.37482e+00 3.28960e+02 1.46415e+00 4.55925e+02 2.05250e+00 7.19260e+02 3.25053e+00 4.96936e+02 2.21901e+00 
-1.5 -1.45 -1.4 5.04474e+02 2.22605e+00 3.33292e+02 1.46864e+00 7.91814e+02 3.50710e+00 3.48134e+02 1.52505e+00 4.83105e+02 2.14450e+00 7.61084e+02 3.38876e+00 5.25063e+02 2.30502e+00 
-1.4 -1.35 -1.3 5.40514e+02 2.27273e+00 3.57574e+02 1.50052e+00 8.47186e+02 3.57870e+00 3.73066e+02 1.55758e+00 5.18300e+02 2.19140e+00 8.15424e+02 3.46029e+00 5.61804e+02 2.35157e+00 
-1.3 -1.25 -1.2 5.66478e+02 2.31240e+00 3.75122e+02 1.52706e+00 8.86713e+02 3.63844e+00 3.91076e+02 1.58522e+00 5.43523e+02 2.22826e+00 8.54221e+02 3.51742e+00 5.88272e+02 2.39306e+00 
-1.2 -1.15 -1.1 5.94195e+02 2.37499e+00 3.93938e+02 1.57011e+00 9.28787e+02 3.73136e+00 4.10230e+02 1.62786e+00 5.70763e+02 2.29146e+00 8.95973e+02 3.61339e+00 6.16220e+02 2.45367e+00 
-1.1 -1.05 -1.0 6.18240e+02 2.38573e+00 4.10239e+02 1.57978e+00 9.65357e+02 3.74009e+00 4.26916e+02 1.63572e+00 5.94262e+02 2.30490e+00 9.32000e+02 3.62841e+00 6.40643e+02 2.46036e+00 
-1.0 -0.95 -0.9 6.45550e+02 2.42341e+00 4.28782e+02 1.60608e+00 1.00745e+03 3.79839e+00 4.45827e+02 1.66185e+00 6.21053e+02 2.34288e+00 9.73034e+02 3.68490e+00 6.68670e+02 2.49923e+00 
-0.9 -0.85 -0.8 6.66006e+02 2.46046e+00 4.42638e+02 1.63163e+00 1.03795e+03 3.84955e+00 4.60049e+02 1.68746e+00 6.40991e+02 2.37989e+00 1.00362e+03 3.74070e+00 6.89091e+02 2.53337e+00 
-0.8 -0.75 -0.7 6.86159e+02 2.49425e+00 4.56377e+02 1.65483e+00 1.06838e+03 3.89994e+00 4.73976e+02 1.71074e+00 6.60880e+02 2.41359e+00 1.03397e+03 3.79180e+00 7.09311e+02 2.56674e+00 
-0.7 -0.65 -0.6 7.04727e+02 2.53975e+00 4.68946e+02 1.68706e+00 1.09667e+03 3.96494e+00 4.86888e+02 1.74197e+00 6.78964e+02 2.46064e+00 1.06173e+03 3.86094e+00 7.28251e+02 2.60963e+00 
-0.6 -0.55 -0.5 7.19470e+02 2.55212e+00 4.79013e+02 1.69455e+00 1.11890e+03 3.98649e+00 4.97069e+02 1.75058e+00 6.93547e+02 2.47132e+00 1.08396e+03 3.87940e+00 7.43002e+02 2.62396e+00 
-0.5 -0.45 -0.4 7.28557e+02 2.54778e+00 4.85369e+02 1.69456e+00 1.13199e+03 3.96982e+00 5.03327e+02 1.74717e+00 7.02776e+02 2.47193e+00 1.09752e+03 3.87288e+00 7.51674e+02 2.61229e+00 
-0.4 -0.35 -0.3 7.45719e+02 2.58641e+00 4.96986e+02 1.72039e+00 1.15831e+03 4.03058e+00 5.15268e+02 1.77419e+00 7.19482e+02 2.50888e+00 1.12333e+03 3.93126e+00 7.69292e+02 2.65317e+00 
-0.3 -0.25 -0.2 7.51631e+02 2.59504e+00 5.01040e+02 1.72790e+00 1.16718e+03 4.03904e+00 5.19387e+02 1.78001e+00 7.25307e+02 2.52008e+00 1.13215e+03 3.94474e+00 7.75241e+02 2.65865e+00 
-0.2 -0.15 -0.1 7.53477e+02 2.57762e+00 5.02347e+02 1.71511e+00 1.16983e+03 4.01503e+00 5.20688e+02 1.76857e+00 7.27161e+02 2.50062e+00 1.13486e+03 3.91682e+00 7.77046e+02 2.64370e+00 
-0.1 -0.05 0.0 7.56868e+02 2.56592e+00 5.04700e+02 1.70873e+00 1.17483e+03 3.99260e+00 5.23042e+02 1.76045e+00 7.30553e+02 2.49149e+00 1.13994e+03 3.89931e+00 7.80390e+02 2.62879e+00 
0.0 0.05 0.1 7.63016e+02 2.61961e+00 5.08746e+02 1.74344e+00 1.18452e+03 4.07933e+00 5.27248e+02 1.79719e+00 7.36469e+02 2.54222e+00 1.14932e+03 3.98111e+00 7.86752e+02 2.68574e+00 
0.1 0.15 0.2 7.60213e+02 2.62031e+00 5.06838e+02 1.74311e+00 1.18028e+03 4.08293e+00 5.25294e+02 1.79776e+00 7.33730e+02 2.54165e+00 1.14514e+03 3.98194e+00 7.83900e+02 2.68833e+00 
0.2 0.25 0.3 7.50905e+02 2.60463e+00 5.00542e+02 1.73263e+00 1.16609e+03 4.05884e+00 5.18866e+02 1.78667e+00 7.24610e+02 2.52680e+00 1.13111e+03 3.95903e+00 7.74484e+02 2.67180e+00 
0.3 0.35 0.4 7.47908e+02 2.59294e+00 4.98352e+02 1.72413e+00 1.16197e+03 4.04258e+00 5.16749e+02 1.77878e+00 7.21501e+02 2.51423e+00 1.12671e+03 3.94091e+00 7.71665e+02 2.66131e+00 
0.4 0.45 0.5 7.35179e+02 2.56780e+00 4.89775e+02 1.70778e+00 1.14248e+03 4.00243e+00 5.07937e+02 1.76138e+00 7.09107e+02 2.49055e+00 1.10758e+03 3.90305e+00 7.58684e+02 2.63459e+00 
0.5 0.55 0.6 7.17855e+02 2.54135e+00 4.77993e+02 1.68882e+00 1.11623e+03 3.96536e+00 4.95979e+02 1.74330e+00 6.92036e+02 2.46283e+00 1.08145e+03 3.86273e+00 7.41275e+02 2.61027e+00 
0.6 0.65 0.7 7.01632e+02 2.52987e+00 4.66912e+02 1.68035e+00 1.09179e+03 3.95028e+00 4.84713e+02 1.73503e+00 6.76070e+02 2.45104e+00 1.05716e+03 3.84633e+00 7.24941e+02 2.59964e+00 
0.7 0.75 0.8 6.85390e+02 2.49540e+00 4.55830e+02 1.65680e+00 1.06729e+03 3.89817e+00 4.73498e+02 1.71168e+00 6.60013e+02 2.41625e+00 1.03267e+03 3.79311e+00 7.08679e+02 2.56584e+00 
0.8 0.85 0.9 6.66373e+02 2.47779e+00 4.42878e+02 1.64307e+00 1.03854e+03 3.87686e+00 4.60280e+02 1.69935e+00 6.41370e+02 2.39655e+00 1.00423e+03 3.76701e+00 6.89439e+02 2.55131e+00 
0.9 0.95 1.0 6.41682e+02 2.45311e+00 4.26114e+02 1.62428e+00 1.00106e+03 3.84644e+00 4.43185e+02 1.68189e+00 6.17148e+02 2.36989e+00 9.67127e+02 3.73096e+00 6.64488e+02 2.53031e+00 
1.0 1.05 1.1 6.16437e+02 2.38481e+00 4.09034e+02 1.57993e+00 9.62560e+02 3.73670e+00 4.25685e+02 1.63493e+00 5.92499e+02 2.30541e+00 9.29247e+02 3.62745e+00 6.38812e+02 2.45792e+00 
1.1 1.15 1.2 5.93968e+02 2.36576e+00 3.93771e+02 1.56466e+00 9.28481e+02 3.71491e+00 4.10133e+02 1.62197e+00 5.70438e+02 2.28296e+00 8.95467e+02 3.59818e+00 6.16131e+02 2.44375e+00 
1.2 1.25 1.3 5.62541e+02 2.30380e+00 3.72432e+02 1.51946e+00 8.80783e+02 3.63033e+00 3.88350e+02 1.57927e+00 5.39636e+02 2.21720e+00 8.48308e+02 3.50451e+00 5.84319e+02 2.38752e+00 
1.3 1.35 1.4 5.34082e+02 2.23273e+00 3.53433e+02 1.47511e+00 8.36960e+02 3.51298e+00 3.68655e+02 1.53049e+00 5.12179e+02 2.15266e+00 8.05513e+02 3.39653e+00 5.55164e+02 2.31037e+00 
1.4 1.45 1.5 5.06993e+02 2.18255e+00 3.34896e+02 1.43654e+00 7.95949e+02 3.44839e+00 3.49896e+02 1.49633e+00 4.85393e+02 2.09600e+00 7.64816e+02 3.31952e+00 5.27847e+02 2.26831e+00 
1.5 1.55 1.6 4.74098e+02 2.15694e+00 3.12648e+02 1.41632e+00 7.45697e+02 3.41684e+00 3.27113e+02 1.47774e+00 4.53265e+02 2.06781e+00 7.15362e+02 3.28224e+00 4.94401e+02 2.24621e+00 
1.6 1.65 1.7 4.40322e+02 2.08380e+00 2.90030e+02 1.36962e+00 6.93584e+02 3.29808e+00 3.03757e+02 1.42761e+00 4.20539e+02 1.99978e+00 6.64576e+02 3.17211e+00 4.59726e+02 2.16753e+00 
1.7 1.75 1.8 4.12176e+02 2.03314e+00 2.71110e+02 1.33415e+00 6.50316e+02 3.22523e+00 2.84266e+02 1.39253e+00 3.93208e+02 1.94852e+00 6.22291e+02 3.09599e+00 4.30911e+02 2.11898e+00 
1.8 1.85 1.9 3.79572e+02 1.91989e+00 2.49143e+02 1.25489e+00 6.00340e+02 3.06001e+00 2.61709e+02 1.31527e+00 3.61442e+02 1.83224e+00 5.73251e+02 2.92265e+00 3.97662e+02 2.01087e+00 
1.9 1.95 2.0 3.45827e+02 1.85871e+00 2.26592e+02 1.21318e+00 5.48088e+02 2.96789e+00 2.38422e+02 1.27299e+00 3.28756e+02 1.77187e+00 5.22338e+02 2.83052e+00 3.63017e+02 1.94970e+00 
2.0 2.05 2.1 3.13353e+02 1.78265e+00 2.04906e+02 1.16106e+00 4.97757e+02 2.85436e+00 2.15973e+02 1.22066e+00 2.97374e+02 1.69606e+00 4.73448e+02 2.71531e+00 3.29567e+02 1.87466e+00 
2.1 2.15 2.2 2.83500e+02 1.70304e+00 1.84946e+02 1.10530e+00 4.51560e+02 2.73824e+00 1.95309e+02 1.16567e+00 2.68527e+02 1.61518e+00 4.28580e+02 2.59534e+00 2.98814e+02 1.79735e+00 
2.2 2.25 2.3 2.54542e+02 1.61656e+00 1.65679e+02 1.04823e+00 4.06499e+02 2.60252e+00 1.75330e+02 1.10660e+00 2.40593e+02 1.53168e+00 3.84876e+02 2.46320e+00 2.68944e+02 1.70862e+00 
2.3 2.35 2.4 2.21746e+02 1.54212e+00 1.43962e+02 9.99034e-01 3.55151e+02 2.48557e+00 1.52699e+02 1.05495e+00 2.09112e+02 1.46085e+00 3.35396e+02 2.35167e+00 2.34896e+02 1.63070e+00 
2.4 2.45 2.5 1.93036e+02 1.40351e+00 1.24931e+02 9.04554e-01 3.10303e+02 2.27607e+00 1.32877e+02 9.60082e-01 1.81540e+02 1.32267e+00 2.92110e+02 2.14040e+00 2.05135e+02 1.49300e+00 
2.5 2.55 2.6 1.68962e+02 1.35802e+00 1.08933e+02 8.67263e-01 2.72806e+02 2.22870e+00 1.16268e+02 9.29043e-01 1.58341e+02 1.26796e+00 2.55777e+02 2.07075e+00 1.80275e+02 1.46197e+00 
2.6 2.65 2.7 1.45290e+02 1.20618e+00 9.33824e+01 7.73154e-01 2.35402e+02 1.96842e+00 9.99420e+01 8.25393e-01 1.35788e+02 1.13020e+00 2.20040e+02 1.83861e+00 1.55491e+02 1.29194e+00 
2.7 2.75 2.8 1.21081e+02 1.12518e+00 7.74655e+01 7.16098e-01 1.97230e+02 1.85278e+00 8.32265e+01 7.69050e-01 1.12727e+02 1.04790e+00 1.83544e+02 1.71762e+00 1.30155e+02 1.21402e+00 
2.8 2.85 2.9 1.00745e+02 1.04617e+00 6.41724e+01 6.61861e-01 1.64930e+02 1.73543e+00 6.92339e+01 7.15291e-01 9.34032e+01 9.68352e-01 1.52754e+02 1.59632e+00 1.08815e+02 1.13791e+00 
2.9 2.95 3.0 8.21042e+01 9.38990e-01 5.19014e+01 5.89683e-01 1.35299e+02 1.56238e+00 5.63926e+01 6.41369e-01 7.55816e+01 8.63464e-01 1.24573e+02 1.43453e+00 8.92043e+01 1.02300e+00 
3.0 3.05 3.1 6.72182e+01 8.52147e-01 4.23292e+01 5.34424e-01 1.11520e+02 1.42766e+00 4.61452e+01 5.82105e-01 6.16742e+01 7.82598e-01 1.02048e+02 1.30170e+00 7.34824e+01 9.35051e-01 
3.1 3.15 3.2 5.18917e+01 8.00030e-01 3.24261e+01 4.87700e-01 8.68822e+01 1.39021e+00 3.56011e+01 5.46248e-01 4.72738e+01 7.14416e-01 7.88409e+01 1.22273e+00 5.72020e+01 9.09852e-01 
3.2 3.25 3.3 3.87027e+01 7.25241e-01 2.40537e+01 4.48955e-01 6.52112e+01 1.23714e+00 2.65367e+01 4.93938e-01 3.50888e+01 6.59359e-01 5.88454e+01 1.11191e+00 4.29030e+01 8.07186e-01 
3.3 3.35 3.4 2.84536e+01 5.72616e-01 1.75116e+01 3.43048e-01 4.84999e+01 1.01634e+00 1.95049e+01 3.90450e-01 2.55508e+01 5.03088e-01 4.32734e+01 8.76617e-01 3.18994e+01 6.63813e-01 
3.4 3.45 3.5 2.13801e+01 4.69399e-01 1.30564e+01 2.83502e-01 3.67773e+01 8.22668e-01 1.46434e+01 3.20153e-01 1.90672e+01 4.15801e-01 3.25502e+01 7.18358e-01 2.41644e+01 5.37824e-01 
