0.0 0.065449846958 0.13089969392 8.31683e+01 5.90381e-01 5.45465e+01 3.85899e-01 1.31535e+02 9.38517e-01 5.91218e+01 4.18216e-01 7.67393e+01 5.44806e-01 1.20976e+02 8.62409e-01 9.04389e+01 6.42556e-01 
0.13089969392 0.19634954088 0.26179938783 8.34441e+01 5.69341e-01 5.47441e+01 3.72814e-01 1.31920e+02 9.02927e-01 5.93279e+01 4.03444e-01 7.70042e+01 5.26165e-01 1.21352e+02 8.31340e-01 9.07225e+01 6.18450e-01 
0.26179938783 0.32724923479 0.39269908175 8.45128e+01 5.84734e-01 5.54568e+01 3.83192e-01 1.33575e+02 9.26475e-01 6.00916e+01 4.14386e-01 7.80017e+01 5.40766e-01 1.22897e+02 8.53734e-01 9.18682e+01 6.34634e-01 
0.39269908175 0.45814892871 0.52359877567 8.48480e+01 5.95505e-01 5.56751e+01 3.90624e-01 1.34106e+02 9.42391e-01 6.03460e+01 4.22129e-01 7.82879e+01 5.51111e-01 1.23345e+02 8.69185e-01 9.22624e+01 6.45744e-01 
0.52359877567 0.58904862263 0.65449846958 8.74844e+01 6.16745e-01 5.73927e+01 4.04132e-01 1.38304e+02 9.77196e-01 6.22373e+01 4.37328e-01 8.06821e+01 5.69987e-01 1.27137e+02 8.99830e-01 9.51809e+01 6.69866e-01 
0.65449846958 0.71994831654 0.7853981635 9.31371e+01 6.30751e-01 6.11138e+01 4.12797e-01 1.47200e+02 1.00128e+00 6.62862e+01 4.47450e-01 8.58777e+01 5.81963e-01 1.35284e+02 9.19787e-01 1.01355e+02 6.86731e-01 
0.7853981635 0.85084801046 0.91629785742 1.03979e+02 6.54281e-01 6.82625e+01 4.29109e-01 1.64223e+02 1.03556e+00 7.40305e+01 4.64259e-01 9.58864e+01 6.04803e-01 1.50961e+02 9.53810e-01 1.13129e+02 7.10458e-01 
0.91629785742 0.98174770438 1.0471975513 9.23475e+01 5.87159e-01 6.06091e+01 3.84999e-01 1.45902e+02 9.29660e-01 6.57733e+01 4.16762e-01 8.51046e+01 5.42455e-01 1.34015e+02 8.55629e-01 1.00552e+02 6.38036e-01 
1.0471975513 1.1126473983 1.1780972453 8.36988e+01 5.42357e-01 5.49392e+01 3.55781e-01 1.32216e+02 8.58115e-01 5.96394e+01 3.85187e-01 7.71093e+01 5.00998e-01 1.21399e+02 7.89781e-01 9.11680e+01 5.89360e-01 
1.1780972453 1.2435470922 1.3089969392 7.33623e+01 4.87768e-01 4.81630e+01 3.20105e-01 1.15861e+02 7.71310e-01 5.23054e+01 3.46635e-01 6.75584e+01 4.50478e-01 1.06329e+02 7.09744e-01 7.99367e+01 5.30082e-01 
1.3089969392 1.3744467861 1.4398966331 6.45988e+01 4.45904e-01 4.24043e+01 2.92597e-01 1.02032e+02 7.05173e-01 4.60839e+01 3.17051e-01 5.94459e+01 4.11549e-01 9.35619e+01 6.48414e-01 7.04554e+01 4.84998e-01 
1.4398966331 1.50534648 1.570796327 5.92240e+01 4.16235e-01 3.88816e+01 2.73214e-01 9.35270e+01 6.57980e-01 4.22723e+01 2.96133e-01 5.44781e+01 3.84056e-01 8.57213e+01 6.04828e-01 6.46244e+01 4.52874e-01 
1.570796327 1.636246174 1.7016960209 5.26958e+01 3.84734e-01 3.45992e+01 2.52276e-01 8.32072e+01 6.09070e-01 3.76289e+01 2.73778e-01 4.84566e+01 3.54543e-01 7.62319e+01 5.58912e-01 5.75236e+01 4.19301e-01 
1.7016960209 1.7671458679 1.8325957148 4.74268e+01 3.55295e-01 3.11428e+01 2.33104e-01 7.48762e+01 5.61982e-01 3.38884e+01 2.53012e-01 4.35876e+01 3.27366e-01 6.85557e+01 5.15694e-01 5.18046e+01 3.87231e-01 
1.8325957148 1.8980455618 1.9634954088 4.23602e+01 3.23745e-01 2.78264e+01 2.12607e-01 6.68469e+01 5.11467e-01 3.02864e+01 2.30690e-01 3.89223e+01 2.98393e-01 6.11871e+01 4.69541e-01 4.62830e+01 3.52695e-01 
1.9634954088 2.0289452557 2.0943951027 3.88389e+01 3.12299e-01 2.55276e+01 2.04652e-01 6.12483e+01 4.94683e-01 2.77765e+01 2.22561e-01 3.56968e+01 2.87192e-01 5.60818e+01 4.52874e-01 4.24211e+01 3.41169e-01 
2.0943951027 2.1598449496 2.2252947966 3.42699e+01 2.87821e-01 2.25194e+01 1.88903e-01 5.40582e+01 4.55020e-01 2.45174e+01 2.05185e-01 3.14794e+01 2.65001e-01 4.94638e+01 4.17209e-01 3.74565e+01 3.13938e-01 
2.2252947966 2.2907446435 2.3561944905 3.04461e+01 2.67999e-01 2.00102e+01 1.76007e-01 4.80177e+01 4.23377e-01 2.17883e+01 1.91107e-01 2.79633e+01 2.46842e-01 4.39287e+01 3.88345e-01 3.32832e+01 2.92205e-01 
2.3561944905 2.4216443375 2.4870941844 2.72523e+01 2.49357e-01 1.79153e+01 1.63878e-01 4.29680e+01 3.93560e-01 1.95039e+01 1.77850e-01 2.50344e+01 2.29788e-01 3.93179e+01 3.61245e-01 2.97852e+01 2.71695e-01 
2.4870941844 2.5525440314 2.6179938783 2.50278e+01 2.38152e-01 1.64578e+01 1.56528e-01 3.94478e+01 3.75857e-01 1.79129e+01 1.69887e-01 2.29964e+01 2.19444e-01 3.61058e+01 3.44940e-01 2.73471e+01 2.59530e-01 
2.6179938783 2.6834437253 2.7488935723 2.32487e+01 2.20428e-01 1.52831e+01 1.44843e-01 3.66569e+01 3.47981e-01 1.66431e+01 1.57283e-01 2.13503e+01 2.03009e-01 3.35305e+01 3.19168e-01 2.54188e+01 2.40353e-01 
2.7488935723 2.8143434192 2.8797932662 2.24584e+01 2.11353e-01 1.47660e+01 1.38809e-01 3.54050e+01 3.33912e-01 1.60769e+01 1.50811e-01 2.06414e+01 1.94692e-01 3.23918e+01 3.06020e-01 2.45499e+01 2.30641e-01 
2.8797932662 2.9452431131 3.0106929601 2.14247e+01 2.01683e-01 1.40865e+01 1.32266e-01 3.37752e+01 3.19251e-01 1.53389e+01 1.43903e-01 1.96768e+01 1.85382e-01 3.08963e+01 2.92040e-01 2.34232e+01 2.20487e-01 
3.0106929601 3.076142807 3.141592654 2.08044e+01 1.95689e-01 1.36823e+01 1.28709e-01 3.27859e+01 3.08549e-01 1.48962e+01 1.39674e-01 1.91104e+01 1.80342e-01 2.99981e+01 2.83245e-01 2.27399e+01 2.13195e-01 
