0.0 25.0 50.0 5.13625e-02 1.20517e-03 3.38376e-02 7.89445e-04 8.19641e-02 1.93539e-03 3.62958e-02 8.51289e-04 4.78850e-02 1.11764e-03 7.52442e-02 1.76644e-03 5.59471e-02 1.32034e-03 
50.0 75.0 100.0 7.63300e-01 3.15903e-03 5.02609e-01 2.07957e-03 1.20131e+00 4.97758e-03 5.41717e-01 2.23860e-03 7.08241e-01 2.93487e-03 1.11244e+00 4.61254e-03 8.24348e-01 3.40945e-03 
100.0 125.0 150.0 7.19089e-01 2.66672e-03 4.73350e-01 1.75694e-03 1.13213e+00 4.19783e-03 5.11600e-01 1.89199e-03 6.65384e-01 2.47661e-03 1.04491e+00 3.88810e-03 7.79209e-01 2.87957e-03 
150.0 175.0 200.0 6.53966e-01 2.46732e-03 4.30229e-01 1.62345e-03 1.03034e+00 3.88952e-03 4.65768e-01 1.75216e-03 6.04118e-01 2.28625e-03 9.49044e-01 3.59327e-03 7.10066e-01 2.67103e-03 
200.0 225.0 250.0 5.68723e-01 2.19445e-03 3.73715e-01 1.44062e-03 8.97250e-01 3.46874e-03 4.05626e-01 1.55990e-03 5.24023e-01 2.02680e-03 8.23941e-01 3.19217e-03 6.19392e-01 2.38482e-03 
250.0 275.0 300.0 4.51265e-01 1.87439e-03 2.96034e-01 1.22692e-03 7.13331e-01 2.97324e-03 3.22273e-01 1.33314e-03 4.14556e-01 1.72517e-03 6.52753e-01 2.72478e-03 4.93199e-01 2.04553e-03 
300.0 325.0 350.0 3.58221e-01 1.64615e-03 2.34623e-01 1.07490e-03 5.67299e-01 2.61868e-03 2.56030e-01 1.17074e-03 3.28296e-01 1.51150e-03 5.17672e-01 2.39318e-03 3.92605e-01 1.80143e-03 
350.0 375.0 400.0 2.82633e-01 1.43515e-03 1.84800e-01 9.35889e-04 4.48485e-01 2.28635e-03 2.02143e-01 1.02087e-03 2.58405e-01 1.31579e-03 4.08109e-01 2.08597e-03 3.10628e-01 1.57318e-03 
400.0 425.0 450.0 2.26494e-01 1.31782e-03 1.47792e-01 8.55000e-04 3.60252e-01 2.11313e-03 1.62071e-01 9.37013e-04 2.06556e-01 1.20253e-03 3.26858e-01 1.91642e-03 2.49661e-01 1.45318e-03 
450.0 475.0 500.0 1.85908e-01 1.19675e-03 1.21089e-01 7.77018e-04 2.96336e-01 1.91638e-03 1.33070e-01 8.50995e-04 1.69184e-01 1.09280e-03 2.68192e-01 1.74018e-03 2.05439e-01 1.31807e-03 
500.0 525.0 550.0 1.52349e-01 1.10078e-03 9.90805e-02 7.13039e-04 2.43267e-01 1.76795e-03 1.09078e-01 7.82556e-04 1.38396e-01 1.00308e-03 2.19708e-01 1.60114e-03 1.68703e-01 1.21560e-03 
550.0 575.0 600.0 1.24166e-01 9.71712e-04 8.05992e-02 6.28741e-04 1.98700e-01 1.56216e-03 8.89417e-02 6.91055e-04 1.12528e-01 8.84164e-04 1.78965e-01 1.41277e-03 1.37872e-01 1.07458e-03 
600.0 625.0 650.0 1.04485e-01 8.90807e-04 6.77105e-02 5.75128e-04 1.67533e-01 1.43587e-03 7.48583e-02 6.33556e-04 9.45152e-02 8.08717e-04 1.50565e-01 1.29505e-03 1.16271e-01 9.87775e-04 
650.0 675.0 700.0 8.84748e-02 8.55330e-04 5.71964e-02 5.49751e-04 1.42270e-01 1.38665e-03 6.33899e-02 6.08003e-04 7.98357e-02 7.73422e-04 1.27490e-01 1.24427e-03 9.87406e-02 9.53263e-04 
700.0 725.0 750.0 7.43802e-02 7.78499e-04 4.80420e-02 5.01092e-04 1.19723e-01 1.25932e-03 5.33076e-02 5.53572e-04 6.70379e-02 7.04750e-04 1.07142e-01 1.13205e-03 8.31220e-02 8.66118e-04 
750.0 775.0 800.0 6.35332e-02 7.37699e-04 4.09745e-02 4.74616e-04 1.02442e-01 1.19387e-03 4.55414e-02 5.24411e-04 5.71659e-02 6.67703e-04 9.14988e-02 1.07309e-03 7.11379e-02 8.20816e-04 
800.0 825.0 850.0 5.42463e-02 6.99267e-04 3.49242e-02 4.49172e-04 8.76450e-02 1.13381e-03 3.88878e-02 4.97055e-04 4.87204e-02 6.31949e-04 7.81163e-02 1.01727e-03 6.08686e-02 7.79451e-04 
850.0 875.0 900.0 4.57900e-02 6.52231e-04 2.94312e-02 4.18061e-04 7.41231e-02 1.06012e-03 3.28325e-02 4.63448e-04 4.10489e-02 5.88397e-04 6.59230e-02 9.49280e-04 5.14901e-02 7.28456e-04 
900.0 925.0 950.0 4.00377e-02 7.39441e-04 2.56542e-02 4.61049e-04 6.50553e-02 1.24701e-03 2.87032e-02 5.24660e-04 3.57864e-02 6.49726e-04 5.76534e-02 1.07804e-03 4.51807e-02 8.55200e-04 
950.0 975.0 1000.0 3.61570e-02 6.19254e-04 2.31571e-02 3.95652e-04 5.87755e-02 1.01041e-03 2.59193e-02 4.39775e-04 3.23055e-02 5.57158e-04 5.20699e-02 9.01869e-04 4.08163e-02 6.93837e-04 
1000.0 1025.0 1050.0 2.94574e-02 5.36443e-04 1.88479e-02 3.42189e-04 4.79345e-02 8.76795e-04 2.11362e-02 3.81158e-04 2.62695e-02 4.81630e-04 4.23745e-02 7.80798e-04 3.33248e-02 6.02454e-04 
1050.0 1075.0 1100.0 2.74961e-02 5.65582e-04 1.75584e-02 3.59967e-04 4.48496e-02 9.27073e-04 1.97092e-02 4.01579e-04 2.44968e-02 5.06996e-04 3.96011e-02 8.23898e-04 3.11422e-02 6.36441e-04 
1100.0 1125.0 1150.0 2.31934e-02 4.98957e-04 1.48021e-02 3.17386e-04 3.78552e-02 8.18281e-04 1.66353e-02 3.54533e-04 2.06386e-02 4.46698e-04 3.33794e-02 7.26202e-04 2.63052e-02 5.62257e-04 
1150.0 1175.0 1200.0 2.05668e-02 4.65818e-04 1.31032e-02 2.95806e-04 3.36332e-02 7.65288e-04 1.47551e-02 3.31225e-04 1.82651e-02 4.16027e-04 2.95901e-02 6.77368e-04 2.33785e-02 5.26316e-04 
1200.0 1225.0 1250.0 1.81311e-02 4.53172e-04 1.15350e-02 2.87446e-04 2.96991e-02 7.45504e-04 1.30043e-02 3.21909e-04 1.60834e-02 4.04678e-04 2.60943e-02 6.59788e-04 2.06372e-02 5.12083e-04 
1250.0 1275.0 1300.0 1.61250e-02 4.30236e-04 1.02441e-02 2.72399e-04 2.64571e-02 7.09301e-04 1.15655e-02 3.05647e-04 1.42833e-02 3.83455e-04 2.32068e-02 6.26319e-04 1.83846e-02 4.87272e-04 
1300.0 1325.0 1350.0 1.45057e-02 4.22818e-04 9.20700e-03 2.67264e-04 2.38252e-02 6.98384e-04 1.04051e-02 3.00226e-04 1.28360e-02 3.76416e-04 2.08739e-02 6.15902e-04 1.65576e-02 4.79479e-04 
1350.0 1375.0 1400.0 1.30279e-02 4.13961e-04 8.25963e-03 2.61555e-04 2.14259e-02 6.84112e-04 9.30660e-03 2.91276e-04 1.15148e-02 3.68252e-04 1.87464e-02 6.02758e-04 1.48278e-02 4.65332e-04 
1400.0 1425.0 1450.0 1.16416e-02 3.97232e-04 7.36535e-03 2.50373e-04 1.91933e-02 6.58297e-04 8.34683e-03 2.81949e-04 1.02732e-02 3.52762e-04 1.67620e-02 5.78892e-04 1.33310e-02 4.51749e-04 
1450.0 1475.0 1500.0 1.04215e-02 3.60537e-04 6.58749e-03 2.26937e-04 1.71993e-02 5.98514e-04 7.47693e-03 2.56022e-04 9.18217e-03 3.19592e-04 1.49934e-02 5.25123e-04 1.19554e-02 4.10950e-04 
1500.0 1525.0 1550.0 9.34176e-03 3.34653e-04 5.89748e-03 2.10531e-04 1.54396e-02 5.55794e-04 6.70161e-03 2.37854e-04 8.22121e-03 2.96227e-04 1.34415e-02 4.86900e-04 1.07311e-02 3.82033e-04 
1550.0 1575.0 1600.0 8.08741e-03 3.10822e-04 5.09700e-03 1.94943e-04 1.33923e-02 5.18031e-04 5.80266e-03 2.20937e-04 7.10413e-03 2.74262e-04 1.16345e-02 4.52182e-04 9.30968e-03 3.56102e-04 
1600.0 1625.0 1650.0 7.37031e-03 3.16146e-04 4.63431e-03 1.97191e-04 1.22371e-02 5.30298e-04 5.28812e-03 2.24680e-04 6.45926e-03 2.77480e-04 1.06029e-02 4.60035e-04 8.50661e-03 3.64457e-04 
1650.0 1675.0 1700.0 6.22321e-03 2.77346e-04 3.91084e-03 1.72738e-04 1.03399e-02 4.66125e-04 4.46594e-03 1.96941e-04 5.44981e-03 2.43267e-04 8.95092e-03 4.03987e-04 7.18911e-03 3.20017e-04 
1700.0 1725.0 1750.0 6.09049e-03 2.71702e-04 3.82236e-03 1.69417e-04 1.01344e-02 4.55898e-04 4.36989e-03 1.93225e-04 5.32750e-03 2.38230e-04 8.76167e-03 3.95033e-04 7.04492e-03 3.13574e-04 
1750.0 1775.0 1800.0 5.09688e-03 2.46585e-04 3.20055e-03 1.54037e-04 8.47478e-03 4.12844e-04 3.66004e-03 1.75327e-04 4.45714e-03 2.16647e-04 7.32499e-03 3.58614e-04 5.89713e-03 2.83882e-04 
1800.0 1825.0 1850.0 4.93021e-03 2.52010e-04 3.08877e-03 1.56727e-04 8.22040e-03 4.24223e-04 3.53653e-03 1.79019e-04 4.30607e-03 2.20625e-04 7.09462e-03 3.66915e-04 5.71265e-03 2.91363e-04 
1850.0 1875.0 1900.0 3.89020e-03 2.04480e-04 2.43768e-03 1.27426e-04 6.48456e-03 3.43409e-04 2.79535e-03 1.45638e-04 3.39250e-03 1.78909e-04 5.58636e-03 2.96760e-04 4.51576e-03 2.36618e-04 
1900.0 1925.0 1950.0 3.86869e-03 2.35139e-04 2.42154e-03 1.46427e-04 6.45668e-03 3.95077e-04 2.77562e-03 1.67151e-04 3.37528e-03 2.05991e-04 5.56586e-03 3.42062e-04 4.48805e-03 2.71589e-04 
1950.0 1975.0 2000.0 3.63393e-03 2.31671e-04 2.27234e-03 1.44193e-04 6.07148e-03 3.89470e-04 2.60831e-03 1.64718e-04 3.16599e-03 2.02815e-04 5.22540e-03 3.36936e-04 4.22256e-03 2.67813e-04 
2000.0 2025.0 2050.0 3.14165e-03 2.20601e-04 1.95968e-03 1.36927e-04 5.26385e-03 3.72040e-04 2.25581e-03 1.56893e-04 2.72927e-03 1.92530e-04 4.51552e-03 3.20733e-04 3.66233e-03 2.55894e-04 
2050.0 2075.0 2100.0 2.60393e-03 1.85496e-04 1.62392e-03 1.15349e-04 4.36382e-03 3.12183e-04 1.87135e-03 1.32397e-04 2.25966e-03 1.61608e-04 3.73864e-03 2.68517e-04 3.03938e-03 2.15655e-04 
2100.0 2125.0 2150.0 2.87260e-03 2.32684e-04 1.79108e-03 1.44538e-04 5.17253e-03 4.43989e-04 2.20620e-03 1.86457e-04 2.49462e-03 2.02621e-04 4.12882e-03 3.37048e-04 3.59180e-03 3.05538e-04 
2150.0 2175.0 2200.0 2.29141e-03 2.12713e-04 1.42590e-03 1.31731e-04 3.85009e-03 3.59712e-04 1.64466e-03 1.51345e-04 1.98664e-03 1.85137e-04 3.29506e-03 3.09096e-04 2.67740e-03 2.47532e-04 
2200.0 2225.0 2250.0 1.96190e-03 1.97334e-04 1.26937e-03 1.26287e-04 3.30265e-03 3.33685e-04 1.41019e-03 1.40756e-04 1.69542e-03 1.71272e-04 2.81632e-03 2.85876e-04 2.30071e-03 2.30331e-04 
2250.0 2275.0 2300.0 1.65814e-03 1.62451e-04 1.03322e-03 1.00965e-04 2.78109e-03 2.73490e-04 1.19343e-03 1.16025e-04 1.43557e-03 1.41359e-04 2.37644e-03 2.34968e-04 1.94051e-03 1.89072e-04 
2300.0 2325.0 2350.0 1.82120e-03 1.91454e-04 1.13132e-03 1.18733e-04 3.06566e-03 3.23074e-04 1.30941e-03 1.36724e-04 1.57349e-03 1.66259e-04 2.61334e-03 2.76954e-04 2.13638e-03 2.23330e-04 
2350.0 2375.0 2400.0 1.48080e-03 1.73090e-04 9.13674e-04 1.06231e-04 2.51209e-03 2.95683e-04 1.06368e-03 1.23183e-04 1.27194e-03 1.49271e-04 2.12736e-03 2.51427e-04 1.74855e-03 2.03558e-04 
2400.0 2425.0 2450.0 1.35476e-03 1.52310e-04 8.39414e-04 9.40911e-05 2.28676e-03 2.58122e-04 9.74765e-04 1.08783e-04 1.16664e-03 1.31738e-04 1.94229e-03 2.20290e-04 1.59502e-03 1.78466e-04 
2450.0 2475.0 2500.0 1.23080e-03 1.39276e-04 7.63716e-04 8.63850e-05 2.07439e-03 2.35018e-04 8.85682e-04 9.95165e-05 1.06132e-03 1.20897e-04 1.76436e-03 2.01338e-04 1.44708e-03 1.62571e-04 
2500.0 2525.0 2550.0 7.98907e-04 9.29059e-05 4.94016e-04 5.70391e-05 1.35138e-03 1.58568e-04 5.76149e-04 6.65629e-05 6.85001e-04 7.96080e-05 1.14225e-03 1.33876e-04 9.45142e-04 1.10031e-04 
2550.0 2575.0 2600.0 1.03822e-03 1.19033e-04 6.40914e-04 7.28298e-05 1.76017e-03 2.04134e-04 7.47259e-04 8.47757e-05 8.90455e-04 1.02254e-04 1.48801e-03 1.72785e-04 1.22808e-03 1.40617e-04 
2600.0 2625.0 2650.0 1.00068e-03 1.28684e-04 6.19141e-04 7.93033e-05 1.69123e-03 2.18664e-04 7.21154e-04 9.20885e-05 8.59139e-04 1.10815e-04 1.43175e-03 1.85668e-04 1.18206e-03 1.51548e-04 
2650.0 2675.0 2700.0 9.67452e-04 1.23197e-04 5.96452e-04 7.58217e-05 1.64244e-03 2.09691e-04 6.95071e-04 8.79089e-05 7.87655e-04 9.65427e-05 1.38953e-03 1.78387e-04 1.14353e-03 1.44816e-04 
2700.0 2725.0 2750.0 6.24833e-04 7.28463e-05 3.85333e-04 4.45623e-05 1.06059e-03 1.24937e-04 4.50442e-04 5.20678e-05 5.34494e-04 6.23401e-05 8.93796e-04 1.05282e-04 7.41388e-04 8.64343e-05 
2750.0 2775.0 2800.0 4.87429e-04 6.16898e-05 3.00192e-04 3.77055e-05 8.28244e-04 1.05821e-04 3.52104e-04 4.42651e-05 4.15550e-04 5.25463e-05 6.95536e-04 8.87420e-05 6.17008e-04 8.42952e-05 
2800.0 2825.0 2850.0 6.13392e-04 8.09240e-05 3.77624e-04 4.95103e-05 1.04323e-03 1.38787e-04 4.41656e-04 5.77954e-05 5.24450e-04 6.93161e-05 8.78723e-04 1.17073e-04 7.28197e-04 9.59172e-05 
2850.0 2875.0 2900.0 2.70181e-04 3.25278e-05 1.67025e-04 2.00609e-05 4.56909e-04 5.51951e-05 1.96027e-04 2.34489e-05 2.30209e-04 2.78281e-05 3.83509e-04 4.65289e-05 3.21889e-04 3.85863e-05 
2900.0 2925.0 2950.0 3.91337e-04 6.01222e-05 2.41269e-04 3.69120e-05 6.64126e-04 1.02599e-04 2.82634e-04 4.31144e-05 3.34056e-04 5.14700e-05 5.58545e-04 8.65395e-05 4.65295e-04 7.12728e-05 
2950.0 2975.0 3000.0 3.82003e-04 5.75118e-05 2.34949e-04 3.52301e-05 6.49922e-04 9.83410e-05 2.75862e-04 4.13107e-05 3.25348e-04 4.90457e-05 5.45263e-04 8.26130e-05 4.55322e-04 6.84592e-05 
3000.0 3025.0 3050.0 2.62840e-04 5.16409e-05 1.78926e-04 3.42560e-05 4.46195e-04 8.49363e-05 2.10339e-04 4.00968e-05 2.23334e-04 4.40729e-05 3.33184e-04 6.50771e-05 3.47017e-04 6.60058e-05 
3050.0 3075.0 3100.0 3.77529e-04 5.53696e-05 2.31794e-04 3.39593e-05 6.43803e-04 9.46047e-05 2.72613e-04 3.98362e-05 3.20992e-04 4.71970e-05 5.38935e-04 7.93896e-05 4.50968e-04 6.59723e-05 
3100.0 3125.0 3150.0 1.98033e-04 3.19222e-05 1.21053e-04 1.94364e-05 3.39325e-04 5.49683e-05 1.43306e-04 2.29718e-05 1.67273e-04 2.70078e-05 2.81986e-04 4.57593e-05 2.38281e-04 3.83434e-05 
3150.0 3175.0 3200.0 1.99965e-04 3.30669e-05 1.22707e-04 2.02878e-05 3.41103e-04 5.64592e-05 1.44697e-04 2.37965e-05 1.69576e-04 2.81893e-05 2.84753e-04 4.74000e-05 2.39535e-04 3.93828e-05 
3200.0 3225.0 3250.0 1.72956e-04 3.13383e-05 1.05650e-04 1.91023e-05 2.96463e-04 5.38821e-05 1.35102e-04 2.49123e-05 1.45726e-04 2.64575e-05 2.45750e-04 4.47535e-05 2.08628e-04 3.77249e-05 
3250.0 3275.0 3300.0 1.28494e-04 2.86290e-05 7.89688e-05 1.75502e-05 2.18706e-04 4.88606e-05 9.34809e-05 2.07572e-05 1.08538e-04 2.42040e-05 1.81804e-04 4.06666e-05 1.54558e-04 3.43937e-05 
3300.0 3325.0 3350.0 1.52199e-04 3.07281e-05 9.27331e-05 1.85775e-05 2.61664e-04 5.33545e-05 1.10314e-04 2.21371e-05 1.27935e-04 2.57828e-05 2.16300e-04 4.39848e-05 1.84102e-04 3.72656e-05 
3350.0 3375.0 3400.0 8.15502e-05 1.43434e-05 4.97823e-05 8.72438e-06 1.39864e-04 2.47306e-05 5.93892e-05 1.04022e-05 6.83521e-05 1.20280e-05 1.15237e-04 2.03683e-05 9.89646e-05 1.74112e-05 
3400.0 3425.0 3450.0 8.57331e-05 1.73338e-05 5.20547e-05 1.04783e-05 1.62111e-04 3.33581e-05 6.20757e-05 1.24678e-05 7.18869e-05 1.45667e-05 1.22002e-04 2.48607e-05 1.04040e-04 2.09921e-05 
3450.0 3475.0 3500.0 1.16292e-04 2.66397e-05 6.21656e-05 1.34877e-05 1.77734e-04 3.93029e-05 7.44158e-05 1.61422e-05 9.68302e-05 2.20853e-05 1.65473e-04 3.82546e-05 1.25055e-04 2.73614e-05 
3500.0 3525.0 3550.0 5.43026e-05 1.19068e-05 3.30208e-05 7.17653e-06 9.35607e-05 2.07371e-05 3.94609e-05 8.58782e-06 4.54375e-05 9.95027e-06 7.69415e-05 1.70213e-05 6.60257e-05 1.45065e-05 
3550.0 3575.0 3600.0 1.02372e-04 2.03763e-05 6.23226e-05 1.23279e-05 1.76185e-04 3.53546e-05 7.42651e-05 1.47127e-05 8.59023e-05 1.70703e-05 1.45330e-04 2.90894e-05 1.24091e-04 2.47580e-05 
3600.0 3625.0 3650.0 9.70236e-05 2.44695e-05 5.92134e-05 1.49150e-05 1.66461e-04 4.20591e-05 7.04113e-05 1.76956e-05 8.15885e-05 2.06224e-05 1.37670e-04 3.48656e-05 1.17304e-04 2.95137e-05 
3650.0 3675.0 3700.0 4.54795e-05 9.09148e-06 3.06669e-05 6.38423e-06 8.79664e-05 1.87026e-05 3.69130e-05 7.71354e-06 4.21466e-05 8.82684e-06 6.43543e-05 1.30005e-05 5.56226e-05 1.11364e-05 
3700.0 3725.0 3750.0 9.43475e-05 2.09545e-05 5.73629e-05 1.26893e-05 1.62477e-04 3.62622e-05 6.85734e-05 1.51653e-05 7.19510e-05 1.59125e-05 1.33636e-04 2.98326e-05 1.14700e-04 2.54681e-05 
3750.0 3775.0 3800.0 4.37917e-05 1.11282e-05 2.62881e-05 6.62491e-06 7.65865e-05 1.96707e-05 3.17242e-05 8.01572e-06 3.62811e-05 9.19371e-06 6.22796e-05 1.59352e-05 5.38378e-05 1.37295e-05 
3800.0 3825.0 3850.0 4.09987e-05 1.03634e-05 2.47972e-05 6.22271e-06 7.10789e-05 1.81449e-05 2.98148e-05 7.48180e-06 3.40964e-05 8.61769e-06 5.80362e-05 1.47989e-05 5.02067e-05 1.27029e-05 
3850.0 3875.0 3900.0 2.72539e-05 5.73748e-06 1.65483e-05 3.47909e-06 4.70317e-05 9.93385e-06 1.98492e-05 4.15761e-06 2.27187e-05 4.79922e-06 3.85164e-05 8.16116e-06 3.32731e-05 6.97977e-06 
3900.0 3925.0 3950.0 1.27646e-05 2.28643e-06 7.78418e-06 1.38692e-06 2.18934e-05 3.94884e-06 9.37233e-06 1.67282e-06 1.06005e-05 1.89532e-06 1.78624e-05 3.21311e-06 1.56427e-05 2.80925e-06 
3950.0 3975.0 4000.0 3.40348e-05 6.69832e-06 1.88684e-05 3.80060e-06 5.37127e-05 1.08801e-05 2.26817e-05 4.55676e-06 2.83108e-05 5.58909e-06 4.38879e-05 8.91313e-06 4.16495e-05 8.16948e-06 
