0.0 0.065449846958 0.13089969392 1.11175e+02 7.28686e-01 7.25145e+01 4.72293e-01 1.76999e+02 1.17047e+00 7.90918e+01 5.16394e-01 1.01940e+02 6.66519e-01 1.61566e+02 1.06394e+00 1.21812e+02 8.01757e-01 
0.13089969392 0.19634954088 0.26179938783 1.11235e+02 7.06808e-01 7.25706e+01 4.58463e-01 1.77041e+02 1.13411e+00 7.91443e+01 5.00981e-01 1.02006e+02 6.46878e-01 1.61629e+02 1.03176e+00 1.21858e+02 7.77010e-01 
0.26179938783 0.32724923479 0.39269908175 1.11562e+02 7.22275e-01 7.27944e+01 4.68028e-01 1.77530e+02 1.16063e+00 7.93770e+01 5.11909e-01 1.02320e+02 6.60410e-01 1.62103e+02 1.05443e+00 1.22195e+02 7.95103e-01 
0.39269908175 0.45814892871 0.52359877567 1.09806e+02 7.03637e-01 7.16780e+01 4.57571e-01 1.74646e+02 1.12568e+00 7.81501e+01 4.98939e-01 1.00723e+02 6.45362e-01 1.59498e+02 1.02662e+00 1.20252e+02 7.71640e-01 
0.52359877567 0.58904862263 0.65449846958 1.10644e+02 7.07169e-01 7.22391e+01 4.60310e-01 1.75929e+02 1.12978e+00 7.87629e+01 5.01541e-01 1.01490e+02 6.49096e-01 1.60674e+02 1.03153e+00 1.21167e+02 7.74629e-01 
0.65449846958 0.71994831654 0.7853981635 1.13108e+02 6.96720e-01 7.39166e+01 4.53800e-01 1.79640e+02 1.11250e+00 8.05433e+01 4.94324e-01 1.03813e+02 6.39667e-01 1.64188e+02 1.01580e+00 1.23772e+02 7.63147e-01 
0.7853981635 0.85084801046 0.91629785742 1.21471e+02 7.01564e-01 7.94631e+01 4.58404e-01 1.92676e+02 1.11560e+00 8.65268e+01 4.97888e-01 1.11566e+02 6.45992e-01 1.76256e+02 1.02255e+00 1.32806e+02 7.65508e-01 
0.91629785742 0.98174770438 1.0471975513 1.08251e+02 6.29760e-01 7.07895e+01 4.11119e-01 1.71777e+02 1.00276e+00 7.71374e+01 4.47087e-01 9.93527e+01 5.79151e-01 1.57006e+02 9.17497e-01 1.18452e+02 6.88371e-01 
1.0471975513 1.1126473983 1.1780972453 9.73154e+01 5.71834e-01 6.36590e+01 3.74099e-01 1.54355e+02 9.07785e-01 6.93784e+01 4.06185e-01 8.93019e+01 5.26715e-01 1.41061e+02 8.32553e-01 1.06501e+02 6.23593e-01 
1.1780972453 1.2435470922 1.3089969392 8.57706e+01 5.13971e-01 5.60999e+01 3.36263e-01 1.36059e+02 8.15869e-01 6.11884e+01 3.65335e-01 7.86459e+01 4.73121e-01 1.24227e+02 7.47683e-01 9.39533e+01 5.60926e-01 
1.3089969392 1.3744467861 1.4398966331 7.55565e+01 4.68247e-01 4.94122e+01 3.06360e-01 1.19871e+02 7.43205e-01 5.39348e+01 3.32986e-01 6.92276e+01 4.30846e-01 1.09352e+02 6.80789e-01 8.28357e+01 5.11245e-01 
1.4398966331 1.50534648 1.570796327 6.98455e+01 4.38797e-01 4.56718e+01 2.87077e-01 1.10824e+02 6.96493e-01 4.98899e+01 3.12244e-01 6.39465e+01 4.03471e-01 1.01008e+02 6.37472e-01 7.66434e+01 4.79490e-01 
1.570796327 1.636246174 1.7016960209 6.32839e+01 4.06372e-01 4.13666e+01 2.65473e-01 1.00428e+02 6.45875e-01 4.52293e+01 2.89253e-01 5.78847e+01 3.72992e-01 9.14545e+01 5.90160e-01 6.95022e+01 4.44785e-01 
1.7016960209 1.7671458679 1.8325957148 5.87258e+01 3.79590e-01 3.83898e+01 2.48090e-01 9.32064e+01 6.03301e-01 4.20056e+01 2.70399e-01 5.36760e+01 3.48306e-01 8.47847e+01 5.50750e-01 6.45676e+01 4.15865e-01 
1.8325957148 1.8980455618 1.9634954088 5.48158e+01 3.59484e-01 3.58280e+01 2.34213e-01 8.70152e+01 5.73662e-01 3.92393e+01 2.56174e-01 5.00551e+01 3.28686e-01 7.90654e+01 5.21336e-01 6.03352e+01 3.95595e-01 
1.9634954088 2.0289452557 2.0943951027 5.24723e+01 3.41780e-01 3.43061e+01 2.22955e-01 8.32660e+01 5.44493e-01 3.75834e+01 2.43682e-01 4.79012e+01 3.12737e-01 7.56326e+01 4.95357e-01 5.77758e+01 3.75730e-01 
2.0943951027 2.1598449496 2.2252947966 4.91334e+01 3.22401e-01 3.21137e+01 2.10482e-01 7.79928e+01 5.13049e-01 3.52181e+01 2.29959e-01 4.48067e+01 2.95118e-01 7.07572e+01 4.67043e-01 5.41651e+01 3.54199e-01 
2.2252947966 2.2907446435 2.3561944905 4.66701e+01 3.05761e-01 3.05017e+01 1.99840e-01 7.40898e+01 4.85877e-01 3.34766e+01 2.18188e-01 4.25271e+01 2.80075e-01 6.71520e+01 4.42698e-01 5.14989e+01 3.35628e-01 
2.3561944905 2.4216443375 2.4870941844 4.39833e+01 2.92539e-01 2.87428e+01 1.90949e-01 6.98314e+01 4.65663e-01 3.15675e+01 2.08828e-01 4.00519e+01 2.67520e-01 6.32426e+01 4.23374e-01 4.85726e+01 3.21803e-01 
2.4870941844 2.5525440314 2.6179938783 4.21772e+01 2.92260e-01 2.75533e+01 1.90328e-01 6.69916e+01 4.66567e-01 3.02777e+01 2.08634e-01 3.83861e+01 2.66640e-01 6.06303e+01 4.22954e-01 4.66093e+01 3.22437e-01 
2.6179938783 2.6834437253 2.7488935723 3.95282e+01 2.71421e-01 2.58285e+01 1.77157e-01 6.27660e+01 4.31988e-01 2.83851e+01 1.93834e-01 3.59720e+01 2.48094e-01 5.68008e+01 3.92612e-01 4.36862e+01 2.98686e-01 
2.7488935723 2.8143434192 2.8797932662 3.85810e+01 2.64653e-01 2.52061e+01 1.72526e-01 6.12750e+01 4.21920e-01 2.77009e+01 1.88990e-01 3.51103e+01 2.41621e-01 5.54496e+01 3.82843e-01 4.26408e+01 2.91705e-01 
2.8797932662 2.9452431131 3.0106929601 3.73364e+01 2.55636e-01 2.43861e+01 1.66341e-01 5.93190e+01 4.08481e-01 2.68076e+01 1.82567e-01 3.39673e+01 2.32933e-01 5.36596e+01 3.69759e-01 4.12802e+01 2.82436e-01 
3.0106929601 3.076142807 3.141592654 3.63632e+01 2.53406e-01 2.37529e+01 1.65053e-01 5.77652e+01 4.04370e-01 2.61090e+01 1.80986e-01 3.30854e+01 2.31119e-01 5.22606e+01 3.66508e-01 4.01992e+01 2.79618e-01 
