-3.5 -3.45 -3.4 1.83726e+00 1.31872e-01 1.15384e+00 8.32270e-02 3.05376e+00 2.18005e-01 1.30227e+00 9.33551e-02 1.62796e+00 1.17575e-01 2.68163e+00 1.92772e-01 2.09241e+00 1.49150e-01 
-3.4 -3.35 -3.3 2.33200e+00 1.46991e-01 1.46591e+00 9.30020e-02 3.87380e+00 2.42651e-01 1.65299e+00 1.04035e-01 2.06828e+00 1.31432e-01 3.40369e+00 2.14941e-01 2.65444e+00 1.65996e-01 
-3.3 -3.25 -3.2 3.46006e+00 1.71725e-01 2.19213e+00 1.09233e-01 5.69453e+00 2.81550e-01 2.45416e+00 1.21581e-01 3.09086e+00 1.54299e-01 5.04622e+00 2.51000e-01 3.90500e+00 1.92652e-01 
-3.2 -3.15 -3.1 4.80250e+00 1.97457e-01 3.00860e+00 1.24599e-01 7.87849e+00 3.22658e-01 3.40972e+00 1.39932e-01 4.29746e+00 1.77739e-01 6.99565e+00 2.88279e-01 5.40916e+00 2.21036e-01 
-3.1 -3.05 -3.0 6.30745e+00 2.44125e-01 4.00439e+00 1.53377e-01 1.03586e+01 4.06655e-01 4.48013e+00 1.73188e-01 5.63811e+00 2.16236e-01 9.18318e+00 3.55958e-01 7.11552e+00 2.78960e-01 
-3.0 -2.95 -2.9 7.37588e+00 2.22653e-01 4.74405e+00 1.43834e-01 1.20435e+01 3.62794e-01 5.24376e+00 1.57994e-01 6.67400e+00 2.02737e-01 1.07271e+01 3.24564e-01 8.28197e+00 2.48926e-01 
-2.9 -2.85 -2.8 9.51138e+00 2.36173e-01 6.09350e+00 1.51778e-01 1.54577e+01 3.83090e-01 6.76218e+00 1.67548e-01 8.57160e+00 2.13965e-01 1.38324e+01 3.44371e-01 1.06302e+01 2.62761e-01 
-2.8 -2.75 -2.7 1.15366e+01 2.48479e-01 7.40654e+00 1.59985e-01 1.87035e+01 4.02115e-01 8.20574e+00 1.76294e-01 1.04139e+01 2.25513e-01 1.67684e+01 3.62276e-01 1.28695e+01 2.75838e-01 
-2.7 -2.65 -2.6 1.32763e+01 2.52039e-01 8.54947e+00 1.63165e-01 2.14468e+01 4.05099e-01 9.44954e+00 1.78941e-01 1.20129e+01 2.29846e-01 1.92818e+01 3.67173e-01 1.47690e+01 2.78119e-01 
-2.6 -2.55 -2.5 1.49365e+01 2.55117e-01 9.63645e+00 1.65114e-01 2.40778e+01 4.10282e-01 1.06361e+01 1.81186e-01 1.35340e+01 2.32517e-01 2.16808e+01 3.71508e-01 1.65901e+01 2.81791e-01 
-2.5 -2.45 -2.4 1.79509e+01 2.71343e-01 1.16041e+01 1.75887e-01 2.88730e+01 4.35686e-01 1.27845e+01 1.92710e-01 1.62952e+01 2.47685e-01 2.60519e+01 3.95136e-01 1.98975e+01 2.99236e-01 
-2.4 -2.35 -2.3 2.03345e+01 2.79552e-01 1.31677e+01 1.81305e-01 3.26415e+01 4.48635e-01 1.44878e+01 1.98555e-01 1.84836e+01 2.55293e-01 2.94974e+01 4.07053e-01 2.25052e+01 3.08155e-01 
-2.3 -2.25 -2.2 2.26180e+01 2.86411e-01 1.46725e+01 1.86049e-01 3.62316e+01 4.58667e-01 1.61194e+01 2.03387e-01 2.05899e+01 2.62026e-01 3.27984e+01 4.17147e-01 2.49893e+01 3.14969e-01 
-2.2 -2.15 -2.1 2.42933e+01 2.73919e-01 1.57828e+01 1.78512e-01 3.88469e+01 4.36951e-01 1.73219e+01 1.94660e-01 2.21372e+01 2.51227e-01 3.52072e+01 3.98593e-01 2.68088e+01 3.00332e-01 
-2.1 -2.05 -2.0 2.68063e+01 2.76245e-01 1.74451e+01 1.80224e-01 4.27810e+01 4.40086e-01 1.91177e+01 1.96279e-01 2.44639e+01 2.53679e-01 3.88399e+01 4.02068e-01 2.95309e+01 3.02413e-01 
-2.0 -1.95 -1.9 2.97791e+01 2.86208e-01 1.93821e+01 1.86569e-01 4.75019e+01 4.56191e-01 2.12382e+01 2.03335e-01 2.71881e+01 2.62751e-01 4.31462e+01 4.16620e-01 3.27902e+01 3.13435e-01 
-1.9 -1.85 -1.8 3.15361e+01 2.87042e-01 2.05516e+01 1.87251e-01 5.02473e+01 4.57343e-01 2.24989e+01 2.03939e-01 2.88098e+01 2.63580e-01 4.56735e+01 4.17808e-01 3.46993e+01 3.14248e-01 
-1.8 -1.75 -1.7 3.47018e+01 2.95418e-01 2.26383e+01 1.92923e-01 5.52251e+01 4.70108e-01 2.47609e+01 2.09872e-01 3.17304e+01 2.71587e-01 5.02498e+01 4.30047e-01 3.81434e+01 3.22980e-01 
-1.7 -1.65 -1.6 3.65375e+01 2.91680e-01 2.38625e+01 1.90800e-01 5.80683e+01 4.63175e-01 2.60747e+01 2.07238e-01 3.34414e+01 2.68571e-01 5.28984e+01 4.24548e-01 4.01146e+01 3.18263e-01 
-1.6 -1.55 -1.5 3.89280e+01 2.97272e-01 2.54320e+01 1.94428e-01 6.18428e+01 4.72131e-01 2.77854e+01 2.11187e-01 3.56347e+01 2.73710e-01 5.63478e+01 4.32750e-01 4.27307e+01 3.24372e-01 
-1.5 -1.45 -1.4 4.18576e+01 3.04139e-01 2.73714e+01 1.99074e-01 6.64244e+01 4.82574e-01 2.98791e+01 2.16060e-01 3.83489e+01 2.80257e-01 6.05824e+01 4.42759e-01 4.59012e+01 3.31535e-01 
-1.4 -1.35 -1.3 4.35037e+01 3.03082e-01 2.84704e+01 1.98599e-01 6.89704e+01 4.80230e-01 3.10572e+01 2.15327e-01 3.98848e+01 2.79566e-01 6.29574e+01 4.41175e-01 4.76664e+01 3.29961e-01 
-1.3 -1.25 -1.2 4.61326e+01 3.10087e-01 3.02082e+01 2.03233e-01 7.30885e+01 4.91222e-01 3.29342e+01 2.20279e-01 4.23191e+01 2.86122e-01 6.67614e+01 4.51436e-01 5.05130e+01 3.37464e-01 
-1.2 -1.15 -1.1 4.84720e+01 3.11915e-01 3.17567e+01 2.04711e-01 7.67454e+01 4.93256e-01 3.46069e+01 2.21585e-01 4.44853e+01 2.88194e-01 7.01409e+01 4.54078e-01 5.30450e+01 3.38880e-01 
-1.1 -1.05 -1.0 4.95327e+01 3.09333e-01 3.24653e+01 2.03125e-01 7.83836e+01 4.88834e-01 3.53701e+01 2.19784e-01 4.54702e+01 2.85918e-01 7.16611e+01 4.50236e-01 5.41883e+01 3.35903e-01 
-1.0 -0.95 -0.9 5.14148e+01 3.14028e-01 3.37137e+01 2.06283e-01 8.13188e+01 4.96019e-01 3.67159e+01 2.23125e-01 4.72163e+01 2.90356e-01 7.43798e+01 4.57055e-01 5.62206e+01 3.40850e-01 
-0.9 -0.85 -0.8 5.27718e+01 3.12281e-01 3.46116e+01 2.05236e-01 8.34398e+01 4.92957e-01 3.76878e+01 2.21914e-01 4.84702e+01 2.88843e-01 7.63358e+01 4.54437e-01 5.76924e+01 3.38803e-01 
-0.8 -0.75 -0.7 5.44547e+01 3.15425e-01 3.57272e+01 2.07445e-01 8.60660e+01 4.97485e-01 3.88911e+01 2.24138e-01 5.00307e+01 2.91966e-01 7.87667e+01 4.59036e-01 5.95110e+01 3.41898e-01 
-0.7 -0.65 -0.6 5.58205e+01 3.15101e-01 3.66422e+01 2.07417e-01 8.81689e+01 4.96427e-01 3.98705e+01 2.23917e-01 5.13070e+01 2.91916e-01 8.07328e+01 4.58544e-01 6.09724e+01 3.41188e-01 
-0.6 -0.55 -0.5 5.72661e+01 3.21333e-01 3.76026e+01 2.11563e-01 9.04198e+01 5.06115e-01 4.08972e+01 2.28296e-01 5.26593e+01 2.97814e-01 8.28378e+01 4.67736e-01 6.25183e+01 3.47754e-01 
-0.5 -0.45 -0.4 5.82365e+01 3.22059e-01 3.82429e+01 2.12107e-01 9.19415e+01 5.07075e-01 4.15950e+01 2.28830e-01 5.35498e+01 2.98559e-01 8.42298e+01 4.68748e-01 6.35794e+01 3.48449e-01 
-0.4 -0.35 -0.3 5.90129e+01 3.22292e-01 3.87671e+01 2.12443e-01 9.31253e+01 5.06889e-01 4.21491e+01 2.29001e-01 5.42846e+01 2.99026e-01 8.53538e+01 4.69074e-01 6.43974e+01 3.48335e-01 
-0.3 -0.25 -0.2 5.91687e+01 3.21453e-01 3.88708e+01 2.11839e-01 9.33664e+01 5.05703e-01 4.22654e+01 2.28432e-01 5.44233e+01 2.98138e-01 8.55671e+01 4.67785e-01 6.45732e+01 3.47567e-01 
-0.2 -0.15 -0.1 6.00052e+01 3.21738e-01 3.94282e+01 2.12121e-01 9.46641e+01 5.05901e-01 4.28622e+01 2.28623e-01 5.52047e+01 2.98551e-01 8.67786e+01 4.68228e-01 6.54694e+01 3.47684e-01 
-0.1 -0.05 0.0 6.01299e+01 3.23064e-01 3.95112e+01 2.12974e-01 9.48579e+01 5.08029e-01 4.29499e+01 2.29557e-01 5.53227e+01 2.99761e-01 8.69623e+01 4.70178e-01 6.56009e+01 3.49128e-01 
0.0 0.05 0.1 5.98230e+01 3.22064e-01 3.92979e+01 2.12309e-01 9.44066e+01 5.06498e-01 4.27327e+01 2.28846e-01 5.50216e+01 2.98828e-01 8.65135e+01 4.68725e-01 6.52925e+01 3.48078e-01 
0.1 0.15 0.2 5.99910e+01 3.23996e-01 3.94109e+01 2.13537e-01 9.46638e+01 5.09659e-01 4.28498e+01 2.30217e-01 5.51833e+01 3.00557e-01 8.67635e+01 4.71540e-01 6.54649e+01 3.50245e-01 
0.2 0.25 0.3 5.88753e+01 3.16506e-01 3.86744e+01 2.08581e-01 9.29137e+01 4.97922e-01 4.20568e+01 2.24934e-01 5.41471e+01 2.93530e-01 8.51403e+01 4.60542e-01 6.42619e+01 3.42251e-01 
0.3 0.35 0.4 5.92424e+01 3.21100e-01 3.89133e+01 2.11573e-01 9.35000e+01 5.05252e-01 4.23125e+01 2.28172e-01 5.44900e+01 2.97775e-01 8.56871e+01 4.67290e-01 6.46553e+01 3.47241e-01 
0.4 0.45 0.5 5.83931e+01 3.21442e-01 3.83516e+01 2.11773e-01 9.21714e+01 5.05876e-01 4.17076e+01 2.28411e-01 5.37011e+01 2.98061e-01 8.44543e+01 4.67799e-01 6.37397e+01 3.47663e-01 
0.5 0.55 0.6 5.64431e+01 3.17916e-01 3.70623e+01 2.09305e-01 8.91189e+01 5.00758e-01 4.03141e+01 2.25893e-01 5.18968e+01 2.94605e-01 8.16358e+01 4.62700e-01 6.16277e+01 3.44121e-01 
0.6 0.65 0.7 5.61502e+01 3.18829e-01 3.68628e+01 2.09927e-01 8.86787e+01 5.02146e-01 4.00997e+01 2.26534e-01 5.16241e+01 2.95491e-01 8.12249e+01 4.64048e-01 6.13134e+01 3.45060e-01 
0.7 0.75 0.8 5.50748e+01 3.20185e-01 3.61415e+01 2.10631e-01 8.70242e+01 5.04829e-01 3.93314e+01 2.27472e-01 5.06143e+01 2.96513e-01 7.96702e+01 4.66086e-01 6.01688e+01 3.46855e-01 
0.8 0.85 0.9 5.33450e+01 3.13998e-01 3.49870e+01 2.06421e-01 8.43490e+01 4.95517e-01 3.80962e+01 2.23103e-01 4.89971e+01 2.90553e-01 7.71673e+01 4.57013e-01 5.83193e+01 3.40507e-01 
0.9 0.95 1.0 5.14167e+01 3.12714e-01 3.37149e+01 2.05457e-01 8.13220e+01 4.93859e-01 3.67176e+01 2.22178e-01 4.72176e+01 2.89210e-01 7.43814e+01 4.55176e-01 5.62237e+01 3.39342e-01 
1.0 1.05 1.1 5.00535e+01 3.11996e-01 3.28073e+01 2.04841e-01 7.92062e+01 4.93134e-01 3.57423e+01 2.21684e-01 4.59488e+01 2.88322e-01 7.24140e+01 4.54090e-01 5.47574e+01 3.38874e-01 
1.1 1.15 1.2 4.79055e+01 3.09229e-01 3.13871e+01 2.02993e-01 7.58444e+01 4.88900e-01 3.42025e+01 2.19691e-01 4.39674e+01 2.85756e-01 6.93208e+01 4.50130e-01 5.24224e+01 3.35915e-01 
1.2 1.25 1.3 4.61905e+01 3.08227e-01 3.02382e+01 2.02061e-01 7.32030e+01 4.88127e-01 3.29780e+01 2.18988e-01 4.23579e+01 2.84433e-01 6.68393e+01 4.48651e-01 5.05964e+01 3.35397e-01 
1.3 1.35 1.4 4.33072e+01 3.00464e-01 2.83346e+01 1.96859e-01 6.86796e+01 4.76169e-01 3.09154e+01 2.13471e-01 3.96966e+01 2.77113e-01 6.26768e+01 4.37356e-01 4.74626e+01 3.27178e-01 
1.4 1.45 1.5 4.13829e+01 3.00326e-01 2.70561e+01 1.96564e-01 6.56850e+01 4.76573e-01 2.95389e+01 2.13355e-01 3.79088e+01 2.76717e-01 5.98985e+01 4.37201e-01 4.53876e+01 3.27415e-01 
1.5 1.55 1.6 3.91203e+01 2.96044e-01 2.55679e+01 1.93724e-01 6.21193e+01 4.69891e-01 2.79233e+01 2.10368e-01 3.58245e+01 2.72651e-01 5.66248e+01 4.30830e-01 4.29231e+01 3.22933e-01 
1.6 1.65 1.7 3.67106e+01 2.95022e-01 2.39657e+01 1.92811e-01 5.83715e+01 4.68984e-01 2.61997e+01 2.09619e-01 3.35840e+01 2.71396e-01 5.31455e+01 4.29402e-01 4.03267e+01 3.22266e-01 
1.7 1.75 1.8 3.45390e+01 2.91027e-01 2.25405e+01 1.90269e-01 5.49414e+01 4.62475e-01 2.46452e+01 2.06781e-01 3.15929e+01 2.67817e-01 5.00131e+01 4.23586e-01 3.79483e+01 3.17792e-01 
1.8 1.85 1.9 3.22361e+01 2.90512e-01 2.10032e+01 1.89491e-01 5.13759e+01 4.62960e-01 2.29978e+01 2.06400e-01 2.94435e+01 2.66741e-01 4.66883e+01 4.22874e-01 3.54780e+01 3.18097e-01 
1.9 1.95 2.0 2.97594e+01 2.89158e-01 1.93812e+01 1.88618e-01 4.74535e+01 4.60801e-01 2.12268e+01 2.05419e-01 2.71749e+01 2.65537e-01 4.31112e+01 4.20948e-01 3.27619e+01 3.16582e-01 
2.0 2.05 2.1 2.73417e+01 2.88082e-01 1.77859e+01 1.87694e-01 4.36582e+01 4.59837e-01 1.94945e+01 2.04624e-01 2.49479e+01 2.64273e-01 3.96274e+01 4.19453e-01 3.01272e+01 3.15860e-01 
2.1 2.15 2.2 2.50563e+01 2.81978e-01 1.62853e+01 1.83749e-01 4.00480e+01 4.49968e-01 1.78641e+01 2.00380e-01 2.28443e+01 2.58609e-01 3.63174e+01 4.10340e-01 2.76342e+01 3.09267e-01 
2.2 2.25 2.3 2.30816e+01 2.81966e-01 1.49667e+01 1.83362e-01 3.69784e+01 4.50815e-01 1.64484e+01 2.00288e-01 2.10046e+01 2.58167e-01 3.34742e+01 4.10526e-01 2.55016e+01 3.09688e-01 
2.3 2.35 2.4 1.99178e+01 2.69908e-01 1.29009e+01 1.75554e-01 3.19620e+01 4.31546e-01 1.41925e+01 1.91749e-01 1.81070e+01 2.47140e-01 2.88890e+01 3.92906e-01 2.20397e+01 2.96497e-01 
2.4 2.45 2.5 1.73668e+01 2.66752e-01 1.12240e+01 1.72921e-01 2.79391e+01 4.28289e-01 1.23688e+01 1.89428e-01 1.57610e+01 2.43533e-01 2.52034e+01 3.88504e-01 1.92545e+01 2.94113e-01 
2.5 2.55 2.6 1.54364e+01 2.62065e-01 9.96397e+00 1.69868e-01 2.48693e+01 4.20791e-01 1.09897e+01 1.86061e-01 1.39970e+01 2.39280e-01 2.24123e+01 3.81775e-01 1.71310e+01 2.88884e-01 
2.6 2.65 2.7 1.29953e+01 2.52798e-01 8.37123e+00 1.63591e-01 2.09858e+01 4.06570e-01 9.24880e+00 1.79553e-01 1.17635e+01 2.30359e-01 1.88755e+01 3.68095e-01 1.44503e+01 2.79278e-01 
2.7 2.75 2.8 1.16716e+01 2.58932e-01 7.49418e+00 1.66860e-01 1.89202e+01 4.18621e-01 8.30208e+00 1.83803e-01 1.05368e+01 2.35094e-01 1.69639e+01 3.77287e-01 1.30193e+01 2.87350e-01 
2.8 2.85 2.9 9.11073e+00 2.47234e-01 5.83348e+00 1.58540e-01 1.48145e+01 4.01911e-01 6.47631e+00 1.75388e-01 8.20711e+00 2.23507e-01 1.32523e+01 3.60513e-01 1.01860e+01 2.75662e-01 
2.9 2.95 3.0 8.10485e+00 2.39133e-01 5.17812e+00 1.53558e-01 1.32118e+01 3.88026e-01 5.76058e+00 1.69609e-01 7.28602e+00 2.16533e-01 1.17909e+01 3.48779e-01 9.08271e+00 2.66093e-01 
3.0 3.05 3.1 6.11349e+00 2.20264e-01 3.89033e+00 1.40976e-01 1.00111e+01 3.58625e-01 4.34243e+00 1.56193e-01 5.47741e+00 1.98819e-01 8.90061e+00 3.21336e-01 6.87694e+00 2.45849e-01 
3.1 3.15 3.2 4.49072e+00 2.01068e-01 2.85451e+00 1.28910e-01 7.36344e+00 3.26664e-01 3.18733e+00 1.42461e-01 4.02220e+00 1.81963e-01 6.54409e+00 2.93626e-01 5.05367e+00 2.23726e-01 
3.2 3.25 3.3 3.65310e+00 2.03091e-01 2.30979e+00 1.28292e-01 6.02649e+00 3.35769e-01 2.59077e+00 1.43704e-01 3.25714e+00 1.81320e-01 5.32855e+00 2.97063e-01 4.13200e+00 2.29569e-01 
3.3 3.35 3.4 2.81440e+00 1.71409e-01 1.77369e+00 1.08495e-01 4.66042e+00 2.82753e-01 1.99531e+00 1.21361e-01 2.50200e+00 1.53258e-01 4.10678e+00 2.50532e-01 3.19417e+00 1.93488e-01 
3.4 3.45 3.5 1.71938e+00 1.27853e-01 1.07418e+00 8.00629e-02 2.87618e+00 2.13672e-01 1.21837e+00 9.04554e-02 1.51597e+00 1.13171e-01 2.51044e+00 1.87032e-01 1.97001e+00 1.46076e-01 
