-3.5 -3.45 -3.4 1.81560e-01 6.82961e-03 1.16582e-01 4.39486e-03 2.93734e-01 1.10284e-02 1.33299e-01 5.00327e-03 1.58795e-01 5.99938e-03 2.54064e-01 9.58195e-03 2.09918e-01 7.86106e-03 
-3.4 -3.35 -3.3 2.10677e-01 7.64132e-03 1.35345e-01 4.89868e-03 3.40652e-01 1.23925e-02 1.54671e-01 5.59743e-03 1.84359e-01 6.68760e-03 2.94821e-01 1.07218e-02 2.43438e-01 8.83229e-03 
-3.3 -3.25 -3.2 2.39037e-01 8.05743e-03 1.53793e-01 5.16104e-03 3.85835e-01 1.30814e-02 1.75427e-01 5.89698e-03 2.09566e-01 7.05189e-03 3.34657e-01 1.13178e-02 2.75606e-01 9.31307e-03 
-3.2 -3.15 -3.1 2.75305e-01 7.98930e-03 1.77139e-01 5.14171e-03 4.44375e-01 1.29023e-02 2.02083e-01 5.84977e-03 2.41332e-01 7.02247e-03 3.85344e-01 1.12160e-02 3.17493e-01 9.19083e-03 
-3.1 -3.05 -3.0 2.98167e-01 8.39476e-03 1.92102e-01 5.41756e-03 4.80511e-01 1.35099e-02 2.18882e-01 6.14939e-03 2.61697e-01 7.39603e-03 4.17301e-01 1.17789e-02 3.43348e-01 9.62906e-03 
-3.0 -2.95 -2.9 3.28468e-01 9.08201e-03 2.11551e-01 5.84905e-03 5.29564e-01 1.46517e-02 2.41158e-01 6.65210e-03 2.88153e-01 7.98586e-03 4.59639e-01 1.27449e-02 3.78456e-01 1.04412e-02 
-2.9 -2.85 -2.8 3.72801e-01 9.50871e-03 2.40531e-01 6.13211e-03 5.99811e-01 1.53157e-02 2.73671e-01 6.96389e-03 3.27668e-01 8.37323e-03 5.21755e-01 1.33453e-02 4.28594e-01 1.09131e-02 
-2.8 -2.75 -2.7 3.90019e-01 9.18490e-03 2.51643e-01 5.92086e-03 6.27265e-01 1.47930e-02 2.86321e-01 6.72554e-03 3.42729e-01 8.08232e-03 5.45715e-01 1.28864e-02 4.48326e-01 1.05443e-02 
-2.7 -2.65 -2.6 4.29739e-01 1.00310e-02 2.77163e-01 6.46499e-03 6.91722e-01 1.61696e-02 3.15480e-01 7.34611e-03 3.77559e-01 8.82810e-03 6.01419e-01 1.40789e-02 4.94288e-01 1.15211e-02 
-2.6 -2.55 -2.5 4.58605e-01 1.01993e-02 2.96447e-01 6.59335e-03 7.36243e-01 1.63813e-02 3.36728e-01 7.47135e-03 4.03764e-01 9.00114e-03 6.41688e-01 1.43105e-02 5.26214e-01 1.16759e-02 
-2.5 -2.45 -2.4 5.06087e-01 1.03129e-02 3.27157e-01 6.67206e-03 8.12411e-01 1.65494e-02 3.71585e-01 7.55436e-03 4.45595e-01 9.10878e-03 7.08141e-01 1.44705e-02 5.80637e-01 1.17951e-02 
-2.4 -2.35 -2.3 5.48851e-01 1.08697e-02 3.55176e-01 7.04946e-03 8.80014e-01 1.73945e-02 4.03004e-01 7.96089e-03 4.83802e-01 9.62800e-03 7.68033e-01 1.52584e-02 6.28994e-01 1.23950e-02 
-2.3 -2.25 -2.2 5.69778e-01 1.15907e-02 3.68685e-01 7.48957e-03 9.13598e-01 1.86233e-02 4.18393e-01 8.48720e-03 5.02106e-01 1.02285e-02 7.97163e-01 1.62707e-02 6.53037e-01 1.32672e-02 
-2.2 -2.15 -2.1 6.19402e-01 1.15733e-02 4.01077e-01 7.49729e-03 9.92349e-01 1.85448e-02 4.54860e-01 8.47734e-03 5.46188e-01 1.02357e-02 8.66524e-01 1.62395e-02 7.09385e-01 1.32168e-02 
-2.1 -2.05 -2.0 6.72162e-01 1.35107e-02 4.35282e-01 8.71711e-03 1.07671e+00 2.17468e-02 4.93579e-01 9.89162e-03 5.92797e-01 1.19067e-02 9.40391e-01 1.89693e-02 7.69643e-01 1.54893e-02 
-2.0 -1.95 -1.9 7.18363e-01 1.36947e-02 4.65552e-01 8.87751e-03 1.14973e+00 2.19209e-02 5.27493e-01 1.00271e-02 6.34035e-01 1.21249e-02 1.00506e+00 1.92258e-02 8.21813e-01 1.56151e-02 
-1.9 -1.85 -1.8 7.53466e-01 1.35005e-02 4.88290e-01 8.74970e-03 1.20589e+00 2.16181e-02 5.53391e-01 9.88996e-03 6.64857e-01 1.19445e-02 1.05389e+00 1.89417e-02 8.62186e-01 1.54091e-02 
-1.8 -1.75 -1.7 8.19658e-01 1.46494e-02 5.31667e-01 9.50266e-03 1.31047e+00 2.34318e-02 6.01937e-01 1.07327e-02 7.24003e-01 1.29714e-02 1.14663e+00 2.05512e-02 9.36832e-01 1.67044e-02 
-1.7 -1.65 -1.6 8.64149e-01 1.55625e-02 5.60388e-01 1.00790e-02 1.38196e+00 2.49420e-02 6.34598e-01 1.13946e-02 7.63128e-01 1.37665e-02 1.20891e+00 2.18486e-02 9.87906e-01 1.77674e-02 
-1.6 -1.55 -1.5 9.14204e-01 1.55561e-02 5.93638e-01 1.01099e-02 1.45977e+00 2.48295e-02 6.71378e-01 1.13940e-02 8.08385e-01 1.38037e-02 1.27888e+00 2.18300e-02 1.04358e+00 1.76949e-02 
-1.5 -1.45 -1.4 9.53118e-01 1.76548e-02 6.18620e-01 1.13579e-02 1.52270e+00 2.85368e-02 7.00023e-01 1.29292e-02 8.42321e-01 1.55091e-02 1.33316e+00 2.47795e-02 1.08869e+00 2.03314e-02 
-1.4 -1.35 -1.3 9.82174e-01 1.67873e-02 6.38185e-01 1.09068e-02 1.56707e+00 2.68051e-02 7.21430e-01 1.22951e-02 8.68883e-01 1.48924e-02 1.37366e+00 2.35594e-02 1.12053e+00 1.91012e-02 
-1.3 -1.25 -1.2 1.05612e+00 1.78762e-02 6.87094e-01 1.16656e-02 1.68261e+00 2.83927e-02 7.75689e-01 1.30927e-02 9.35545e-01 1.59284e-02 1.47722e+00 2.50872e-02 1.20304e+00 2.02328e-02 
-1.2 -1.15 -1.1 1.10624e+00 1.78238e-02 7.19588e-01 1.16053e-02 1.76279e+00 2.83876e-02 8.12530e-01 1.30566e-02 9.79748e-01 1.58434e-02 1.54725e+00 2.50087e-02 1.26042e+00 2.02333e-02 
-1.1 -1.05 -1.0 1.15005e+00 1.90268e-02 7.48414e-01 1.23843e-02 1.83162e+00 3.03165e-02 8.44663e-01 1.39338e-02 1.01905e+00 1.69115e-02 1.60864e+00 2.67055e-02 1.30955e+00 2.16004e-02 
-1.0 -0.95 -0.9 1.15794e+00 1.86653e-02 7.53962e-01 1.21686e-02 1.84299e+00 2.96857e-02 8.50636e-01 1.36732e-02 1.02639e+00 1.66120e-02 1.61925e+00 2.61890e-02 1.31802e+00 2.11585e-02 
-0.9 -0.85 -0.8 1.19732e+00 1.91137e-02 7.79622e-01 1.24802e-02 1.90564e+00 3.03433e-02 8.79646e-01 1.40034e-02 1.06122e+00 1.70353e-02 1.67413e+00 2.68141e-02 1.36297e+00 2.16307e-02 
-0.8 -0.75 -0.7 1.23713e+00 1.95133e-02 8.05930e-01 1.27512e-02 1.96790e+00 3.09471e-02 9.08865e-01 1.42961e-02 1.09707e+00 1.74053e-02 1.72988e+00 2.73748e-02 1.40744e+00 2.20610e-02 
-0.7 -0.65 -0.6 1.29527e+00 2.05709e-02 8.44087e-01 1.34336e-02 2.05957e+00 3.26501e-02 9.51547e-01 1.50713e-02 1.14905e+00 1.83365e-02 1.81123e+00 2.88576e-02 1.47296e+00 2.32760e-02 
-0.6 -0.55 -0.5 1.30913e+00 2.11037e-02 8.52954e-01 1.37730e-02 2.08212e+00 3.35231e-02 9.61563e-01 1.54530e-02 1.16132e+00 1.88099e-02 1.83100e+00 2.96249e-02 1.48877e+00 2.38815e-02 
-0.5 -0.45 -0.4 1.33365e+00 2.17407e-02 8.69132e-01 1.41681e-02 2.12152e+00 3.46958e-02 9.79693e-01 1.59234e-02 1.18320e+00 1.93448e-02 1.86502e+00 3.05100e-02 1.51715e+00 2.47240e-02 
-0.4 -0.35 -0.3 1.32636e+00 2.04131e-02 8.65002e-01 1.33468e-02 2.10713e+00 3.23514e-02 9.74510e-01 1.49570e-02 1.17737e+00 1.82164e-02 1.85444e+00 2.86333e-02 1.50719e+00 2.30651e-02 
-0.3 -0.25 -0.2 1.36620e+00 2.18105e-02 8.91210e-01 1.42718e-02 2.16985e+00 3.45372e-02 1.00360e+00 1.59743e-02 1.21326e+00 1.94869e-02 1.91055e+00 3.06087e-02 1.55172e+00 2.46113e-02 
-0.2 -0.15 -0.1 1.38133e+00 2.13721e-02 9.01293e-01 1.39886e-02 2.19331e+00 3.38333e-02 1.01482e+00 1.56568e-02 1.22686e+00 1.90956e-02 1.93145e+00 2.99850e-02 1.56870e+00 2.41162e-02 
-0.1 -0.05 0.0 1.39296e+00 2.15510e-02 9.08426e-01 1.40856e-02 2.21300e+00 3.41749e-02 1.02326e+00 1.57867e-02 1.23669e+00 1.92297e-02 1.94796e+00 3.02389e-02 1.58259e+00 2.43576e-02 
0.0 0.05 0.1 1.40437e+00 2.22254e-02 9.16248e-01 1.45441e-02 2.23013e+00 3.51944e-02 1.03164e+00 1.62788e-02 1.25266e+00 2.00046e-02 1.96393e+00 3.11895e-02 1.59484e+00 2.50809e-02 
0.1 0.15 0.2 1.39571e+00 2.23948e-02 9.10010e-01 1.45977e-02 2.21797e+00 3.56295e-02 1.02535e+00 1.64042e-02 1.23876e+00 1.99292e-02 1.95163e+00 3.14240e-02 1.58628e+00 2.53930e-02 
0.2 0.25 0.3 1.38745e+00 2.19266e-02 9.05411e-01 1.43567e-02 2.20266e+00 3.46940e-02 1.01925e+00 1.60643e-02 1.23254e+00 1.95966e-02 1.94015e+00 3.07599e-02 1.57528e+00 2.47325e-02 
0.3 0.35 0.4 1.37384e+00 2.15312e-02 8.95877e-01 1.40598e-02 2.18295e+00 3.41837e-02 1.00924e+00 1.57724e-02 1.21958e+00 1.91938e-02 1.92116e+00 3.02103e-02 1.56115e+00 2.43638e-02 
0.4 0.45 0.5 1.40630e+00 2.17267e-02 9.17231e-01 1.42064e-02 2.23398e+00 3.44366e-02 1.03307e+00 1.59164e-02 1.24867e+00 1.93933e-02 1.96659e+00 3.04830e-02 1.59761e+00 2.45460e-02 
0.5 0.55 0.6 1.31934e+00 2.13216e-02 8.60216e-01 1.39364e-02 2.09661e+00 3.38039e-02 9.69103e-01 1.56185e-02 1.17116e+00 1.90260e-02 1.84519e+00 2.99169e-02 1.49921e+00 2.40931e-02 
0.6 0.65 0.7 1.33206e+00 2.13148e-02 8.68299e-01 1.39231e-02 2.11749e+00 3.38214e-02 9.78325e-01 1.56115e-02 1.18231e+00 1.90104e-02 1.86325e+00 2.99123e-02 1.51391e+00 2.41018e-02 
0.7 0.75 0.8 1.25085e+00 1.95080e-02 8.14953e-01 1.27259e-02 1.98949e+00 3.10033e-02 9.18834e-01 1.42938e-02 1.10948e+00 1.73687e-02 1.74930e+00 2.73635e-02 1.42269e+00 2.21040e-02 
0.8 0.85 0.9 1.22102e+00 1.92576e-02 7.95413e-01 1.25744e-02 1.94234e+00 3.05696e-02 8.96840e-01 1.41039e-02 1.08299e+00 1.71701e-02 1.70778e+00 2.70275e-02 1.38882e+00 2.17827e-02 
0.9 0.95 1.0 1.14062e+00 1.87412e-02 7.42575e-01 1.22305e-02 1.81576e+00 2.97656e-02 8.37865e-01 1.37272e-02 1.01095e+00 1.66987e-02 1.59515e+00 2.62993e-02 1.29845e+00 2.12127e-02 
1.0 1.05 1.1 1.12358e+00 1.87962e-02 7.31254e-01 1.22669e-02 1.78929e+00 2.98538e-02 8.25237e-01 1.37647e-02 9.95667e-01 1.67516e-02 1.57156e+00 2.63827e-02 1.27932e+00 2.12703e-02 
1.1 1.15 1.2 1.11064e+00 1.85264e-02 7.22439e-01 1.20534e-02 1.76980e+00 2.95315e-02 8.15714e-01 1.35709e-02 9.83688e-01 1.64555e-02 1.55350e+00 2.59951e-02 1.26536e+00 2.10480e-02 
1.2 1.25 1.3 1.04688e+00 1.73814e-02 6.81161e-01 1.13313e-02 1.66766e+00 2.76416e-02 7.68954e-01 1.27308e-02 9.27399e-01 1.54713e-02 1.46416e+00 2.43919e-02 1.19246e+00 1.96981e-02 
1.3 1.35 1.4 9.93952e-01 1.65009e-02 6.45965e-01 1.07143e-02 1.58552e+00 2.63702e-02 7.30020e-01 1.20860e-02 8.79548e-01 1.46285e-02 1.39027e+00 2.31558e-02 1.13361e+00 1.87922e-02 
1.4 1.45 1.5 9.56251e-01 1.63441e-02 6.21290e-01 1.06125e-02 1.52587e+00 2.61119e-02 7.02289e-01 1.19698e-02 8.45999e-01 1.44913e-02 1.33763e+00 2.29389e-02 1.09089e+00 1.86057e-02 
1.5 1.55 1.6 8.83790e-01 1.52692e-02 5.73884e-01 9.91074e-03 1.41118e+00 2.44110e-02 6.49160e-01 1.11850e-02 7.81341e-01 1.35303e-02 1.23607e+00 2.14248e-02 1.00906e+00 1.73986e-02 
1.6 1.65 1.7 8.69226e-01 1.44665e-02 5.64074e-01 9.38553e-03 1.38900e+00 2.31370e-02 6.38327e-01 1.05973e-02 7.68147e-01 1.28128e-02 1.21600e+00 2.02976e-02 9.92950e-01 1.64912e-02 
1.7 1.75 1.8 8.04091e-01 1.42341e-02 5.21680e-01 9.23964e-03 1.28528e+00 2.27506e-02 5.90475e-01 1.04231e-02 7.10441e-01 1.26185e-02 1.12493e+00 1.99809e-02 9.18763e-01 1.62082e-02 
1.8 1.85 1.9 7.75566e-01 1.35673e-02 5.03229e-01 8.80890e-03 1.23954e+00 2.16784e-02 5.69515e-01 9.93529e-03 6.85330e-01 1.20296e-02 1.08505e+00 1.90437e-02 8.86044e-01 1.54452e-02 
1.9 1.95 2.0 7.17674e-01 1.35317e-02 4.64927e-01 8.73928e-03 1.14913e+00 2.17543e-02 5.27046e-01 9.91386e-03 6.33115e-01 1.19291e-02 1.00396e+00 1.89830e-02 8.21497e-01 1.55082e-02 
2.0 2.05 2.1 6.55171e-01 1.18006e-02 4.24577e-01 7.64474e-03 1.04866e+00 1.89054e-02 4.81210e-01 8.64535e-03 5.78092e-01 1.04353e-02 9.16375e-01 1.65551e-02 7.49795e-01 1.34767e-02 
2.1 2.15 2.2 6.13972e-01 1.13334e-02 3.97341e-01 7.32402e-03 9.84303e-01 1.82122e-02 4.50883e-01 8.30263e-03 5.41086e-01 9.99795e-03 8.58904e-01 1.59007e-02 7.03649e-01 1.29816e-02 
2.2 2.25 2.3 5.83366e-01 1.19930e-02 3.77697e-01 7.74991e-03 9.34753e-01 1.92663e-02 4.28375e-01 8.77935e-03 5.14374e-01 1.05870e-02 8.16161e-01 1.68412e-02 6.68169e-01 1.37204e-02 
2.3 2.35 2.4 5.41161e-01 1.04514e-02 3.50035e-01 6.75900e-03 8.68139e-01 1.67816e-02 3.97337e-01 7.65546e-03 4.76758e-01 9.22798e-03 7.57218e-01 1.46657e-02 6.20469e-01 1.19600e-02 
2.4 2.45 2.5 4.77354e-01 1.00571e-02 3.08500e-01 6.49900e-03 7.66478e-01 1.61580e-02 3.50575e-01 7.36818e-03 4.20080e-01 8.87109e-03 6.67736e-01 1.41089e-02 5.47973e-01 1.15184e-02 
2.5 2.55 2.6 4.83820e-01 1.08930e-02 3.12495e-01 7.00956e-03 7.77451e-01 1.75908e-02 3.55204e-01 7.97901e-03 4.25664e-01 9.56984e-03 6.77052e-01 1.52851e-02 5.55593e-01 1.25367e-02 
2.6 2.65 2.7 4.34492e-01 1.00575e-02 2.80622e-01 6.49465e-03 6.98238e-01 1.61779e-02 3.18960e-01 7.36284e-03 3.82283e-01 8.87184e-03 6.08091e-01 1.41224e-02 4.98930e-01 1.15217e-02 
2.7 2.75 2.8 3.93987e-01 9.19365e-03 2.54351e-01 5.94784e-03 6.33475e-01 1.47551e-02 2.89202e-01 6.73214e-03 3.46522e-01 8.12296e-03 5.51456e-01 1.29055e-02 4.52607e-01 1.05119e-02 
2.8 2.85 2.9 3.63148e-01 9.35613e-03 2.33967e-01 6.01760e-03 5.85229e-01 1.51187e-02 2.66601e-01 6.85054e-03 3.18707e-01 8.21874e-03 5.08210e-01 1.31349e-02 4.18202e-01 1.07696e-02 
2.9 2.95 3.0 3.11135e-01 8.10158e-03 2.00428e-01 5.22648e-03 5.01485e-01 1.30449e-02 2.28461e-01 5.93448e-03 2.72968e-01 7.13533e-03 4.35317e-01 1.13679e-02 3.58446e-01 9.29722e-03 
3.0 3.05 3.1 3.04398e-01 8.88600e-03 1.95907e-01 5.70962e-03 4.91171e-01 1.43753e-02 2.23414e-01 6.50539e-03 2.66929e-01 7.79925e-03 4.26119e-01 1.24770e-02 3.50884e-01 1.02384e-02 
3.1 3.15 3.2 2.55356e-01 7.36910e-03 1.64500e-01 4.75704e-03 4.11576e-01 1.18560e-02 1.87504e-01 5.39934e-03 2.24036e-01 6.49278e-03 3.57274e-01 1.03368e-02 2.94183e-01 8.45266e-03 
3.2 3.25 3.3 2.46715e-01 9.06856e-03 1.58610e-01 5.78261e-03 3.98603e-01 1.48016e-02 1.81088e-01 6.64079e-03 2.16099e-01 7.89682e-03 3.45347e-01 1.27291e-02 2.84773e-01 1.05453e-02 
3.3 3.35 3.4 2.25800e-01 7.86441e-03 1.45126e-01 5.04707e-03 3.64931e-01 1.27406e-02 1.65700e-01 5.75820e-03 1.97769e-01 6.89333e-03 3.16151e-01 1.10409e-02 2.60650e-01 9.07537e-03 
3.4 3.45 3.5 1.84221e-01 6.88419e-03 1.18426e-01 4.43819e-03 2.97668e-01 1.10946e-02 1.35218e-01 5.04297e-03 1.61351e-01 6.05892e-03 2.57869e-01 9.65918e-03 2.12665e-01 7.90775e-03 
