0.0 25.0 50.0 0.00000e+00 0.00000e+00 0.00000e+00 0.00000e+00 0.00000e+00 0.00000e+00 0.00000e+00 0.00000e+00 0.00000e+00 0.00000e+00 0.00000e+00 0.00000e+00 0.00000e+00 0.00000e+00 
50.0 75.0 100.0 0.00000e+00 0.00000e+00 0.00000e+00 0.00000e+00 0.00000e+00 0.00000e+00 0.00000e+00 0.00000e+00 0.00000e+00 0.00000e+00 0.00000e+00 0.00000e+00 0.00000e+00 0.00000e+00 
100.0 125.0 150.0 0.00000e+00 0.00000e+00 0.00000e+00 0.00000e+00 0.00000e+00 0.00000e+00 0.00000e+00 0.00000e+00 0.00000e+00 0.00000e+00 0.00000e+00 0.00000e+00 0.00000e+00 0.00000e+00 
150.0 175.0 200.0 1.81173e-05 2.20436e-06 1.16619e-05 1.42310e-06 2.91651e-05 3.53812e-06 1.35580e-05 1.64946e-06 1.55837e-05 1.90188e-06 2.47852e-05 3.01602e-06 2.13192e-05 2.58602e-06 
200.0 225.0 250.0 3.52725e-05 2.60341e-06 2.27551e-05 1.68416e-06 5.66379e-05 4.16852e-06 2.64196e-05 1.94900e-06 3.03805e-05 2.24969e-06 4.82047e-05 3.56001e-06 4.14441e-05 3.04849e-06 
250.0 275.0 300.0 4.74938e-05 2.83145e-06 3.06151e-05 1.83111e-06 7.63245e-05 4.53444e-06 3.55705e-05 2.11969e-06 4.08781e-05 2.44601e-06 6.49130e-05 3.87188e-06 5.58443e-05 3.31604e-06 
300.0 325.0 350.0 6.38570e-05 3.28297e-06 4.11616e-05 2.12209e-06 1.02628e-04 5.26094e-06 4.78275e-05 2.45674e-06 5.49580e-05 2.83581e-06 8.72739e-05 4.49135e-06 7.50934e-05 3.84557e-06 
350.0 375.0 400.0 6.72902e-05 2.91397e-06 4.34212e-05 1.88752e-06 1.08017e-04 4.65882e-06 5.04171e-05 2.18242e-06 5.79539e-05 2.52028e-06 9.19285e-05 3.98278e-06 7.90684e-05 3.40867e-06 
400.0 425.0 450.0 6.83150e-05 2.80328e-06 4.40409e-05 1.81133e-06 1.09774e-04 4.49388e-06 5.11793e-05 2.09811e-06 5.87875e-05 2.42017e-06 9.33397e-05 3.83441e-06 8.03453e-05 3.28549e-06 
450.0 475.0 500.0 7.54314e-05 2.72787e-06 4.86549e-05 1.76075e-06 1.21141e-04 4.37827e-06 5.65459e-05 2.04471e-06 6.49063e-05 2.34911e-06 1.02990e-04 3.72493e-06 8.87276e-05 3.20646e-06 
500.0 525.0 550.0 6.99794e-05 2.55031e-06 4.51537e-05 1.64919e-06 1.12343e-04 4.08469e-06 5.24453e-05 1.90959e-06 6.02512e-05 2.20258e-06 9.55744e-05 3.48672e-06 8.22595e-05 2.98777e-06 
550.0 575.0 600.0 6.98172e-05 2.52716e-06 4.49670e-05 1.62750e-06 1.12311e-04 4.06657e-06 5.23496e-05 1.89375e-06 5.99725e-05 2.17190e-06 9.52987e-05 3.45192e-06 8.22826e-05 2.97724e-06 
600.0 625.0 650.0 5.92543e-05 2.25290e-06 3.81945e-05 1.44921e-06 9.52360e-05 3.63042e-06 4.44313e-05 1.68778e-06 5.09378e-05 1.93447e-06 8.08767e-05 3.07823e-06 6.97764e-05 2.65708e-06 
650.0 675.0 700.0 5.37334e-05 1.85832e-06 3.46851e-05 1.20313e-06 8.62249e-05 2.97258e-06 4.02993e-05 1.39226e-06 4.62488e-05 1.60593e-06 7.33248e-05 2.53893e-06 6.31887e-05 2.17580e-06 
700.0 725.0 750.0 5.07386e-05 1.95967e-06 3.27191e-05 1.26771e-06 8.15121e-05 3.13758e-06 3.80564e-05 1.46805e-06 4.36238e-05 1.69230e-06 6.92318e-05 2.67772e-06 5.97406e-05 2.29633e-06 
750.0 775.0 800.0 4.74678e-05 1.72987e-06 3.05710e-05 1.11418e-06 7.63694e-05 2.78374e-06 3.55994e-05 1.29587e-06 4.07639e-05 1.48735e-06 6.47767e-05 2.36378e-06 5.59644e-05 2.03724e-06 
800.0 825.0 850.0 4.19647e-05 1.62922e-06 2.70496e-05 1.05034e-06 6.74521e-05 2.61912e-06 3.14799e-05 1.22053e-06 3.60596e-05 1.40205e-06 5.72510e-05 2.22612e-06 4.94434e-05 1.91684e-06 
850.0 875.0 900.0 4.01066e-05 1.62926e-06 2.58456e-05 1.05131e-06 6.44810e-05 2.61606e-06 3.00916e-05 1.22101e-06 3.44482e-05 1.40286e-06 5.47043e-05 2.22524e-06 4.72757e-05 1.91547e-06 
900.0 925.0 950.0 3.30714e-05 1.39315e-06 2.12985e-05 8.99058e-07 5.32114e-05 2.23683e-06 2.48126e-05 1.04360e-06 2.83884e-05 1.20022e-06 4.51096e-05 1.90371e-06 3.90124e-05 1.63697e-06 
950.0 975.0 1000.0 2.91757e-05 1.33148e-06 1.87675e-05 8.56478e-07 4.70050e-05 2.14587e-06 2.18952e-05 9.97088e-07 2.50088e-05 1.14373e-06 3.97846e-05 1.82009e-06 3.44719e-05 1.56983e-06 
1000.0 1025.0 1050.0 3.02153e-05 1.53509e-06 1.94718e-05 9.91840e-07 4.85791e-05 2.46130e-06 2.26742e-05 1.14964e-06 2.59486e-05 1.32441e-06 4.12043e-05 2.09825e-06 3.56245e-05 1.80075e-06 
1050.0 1075.0 1100.0 2.90005e-05 1.48908e-06 1.86889e-05 9.62125e-07 4.66310e-05 2.38817e-06 2.17606e-05 1.11524e-06 2.49075e-05 1.28470e-06 3.95523e-05 2.03528e-06 3.41919e-05 1.74736e-06 
1100.0 1125.0 1150.0 2.26791e-05 1.14735e-06 1.45976e-05 7.40682e-07 3.65133e-05 1.84143e-06 1.70257e-05 8.59775e-07 1.94454e-05 9.88464e-07 3.09133e-05 1.56721e-06 2.67884e-05 1.34817e-06 
1150.0 1175.0 1200.0 2.34466e-05 1.33042e-06 1.50780e-05 8.55284e-07 3.77885e-05 2.14530e-06 1.75972e-05 9.96580e-07 2.00904e-05 1.14181e-06 3.19690e-05 1.81806e-06 2.77155e-05 1.56993e-06 
1200.0 1225.0 1250.0 2.01557e-05 1.05687e-06 1.29791e-05 6.80916e-07 3.24352e-05 1.70020e-06 1.51284e-05 7.91553e-07 1.72926e-05 9.09172e-07 2.74794e-05 1.44449e-06 2.37914e-05 1.24399e-06 
1250.0 1275.0 1300.0 1.96199e-05 1.13575e-06 1.26185e-05 7.29876e-07 3.16186e-05 1.83254e-06 1.47288e-05 8.51107e-07 1.68093e-05 9.74009e-07 2.67436e-05 1.55132e-06 2.31972e-05 1.34170e-06 
1300.0 1325.0 1350.0 1.77396e-05 9.71411e-07 1.14224e-05 6.26883e-07 2.85505e-05 1.55981e-06 1.33188e-05 7.28372e-07 1.52140e-05 8.36085e-07 2.41774e-05 1.32597e-06 2.09489e-05 1.14277e-06 
1350.0 1375.0 1400.0 1.51301e-05 9.82397e-07 9.73844e-06 6.32298e-07 2.43652e-05 1.58276e-06 1.13556e-05 7.35306e-07 1.29757e-05 8.44786e-07 2.06293e-05 1.34369e-06 1.78707e-05 1.15721e-06 
1400.0 1425.0 1450.0 1.52356e-05 9.86104e-07 9.81413e-06 6.36778e-07 2.45539e-05 1.58634e-06 1.14309e-05 7.38163e-07 1.30811e-05 8.50702e-07 2.07813e-05 1.34860e-06 1.80019e-05 1.15996e-06 
1450.0 1475.0 1500.0 1.34443e-05 9.09469e-07 8.64737e-06 5.86152e-07 2.16654e-05 1.46273e-06 1.00929e-05 6.81187e-07 1.15192e-05 7.82615e-07 1.83254e-05 1.24297e-06 1.58953e-05 1.07032e-06 
1500.0 1525.0 1550.0 1.31322e-05 8.92710e-07 8.44128e-06 5.75250e-07 2.11796e-05 1.43632e-06 9.85720e-06 6.68595e-07 1.12462e-05 7.68111e-07 1.79029e-05 1.22015e-06 1.55364e-05 1.05093e-06 
1550.0 1575.0 1600.0 1.08605e-05 7.66602e-07 6.97259e-06 4.91329e-07 1.75387e-05 1.24107e-06 8.15611e-06 5.74260e-07 9.28484e-06 6.55911e-07 1.47974e-05 1.04754e-06 1.28729e-05 9.08256e-07 
1600.0 1625.0 1650.0 9.54997e-06 7.04634e-07 6.13603e-06 4.54029e-07 1.54090e-05 1.13376e-06 7.17041e-06 5.27655e-07 8.17260e-06 6.06338e-07 1.30150e-05 9.63257e-07 1.13071e-05 8.29399e-07 
1650.0 1675.0 1700.0 1.00105e-05 7.94863e-07 6.43088e-06 5.12035e-07 1.61557e-05 1.27922e-06 7.51460e-06 5.95354e-07 8.56710e-06 6.83638e-07 1.36460e-05 1.08632e-06 1.18521e-05 9.36037e-07 
1700.0 1725.0 1750.0 9.08408e-06 8.21018e-07 5.83503e-06 5.29124e-07 1.46626e-05 1.32064e-06 6.81781e-06 6.14538e-07 7.77491e-06 7.06923e-07 1.23859e-05 1.12291e-06 1.07544e-05 9.65621e-07 
1750.0 1775.0 1800.0 9.43905e-06 8.37982e-07 6.05814e-06 5.38896e-07 1.52487e-05 1.35107e-06 7.08439e-06 6.27787e-07 8.07193e-06 7.19351e-07 1.28696e-05 1.14497e-06 1.11844e-05 9.88862e-07 
1800.0 1825.0 1850.0 7.34434e-06 7.16371e-07 4.71941e-06 4.62470e-07 1.18498e-05 1.15023e-06 5.51359e-06 5.36641e-07 6.28669e-06 6.17378e-07 1.00107e-05 9.78892e-07 8.69399e-06 8.41797e-07 
1850.0 1875.0 1900.0 6.75115e-06 6.60530e-07 4.33428e-06 4.25828e-07 1.09031e-05 1.06212e-06 5.06852e-06 4.94752e-07 5.77339e-06 5.68534e-07 9.20159e-06 9.02705e-07 7.99997e-06 7.77219e-07 
1900.0 1925.0 1950.0 5.25098e-06 5.26356e-07 3.36609e-06 3.38253e-07 8.49417e-06 8.49481e-07 3.94511e-06 3.94569e-07 4.48043e-06 4.51240e-07 7.15094e-06 7.18678e-07 6.23755e-06 6.22171e-07 
1950.0 1975.0 2000.0 7.71447e-06 1.06532e-06 4.94599e-06 6.84423e-07 1.24782e-05 1.71973e-06 5.78728e-06 7.97299e-07 6.59323e-06 9.14515e-07 1.05239e-05 1.45726e-06 9.14742e-06 1.25723e-06 
2000.0 2025.0 2050.0 5.15129e-06 5.93159e-07 3.31312e-06 3.83063e-07 8.30289e-06 9.51902e-07 3.86972e-06 4.44650e-07 4.41055e-06 5.11021e-07 7.01620e-06 8.09878e-07 6.09630e-06 6.97212e-07 
2050.0 2075.0 2100.0 4.74256e-06 5.69162e-07 3.03710e-06 3.66780e-07 7.68142e-06 9.15745e-07 3.56208e-06 4.26629e-07 4.04376e-06 4.89332e-07 6.46078e-06 7.77183e-07 5.63884e-06 6.70661e-07 
2100.0 2125.0 2150.0 2.91241e-06 3.56445e-07 1.85785e-06 2.28298e-07 4.73634e-06 5.77194e-07 2.19099e-06 2.67372e-07 2.46966e-06 3.04366e-07 3.96016e-06 4.86323e-07 3.48339e-06 4.23069e-07 
2150.0 2175.0 2200.0 3.61164e-06 5.33186e-07 2.45277e-06 3.56542e-07 6.24964e-06 9.04862e-07 2.88557e-06 4.17551e-07 3.06709e-06 4.54761e-07 4.92240e-06 7.28848e-07 4.58542e-06 6.62085e-07 
2200.0 2225.0 2250.0 3.59639e-06 5.98381e-07 2.30295e-06 3.86105e-07 6.62817e-06 1.11958e-06 2.70059e-06 4.47957e-07 3.06699e-06 5.15776e-07 4.90062e-06 8.18279e-07 4.86181e-06 8.18551e-07 
2250.0 2275.0 2300.0 3.02374e-06 4.96308e-07 1.92642e-06 3.17853e-07 4.92497e-06 8.03777e-07 2.27237e-06 3.72256e-07 2.56346e-06 4.23778e-07 4.11659e-06 6.77211e-07 3.61761e-06 5.89070e-07 
2300.0 2325.0 2350.0 2.32696e-06 4.23212e-07 1.48725e-06 2.72745e-07 3.77697e-06 6.80796e-07 1.74954e-06 3.17333e-07 2.17169e-06 3.93887e-07 3.16627e-06 5.77668e-07 2.77588e-06 4.98776e-07 
2350.0 2375.0 2400.0 3.37407e-06 5.13115e-07 2.15285e-06 3.27867e-07 5.43317e-06 7.88917e-07 2.53637e-06 3.84723e-07 2.86391e-06 4.37273e-07 4.59200e-06 7.00440e-07 4.03123e-06 6.10357e-07 
2400.0 2425.0 2450.0 1.44009e-06 2.18926e-07 9.14613e-07 1.39432e-07 2.22322e-06 3.29288e-07 1.08435e-06 1.64430e-07 1.14730e-06 1.71507e-07 1.84767e-06 2.75441e-07 1.73247e-06 2.61846e-07 
2450.0 2475.0 2500.0 1.93693e-06 2.84613e-07 1.23676e-06 1.82736e-07 3.14660e-06 4.59659e-07 1.45739e-06 2.13690e-07 1.64375e-06 2.43387e-07 2.63326e-06 3.87908e-07 2.31461e-06 3.37261e-07 
2500.0 2525.0 2550.0 1.51029e-06 2.63288e-07 9.59559e-07 1.68241e-07 2.46743e-06 4.27591e-07 1.13543e-06 1.97338e-07 1.27639e-06 2.24471e-07 2.05521e-06 3.59549e-07 1.81328e-06 3.13121e-07 
2550.0 2575.0 2600.0 8.90711e-07 1.34655e-07 5.65323e-07 8.59572e-08 1.45652e-06 2.18859e-07 6.71314e-07 1.01170e-07 7.50102e-07 1.14411e-07 1.20856e-06 1.83376e-07 1.07349e-06 1.60717e-07 
2600.0 2625.0 2650.0 1.44450e-06 2.53570e-07 9.15232e-07 1.61353e-07 2.36657e-06 4.13558e-07 1.08611e-06 1.90219e-07 1.21727e-06 2.15096e-07 1.96541e-06 3.45938e-07 1.73940e-06 3.03143e-07 
2650.0 2675.0 2700.0 1.44525e-06 2.30429e-07 9.20332e-07 1.47297e-07 2.35481e-06 3.73955e-07 1.08771e-06 1.72936e-07 1.22289e-06 1.96267e-07 1.96425e-06 3.14204e-07 1.73267e-06 2.74251e-07 
2700.0 2725.0 2750.0 9.55521e-07 1.60791e-07 6.05758e-07 1.02362e-07 1.56501e-06 2.62284e-07 7.19130e-07 1.20563e-07 8.04898e-07 1.36517e-07 1.29866e-06 2.19478e-07 1.15152e-06 1.92151e-07 
2750.0 2775.0 2800.0 2.27314e-06 4.84359e-07 1.44632e-06 3.08287e-07 4.00772e-06 8.30230e-07 1.84427e-06 3.81344e-07 1.92645e-06 4.11438e-07 3.09812e-06 6.61667e-07 2.13898e-06 4.64011e-07 
2800.0 2825.0 2850.0 7.47751e-07 1.18815e-07 4.73326e-07 7.54314e-08 1.22642e-06 1.94301e-07 5.63439e-07 8.93177e-08 6.28169e-07 1.00342e-07 1.01488e-06 1.61705e-07 9.03633e-07 1.42764e-07 
2850.0 2875.0 2900.0 7.01305e-07 1.17911e-07 4.43098e-07 7.46327e-08 1.15283e-06 1.93565e-07 5.27737e-07 8.84674e-08 5.88837e-07 9.94698e-08 9.53299e-07 1.60831e-07 8.48108e-07 1.41905e-07 
2900.0 2925.0 2950.0 6.07913e-07 9.31617e-08 3.84001e-07 5.91748e-08 9.99422e-07 1.52296e-07 4.58355e-07 7.00841e-08 5.09300e-07 7.86588e-08 8.24474e-07 1.26684e-07 7.36910e-07 1.11994e-07 
2950.0 2975.0 3000.0 8.33597e-07 1.36891e-07 5.26234e-07 8.66340e-08 1.37150e-06 2.24736e-07 6.27881e-07 1.02916e-07 6.98640e-07 1.15228e-07 1.13188e-06 1.86285e-07 1.01006e-06 1.65135e-07 
3000.0 3025.0 3050.0 5.00069e-07 8.81786e-08 3.15704e-07 5.58264e-08 8.93981e-07 1.63404e-07 3.77122e-07 6.63269e-08 4.18628e-07 7.42177e-08 6.78041e-07 1.19925e-07 6.06590e-07 1.06324e-07 
3050.0 3075.0 3100.0 4.87679e-07 1.00460e-07 3.07767e-07 6.36872e-08 8.02647e-07 1.64540e-07 3.67069e-07 7.54447e-08 4.08897e-07 8.48029e-08 6.62735e-07 1.36883e-07 5.90642e-07 1.20756e-07 
3100.0 3125.0 3150.0 5.42252e-07 1.04966e-07 3.42315e-07 6.63332e-08 8.91922e-07 1.72517e-07 4.08448e-07 7.87755e-08 4.54463e-07 8.83852e-08 7.36252e-07 1.43128e-07 6.56918e-07 1.26516e-07 
3150.0 3175.0 3200.0 3.49857e-07 6.53122e-08 2.20414e-07 4.12371e-08 5.76741e-07 1.07450e-07 2.63783e-07 4.90945e-08 2.92341e-07 5.48605e-08 4.74478e-07 8.88923e-08 4.25271e-07 7.89495e-08 
3200.0 3225.0 3250.0 5.70662e-07 1.27190e-07 3.59564e-07 8.04943e-08 9.40921e-07 2.08774e-07 4.28830e-07 9.53573e-08 4.78490e-07 1.07363e-07 7.76972e-07 1.73639e-07 6.91083e-07 1.52922e-07 
3250.0 3275.0 3300.0 4.63192e-07 7.87537e-08 2.91705e-07 4.97208e-08 7.63972e-07 1.29564e-07 3.48828e-07 5.91792e-08 3.87342e-07 6.61657e-08 6.29062e-07 1.07231e-07 5.62530e-07 9.51539e-08 
3300.0 3325.0 3350.0 3.85338e-07 1.09681e-07 2.40528e-07 6.81258e-08 5.28422e-07 1.41567e-07 2.89436e-07 8.21539e-08 3.20221e-07 9.09503e-08 5.24908e-07 1.49889e-07 3.88247e-07 1.03631e-07 
3350.0 3375.0 3400.0 2.57476e-07 5.83871e-08 1.62547e-07 3.70510e-08 4.23447e-07 9.55156e-08 1.94352e-07 4.39755e-08 2.15342e-07 4.91918e-08 3.48730e-07 7.92858e-08 3.12644e-07 7.03359e-08 
3400.0 3425.0 3450.0 2.55377e-07 5.25114e-08 1.60518e-07 3.32423e-08 4.22084e-07 8.61158e-08 1.92684e-07 3.95609e-08 2.12746e-07 4.41242e-08 3.46068e-07 7.12851e-08 3.11472e-07 6.34358e-08 
3450.0 3475.0 3500.0 3.37600e-07 8.88945e-08 2.12699e-07 5.64041e-08 5.56631e-07 1.45447e-07 2.53985e-07 6.67052e-08 2.82732e-07 7.51670e-08 4.59040e-07 1.21234e-07 4.09393e-07 1.06649e-07 
3500.0 3525.0 3550.0 2.73673e-07 6.55731e-08 1.70786e-07 4.10691e-08 4.56057e-07 1.08851e-07 2.05699e-07 4.91909e-08 2.27226e-07 5.47474e-08 3.72517e-07 8.94584e-08 3.36719e-07 8.00769e-08 
3550.0 3575.0 3600.0 4.65998e-07 1.06852e-07 2.93880e-07 6.75525e-08 7.67519e-07 1.75566e-07 3.50329e-07 8.01595e-08 3.90917e-07 9.00473e-08 6.34155e-07 1.45769e-07 5.64008e-07 1.28695e-07 
3600.0 3625.0 3650.0 2.75943e-07 6.22137e-08 1.72814e-07 3.90936e-08 4.57971e-07 1.02887e-07 2.07603e-07 4.67100e-08 2.29705e-07 5.20690e-08 3.75192e-07 8.47924e-08 3.36830e-07 7.54897e-08 
3650.0 3675.0 3700.0 1.34633e-07 2.65054e-08 8.41880e-08 1.66532e-08 2.23747e-07 4.38297e-08 1.01647e-07 1.99889e-08 1.11508e-07 2.20817e-08 1.82306e-07 3.59378e-08 1.65237e-07 3.23249e-08 
3700.0 3725.0 3750.0 1.29800e-07 2.73150e-08 8.12537e-08 1.72056e-08 2.15508e-07 4.50485e-08 9.79993e-08 2.05868e-08 1.07621e-07 2.28287e-08 1.75762e-07 3.70633e-08 1.78958e-07 3.92431e-08 
3750.0 3775.0 3800.0 1.33812e-07 2.99773e-08 8.34774e-08 1.87526e-08 2.22994e-07 4.98277e-08 1.00856e-07 2.25656e-08 1.10753e-07 2.49104e-08 1.81553e-07 4.07340e-08 1.64352e-07 3.66664e-08 
3800.0 3825.0 3850.0 2.33857e-07 4.86420e-08 1.46336e-07 3.05157e-08 3.88436e-07 8.05893e-08 1.76077e-07 3.65583e-08 1.94357e-07 4.06016e-08 3.17678e-07 6.62159e-08 2.85944e-07 5.91996e-08 
3850.0 3875.0 3900.0 2.13836e-07 5.84466e-08 1.34049e-07 3.66747e-08 3.54470e-07 9.68044e-08 1.60817e-07 4.38552e-08 1.78246e-07 4.88760e-08 2.90879e-07 7.97158e-08 2.60588e-07 7.09740e-08 
3900.0 3925.0 3950.0 9.00146e-08 2.38797e-08 5.63762e-08 1.50413e-08 1.49314e-07 3.93726e-08 6.79173e-08 1.79829e-08 7.47203e-08 1.99737e-08 1.21981e-07 3.24334e-08 1.10188e-07 2.89891e-08 
3950.0 3975.0 4000.0 4.31097e-08 1.04425e-08 2.68698e-08 6.51356e-09 7.18995e-08 1.74120e-08 3.25564e-08 7.85864e-09 3.55801e-08 8.65457e-09 5.83563e-08 1.41936e-08 5.31152e-08 1.28091e-08 
