-3.5 -3.45 -3.4 2.27574e+01 4.73516e-01 1.38245e+01 2.83419e-01 3.93935e+01 8.37965e-01 1.55945e+01 3.23233e-01 2.01791e+01 4.15341e-01 3.46259e+01 7.23911e-01 2.58997e+01 5.48409e-01 
-3.4 -3.35 -3.3 3.13149e+01 6.14832e-01 1.92016e+01 3.66030e-01 5.36203e+01 1.09801e+00 2.14716e+01 4.19811e-01 2.80104e+01 5.36214e-01 4.76112e+01 9.39621e-01 3.52788e+01 7.18751e-01 
-3.3 -3.25 -3.2 4.21183e+01 6.64268e-01 2.60903e+01 4.06178e-01 7.12391e+01 1.14626e+00 2.88978e+01 4.53593e-01 3.80350e+01 5.94971e-01 6.39865e+01 1.01515e+00 4.69079e+01 7.50319e-01 
-3.2 -3.15 -3.1 5.66994e+01 9.51209e-01 3.52723e+01 5.67602e-01 9.54683e+01 1.69505e+00 3.89125e+01 6.48103e-01 5.14065e+01 8.32992e-01 8.61110e+01 1.45760e+00 6.28810e+01 1.10601e+00 
-3.1 -3.05 -3.0 7.21559e+01 9.36048e-01 4.52662e+01 5.80907e-01 1.19831e+02 1.57046e+00 4.94121e+01 6.34178e-01 6.59332e+01 8.51090e-01 1.09504e+02 1.43081e+00 7.89876e+01 1.02767e+00 
-3.0 -2.95 -2.9 9.01035e+01 1.02797e+00 5.68827e+01 6.41609e-01 1.49088e+02 1.73259e+00 6.19252e+01 7.02464e-01 8.27877e+01 9.39180e-01 1.36607e+02 1.56961e+00 9.83731e+01 1.13516e+00 
-2.9 -2.85 -2.8 1.10825e+02 1.14606e+00 7.02970e+01 7.15092e-01 1.84231e+02 2.00657e+00 7.61932e+01 7.83248e-01 1.02276e+02 1.04654e+00 1.69467e+02 1.80253e+00 1.21600e+02 1.31380e+00 
-2.8 -2.75 -2.7 1.33735e+02 1.22463e+00 8.52573e+01 7.76062e-01 2.18796e+02 2.02638e+00 9.19882e+01 8.37415e-01 1.23982e+02 1.13526e+00 2.02554e+02 1.86836e+00 1.44515e+02 1.32881e+00 
-2.7 -2.65 -2.6 1.61037e+02 1.38699e+00 1.02942e+02 8.75014e-01 2.62646e+02 2.31035e+00 1.10812e+02 9.48860e-01 1.49640e+02 1.27941e+00 2.43791e+02 2.11489e+00 1.73559e+02 1.51581e+00 
-2.6 -2.55 -2.5 1.85018e+02 1.38757e+00 1.18912e+02 8.86308e-01 2.99874e+02 2.27384e+00 1.27403e+02 9.49773e-01 1.72735e+02 1.29519e+00 2.79854e+02 2.11444e+00 1.98333e+02 1.49273e+00 
-2.5 -2.45 -2.4 2.17291e+02 1.53087e+00 1.40056e+02 9.79043e-01 3.51042e+02 2.50630e+00 1.49656e+02 1.04753e+00 2.03409e+02 1.43115e+00 3.28593e+02 2.33373e+00 2.32230e+02 1.64466e+00 
-2.4 -2.35 -2.3 2.45967e+02 1.66072e+00 1.58938e+02 1.05685e+00 3.96250e+02 2.73975e+00 1.69477e+02 1.13743e+00 2.30736e+02 1.54358e+00 3.71771e+02 2.52877e+00 2.62270e+02 1.80015e+00 
-2.3 -2.25 -2.2 2.76116e+02 1.69300e+00 1.79034e+02 1.09374e+00 4.43034e+02 2.73808e+00 1.90331e+02 1.15908e+00 2.59802e+02 1.59815e+00 4.17128e+02 2.57933e+00 2.93389e+02 1.79814e+00 
-2.2 -2.15 -2.1 3.16802e+02 1.87118e+00 2.05818e+02 1.20648e+00 5.07189e+02 3.03435e+00 2.18417e+02 1.28114e+00 2.98615e+02 1.76273e+00 4.78489e+02 2.85061e+00 3.35946e+02 1.99275e+00 
-2.1 -2.05 -2.0 3.49829e+02 1.91571e+00 2.27817e+02 1.23862e+00 5.58508e+02 3.09491e+00 2.41315e+02 1.31273e+00 3.30357e+02 1.80812e+00 5.28032e+02 2.91541e+00 3.70176e+02 2.03456e+00 
-2.0 -1.95 -1.9 3.83048e+02 1.99134e+00 2.50006e+02 1.29111e+00 6.09978e+02 3.20681e+00 2.64303e+02 1.36456e+00 3.62435e+02 1.88469e+00 5.77982e+02 3.03046e+00 4.04426e+02 2.10807e+00 
-1.9 -1.85 -1.8 4.21264e+02 2.08929e+00 2.75403e+02 1.35673e+00 6.69499e+02 3.35746e+00 2.90723e+02 1.43156e+00 3.99183e+02 1.98066e+00 6.35514e+02 3.17997e+00 4.43985e+02 2.20683e+00 
-1.8 -1.75 -1.7 4.55181e+02 2.19840e+00 2.98134e+02 1.42665e+00 7.21894e+02 3.53702e+00 3.14217e+02 1.50614e+00 4.32014e+02 2.08289e+00 6.86457e+02 3.34651e+00 4.78888e+02 2.32433e+00 
-1.7 -1.65 -1.6 4.87458e+02 2.19573e+00 3.19885e+02 1.43522e+00 7.71337e+02 3.49987e+00 3.36613e+02 1.50533e+00 4.63378e+02 2.09422e+00 7.34828e+02 3.33971e+00 5.11909e+02 2.30222e+00 
-1.6 -1.55 -1.5 5.29656e+02 2.32006e+00 3.48015e+02 1.51571e+00 8.36869e+02 3.70033e+00 3.65836e+02 1.59086e+00 5.04010e+02 2.21121e+00 7.98220e+02 3.52798e+00 5.55552e+02 2.43458e+00 
-1.5 -1.45 -1.4 5.62033e+02 2.41872e+00 3.69749e+02 1.58326e+00 8.86753e+02 3.84935e+00 3.88230e+02 1.65765e+00 5.35448e+02 2.31100e+00 8.46943e+02 3.68043e+00 5.88722e+02 2.53102e+00 
-1.4 -1.35 -1.3 6.01090e+02 2.45921e+00 3.96022e+02 1.61206e+00 9.46732e+02 3.90585e+00 4.15273e+02 1.68597e+00 5.73406e+02 2.35218e+00 9.05630e+02 3.74050e+00 6.28660e+02 2.56913e+00 
-1.3 -1.25 -1.2 6.29981e+02 2.51421e+00 4.15488e+02 1.64730e+00 9.91023e+02 3.99645e+00 4.35349e+02 1.72428e+00 6.01432e+02 2.40275e+00 9.48855e+02 3.82248e+00 6.58283e+02 2.62988e+00 
-1.2 -1.15 -1.1 6.63007e+02 2.61680e+00 4.37714e+02 1.71457e+00 1.04171e+03 4.15876e+00 4.58199e+02 1.79428e+00 6.33567e+02 2.50136e+00 9.98530e+02 3.97943e+00 6.92002e+02 2.73599e+00 
-1.1 -1.05 -1.0 6.91151e+02 2.64016e+00 4.56722e+02 1.73150e+00 1.08471e+03 4.19078e+00 4.77764e+02 1.81085e+00 6.60925e+02 2.52529e+00 1.04061e+03 4.01345e+00 7.20785e+02 2.75810e+00 
-1.0 -0.95 -0.9 7.22048e+02 2.68922e+00 4.77544e+02 1.76420e+00 1.13207e+03 4.26754e+00 4.99170e+02 1.84431e+00 6.90992e+02 2.57320e+00 1.08701e+03 4.08859e+00 7.52340e+02 2.80818e+00 
-0.9 -0.85 -0.8 7.45202e+02 2.72020e+00 4.93219e+02 1.78767e+00 1.16733e+03 4.30604e+00 5.15289e+02 1.86590e+00 7.13519e+02 2.60701e+00 1.12157e+03 4.13478e+00 7.75981e+02 2.83420e+00 
-0.8 -0.75 -0.7 7.69478e+02 2.74555e+00 5.09594e+02 1.80454e+00 1.20456e+03 4.34685e+00 5.32083e+02 1.88376e+00 7.37199e+02 2.63100e+00 1.15809e+03 4.17203e+00 8.00739e+02 2.86203e+00 
-0.7 -0.65 -0.6 7.89793e+02 2.80399e+00 5.23349e+02 1.84468e+00 1.23541e+03 4.43290e+00 5.46252e+02 1.92401e+00 7.56931e+02 2.68936e+00 1.18834e+03 4.26042e+00 8.21480e+02 2.91905e+00 
-0.6 -0.55 -0.5 8.04256e+02 2.78561e+00 5.33301e+02 1.83526e+00 1.25700e+03 4.39531e+00 5.56275e+02 1.91156e+00 7.71302e+02 2.67541e+00 1.21006e+03 4.23207e+00 8.35875e+02 2.89462e+00 
-0.5 -0.45 -0.4 8.18041e+02 2.82789e+00 5.42677e+02 1.86147e+00 1.27791e+03 4.46828e+00 5.65852e+02 1.94046e+00 7.84802e+02 2.71372e+00 1.23068e+03 4.29660e+00 8.49852e+02 2.94236e+00 
-0.4 -0.35 -0.3 8.36447e+02 2.86879e+00 5.55062e+02 1.88943e+00 1.30615e+03 4.52917e+00 5.78579e+02 1.96795e+00 8.02720e+02 2.75522e+00 1.25839e+03 4.36035e+00 8.68624e+02 2.98124e+00 
-0.3 -0.25 -0.2 8.40874e+02 2.82939e+00 5.58210e+02 1.86735e+00 1.31280e+03 4.45964e+00 5.81713e+02 1.94155e+00 8.07179e+02 2.72231e+00 1.26487e+03 4.29882e+00 8.73177e+02 2.93683e+00 
-0.2 -0.15 -0.1 8.45513e+02 2.88862e+00 5.61309e+02 1.90090e+00 1.31965e+03 4.56525e+00 5.84958e+02 1.98207e+00 8.11609e+02 2.77123e+00 1.27175e+03 4.38905e+00 8.77799e+02 3.00602e+00 
-0.1 -0.05 0.0 8.49582e+02 2.91148e+00 5.64104e+02 1.91423e+00 1.32574e+03 4.60728e+00 5.87730e+02 1.99706e+00 8.15708e+02 2.79158e+00 1.27798e+03 4.42571e+00 8.81770e+02 3.03226e+00 
0.0 0.05 0.1 8.55722e+02 2.89514e+00 5.68116e+02 1.90814e+00 1.33550e+03 4.56650e+00 5.91955e+02 1.98690e+00 8.21541e+02 2.78139e+00 1.28728e+03 4.39798e+00 8.88222e+02 3.00768e+00 
0.1 0.15 0.2 8.52112e+02 2.88995e+00 5.65726e+02 1.90420e+00 1.32984e+03 4.56001e+00 5.89441e+02 1.98295e+00 8.18110e+02 2.77620e+00 1.28190e+03 4.39122e+00 8.84427e+02 3.00262e+00 
0.2 0.25 0.3 8.42942e+02 2.90135e+00 5.59494e+02 1.91018e+00 1.31595e+03 4.58294e+00 5.83097e+02 1.99022e+00 8.09095e+02 2.78561e+00 1.26810e+03 4.41004e+00 8.75190e+02 3.01656e+00 
0.3 0.35 0.4 8.38375e+02 2.85812e+00 5.56316e+02 1.88425e+00 1.30922e+03 4.50590e+00 5.79898e+02 1.96119e+00 8.04556e+02 2.74698e+00 1.26133e+03 4.34260e+00 8.70636e+02 2.96717e+00 
0.4 0.45 0.5 8.22908e+02 2.86209e+00 5.45931e+02 1.88266e+00 1.28542e+03 4.52643e+00 5.69166e+02 1.96351e+00 7.89581e+02 2.74515e+00 1.23815e+03 4.34971e+00 8.54751e+02 2.97979e+00 
0.5 0.55 0.6 8.04876e+02 2.82170e+00 5.33640e+02 1.85665e+00 1.25819e+03 4.46016e+00 5.56697e+02 1.93589e+00 7.71800e+02 2.70710e+00 1.21101e+03 4.28812e+00 8.36650e+02 2.93633e+00 
0.6 0.65 0.7 7.85687e+02 2.78185e+00 5.20663e+02 1.83089e+00 1.22891e+03 4.39630e+00 5.43362e+02 1.90801e+00 7.53116e+02 2.67029e+00 1.18230e+03 4.22903e+00 8.17062e+02 2.89323e+00 
0.7 0.75 0.8 7.66347e+02 2.73880e+00 5.07550e+02 1.80229e+00 1.19949e+03 4.32836e+00 5.29991e+02 1.87912e+00 7.34141e+02 2.62770e+00 1.15318e+03 4.16179e+00 7.97510e+02 2.84978e+00 
0.8 0.85 0.9 7.45683e+02 2.72013e+00 4.93504e+02 1.78880e+00 1.16818e+03 4.30218e+00 5.15602e+02 1.86629e+00 7.13959e+02 2.60808e+00 1.12235e+03 4.13347e+00 7.76509e+02 2.83255e+00 
0.9 0.95 1.0 7.17651e+02 2.70658e+00 4.74557e+02 1.77636e+00 1.12540e+03 4.29243e+00 4.96163e+02 1.85599e+00 6.86625e+02 2.59131e+00 1.08030e+03 4.11564e+00 7.47968e+02 2.82420e+00 
1.0 1.05 1.1 6.89052e+02 2.61650e+00 4.55334e+02 1.71872e+00 1.08141e+03 4.14529e+00 4.76319e+02 1.79424e+00 6.58909e+02 2.50724e+00 1.03744e+03 3.97862e+00 7.18605e+02 2.72745e+00 
1.1 1.15 1.2 6.61719e+02 2.62873e+00 4.36928e+02 1.72243e+00 1.03950e+03 4.17764e+00 4.57361e+02 1.80253e+00 6.32360e+02 2.51272e+00 9.96451e+02 3.99741e+00 6.90634e+02 2.74852e+00 
1.2 1.25 1.3 6.26637e+02 2.52883e+00 4.13197e+02 1.65427e+00 9.85992e+02 4.02688e+00 4.33051e+02 1.73438e+00 5.98096e+02 2.41278e+00 9.43783e+02 3.84451e+00 6.54965e+02 2.64997e+00 
1.3 1.35 1.4 5.94147e+02 2.45853e+00 3.91447e+02 1.60946e+00 9.35793e+02 3.91090e+00 4.10511e+02 1.68567e+00 5.66734e+02 2.34811e+00 8.95077e+02 3.73895e+00 6.21460e+02 2.57274e+00 
1.4 1.45 1.5 5.64395e+02 2.39167e+00 3.71274e+02 1.56194e+00 8.90568e+02 3.81658e+00 3.89876e+02 1.64021e+00 5.37632e+02 2.27827e+00 8.50459e+02 3.63624e+00 5.91280e+02 2.51145e+00 
1.5 1.55 1.6 5.27430e+02 2.38473e+00 3.46421e+02 1.55269e+00 8.33747e+02 3.82018e+00 3.64273e+02 1.63441e+00 5.01735e+02 2.26605e+00 7.94937e+02 3.62850e+00 5.53427e+02 2.51156e+00 
1.6 1.65 1.7 4.89899e+02 2.27252e+00 3.21340e+02 1.48248e+00 7.75643e+02 3.63155e+00 3.38257e+02 1.55736e+00 4.65540e+02 2.16394e+00 7.38621e+02 3.45816e+00 5.14683e+02 2.38755e+00 
1.7 1.75 1.8 4.58052e+02 2.19905e+00 3.00031e+02 1.43388e+00 7.26401e+02 3.51619e+00 3.16191e+02 1.50699e+00 4.34773e+02 2.09308e+00 6.90805e+02 3.34640e+00 4.81868e+02 2.31174e+00 
1.8 1.85 1.9 4.19599e+02 2.05272e+00 2.74305e+02 1.33437e+00 6.66936e+02 3.29419e+00 2.89577e+02 1.40720e+00 3.97588e+02 1.94708e+00 6.32995e+02 3.12238e+00 4.42288e+02 2.16661e+00 
1.9 1.95 2.0 3.81939e+02 2.00539e+00 2.49248e+02 1.29997e+00 6.08313e+02 3.23004e+00 2.63531e+02 1.37430e+00 3.61345e+02 1.89758e+00 5.76328e+02 3.05165e+00 4.03308e+02 2.12366e+00 
2.0 2.05 2.1 3.47063e+02 1.93065e+00 2.25957e+02 1.24793e+00 5.54289e+02 3.12132e+00 2.39392e+02 1.32252e+00 3.27679e+02 1.82228e+00 5.23897e+02 2.93937e+00 3.67349e+02 2.05099e+00 
2.1 2.15 2.2 3.10944e+02 1.79834e+00 2.02068e+02 1.16168e+00 4.97619e+02 2.90850e+00 2.14400e+02 1.23143e+00 2.93143e+02 1.69690e+00 4.69582e+02 2.73920e+00 3.29648e+02 1.91012e+00 
2.2 2.25 2.3 2.79846e+02 1.76774e+00 1.81432e+02 1.13801e+00 4.49072e+02 2.87119e+00 1.92906e+02 1.21041e+00 2.63276e+02 1.66248e+00 4.22753e+02 2.69269e+00 2.97393e+02 1.88571e+00 
2.3 2.35 2.4 2.45101e+02 1.67588e+00 1.58410e+02 1.07516e+00 3.94754e+02 2.73645e+00 1.68907e+02 1.14701e+00 2.29936e+02 1.57146e+00 3.70394e+02 2.55413e+00 2.61331e+02 1.79640e+00 
2.4 2.45 2.5 2.12452e+02 1.53609e+00 1.36898e+02 9.81399e-01 3.43337e+02 2.51745e+00 1.46343e+02 1.05157e+00 1.98795e+02 1.43400e+00 3.21221e+02 2.34038e+00 2.27170e+02 1.65298e+00 
2.5 2.55 2.6 1.85138e+02 1.45918e+00 1.18884e+02 9.26570e-01 3.00398e+02 2.41095e+00 1.27480e+02 9.98396e-01 1.72701e+02 1.35447e+00 2.80052e+02 2.22462e+00 1.98666e+02 1.58182e+00 
2.6 2.65 2.7 1.59527e+02 1.30648e+00 1.02073e+02 8.30219e-01 2.59911e+02 2.15572e+00 1.09807e+02 8.94400e-01 1.48331e+02 1.21312e+00 2.41412e+02 1.99052e+00 1.71820e+02 1.41557e+00 
2.7 2.75 2.8 1.32404e+02 1.20816e+00 8.43643e+01 7.63948e-01 2.16765e+02 2.00548e+00 9.10699e+01 8.26381e-01 1.22688e+02 1.11718e+00 2.00548e+02 1.84264e+00 1.43167e+02 1.31542e+00 
2.8 2.85 2.9 1.10849e+02 1.14621e+00 7.02750e+01 7.17783e-01 1.82544e+02 1.92635e+00 7.62147e+01 7.83818e-01 1.02238e+02 1.04998e+00 1.67977e+02 1.74863e+00 1.20510e+02 1.26329e+00 
2.9 2.95 3.0 8.98409e+01 1.01824e+00 5.66647e+01 6.37633e-01 1.48819e+02 1.70898e+00 6.17442e+01 6.96149e-01 8.24716e+01 9.32956e-01 1.36211e+02 1.55382e+00 9.81950e+01 1.12046e+00 
3.0 3.05 3.1 7.26464e+01 8.93078e-01 4.55754e+01 5.57282e-01 1.21083e+02 1.50520e+00 4.98964e+01 6.10373e-01 6.63718e+01 8.15660e-01 1.10223e+02 1.36337e+00 7.98333e+01 9.86457e-01 
3.1 3.15 3.2 5.64644e+01 8.21731e-01 3.51442e+01 5.03956e-01 9.49875e+01 1.41288e+00 3.87535e+01 5.61036e-01 5.12166e+01 7.38237e-01 8.57475e+01 1.25601e+00 6.25688e+01 9.24559e-01 
3.2 3.25 3.3 4.18156e+01 7.62853e-01 2.58868e+01 4.69888e-01 7.08011e+01 1.30940e+00 2.86833e+01 5.19763e-01 3.77474e+01 6.89847e-01 6.35455e+01 1.16899e+00 4.66058e+01 8.54799e-01 
3.3 3.35 3.4 3.06893e+01 6.33426e-01 1.87025e+01 3.65177e-01 5.25682e+01 1.13712e+00 2.08922e+01 4.15395e-01 2.72748e+01 5.35037e-01 4.66451e+01 9.68727e-01 3.45972e+01 7.43553e-01 
3.4 3.45 3.5 2.25980e+01 4.77326e-01 1.40064e+01 3.00709e-01 3.84824e+01 8.06502e-01 1.54878e+01 3.25788e-01 2.04457e+01 4.40867e-01 3.50332e+01 7.68248e-01 2.53071e+01 5.27736e-01 
