0.0 0.065449846958 0.13089969392 8.55424e+02 3.44782e+00 5.62311e+02 2.24270e+00 1.35046e+03 5.52524e+00 5.96630e+02 2.38963e+00 8.06391e+02 3.23630e+00 1.27368e+03 5.17327e+00 9.07269e+02 3.68314e+00 
0.13089969392 0.19634954088 0.26179938783 9.04255e+02 3.60503e+00 5.94426e+02 2.34293e+00 1.42750e+03 5.78468e+00 6.30698e+02 2.49906e+00 8.52433e+02 3.38033e+00 1.34636e+03 5.40790e+00 9.59044e+02 3.85704e+00 
0.26179938783 0.32724923479 0.39269908175 1.01871e+03 3.74281e+00 6.70616e+02 2.44553e+00 1.60531e+03 5.96466e+00 7.10658e+02 2.59582e+00 9.61519e+02 3.52679e+00 1.51642e+03 5.61132e+00 1.07876e+03 3.97956e+00 
0.39269908175 0.45814892871 0.52359877567 8.55301e+02 3.31396e+00 5.62579e+02 2.16272e+00 1.34924e+03 5.29045e+00 5.96763e+02 2.29850e+00 8.06480e+02 3.11873e+00 1.27292e+03 4.96810e+00 9.06857e+02 3.52978e+00 
0.52359877567 0.58904862263 0.65449846958 7.16592e+02 2.91950e+00 4.71026e+02 1.90678e+00 1.13132e+03 4.65468e+00 5.00106e+02 2.02564e+00 6.75068e+02 2.74872e+00 1.06616e+03 4.37478e+00 7.60626e+02 3.10713e+00 
0.65449846958 0.71994831654 0.7853981635 6.24523e+02 2.66690e+00 4.10337e+02 1.74222e+00 9.86468e+02 4.25051e+00 4.35967e+02 1.85101e+00 5.87930e+02 2.51063e+00 9.28871e+02 3.99460e+00 6.63444e+02 2.83847e+00 
0.7853981635 0.85084801046 0.91629785742 5.52925e+02 2.44719e+00 3.63149e+02 1.59800e+00 8.73770e+02 3.90194e+00 3.86109e+02 1.69915e+00 5.20153e+02 2.30192e+00 8.22061e+02 3.66383e+00 5.87879e+02 2.60689e+00 
0.91629785742 0.98174770438 1.0471975513 4.92306e+02 2.20393e+00 3.23219e+02 1.44025e+00 7.78316e+02 3.51080e+00 3.43953e+02 1.53149e+00 4.62721e+02 2.07303e+00 7.31477e+02 3.29633e+00 5.23980e+02 2.34796e+00 
1.0471975513 1.1126473983 1.1780972453 4.42089e+02 1.99487e+00 2.90227e+02 1.30616e+00 6.98965e+02 3.16919e+00 3.09010e+02 1.38698e+00 4.15299e+02 1.87900e+00 6.56492e+02 2.98165e+00 4.70824e+02 2.12093e+00 
1.1780972453 1.2435470922 1.3089969392 3.99430e+02 1.85259e+00 2.62124e+02 1.20946e+00 6.31790e+02 2.95482e+00 2.79371e+02 1.28877e+00 3.74844e+02 1.73886e+00 5.92681e+02 2.76710e+00 4.25904e+02 1.97871e+00 
1.3089969392 1.3744467861 1.4398966331 3.62114e+02 1.69002e+00 2.37646e+02 1.10482e+00 5.72724e+02 2.69054e+00 2.53457e+02 1.17681e+00 3.39588e+02 1.58688e+00 5.36822e+02 2.52125e+00 3.86434e+02 1.80388e+00 
1.4398966331 1.50534648 1.570796327 3.33857e+02 1.59391e+00 2.19048e+02 1.03743e+00 5.28158e+02 2.55276e+00 2.33843e+02 1.11069e+00 3.12790e+02 1.48898e+00 4.94503e+02 2.37576e+00 3.56669e+02 1.71296e+00 
1.570796327 1.636246174 1.7016960209 3.07530e+02 1.47291e+00 2.01801e+02 9.61263e-01 4.86394e+02 2.35458e+00 2.15629e+02 1.02734e+00 2.87860e+02 1.37837e+00 4.54923e+02 2.19287e+00 3.28890e+02 1.58179e+00 
1.7016960209 1.7671458679 1.8325957148 2.94195e+02 1.38054e+00 1.92936e+02 9.00864e-01 4.65664e+02 2.20210e+00 2.06465e+02 9.64190e-01 2.74964e+02 1.29012e+00 4.34713e+02 2.05202e+00 3.15217e+02 1.48193e+00 
1.8325957148 1.8980455618 1.9634954088 2.77522e+02 1.26154e+00 1.81966e+02 8.25287e-01 4.39378e+02 2.00586e+00 1.94966e+02 8.81809e-01 2.59058e+02 1.18087e+00 4.09553e+02 1.87323e+00 2.97801e+02 1.35117e+00 
1.9634954088 2.0289452557 2.0943951027 2.65923e+02 1.21749e+00 1.74363e+02 7.94595e-01 4.21001e+02 1.94153e+00 1.87005e+02 8.51699e-01 2.47985e+02 1.13602e+00 3.91954e+02 1.80602e+00 2.85694e+02 1.30910e+00 
2.0943951027 2.1598449496 2.2252947966 2.57152e+02 1.16850e+00 1.68578e+02 7.62821e-01 4.07211e+02 1.86244e+00 1.81049e+02 8.18142e-01 2.39476e+02 1.08965e+00 3.78484e+02 1.73148e+00 2.76731e+02 1.25714e+00 
2.2252947966 2.2907446435 2.3561944905 2.48342e+02 1.12904e+00 1.62782e+02 7.34991e-01 3.93313e+02 1.80632e+00 1.75059e+02 7.91303e-01 2.30961e+02 1.04883e+00 3.64974e+02 1.67096e+00 2.67683e+02 1.22072e+00 
2.3561944905 2.4216443375 2.4870941844 2.36101e+02 1.07754e+00 1.54746e+02 7.01504e-01 3.73945e+02 1.72357e+00 1.66623e+02 7.55809e-01 2.19306e+02 1.00027e+00 3.46496e+02 1.59321e+00 2.54862e+02 1.16595e+00 
2.4870941844 2.5525440314 2.6179938783 2.26453e+02 1.06822e+00 1.48353e+02 6.93230e-01 3.58863e+02 1.71552e+00 1.59956e+02 7.49496e-01 2.10060e+02 9.88156e-01 3.31984e+02 1.57885e+00 2.44843e+02 1.16090e+00 
2.6179938783 2.6834437253 2.7488935723 2.12804e+02 9.98597e-01 1.39444e+02 6.50364e-01 3.37131e+02 1.59610e+00 1.50426e+02 7.01088e-01 1.97302e+02 9.26504e-01 3.11699e+02 1.47482e+00 2.30223e+02 1.08097e+00 
2.7488935723 2.8143434192 2.8797932662 2.00602e+02 9.91328e-01 1.31438e+02 6.42394e-01 3.17836e+02 1.59466e+00 1.41821e+02 6.95716e-01 1.85948e+02 9.15449e-01 2.93777e+02 1.46476e+00 2.17084e+02 1.07940e+00 
2.8797932662 2.9452431131 3.0106929601 1.94680e+02 9.52748e-01 1.27532e+02 6.16764e-01 3.08689e+02 1.53700e+00 1.37611e+02 6.68881e-01 1.80452e+02 8.78624e-01 2.85287e+02 1.40883e+00 2.10791e+02 1.04080e+00 
3.0106929601 3.076142807 3.141592654 1.88711e+02 9.22752e-01 1.23605e+02 5.98413e-01 2.99021e+02 1.48178e+00 1.33393e+02 6.48003e-01 1.74895e+02 8.52251e-01 2.76415e+02 1.36238e+00 2.04194e+02 1.00382e+00 
