0.0 0.05 0.1 0.00000e+00 0.00000e+00 0.00000e+00 0.00000e+00 0.00000e+00 0.00000e+00 0.00000e+00 0.00000e+00 0.00000e+00 0.00000e+00 0.00000e+00 0.00000e+00 0.00000e+00 0.00000e+00 
0.1 0.15 0.2 0.00000e+00 0.00000e+00 0.00000e+00 0.00000e+00 0.00000e+00 0.00000e+00 0.00000e+00 0.00000e+00 0.00000e+00 0.00000e+00 0.00000e+00 0.00000e+00 0.00000e+00 0.00000e+00 
0.2 0.25 0.3 0.00000e+00 0.00000e+00 0.00000e+00 0.00000e+00 0.00000e+00 0.00000e+00 0.00000e+00 0.00000e+00 0.00000e+00 0.00000e+00 0.00000e+00 0.00000e+00 0.00000e+00 0.00000e+00 
0.3 0.35 0.4 4.22449e-02 1.83464e-03 2.71215e-02 1.18028e-03 6.81944e-02 2.95570e-03 3.16537e-02 1.37348e-03 3.61969e-02 1.57660e-03 5.77093e-02 2.50879e-03 4.99216e-02 2.16152e-03 
0.4 0.45 0.5 3.49054e-02 1.50958e-03 2.24468e-02 9.75107e-04 5.62438e-02 2.42089e-03 2.61537e-02 1.13014e-03 2.99589e-02 1.30255e-03 4.76842e-02 2.06426e-03 4.11726e-02 1.77047e-03 
0.5 0.55 0.6 3.13161e-02 1.43257e-03 2.01296e-02 9.25161e-04 5.04857e-02 2.29798e-03 2.34710e-02 1.07307e-03 2.68584e-02 1.23512e-03 4.27669e-02 1.95772e-03 3.69692e-02 1.68157e-03 
0.6 0.65 0.7 3.07054e-02 1.38317e-03 1.97815e-02 8.95116e-04 4.93772e-02 2.21355e-03 2.30082e-02 1.03550e-03 2.63998e-02 1.19567e-03 4.19434e-02 1.89139e-03 3.61484e-02 1.61879e-03 
0.7 0.75 0.8 2.74142e-02 1.11096e-03 1.79351e-02 7.35229e-04 4.41410e-02 1.78100e-03 2.05402e-02 8.31640e-04 2.39370e-02 9.82109e-04 3.74514e-02 1.51931e-03 3.23119e-02 1.30235e-03 
0.8 0.85 0.9 2.40518e-02 1.03385e-03 1.54735e-02 6.67731e-04 3.87401e-02 1.65829e-03 1.80247e-02 7.73594e-04 2.06480e-02 8.92392e-04 3.28501e-02 1.41454e-03 2.83650e-02 1.21203e-03 
0.9 0.95 1.0 2.45844e-02 1.18689e-03 1.58361e-02 7.68272e-04 3.95422e-02 1.89894e-03 1.84223e-02 8.88243e-04 2.11336e-02 1.02660e-03 3.35806e-02 1.62364e-03 2.89497e-02 1.38817e-03 
1.0 1.05 1.1 2.33596e-02 9.76579e-04 1.50216e-02 6.29153e-04 3.76415e-02 1.57081e-03 1.75110e-02 7.31404e-04 2.00392e-02 8.40070e-04 3.18941e-02 1.33479e-03 2.75699e-02 1.14929e-03 
1.1 1.15 1.2 2.57022e-02 1.19865e-03 1.65582e-02 7.73830e-04 4.13336e-02 1.92360e-03 1.92615e-02 8.97263e-04 2.20954e-02 1.03378e-03 3.51043e-02 1.63927e-03 3.02639e-02 1.40660e-03 
1.2 1.25 1.3 2.35318e-02 1.21392e-03 1.51706e-02 7.85464e-04 3.78141e-02 1.94306e-03 1.76361e-02 9.08320e-04 2.02426e-02 1.04975e-03 3.21376e-02 1.66093e-03 2.76891e-02 1.42015e-03 
1.3 1.35 1.4 2.41266e-02 1.10686e-03 1.55579e-02 7.16795e-04 3.87597e-02 1.77001e-03 1.80831e-02 8.28544e-04 2.07579e-02 9.57594e-04 3.29472e-02 1.51375e-03 2.83840e-02 1.29427e-03 
1.4 1.45 1.5 2.32456e-02 1.11160e-03 1.49892e-02 7.18208e-04 3.73466e-02 1.78258e-03 1.74272e-02 8.32391e-04 1.99942e-02 9.59119e-04 3.17352e-02 1.51961e-03 2.73567e-02 1.30397e-03 
1.5 1.55 1.6 2.36285e-02 1.26569e-03 1.52475e-02 8.20457e-04 3.79294e-02 2.02173e-03 1.77129e-02 9.47063e-04 2.03402e-02 1.09651e-03 3.22605e-02 1.73177e-03 2.77814e-02 1.47765e-03 
1.6 1.65 1.7 2.21782e-02 1.12595e-03 1.43093e-02 7.30213e-04 3.56085e-02 1.79754e-03 1.66281e-02 8.42784e-04 1.90859e-02 9.75572e-04 3.02756e-02 1.53996e-03 2.60857e-02 1.31431e-03 
1.7 1.75 1.8 2.19779e-02 1.11566e-03 1.41791e-02 7.23852e-04 3.52910e-02 1.78055e-03 1.64759e-02 8.35023e-04 1.89146e-02 9.67140e-04 3.00065e-02 1.52600e-03 2.58493e-02 1.30178e-03 
1.8 1.85 1.9 2.18111e-02 1.14218e-03 1.40552e-02 7.38086e-04 3.50682e-02 1.83097e-03 1.63549e-02 8.55277e-04 1.87449e-02 9.85712e-04 2.97703e-02 1.56145e-03 2.56936e-02 1.33939e-03 
1.9 1.95 2.0 2.11704e-02 1.15168e-03 1.36407e-02 7.44185e-04 3.40425e-02 1.84633e-03 1.58749e-02 8.62036e-04 1.81914e-02 9.94245e-04 2.88946e-02 1.57517e-03 2.49428e-02 1.34996e-03 
2.0 2.05 2.1 2.03940e-02 1.07059e-03 1.31475e-02 6.93978e-04 3.27758e-02 1.71032e-03 1.52927e-02 8.01526e-04 1.75336e-02 9.26949e-04 2.78349e-02 1.46386e-03 2.40149e-02 1.25085e-03 
2.1 2.15 2.2 1.95259e-02 1.00114e-03 1.25760e-02 6.47075e-04 3.14118e-02 1.60481e-03 1.46516e-02 7.49863e-04 1.67603e-02 8.63918e-04 2.66297e-02 1.36822e-03 2.30330e-02 1.17427e-03 
2.2 2.25 2.3 2.20532e-02 1.20750e-03 1.42216e-02 7.81693e-04 3.54288e-02 1.93199e-03 1.65433e-02 9.04496e-04 1.89587e-02 1.04359e-03 3.00861e-02 1.65012e-03 2.59704e-02 1.41382e-03 
2.3 2.35 2.4 1.80333e-02 9.82086e-04 1.16141e-02 6.33631e-04 2.90121e-02 1.57716e-03 1.35318e-02 7.35778e-04 1.54781e-02 8.45757e-04 2.45935e-02 1.34179e-03 2.12739e-02 1.15438e-03 
2.4 2.45 2.5 1.89456e-02 1.03772e-03 1.22234e-02 6.71962e-04 3.04183e-02 1.65974e-03 1.42192e-02 7.77622e-04 1.62870e-02 8.96748e-04 2.58318e-02 1.41747e-03 2.23105e-02 1.21513e-03 
2.5 2.55 2.6 1.89648e-02 1.09355e-03 1.21955e-02 7.05136e-04 3.05622e-02 1.75711e-03 1.42282e-02 8.19176e-04 1.62557e-02 9.41319e-04 2.58693e-02 1.49430e-03 2.24058e-02 1.28589e-03 
2.6 2.65 2.7 1.92844e-02 1.05162e-03 1.24296e-02 6.80929e-04 3.09999e-02 1.68220e-03 1.44634e-02 7.87559e-04 1.65732e-02 9.09262e-04 2.63146e-02 1.43745e-03 2.27188e-02 1.23072e-03 
2.7 2.75 2.8 1.76745e-02 9.86622e-04 1.13755e-02 6.36799e-04 2.84594e-02 1.58419e-03 1.32609e-02 7.38858e-04 1.51620e-02 8.50347e-04 2.41077e-02 1.34866e-03 2.08656e-02 1.15894e-03 
2.8 2.85 2.9 1.81161e-02 1.05345e-03 1.16640e-02 6.79968e-04 2.91559e-02 1.69107e-03 1.35913e-02 7.88747e-04 1.55475e-02 9.08180e-04 2.47120e-02 1.44033e-03 2.13746e-02 1.23687e-03 
2.9 2.95 3.0 1.76744e-02 1.03891e-03 1.13671e-02 6.69910e-04 2.84805e-02 1.66968e-03 1.32641e-02 7.78386e-04 1.51470e-02 8.94142e-04 2.41007e-02 1.41935e-03 2.08870e-02 1.22216e-03 
3.0 3.05 3.1 1.60164e-02 9.84680e-04 1.03002e-02 6.35141e-04 2.58110e-02 1.58195e-03 1.20169e-02 7.37422e-04 1.37287e-02 8.48115e-04 2.18460e-02 1.34596e-03 1.89240e-02 1.15734e-03 
3.1 3.15 3.2 1.58960e-02 9.74005e-04 1.02337e-02 6.29426e-04 2.55872e-02 1.56152e-03 1.19247e-02 7.29294e-04 1.36422e-02 8.40639e-04 2.16855e-02 1.33164e-03 1.87566e-02 1.14217e-03 
3.2 3.25 3.3 1.04234e-02 7.28470e-04 6.70646e-03 4.71045e-04 1.67891e-02 1.16701e-03 7.82304e-03 5.45597e-04 8.93593e-03 6.28947e-04 1.42119e-02 9.95636e-04 1.23141e-02 8.53887e-04 
3.3 3.35 3.4 1.38606e-02 1.00066e-03 8.91231e-03 6.46687e-04 2.23431e-02 1.60417e-03 1.03961e-02 7.49304e-04 1.18826e-02 8.63637e-04 1.89123e-02 1.36797e-03 1.63754e-02 1.17347e-03 
3.4 3.45 3.5 1.06133e-02 8.30869e-04 6.82412e-03 5.35055e-04 1.71092e-02 1.33719e-03 7.96208e-03 6.22361e-04 9.09661e-03 7.14317e-04 1.44784e-02 1.13545e-03 1.25421e-02 9.78500e-04 
3.5 3.55 3.6 7.94347e-03 6.56311e-04 5.09773e-03 4.22947e-04 1.28348e-02 1.05594e-03 5.95936e-03 4.91603e-04 6.79512e-03 5.64665e-04 1.08358e-02 8.96915e-04 9.40910e-03 7.72695e-04 
3.6 3.65 3.7 8.36563e-03 7.92020e-04 5.37441e-03 5.09998e-04 1.34989e-02 1.27486e-03 6.27389e-03 5.92746e-04 7.16643e-03 6.81469e-04 1.14163e-02 1.08344e-03 9.89203e-03 9.31979e-04 
3.7 3.75 3.8 6.70197e-03 5.42762e-04 4.29755e-03 3.49001e-04 1.08380e-02 8.75214e-04 5.02871e-03 4.06750e-04 5.72764e-03 4.65711e-04 9.14068e-03 7.41319e-04 7.94666e-03 6.40810e-04 
3.8 3.85 3.9 7.46630e-03 7.00786e-04 4.79020e-03 4.51226e-04 1.20677e-02 1.12843e-03 5.59729e-03 5.24417e-04 6.38984e-03 6.02985e-04 1.01934e-02 9.58733e-04 8.83937e-03 8.24831e-04 
3.9 3.95 4.0 5.65862e-03 5.20189e-04 3.63449e-03 3.35603e-04 9.13475e-03 8.35680e-04 4.24619e-03 3.89882e-04 4.84354e-03 4.47782e-04 7.71696e-03 7.10388e-04 6.69841e-03 6.11958e-04 
4.0 4.05 4.1 5.39113e-03 5.03002e-04 3.46499e-03 3.24224e-04 8.69650e-03 8.08905e-04 4.04466e-03 3.76899e-04 4.61856e-03 4.32710e-04 7.35388e-03 6.87131e-04 6.37554e-03 5.92156e-04 
4.1 4.15 4.2 3.78687e-03 4.72263e-04 2.43395e-03 3.05647e-04 6.10949e-03 7.56165e-04 2.84114e-03 3.53922e-04 3.24419e-03 4.07851e-04 5.16542e-03 6.45021e-04 4.47907e-03 5.53644e-04 
4.2 4.25 4.3 4.95910e-03 5.99138e-04 3.18779e-03 3.86601e-04 7.99853e-03 9.62359e-04 3.71891e-03 4.48789e-04 4.25097e-03 5.16134e-04 6.76796e-03 8.18761e-04 5.86096e-03 7.04248e-04 
4.3 4.35 4.4 5.00705e-03 6.55394e-04 3.21710e-03 4.22692e-04 8.08036e-03 1.05342e-03 3.75312e-03 4.90523e-04 4.29203e-03 5.64773e-04 6.83701e-03 8.96482e-04 5.91776e-03 7.70144e-04 
4.4 4.45 4.5 2.36783e-03 2.91408e-04 1.51264e-03 1.87342e-04 3.84596e-03 4.70089e-04 1.77796e-03 2.18540e-04 2.01451e-03 2.49814e-04 3.22674e-03 3.97689e-04 2.82227e-03 3.44470e-04 
4.5 4.55 4.6 2.41798e-03 3.46732e-04 1.53575e-03 2.15346e-04 3.84989e-03 5.67867e-04 1.81417e-03 2.59876e-04 2.04644e-03 2.87189e-04 3.27236e-03 4.58011e-04 2.82223e-03 4.15753e-04 
4.6 4.65 4.7 2.07330e-03 2.98441e-04 1.32532e-03 1.91640e-04 3.36503e-03 4.82037e-04 1.55509e-03 2.23581e-04 1.76701e-03 2.55809e-04 2.82896e-03 4.07772e-04 2.46624e-03 3.52800e-04 
4.7 4.75 4.8 1.31782e-03 2.25769e-04 8.41452e-04 1.44789e-04 2.14180e-03 3.65171e-04 9.88017e-04 1.69148e-04 1.12235e-03 1.93256e-04 1.79900e-03 3.08454e-04 1.56896e-03 2.67282e-04 
4.8 4.85 4.9 1.02563e-03 2.02315e-04 5.94230e-04 1.19797e-04 1.81438e-03 3.60162e-04 7.70692e-04 1.51910e-04 7.90578e-04 1.59436e-04 1.27410e-03 2.55177e-04 1.33271e-03 2.64384e-04 
4.9 4.95 5.0 6.93986e-04 1.45805e-04 4.41399e-04 9.32935e-05 1.13261e-03 2.36431e-04 5.21441e-04 1.09416e-04 5.87463e-04 1.24321e-04 9.45013e-04 1.98838e-04 8.31760e-04 1.73372e-04 
5.0 5.05 5.1 5.60792e-04 1.21590e-04 3.85795e-04 8.33717e-05 9.10051e-04 1.95585e-04 4.21271e-04 9.12740e-05 5.13617e-04 1.11070e-04 7.63842e-04 1.65753e-04 6.68143e-04 1.43477e-04 
5.1 5.15 5.2 5.22552e-04 1.23302e-04 3.29317e-04 7.81450e-05 8.61682e-04 2.02154e-04 3.92207e-04 9.24172e-05 4.38773e-04 1.04266e-04 7.12442e-04 1.68380e-04 6.32034e-04 1.48044e-04 
5.2 5.25 5.3 3.58052e-04 1.06667e-04 2.26163e-04 6.80606e-05 6.88794e-04 2.01667e-04 3.14780e-04 9.30116e-05 3.00926e-04 9.05018e-05 4.87433e-04 1.45106e-04 5.05419e-04 1.47935e-04 
5.3 5.35 5.4 4.55488e-04 1.29848e-04 2.89680e-04 8.27575e-05 7.43511e-04 2.11494e-04 3.41964e-04 9.74235e-05 3.85860e-04 1.10306e-04 6.20816e-04 1.77111e-04 5.45531e-04 1.55065e-04 
5.4 5.45 5.5 1.45604e-04 6.21268e-05 2.55224e-05 9.70120e-06 3.10852e-04 1.24023e-04 1.42533e-04 5.75293e-05 3.38978e-05 1.28990e-05 1.98138e-04 8.44943e-05 2.28336e-04 9.11153e-05 
5.5 5.55 5.6 6.11142e-05 2.22131e-05 3.84146e-05 1.40790e-05 1.01036e-04 3.63947e-05 4.59865e-05 1.66968e-05 5.10511e-05 1.87299e-05 8.30789e-05 3.02350e-05 7.43231e-05 2.67375e-05 
5.6 5.65 5.7 2.40587e-05 9.02675e-06 1.48945e-05 5.58418e-06 4.96922e-05 1.78868e-05 1.81204e-05 6.78853e-06 1.97746e-05 7.42432e-06 3.26695e-05 1.22792e-05 3.66312e-05 1.31753e-05 
5.7 5.75 5.8 3.15948e-05 1.00121e-05 1.93847e-05 6.18790e-06 5.36643e-05 1.68686e-05 2.37680e-05 7.52733e-06 2.57674e-05 8.23031e-06 4.29639e-05 1.36245e-05 3.94621e-05 1.23956e-05 
5.8 5.85 5.9 6.76822e-07 2.53364e-07 4.03224e-07 1.52206e-07 1.18605e-06 4.40300e-07 5.10057e-07 1.90801e-07 5.35047e-07 2.02107e-07 9.18451e-07 3.44116e-07 8.73993e-07 3.24165e-07 
5.9 5.95 6.0 9.74665e-09 6.05299e-09 5.63413e-09 3.51062e-09 1.76159e-08 1.08966e-08 7.37836e-09 4.58121e-09 7.44245e-09 4.63838e-09 1.31561e-08 8.17244e-09 1.30504e-08 8.07050e-09 
6.0 6.05 6.1 5.40261e-12 2.57245e-12 2.92482e-12 1.40323e-12 1.62092e-11 7.63203e-12 4.11176e-12 1.95980e-12 3.84274e-12 1.84174e-12 7.24789e-12 3.44703e-12 1.20642e-11 5.67810e-12 
6.1 6.15 6.2 3.19651e-14 2.42655e-14 1.61499e-14 1.22617e-14 6.69770e-14 5.08606e-14 2.40696e-14 1.82621e-14 2.14475e-14 1.62926e-14 4.34189e-14 3.29816e-14 4.93088e-14 3.74197e-14 
6.2 6.25 6.3 0.00000e+00 0.00000e+00 0.00000e+00 0.00000e+00 0.00000e+00 0.00000e+00 0.00000e+00 0.00000e+00 0.00000e+00 0.00000e+00 0.00000e+00 0.00000e+00 0.00000e+00 0.00000e+00 
6.3 6.35 6.4 0.00000e+00 0.00000e+00 0.00000e+00 0.00000e+00 0.00000e+00 0.00000e+00 0.00000e+00 0.00000e+00 0.00000e+00 0.00000e+00 0.00000e+00 0.00000e+00 0.00000e+00 0.00000e+00 
6.4 6.45 6.5 0.00000e+00 0.00000e+00 0.00000e+00 0.00000e+00 0.00000e+00 0.00000e+00 0.00000e+00 0.00000e+00 0.00000e+00 0.00000e+00 0.00000e+00 0.00000e+00 0.00000e+00 0.00000e+00 
6.5 6.55 6.6 0.00000e+00 0.00000e+00 0.00000e+00 0.00000e+00 0.00000e+00 0.00000e+00 0.00000e+00 0.00000e+00 0.00000e+00 0.00000e+00 0.00000e+00 0.00000e+00 0.00000e+00 0.00000e+00 
6.6 6.65 6.7 0.00000e+00 0.00000e+00 0.00000e+00 0.00000e+00 0.00000e+00 0.00000e+00 0.00000e+00 0.00000e+00 0.00000e+00 0.00000e+00 0.00000e+00 0.00000e+00 0.00000e+00 0.00000e+00 
6.7 6.75 6.8 0.00000e+00 0.00000e+00 0.00000e+00 0.00000e+00 0.00000e+00 0.00000e+00 0.00000e+00 0.00000e+00 0.00000e+00 0.00000e+00 0.00000e+00 0.00000e+00 0.00000e+00 0.00000e+00 
6.8 6.85 6.9 0.00000e+00 0.00000e+00 0.00000e+00 0.00000e+00 0.00000e+00 0.00000e+00 0.00000e+00 0.00000e+00 0.00000e+00 0.00000e+00 0.00000e+00 0.00000e+00 0.00000e+00 0.00000e+00 
6.9 6.95 7.0 0.00000e+00 0.00000e+00 0.00000e+00 0.00000e+00 0.00000e+00 0.00000e+00 0.00000e+00 0.00000e+00 0.00000e+00 0.00000e+00 0.00000e+00 0.00000e+00 0.00000e+00 0.00000e+00 
7.0 7.05 7.1 0.00000e+00 0.00000e+00 0.00000e+00 0.00000e+00 0.00000e+00 0.00000e+00 0.00000e+00 0.00000e+00 0.00000e+00 0.00000e+00 0.00000e+00 0.00000e+00 0.00000e+00 0.00000e+00 
7.1 7.15 7.2 0.00000e+00 0.00000e+00 0.00000e+00 0.00000e+00 0.00000e+00 0.00000e+00 0.00000e+00 0.00000e+00 0.00000e+00 0.00000e+00 0.00000e+00 0.00000e+00 0.00000e+00 0.00000e+00 
7.2 7.25 7.3 0.00000e+00 0.00000e+00 0.00000e+00 0.00000e+00 0.00000e+00 0.00000e+00 0.00000e+00 0.00000e+00 0.00000e+00 0.00000e+00 0.00000e+00 0.00000e+00 0.00000e+00 0.00000e+00 
7.3 7.35 7.4 0.00000e+00 0.00000e+00 0.00000e+00 0.00000e+00 0.00000e+00 0.00000e+00 0.00000e+00 0.00000e+00 0.00000e+00 0.00000e+00 0.00000e+00 0.00000e+00 0.00000e+00 0.00000e+00 
7.4 7.45 7.5 0.00000e+00 0.00000e+00 0.00000e+00 0.00000e+00 0.00000e+00 0.00000e+00 0.00000e+00 0.00000e+00 0.00000e+00 0.00000e+00 0.00000e+00 0.00000e+00 0.00000e+00 0.00000e+00 
7.5 7.55 7.6 0.00000e+00 0.00000e+00 0.00000e+00 0.00000e+00 0.00000e+00 0.00000e+00 0.00000e+00 0.00000e+00 0.00000e+00 0.00000e+00 0.00000e+00 0.00000e+00 0.00000e+00 0.00000e+00 
7.6 7.65 7.7 0.00000e+00 0.00000e+00 0.00000e+00 0.00000e+00 0.00000e+00 0.00000e+00 0.00000e+00 0.00000e+00 0.00000e+00 0.00000e+00 0.00000e+00 0.00000e+00 0.00000e+00 0.00000e+00 
7.7 7.75 7.8 0.00000e+00 0.00000e+00 0.00000e+00 0.00000e+00 0.00000e+00 0.00000e+00 0.00000e+00 0.00000e+00 0.00000e+00 0.00000e+00 0.00000e+00 0.00000e+00 0.00000e+00 0.00000e+00 
7.8 7.85 7.9 0.00000e+00 0.00000e+00 0.00000e+00 0.00000e+00 0.00000e+00 0.00000e+00 0.00000e+00 0.00000e+00 0.00000e+00 0.00000e+00 0.00000e+00 0.00000e+00 0.00000e+00 0.00000e+00 
7.9 7.95 8.0 0.00000e+00 0.00000e+00 0.00000e+00 0.00000e+00 0.00000e+00 0.00000e+00 0.00000e+00 0.00000e+00 0.00000e+00 0.00000e+00 0.00000e+00 0.00000e+00 0.00000e+00 0.00000e+00 
8.0 8.05 8.1 0.00000e+00 0.00000e+00 0.00000e+00 0.00000e+00 0.00000e+00 0.00000e+00 0.00000e+00 0.00000e+00 0.00000e+00 0.00000e+00 0.00000e+00 0.00000e+00 0.00000e+00 0.00000e+00 
8.1 8.15 8.2 0.00000e+00 0.00000e+00 0.00000e+00 0.00000e+00 0.00000e+00 0.00000e+00 0.00000e+00 0.00000e+00 0.00000e+00 0.00000e+00 0.00000e+00 0.00000e+00 0.00000e+00 0.00000e+00 
8.2 8.25 8.3 0.00000e+00 0.00000e+00 0.00000e+00 0.00000e+00 0.00000e+00 0.00000e+00 0.00000e+00 0.00000e+00 0.00000e+00 0.00000e+00 0.00000e+00 0.00000e+00 0.00000e+00 0.00000e+00 
8.3 8.35 8.4 0.00000e+00 0.00000e+00 0.00000e+00 0.00000e+00 0.00000e+00 0.00000e+00 0.00000e+00 0.00000e+00 0.00000e+00 0.00000e+00 0.00000e+00 0.00000e+00 0.00000e+00 0.00000e+00 
8.4 8.45 8.5 0.00000e+00 0.00000e+00 0.00000e+00 0.00000e+00 0.00000e+00 0.00000e+00 0.00000e+00 0.00000e+00 0.00000e+00 0.00000e+00 0.00000e+00 0.00000e+00 0.00000e+00 0.00000e+00 
8.5 8.55 8.6 0.00000e+00 0.00000e+00 0.00000e+00 0.00000e+00 0.00000e+00 0.00000e+00 0.00000e+00 0.00000e+00 0.00000e+00 0.00000e+00 0.00000e+00 0.00000e+00 0.00000e+00 0.00000e+00 
8.6 8.65 8.7 0.00000e+00 0.00000e+00 0.00000e+00 0.00000e+00 0.00000e+00 0.00000e+00 0.00000e+00 0.00000e+00 0.00000e+00 0.00000e+00 0.00000e+00 0.00000e+00 0.00000e+00 0.00000e+00 
8.7 8.75 8.8 0.00000e+00 0.00000e+00 0.00000e+00 0.00000e+00 0.00000e+00 0.00000e+00 0.00000e+00 0.00000e+00 0.00000e+00 0.00000e+00 0.00000e+00 0.00000e+00 0.00000e+00 0.00000e+00 
8.8 8.85 8.9 0.00000e+00 0.00000e+00 0.00000e+00 0.00000e+00 0.00000e+00 0.00000e+00 0.00000e+00 0.00000e+00 0.00000e+00 0.00000e+00 0.00000e+00 0.00000e+00 0.00000e+00 0.00000e+00 
8.9 8.95 9.0 0.00000e+00 0.00000e+00 0.00000e+00 0.00000e+00 0.00000e+00 0.00000e+00 0.00000e+00 0.00000e+00 0.00000e+00 0.00000e+00 0.00000e+00 0.00000e+00 0.00000e+00 0.00000e+00 
9.0 9.05 9.1 0.00000e+00 0.00000e+00 0.00000e+00 0.00000e+00 0.00000e+00 0.00000e+00 0.00000e+00 0.00000e+00 0.00000e+00 0.00000e+00 0.00000e+00 0.00000e+00 0.00000e+00 0.00000e+00 
9.1 9.15 9.2 0.00000e+00 0.00000e+00 0.00000e+00 0.00000e+00 0.00000e+00 0.00000e+00 0.00000e+00 0.00000e+00 0.00000e+00 0.00000e+00 0.00000e+00 0.00000e+00 0.00000e+00 0.00000e+00 
9.2 9.25 9.3 0.00000e+00 0.00000e+00 0.00000e+00 0.00000e+00 0.00000e+00 0.00000e+00 0.00000e+00 0.00000e+00 0.00000e+00 0.00000e+00 0.00000e+00 0.00000e+00 0.00000e+00 0.00000e+00 
9.3 9.35 9.4 0.00000e+00 0.00000e+00 0.00000e+00 0.00000e+00 0.00000e+00 0.00000e+00 0.00000e+00 0.00000e+00 0.00000e+00 0.00000e+00 0.00000e+00 0.00000e+00 0.00000e+00 0.00000e+00 
9.4 9.45 9.5 0.00000e+00 0.00000e+00 0.00000e+00 0.00000e+00 0.00000e+00 0.00000e+00 0.00000e+00 0.00000e+00 0.00000e+00 0.00000e+00 0.00000e+00 0.00000e+00 0.00000e+00 0.00000e+00 
9.5 9.55 9.6 0.00000e+00 0.00000e+00 0.00000e+00 0.00000e+00 0.00000e+00 0.00000e+00 0.00000e+00 0.00000e+00 0.00000e+00 0.00000e+00 0.00000e+00 0.00000e+00 0.00000e+00 0.00000e+00 
9.6 9.65 9.7 0.00000e+00 0.00000e+00 0.00000e+00 0.00000e+00 0.00000e+00 0.00000e+00 0.00000e+00 0.00000e+00 0.00000e+00 0.00000e+00 0.00000e+00 0.00000e+00 0.00000e+00 0.00000e+00 
9.7 9.75 9.8 0.00000e+00 0.00000e+00 0.00000e+00 0.00000e+00 0.00000e+00 0.00000e+00 0.00000e+00 0.00000e+00 0.00000e+00 0.00000e+00 0.00000e+00 0.00000e+00 0.00000e+00 0.00000e+00 
9.8 9.85 9.9 0.00000e+00 0.00000e+00 0.00000e+00 0.00000e+00 0.00000e+00 0.00000e+00 0.00000e+00 0.00000e+00 0.00000e+00 0.00000e+00 0.00000e+00 0.00000e+00 0.00000e+00 0.00000e+00 
9.9 9.95 10.0 0.00000e+00 0.00000e+00 0.00000e+00 0.00000e+00 0.00000e+00 0.00000e+00 0.00000e+00 0.00000e+00 0.00000e+00 0.00000e+00 0.00000e+00 0.00000e+00 0.00000e+00 0.00000e+00 
