0.0 0.05 0.1 0.00000e+00 0.00000e+00 0.00000e+00 0.00000e+00 0.00000e+00 0.00000e+00 0.00000e+00 0.00000e+00 0.00000e+00 0.00000e+00 0.00000e+00 0.00000e+00 0.00000e+00 0.00000e+00 
0.1 0.15 0.2 0.00000e+00 0.00000e+00 0.00000e+00 0.00000e+00 0.00000e+00 0.00000e+00 0.00000e+00 0.00000e+00 0.00000e+00 0.00000e+00 0.00000e+00 0.00000e+00 0.00000e+00 0.00000e+00 
0.2 0.25 0.3 0.00000e+00 0.00000e+00 0.00000e+00 0.00000e+00 0.00000e+00 0.00000e+00 0.00000e+00 0.00000e+00 0.00000e+00 0.00000e+00 0.00000e+00 0.00000e+00 0.00000e+00 0.00000e+00 
0.3 0.35 0.4 0.00000e+00 0.00000e+00 0.00000e+00 0.00000e+00 0.00000e+00 0.00000e+00 0.00000e+00 0.00000e+00 0.00000e+00 0.00000e+00 0.00000e+00 0.00000e+00 0.00000e+00 0.00000e+00 
0.4 0.45 0.5 0.00000e+00 0.00000e+00 0.00000e+00 0.00000e+00 0.00000e+00 0.00000e+00 0.00000e+00 0.00000e+00 0.00000e+00 0.00000e+00 0.00000e+00 0.00000e+00 0.00000e+00 0.00000e+00 
0.5 0.55 0.6 7.32986e+02 4.56702e+00 4.86191e+02 3.01370e+00 1.14450e+03 7.19264e+00 5.07689e+02 3.13423e+00 7.02176e+02 4.39290e+00 1.10087e+03 6.93767e+00 7.62399e+02 4.73726e+00 
0.6 0.65 0.7 6.76513e+02 4.13788e+00 4.48915e+02 2.72809e+00 1.05589e+03 6.52847e+00 4.68421e+02 2.83777e+00 6.48549e+02 3.97901e+00 1.01649e+03 6.29221e+00 7.03079e+02 4.29555e+00 
0.7 0.75 0.8 6.35358e+02 3.81130e+00 4.21851e+02 2.52071e+00 9.90984e+02 5.99095e+00 4.39924e+02 2.61414e+00 6.09457e+02 3.67633e+00 9.54634e+02 5.79364e+00 6.59870e+02 3.94305e+00 
0.8 0.85 0.9 6.15248e+02 3.62484e+00 4.08292e+02 2.39840e+00 9.60220e+02 5.69324e+00 4.25999e+02 2.48677e+00 5.89866e+02 3.49719e+00 9.24418e+02 5.50873e+00 6.39382e+02 3.74804e+00 
0.9 0.95 1.0 5.97994e+02 3.55176e+00 3.96877e+02 2.35347e+00 9.33765e+02 5.58630e+00 4.14013e+02 2.43508e+00 5.73431e+02 3.43390e+00 8.98607e+02 5.40203e+00 6.21339e+02 3.66301e+00 
1.0 1.05 1.1 5.93200e+02 3.45050e+00 3.93823e+02 2.29022e+00 9.25431e+02 5.39723e+00 4.10702e+02 2.36632e+00 5.69010e+02 3.34077e+00 8.91386e+02 5.24625e+00 6.16158e+02 3.55173e+00 
1.1 1.15 1.2 5.85709e+02 3.33542e+00 3.88859e+02 2.21587e+00 9.13689e+02 5.21038e+00 4.05551e+02 2.28813e+00 5.61788e+02 3.23131e+00 8.80031e+02 5.06929e+00 6.08409e+02 3.43014e+00 
1.2 1.25 1.3 5.97749e+02 3.37054e+00 3.96780e+02 2.24107e+00 9.32735e+02 5.25903e+00 4.13810e+02 2.31177e+00 5.73339e+02 3.26878e+00 8.98330e+02 5.12390e+00 6.20945e+02 3.46149e+00 
1.3 1.35 1.4 6.12845e+02 3.47548e+00 4.06656e+02 2.30665e+00 9.56759e+02 5.43955e+00 4.24098e+02 2.38186e+00 5.87834e+02 3.36702e+00 9.21453e+02 5.28864e+00 6.36636e+02 3.57659e+00 
1.4 1.45 1.5 6.23554e+02 3.43313e+00 4.13725e+02 2.27083e+00 9.73541e+02 5.39342e+00 4.31557e+02 2.35416e+00 5.97988e+02 3.31273e+00 9.37427e+02 5.22052e+00 6.47893e+02 3.54862e+00 
1.5 1.55 1.6 6.28665e+02 3.43252e+00 4.17031e+02 2.26796e+00 9.81815e+02 5.40294e+00 4.35041e+02 2.35340e+00 6.02838e+02 3.30886e+00 9.45257e+02 5.22053e+00 6.53297e+02 3.55391e+00 
1.6 1.65 1.7 6.45144e+02 3.43645e+00 4.27898e+02 2.27732e+00 1.00777e+03 5.38716e+00 4.46399e+02 2.35626e+00 6.18615e+02 3.32258e+00 9.70161e+02 5.22612e+00 6.70487e+02 3.54432e+00 
1.7 1.75 1.8 6.65110e+02 3.44815e+00 4.41204e+02 2.29045e+00 1.03880e+03 5.38689e+00 4.60099e+02 2.36429e+00 6.38013e+02 3.34187e+00 1.00049e+03 5.24386e+00 6.90921e+02 3.54442e+00 
1.8 1.85 1.9 6.80725e+02 3.54257e+00 4.51431e+02 2.35240e+00 1.06358e+03 5.53790e+00 4.70853e+02 2.42753e+00 6.52866e+02 3.43437e+00 1.02411e+03 5.39164e+00 7.07310e+02 3.64087e+00 
1.9 1.95 2.0 7.00396e+02 3.46859e+00 4.64394e+02 2.30312e+00 1.09455e+03 5.42055e+00 4.84403e+02 2.37806e+00 6.71694e+02 3.36070e+00 1.05386e+03 5.27564e+00 7.27803e+02 3.56608e+00 
2.0 2.05 2.1 7.23677e+02 3.54369e+00 4.79703e+02 2.35007e+00 1.13136e+03 5.54793e+00 5.00343e+02 2.42842e+00 6.94059e+02 3.43083e+00 1.08932e+03 5.39301e+00 7.51977e+02 3.64779e+00 
2.1 2.15 2.2 7.46529e+02 3.52831e+00 4.94733e+02 2.33599e+00 1.16743e+03 5.53577e+00 5.16081e+02 2.41836e+00 7.15889e+02 3.40947e+00 1.12388e+03 5.36823e+00 7.75837e+02 3.64048e+00 
2.2 2.25 2.3 7.64448e+02 3.54059e+00 5.06499e+02 2.34007e+00 1.19580e+03 5.56896e+00 5.28409e+02 2.42665e+00 7.33007e+02 3.41575e+00 1.15103e+03 5.38733e+00 7.94584e+02 3.66230e+00 
2.3 2.35 2.4 7.88120e+02 3.50431e+00 5.22181e+02 2.31821e+00 1.23282e+03 5.50395e+00 5.44747e+02 2.40181e+00 7.55737e+02 3.38379e+00 1.18674e+03 5.33210e+00 8.19144e+02 3.61950e+00 
2.4 2.45 2.5 8.18720e+02 3.56367e+00 5.42231e+02 2.34690e+00 1.28136e+03 5.63177e+00 5.65790e+02 2.44234e+00 7.84900e+02 3.42579e+00 1.23311e+03 5.42280e+00 8.51191e+02 3.70312e+00 
2.5 2.55 2.6 8.43670e+02 3.48406e+00 5.58625e+02 2.29394e+00 1.32083e+03 5.50521e+00 5.83005e+02 2.38820e+00 8.08666e+02 3.34775e+00 1.27076e+03 5.30054e+00 8.77355e+02 3.62043e+00 
2.6 2.65 2.7 8.68363e+02 3.42626e+00 5.75089e+02 2.25889e+00 1.35915e+03 5.40252e+00 6.00013e+02 2.34894e+00 8.32584e+02 3.29626e+00 1.30811e+03 5.21161e+00 9.02711e+02 3.55388e+00 
2.7 2.75 2.8 8.93879e+02 3.41938e+00 5.91753e+02 2.24786e+00 1.39984e+03 5.41290e+00 6.17540e+02 2.34346e+00 8.56851e+02 3.28107e+00 1.34683e+03 5.20328e+00 9.29535e+02 3.55894e+00 
2.8 2.85 2.9 9.22110e+02 3.40128e+00 6.10447e+02 2.22850e+00 1.44406e+03 5.40812e+00 6.37091e+02 2.33171e+00 8.83855e+02 3.25179e+00 1.38924e+03 5.17389e+00 9.58988e+02 3.55690e+00 
2.9 2.95 3.0 9.49750e+02 3.30924e+00 6.28895e+02 2.17026e+00 1.48694e+03 5.25527e+00 6.56184e+02 2.26899e+00 9.10576e+02 3.16637e+00 1.43090e+03 5.03287e+00 9.87459e+02 3.45719e+00 
3.0 3.05 3.1 9.78245e+02 3.28188e+00 6.47648e+02 2.14868e+00 1.53191e+03 5.22193e+00 6.75786e+02 2.25027e+00 9.37843e+02 3.13471e+00 1.47406e+03 4.99117e+00 1.01716e+03 3.43511e+00 
3.1 3.15 3.2 9.40021e+02 3.25764e+00 6.21751e+02 2.12829e+00 1.47374e+03 5.19512e+00 6.49261e+02 2.23332e+00 9.00504e+02 3.10538e+00 1.41678e+03 4.95511e+00 9.78318e+02 3.41691e+00 
3.2 3.25 3.3 7.90421e+02 3.08795e+00 5.21576e+02 2.01804e+00 1.24265e+03 4.92043e+00 5.45867e+02 2.11727e+00 7.55507e+02 2.94419e+00 1.19147e+03 4.69625e+00 8.24789e+02 3.23688e+00 
3.3 3.35 3.4 7.12899e+02 3.00722e+00 4.69410e+02 1.96096e+00 1.12366e+03 4.80455e+00 4.92258e+02 2.06229e+00 6.80036e+02 2.86034e+00 1.07480e+03 4.57234e+00 7.45676e+02 3.16134e+00 
3.4 3.45 3.5 6.55313e+02 2.95190e+00 4.30764e+02 1.91701e+00 1.03494e+03 4.75534e+00 4.52387e+02 2.02356e+00 6.24194e+02 2.79718e+00 9.88258e+02 4.49039e+00 6.86591e+02 3.12679e+00 
3.5 3.55 3.6 6.02695e+02 2.88979e+00 3.95516e+02 1.87581e+00 9.53735e+02 4.64294e+00 4.15995e+02 1.98135e+00 5.73207e+02 2.73662e+00 9.09081e+02 4.39485e+00 6.32596e+02 3.05415e+00 
3.6 3.65 3.7 5.58439e+02 2.76725e+00 3.65902e+02 1.79835e+00 8.85348e+02 4.43788e+00 3.85344e+02 1.89747e+00 5.30430e+02 2.62354e+00 8.42600e+02 4.20814e+00 5.87042e+02 2.91967e+00 
3.7 3.75 3.8 5.16012e+02 2.71410e+00 3.37542e+02 1.76023e+00 8.19694e+02 4.36372e+00 3.55980e+02 1.86034e+00 4.89436e+02 2.56879e+00 7.78814e+02 4.12924e+00 5.43344e+02 2.86939e+00 
3.8 3.85 3.9 4.85705e+02 2.71143e+00 3.17074e+02 1.75473e+00 7.73438e+02 4.37137e+00 3.34992e+02 1.85859e+00 4.59862e+02 2.56059e+00 7.33278e+02 4.12481e+00 5.12527e+02 2.87460e+00 
3.9 3.95 4.0 4.50193e+02 2.61950e+00 2.93407e+02 1.69411e+00 7.18261e+02 4.22549e+00 3.10414e+02 1.79558e+00 4.25651e+02 2.47217e+00 6.79890e+02 3.98501e+00 4.75803e+02 2.77869e+00 
4.0 4.05 4.1 4.19297e+02 2.56179e+00 2.72918e+02 1.65843e+00 6.69987e+02 4.12574e+00 2.89006e+02 1.75643e+00 3.96069e+02 2.41963e+00 6.33503e+02 3.89601e+00 4.43630e+02 2.71412e+00 
4.1 4.15 4.2 3.88159e+02 2.59731e+00 2.52132e+02 1.66719e+00 6.21723e+02 4.23217e+00 2.67469e+02 1.77969e+00 3.66001e+02 2.43363e+00 5.86653e+02 3.95298e+00 4.11528e+02 2.78160e+00 
4.2 4.25 4.3 3.66230e+02 2.48932e+00 2.37511e+02 1.60645e+00 5.87714e+02 4.02330e+00 2.52256e+02 1.70654e+00 3.44914e+02 2.34401e+00 5.53780e+02 3.78633e+00 3.88821e+02 2.64626e+00 
4.3 4.35 4.4 3.33299e+02 2.40489e+00 2.15842e+02 1.55087e+00 5.35796e+02 3.89080e+00 2.29480e+02 1.64816e+00 3.13572e+02 2.26362e+00 5.04231e+02 3.65925e+00 3.54299e+02 2.55821e+00 
4.4 4.45 4.5 3.08137e+02 2.35635e+00 1.99196e+02 1.51881e+00 4.96366e+02 3.81302e+00 2.12069e+02 1.61482e+00 2.89504e+02 2.21690e+00 4.66395e+02 3.58554e+00 3.28056e+02 2.50693e+00 
4.5 4.55 4.6 2.86779e+02 2.35896e+00 1.84957e+02 1.51552e+00 4.63252e+02 3.83280e+00 1.97291e+02 1.61676e+00 2.68912e+02 2.21185e+00 4.34273e+02 3.58905e+00 3.06018e+02 2.52020e+00 
4.6 4.65 4.7 2.61250e+02 2.30686e+00 1.68186e+02 1.47886e+00 4.22906e+02 3.75798e+00 1.79670e+02 1.58068e+00 2.44607e+02 2.15887e+00 3.95767e+02 3.51082e+00 2.79258e+02 2.47028e+00 
4.7 4.75 4.8 2.38984e+02 2.21358e+00 1.53632e+02 1.41989e+00 3.87529e+02 3.60250e+00 1.64263e+02 1.51634e+00 2.23564e+02 2.07336e+00 3.62287e+02 3.36998e+00 2.55715e+02 2.36728e+00 
4.8 4.85 4.9 2.19641e+02 2.24093e+00 1.40876e+02 1.43400e+00 3.57141e+02 3.65756e+00 1.50891e+02 1.53487e+00 2.05102e+02 2.09420e+00 3.33166e+02 3.41206e+00 2.35515e+02 2.40308e+00 
4.9 4.95 5.0 2.02542e+02 2.28951e+00 1.29629e+02 1.45959e+00 3.30175e+02 3.75390e+00 1.39062e+02 1.56879e+00 1.88841e+02 2.13097e+00 3.07451e+02 3.48431e+00 2.17574e+02 2.46812e+00 
5.0 5.05 5.1 1.82504e+02 2.19292e+00 1.16592e+02 1.39820e+00 2.98148e+02 3.59425e+00 1.25224e+02 1.50043e+00 1.69953e+02 2.04395e+00 2.77249e+02 3.34316e+00 1.96310e+02 2.35835e+00 
5.1 5.15 5.2 1.64854e+02 2.14754e+00 1.05105e+02 1.36637e+00 2.69965e+02 3.52885e+00 1.13066e+02 1.46934e+00 1.53270e+02 1.99744e+00 2.50562e+02 3.27408e+00 1.77661e+02 2.31531e+00 
5.2 5.25 5.3 1.46700e+02 2.13348e+00 9.33195e+01 1.35666e+00 2.40878e+02 3.50719e+00 1.00542e+02 1.45874e+00 1.36181e+02 1.98461e+00 2.23166e+02 3.25522e+00 1.58377e+02 2.29933e+00 
5.3 5.35 5.4 1.34435e+02 2.11552e+00 8.53892e+01 1.34055e+00 2.21153e+02 3.49357e+00 9.20772e+01 1.44669e+00 1.24687e+02 1.96071e+00 2.04667e+02 3.22714e+00 1.45292e+02 2.29085e+00 
5.4 5.45 5.5 1.18886e+02 2.09552e+00 7.53231e+01 1.32584e+00 1.96145e+02 3.46630e+00 8.13755e+01 1.43147e+00 1.10058e+02 1.94126e+00 1.81135e+02 3.20083e+00 1.28763e+02 2.26998e+00 
5.5 5.55 5.6 1.01695e+02 1.99068e+00 6.42626e+01 1.25497e+00 1.68316e+02 3.30727e+00 6.95540e+01 1.35987e+00 9.39693e+01 1.83746e+00 1.55091e+02 3.04058e+00 1.10386e+02 2.16592e+00 
5.6 5.65 5.7 9.44838e+01 2.01181e+00 5.96547e+01 1.26925e+00 1.56533e+02 3.33815e+00 6.45551e+01 1.37358e+00 8.73206e+01 1.85935e+00 1.44275e+02 3.07485e+00 1.02527e+02 2.18469e+00 
5.7 5.75 5.8 7.71329e+01 1.75466e+00 4.86006e+01 1.10511e+00 1.28096e+02 2.91693e+00 5.26704e+01 1.19724e+00 7.11787e+01 1.61982e+00 1.17861e+02 2.68386e+00 8.38414e+01 1.90735e+00 
5.8 5.85 5.9 6.53289e+01 1.65393e+00 4.10537e+01 1.03822e+00 1.08842e+02 2.76067e+00 4.45734e+01 1.12795e+00 6.01747e+01 1.52253e+00 9.99249e+01 2.53131e+00 7.11668e+01 1.80408e+00 
5.9 5.95 6.0 5.77731e+01 1.64113e+00 3.62146e+01 1.02712e+00 9.65466e+01 2.74958e+00 3.93752e+01 1.11744e+00 5.31390e+01 1.50860e+00 8.84861e+01 2.51667e+00 6.30416e+01 1.79323e+00 
6.0 6.05 6.1 4.79354e+01 1.61656e+00 2.99950e+01 1.01084e+00 8.02759e+01 2.71102e+00 3.26468e+01 1.10046e+00 4.40441e+01 1.48504e+00 7.34837e+01 2.47964e+00 5.23704e+01 1.76763e+00 
6.1 6.15 6.2 4.19752e+01 1.50570e+00 2.62232e+01 9.40941e-01 7.04278e+01 2.52645e+00 2.85601e+01 1.02400e+00 3.85423e+01 1.38366e+00 6.44230e+01 2.31234e+00 4.58908e+01 1.64529e+00 
6.2 6.25 6.3 3.27646e+01 1.42462e+00 2.04398e+01 8.88589e-01 5.50661e+01 2.39524e+00 2.22761e+01 9.68812e-01 3.00648e+01 1.30677e+00 5.03341e+01 2.18795e+00 3.58470e+01 1.55979e+00 
6.3 6.35 6.4 2.77873e+01 1.33068e+00 1.72892e+01 8.26605e-01 4.68486e+01 2.24877e+00 1.88791e+01 9.04442e-01 2.54479e+01 1.21624e+00 4.27242e+01 2.04503e+00 3.04712e+01 1.46340e+00 
6.4 6.45 6.5 2.10268e+01 1.12749e+00 1.30774e+01 7.00472e-01 3.54671e+01 1.90498e+00 1.42687e+01 7.65135e-01 1.92719e+01 1.03224e+00 3.23784e+01 1.73613e+00 2.30337e+01 1.23721e+00 
6.5 6.55 6.6 1.72698e+01 1.01124e+00 1.06939e+01 6.26640e-01 2.92886e+01 1.71436e+00 1.17070e+01 6.85330e-01 1.57756e+01 9.24669e-01 2.66275e+01 1.55971e+00 1.89963e+01 1.11156e+00 
6.6 6.65 6.7 1.20165e+01 8.14872e-01 7.44121e+00 5.04740e-01 2.03779e+01 1.38189e+00 8.14299e+00 5.52480e-01 1.09812e+01 7.44497e-01 1.85359e+01 1.25619e+00 1.32112e+01 8.96481e-01 
6.7 6.75 6.8 8.47049e+00 6.80356e-01 5.23124e+00 4.20420e-01 1.44104e+01 1.15709e+00 5.73329e+00 4.60552e-01 7.72885e+00 6.21081e-01 1.30850e+01 1.05087e+00 9.32868e+00 7.49143e-01 
6.8 6.85 6.9 5.61421e+00 5.33207e-01 3.46796e+00 3.29978e-01 9.54859e+00 9.05102e-01 3.79764e+00 3.60628e-01 5.12690e+00 4.87901e-01 8.67936e+00 8.24469e-01 6.17658e+00 5.85374e-01 
6.9 6.95 7.0 4.45743e+00 4.90057e-01 2.75009e+00 3.02796e-01 7.59260e+00 8.33457e-01 3.01181e+00 3.31152e-01 4.07010e+00 4.48095e-01 6.90046e+00 7.58571e-01 4.90455e+00 5.38438e-01 
7.0 7.05 7.1 3.03596e+00 4.35694e-01 1.87273e+00 2.68907e-01 5.17227e+00 7.41821e-01 2.04972e+00 2.94148e-01 2.77381e+00 3.98310e-01 4.70452e+00 6.75180e-01 3.33782e+00 4.78702e-01 
7.1 7.15 7.2 1.54406e+00 2.34362e-01 9.45661e-01 1.43246e-01 2.65317e+00 4.03794e-01 1.04167e+00 1.58104e-01 1.40177e+00 2.12343e-01 2.39497e+00 3.63523e-01 1.71055e+00 2.60335e-01 
7.2 7.25 7.3 4.72086e-01 1.21313e-01 3.17691e-01 8.05330e-02 8.18410e-01 2.09836e-01 3.18381e-01 8.18067e-02 4.71143e-01 1.19455e-01 7.32529e-01 1.88263e-01 5.27430e-01 1.35212e-01 
7.3 7.35 7.4 0.00000e+00 0.00000e+00 0.00000e+00 0.00000e+00 0.00000e+00 0.00000e+00 0.00000e+00 0.00000e+00 0.00000e+00 0.00000e+00 0.00000e+00 0.00000e+00 0.00000e+00 0.00000e+00 
7.4 7.45 7.5 0.00000e+00 0.00000e+00 0.00000e+00 0.00000e+00 0.00000e+00 0.00000e+00 0.00000e+00 0.00000e+00 0.00000e+00 0.00000e+00 0.00000e+00 0.00000e+00 0.00000e+00 0.00000e+00 
7.5 7.55 7.6 0.00000e+00 0.00000e+00 0.00000e+00 0.00000e+00 0.00000e+00 0.00000e+00 0.00000e+00 0.00000e+00 0.00000e+00 0.00000e+00 0.00000e+00 0.00000e+00 0.00000e+00 0.00000e+00 
7.6 7.65 7.7 0.00000e+00 0.00000e+00 0.00000e+00 0.00000e+00 0.00000e+00 0.00000e+00 0.00000e+00 0.00000e+00 0.00000e+00 0.00000e+00 0.00000e+00 0.00000e+00 0.00000e+00 0.00000e+00 
7.7 7.75 7.8 0.00000e+00 0.00000e+00 0.00000e+00 0.00000e+00 0.00000e+00 0.00000e+00 0.00000e+00 0.00000e+00 0.00000e+00 0.00000e+00 0.00000e+00 0.00000e+00 0.00000e+00 0.00000e+00 
7.8 7.85 7.9 0.00000e+00 0.00000e+00 0.00000e+00 0.00000e+00 0.00000e+00 0.00000e+00 0.00000e+00 0.00000e+00 0.00000e+00 0.00000e+00 0.00000e+00 0.00000e+00 0.00000e+00 0.00000e+00 
7.9 7.95 8.0 0.00000e+00 0.00000e+00 0.00000e+00 0.00000e+00 0.00000e+00 0.00000e+00 0.00000e+00 0.00000e+00 0.00000e+00 0.00000e+00 0.00000e+00 0.00000e+00 0.00000e+00 0.00000e+00 
8.0 8.05 8.1 0.00000e+00 0.00000e+00 0.00000e+00 0.00000e+00 0.00000e+00 0.00000e+00 0.00000e+00 0.00000e+00 0.00000e+00 0.00000e+00 0.00000e+00 0.00000e+00 0.00000e+00 0.00000e+00 
8.1 8.15 8.2 0.00000e+00 0.00000e+00 0.00000e+00 0.00000e+00 0.00000e+00 0.00000e+00 0.00000e+00 0.00000e+00 0.00000e+00 0.00000e+00 0.00000e+00 0.00000e+00 0.00000e+00 0.00000e+00 
8.2 8.25 8.3 0.00000e+00 0.00000e+00 0.00000e+00 0.00000e+00 0.00000e+00 0.00000e+00 0.00000e+00 0.00000e+00 0.00000e+00 0.00000e+00 0.00000e+00 0.00000e+00 0.00000e+00 0.00000e+00 
8.3 8.35 8.4 0.00000e+00 0.00000e+00 0.00000e+00 0.00000e+00 0.00000e+00 0.00000e+00 0.00000e+00 0.00000e+00 0.00000e+00 0.00000e+00 0.00000e+00 0.00000e+00 0.00000e+00 0.00000e+00 
8.4 8.45 8.5 0.00000e+00 0.00000e+00 0.00000e+00 0.00000e+00 0.00000e+00 0.00000e+00 0.00000e+00 0.00000e+00 0.00000e+00 0.00000e+00 0.00000e+00 0.00000e+00 0.00000e+00 0.00000e+00 
8.5 8.55 8.6 0.00000e+00 0.00000e+00 0.00000e+00 0.00000e+00 0.00000e+00 0.00000e+00 0.00000e+00 0.00000e+00 0.00000e+00 0.00000e+00 0.00000e+00 0.00000e+00 0.00000e+00 0.00000e+00 
8.6 8.65 8.7 0.00000e+00 0.00000e+00 0.00000e+00 0.00000e+00 0.00000e+00 0.00000e+00 0.00000e+00 0.00000e+00 0.00000e+00 0.00000e+00 0.00000e+00 0.00000e+00 0.00000e+00 0.00000e+00 
8.7 8.75 8.8 0.00000e+00 0.00000e+00 0.00000e+00 0.00000e+00 0.00000e+00 0.00000e+00 0.00000e+00 0.00000e+00 0.00000e+00 0.00000e+00 0.00000e+00 0.00000e+00 0.00000e+00 0.00000e+00 
8.8 8.85 8.9 0.00000e+00 0.00000e+00 0.00000e+00 0.00000e+00 0.00000e+00 0.00000e+00 0.00000e+00 0.00000e+00 0.00000e+00 0.00000e+00 0.00000e+00 0.00000e+00 0.00000e+00 0.00000e+00 
8.9 8.95 9.0 0.00000e+00 0.00000e+00 0.00000e+00 0.00000e+00 0.00000e+00 0.00000e+00 0.00000e+00 0.00000e+00 0.00000e+00 0.00000e+00 0.00000e+00 0.00000e+00 0.00000e+00 0.00000e+00 
9.0 9.05 9.1 0.00000e+00 0.00000e+00 0.00000e+00 0.00000e+00 0.00000e+00 0.00000e+00 0.00000e+00 0.00000e+00 0.00000e+00 0.00000e+00 0.00000e+00 0.00000e+00 0.00000e+00 0.00000e+00 
9.1 9.15 9.2 0.00000e+00 0.00000e+00 0.00000e+00 0.00000e+00 0.00000e+00 0.00000e+00 0.00000e+00 0.00000e+00 0.00000e+00 0.00000e+00 0.00000e+00 0.00000e+00 0.00000e+00 0.00000e+00 
9.2 9.25 9.3 0.00000e+00 0.00000e+00 0.00000e+00 0.00000e+00 0.00000e+00 0.00000e+00 0.00000e+00 0.00000e+00 0.00000e+00 0.00000e+00 0.00000e+00 0.00000e+00 0.00000e+00 0.00000e+00 
9.3 9.35 9.4 0.00000e+00 0.00000e+00 0.00000e+00 0.00000e+00 0.00000e+00 0.00000e+00 0.00000e+00 0.00000e+00 0.00000e+00 0.00000e+00 0.00000e+00 0.00000e+00 0.00000e+00 0.00000e+00 
9.4 9.45 9.5 0.00000e+00 0.00000e+00 0.00000e+00 0.00000e+00 0.00000e+00 0.00000e+00 0.00000e+00 0.00000e+00 0.00000e+00 0.00000e+00 0.00000e+00 0.00000e+00 0.00000e+00 0.00000e+00 
9.5 9.55 9.6 0.00000e+00 0.00000e+00 0.00000e+00 0.00000e+00 0.00000e+00 0.00000e+00 0.00000e+00 0.00000e+00 0.00000e+00 0.00000e+00 0.00000e+00 0.00000e+00 0.00000e+00 0.00000e+00 
9.6 9.65 9.7 0.00000e+00 0.00000e+00 0.00000e+00 0.00000e+00 0.00000e+00 0.00000e+00 0.00000e+00 0.00000e+00 0.00000e+00 0.00000e+00 0.00000e+00 0.00000e+00 0.00000e+00 0.00000e+00 
9.7 9.75 9.8 0.00000e+00 0.00000e+00 0.00000e+00 0.00000e+00 0.00000e+00 0.00000e+00 0.00000e+00 0.00000e+00 0.00000e+00 0.00000e+00 0.00000e+00 0.00000e+00 0.00000e+00 0.00000e+00 
9.8 9.85 9.9 0.00000e+00 0.00000e+00 0.00000e+00 0.00000e+00 0.00000e+00 0.00000e+00 0.00000e+00 0.00000e+00 0.00000e+00 0.00000e+00 0.00000e+00 0.00000e+00 0.00000e+00 0.00000e+00 
9.9 9.95 10.0 0.00000e+00 0.00000e+00 0.00000e+00 0.00000e+00 0.00000e+00 0.00000e+00 0.00000e+00 0.00000e+00 0.00000e+00 0.00000e+00 0.00000e+00 0.00000e+00 0.00000e+00 0.00000e+00 
