-3.5 -3.45 -3.4 1.77511e+01 4.04959e-01 1.08438e+01 2.41895e-01 3.05235e+01 7.19446e-01 1.21560e+01 2.76206e-01 1.58381e+01 3.54770e-01 2.70303e+01 6.19742e-01 2.00511e+01 4.70338e-01 
-3.4 -3.35 -3.3 2.44715e+01 4.79315e-01 1.50711e+01 2.88112e-01 4.14932e+01 8.33932e-01 1.66903e+01 3.22060e-01 2.20026e+01 4.22383e-01 3.72386e+01 7.32666e-01 2.72759e+01 5.45937e-01 
-3.3 -3.25 -3.2 3.32976e+01 5.93305e-01 2.06703e+01 3.60597e-01 5.61798e+01 1.03178e+00 2.28263e+01 4.04990e-01 3.01584e+01 5.28412e-01 5.06387e+01 9.07100e-01 3.69517e+01 6.75133e-01 
-3.2 -3.15 -3.1 4.35558e+01 7.82392e-01 2.72837e+01 4.68277e-01 7.27232e+01 1.39159e+00 2.98645e+01 5.33221e-01 3.97992e+01 6.87089e-01 6.62239e+01 1.19853e+00 4.78438e+01 9.08292e-01 
-3.1 -3.05 -3.0 5.56937e+01 7.49742e-01 3.50981e+01 4.65279e-01 9.23309e+01 1.27286e+00 3.82085e+01 5.11899e-01 5.11704e+01 6.81587e-01 8.46204e+01 1.14595e+00 6.07869e+01 8.32991e-01 
-3.0 -2.95 -2.9 7.03153e+01 8.93968e-01 4.46156e+01 5.63168e-01 1.15645e+02 1.49155e+00 4.82711e+01 6.09911e-01 6.50048e+01 8.25687e-01 1.06752e+02 1.36769e+00 7.61985e+01 9.75303e-01 
-2.9 -2.85 -2.8 8.45373e+01 9.01123e-01 5.39491e+01 5.73214e-01 1.38110e+02 1.48418e+00 5.80595e+01 6.15662e-01 7.85703e+01 8.39223e-01 1.28279e+02 1.37657e+00 9.10483e+01 9.72197e-01 
-2.8 -2.75 -2.7 1.02684e+02 1.03290e+00 6.57452e+01 6.54690e-01 1.67132e+02 1.70924e+00 7.05391e+01 7.05621e-01 9.57272e+01 9.58542e-01 1.55768e+02 1.57774e+00 1.10212e+02 1.11931e+00 
-2.7 -2.65 -2.6 1.19993e+02 1.09092e+00 7.72345e+01 6.97530e-01 1.94107e+02 1.78658e+00 8.24698e+01 7.45593e-01 1.12402e+02 1.02081e+00 1.81918e+02 1.66547e+00 1.28076e+02 1.17059e+00 
-2.6 -2.55 -2.5 1.40470e+02 1.17154e+00 9.07226e+01 7.49406e-01 2.26340e+02 1.91786e+00 9.65865e+01 8.01074e-01 1.31973e+02 1.09624e+00 2.12847e+02 1.78745e+00 1.49428e+02 1.25744e+00 
-2.5 -2.45 -2.4 1.65304e+02 1.28463e+00 1.07071e+02 8.24838e-01 2.65574e+02 2.10041e+00 1.13694e+02 8.78615e-01 1.55712e+02 1.20630e+00 2.50394e+02 1.95948e+00 1.75385e+02 1.37739e+00 
-2.4 -2.35 -2.3 1.84719e+02 1.34064e+00 1.20063e+02 8.65687e-01 2.95478e+02 2.16956e+00 1.27080e+02 9.17104e-01 1.74563e+02 1.26593e+00 2.79716e+02 2.04445e+00 1.95199e+02 1.42344e+00 
-2.3 -2.25 -2.2 2.07533e+02 1.44650e+00 1.35232e+02 9.38528e-01 3.31031e+02 2.32783e+00 1.42816e+02 9.89029e-01 1.96562e+02 1.37310e+00 3.14160e+02 2.20727e+00 2.18758e+02 1.52624e+00 
-2.2 -2.15 -2.1 2.34492e+02 1.56469e+00 1.53114e+02 1.01130e+00 3.73144e+02 2.53084e+00 1.61417e+02 1.06951e+00 2.22484e+02 1.47980e+00 3.54836e+02 2.38854e+00 2.46679e+02 1.65831e+00 
-2.1 -2.05 -2.0 2.54178e+02 1.52994e+00 1.66394e+02 9.94973e-01 4.03260e+02 2.45494e+00 1.75041e+02 1.04725e+00 2.41681e+02 1.45399e+00 3.84432e+02 2.33138e+00 2.66723e+02 1.61170e+00 
-2.0 -1.95 -1.9 2.85190e+02 1.73510e+00 1.87043e+02 1.12696e+00 4.51500e+02 2.78867e+00 1.96405e+02 1.18614e+00 2.71664e+02 1.64890e+00 4.31319e+02 2.64829e+00 2.98644e+02 1.82767e+00 
-1.9 -1.85 -1.8 3.08762e+02 1.72776e+00 2.02880e+02 1.12762e+00 4.87763e+02 2.75940e+00 2.12682e+02 1.18226e+00 2.94605e+02 1.64832e+00 4.66854e+02 2.63392e+00 3.22709e+02 1.81073e+00 
-1.8 -1.75 -1.7 3.33728e+02 1.78003e+00 2.19684e+02 1.16319e+00 5.26083e+02 2.83886e+00 2.29967e+02 1.21849e+00 3.18887e+02 1.69969e+00 5.04369e+02 2.71239e+00 3.48227e+02 1.86372e+00 
-1.7 -1.65 -1.6 3.60649e+02 1.82062e+00 2.37783e+02 1.19599e+00 5.67463e+02 2.88367e+00 2.48541e+02 1.24642e+00 3.45127e+02 1.74747e+00 5.44998e+02 2.77385e+00 3.75657e+02 1.89349e+00 
-1.6 -1.55 -1.5 3.85862e+02 1.87776e+00 2.54732e+02 1.23465e+00 6.06229e+02 2.97075e+00 2.65988e+02 1.28604e+00 3.69629e+02 1.80325e+00 5.82907e+02 2.85954e+00 4.01452e+02 1.95162e+00 
-1.5 -1.45 -1.4 4.07839e+02 1.94065e+00 2.69611e+02 1.27638e+00 6.39728e+02 3.06987e+00 2.81168e+02 1.32883e+00 3.91177e+02 1.86459e+00 6.16029e+02 2.95609e+00 4.23691e+02 2.01618e+00 
-1.4 -1.35 -1.3 4.37317e+02 2.02355e+00 2.89484e+02 1.33294e+00 6.84875e+02 3.19482e+00 3.01490e+02 1.38539e+00 4.20014e+02 1.94753e+00 6.60561e+02 3.08297e+00 4.53591e+02 2.09789e+00 
-1.3 -1.25 -1.2 4.56707e+02 2.02441e+00 3.02686e+02 1.33681e+00 7.14215e+02 3.18546e+00 3.14951e+02 1.38667e+00 4.39040e+02 1.95223e+00 6.89602e+02 3.08238e+00 4.73195e+02 2.09305e+00 
-1.2 -1.15 -1.1 4.80202e+02 2.10526e+00 3.18573e+02 1.39254e+00 7.50070e+02 3.30578e+00 3.31164e+02 1.44186e+00 4.62070e+02 2.03397e+00 7.25052e+02 3.20606e+00 4.96971e+02 2.17186e+00 
-1.1 -1.05 -1.0 4.99541e+02 2.10447e+00 3.31708e+02 1.39332e+00 7.79411e+02 3.30023e+00 3.44553e+02 1.44173e+00 4.81048e+02 2.03448e+00 7.54112e+02 3.20371e+00 5.16507e+02 2.16892e+00 
-1.0 -0.95 -0.9 5.17698e+02 2.11302e+00 3.44146e+02 1.40274e+00 8.06653e+02 3.30179e+00 3.57141e+02 1.44781e+00 4.98999e+02 2.04797e+00 7.81354e+02 3.21615e+00 5.34681e+02 2.17045e+00 
-0.9 -0.85 -0.8 5.39115e+02 2.18750e+00 3.58572e+02 1.45179e+00 8.39493e+02 3.41946e+00 3.71933e+02 1.49862e+00 5.19893e+02 2.11990e+00 8.13634e+02 3.33013e+00 5.56479e+02 2.24735e+00 
-0.8 -0.75 -0.7 5.53258e+02 2.20214e+00 3.68304e+02 1.46344e+00 8.60603e+02 3.43658e+00 3.81719e+02 1.50894e+00 5.33965e+02 2.13651e+00 8.34903e+02 3.35161e+00 5.70528e+02 2.25920e+00 
-0.7 -0.65 -0.6 5.65153e+02 2.21225e+00 3.76369e+02 1.46961e+00 8.78696e+02 3.45384e+00 3.90015e+02 1.51654e+00 5.45531e+02 2.14455e+00 8.52613e+02 3.36517e+00 5.82683e+02 2.27175e+00 
-0.6 -0.55 -0.5 5.75199e+02 2.21774e+00 3.83310e+02 1.47461e+00 8.93598e+02 3.45799e+00 3.96947e+02 1.52020e+00 5.55596e+02 2.15197e+00 8.67777e+02 3.37382e+00 5.92564e+02 2.27423e+00 
-0.5 -0.45 -0.4 5.89040e+02 2.28164e+00 3.92702e+02 1.51876e+00 9.14631e+02 3.55303e+00 4.06489e+02 1.56346e+00 5.69222e+02 2.21721e+00 8.88683e+02 3.47250e+00 6.06494e+02 2.33582e+00 
-0.4 -0.35 -0.3 5.96004e+02 2.24842e+00 3.97547e+02 1.49788e+00 9.24865e+02 3.49727e+00 4.11345e+02 1.54138e+00 5.76178e+02 2.18579e+00 8.99058e+02 3.42012e+00 6.13375e+02 2.30044e+00 
-0.3 -0.25 -0.2 6.01010e+02 2.26804e+00 4.01002e+02 1.51205e+00 9.32307e+02 3.52469e+00 4.14839e+02 1.55456e+00 5.81133e+02 2.20687e+00 9.06507e+02 3.45070e+00 6.18383e+02 2.31801e+00 
-0.2 -0.15 -0.1 6.03436e+02 2.25628e+00 4.02665e+02 1.50410e+00 9.35941e+02 3.50654e+00 4.16537e+02 1.54684e+00 5.83509e+02 2.19475e+00 9.10102e+02 3.43185e+00 6.20835e+02 2.30667e+00 
-0.1 -0.05 0.0 6.09835e+02 2.29407e+00 4.06936e+02 1.52872e+00 9.45868e+02 3.56715e+00 4.20909e+02 1.57255e+00 5.89761e+02 2.23102e+00 9.19874e+02 3.48989e+00 6.27337e+02 2.34625e+00 
0.0 0.05 0.1 6.11036e+02 2.30778e+00 4.07713e+02 1.53806e+00 9.47795e+02 3.58792e+00 4.21725e+02 1.58171e+00 5.90903e+02 2.24494e+00 9.21720e+02 3.51138e+00 6.28589e+02 2.35940e+00 
0.1 0.15 0.2 6.08368e+02 2.30369e+00 4.05938e+02 1.53626e+00 9.43643e+02 3.57876e+00 4.19859e+02 1.57890e+00 5.88367e+02 2.24238e+00 9.17760e+02 3.50519e+00 6.25794e+02 2.35345e+00 
0.2 0.25 0.3 6.01426e+02 2.26134e+00 4.01239e+02 1.50673e+00 9.33064e+02 3.51669e+00 4.15096e+02 1.55017e+00 5.81516e+02 2.19880e+00 9.07213e+02 3.43994e+00 6.18828e+02 2.31308e+00 
0.3 0.35 0.4 6.01112e+02 2.30099e+00 4.00909e+02 1.53359e+00 9.32921e+02 3.57727e+00 4.14830e+02 1.57666e+00 5.81106e+02 2.23898e+00 9.06869e+02 3.50215e+00 6.18643e+02 2.35166e+00 
0.4 0.45 0.5 5.91452e+02 2.24666e+00 3.94388e+02 1.49634e+00 9.18154e+02 3.49596e+00 4.08181e+02 1.54000e+00 5.71629e+02 2.18377e+00 8.92247e+02 3.41792e+00 6.08884e+02 2.29923e+00 
0.5 0.55 0.6 5.74538e+02 2.21762e+00 3.82855e+02 1.47502e+00 8.92613e+02 3.45646e+00 3.96508e+02 1.52039e+00 5.54913e+02 2.15224e+00 8.66731e+02 3.37289e+00 5.91943e+02 2.27380e+00 
0.6 0.65 0.7 5.65113e+02 2.23435e+00 3.76411e+02 1.48634e+00 8.78436e+02 3.48226e+00 3.89941e+02 1.53098e+00 5.45658e+02 2.16999e+00 8.52678e+02 3.40073e+00 5.82428e+02 2.28914e+00 
0.7 0.75 0.8 5.50396e+02 2.20548e+00 3.66355e+02 1.46572e+00 8.56276e+02 3.44168e+00 3.79776e+02 1.51128e+00 5.31095e+02 2.13976e+00 8.30499e+02 3.35657e+00 5.67716e+02 2.26262e+00 
0.8 0.85 0.9 5.37586e+02 2.18688e+00 3.57581e+02 1.45089e+00 8.37077e+02 3.42133e+00 3.70909e+02 1.49882e+00 5.18413e+02 2.11769e+00 8.11240e+02 3.32743e+00 5.54936e+02 2.24976e+00 
0.9 0.95 1.0 5.17973e+02 2.13092e+00 3.44234e+02 1.41269e+00 8.07356e+02 3.33577e+00 3.57357e+02 1.46037e+00 4.99089e+02 2.06205e+00 7.81695e+02 3.24257e+00 5.35195e+02 2.19331e+00 
1.0 1.05 1.1 5.00103e+02 2.12495e+00 3.32073e+02 1.40630e+00 7.80314e+02 3.33428e+00 3.44955e+02 1.45561e+00 4.81558e+02 2.05365e+00 7.54924e+02 3.23533e+00 5.17131e+02 2.19099e+00 
1.1 1.15 1.2 4.78441e+02 2.04478e+00 3.17472e+02 1.35302e+00 7.47118e+02 3.20861e+00 3.29994e+02 1.40118e+00 4.60411e+02 1.97515e+00 7.22272e+02 3.11189e+00 4.95098e+02 2.10937e+00 
1.2 1.25 1.3 4.52517e+02 1.99862e+00 2.99908e+02 1.32045e+00 7.07655e+02 3.14245e+00 3.12078e+02 1.36950e+00 4.34986e+02 1.92767e+00 6.83228e+02 3.04176e+00 4.68882e+02 2.06580e+00 
1.3 1.35 1.4 4.33469e+02 1.97630e+00 2.86932e+02 1.30211e+00 6.78863e+02 3.11846e+00 2.98861e+02 1.35391e+00 4.16277e+02 1.90125e+00 6.54682e+02 3.00857e+00 4.49654e+02 2.04937e+00 
1.4 1.45 1.5 4.12151e+02 1.95365e+00 2.72517e+02 1.28526e+00 6.46327e+02 3.08908e+00 2.84135e+02 1.33831e+00 3.95403e+02 1.87678e+00 6.22559e+02 2.97432e+00 4.28053e+02 2.02993e+00 
1.5 1.55 1.6 3.82156e+02 1.87144e+00 2.52263e+02 1.22999e+00 6.00466e+02 2.96233e+00 2.63452e+02 1.28200e+00 3.66020e+02 1.79606e+00 5.77259e+02 2.84913e+00 3.97672e+02 1.94665e+00 
1.6 1.65 1.7 3.58421e+02 1.87293e+00 2.36237e+02 1.22405e+00 5.64206e+02 2.98797e+00 2.47018e+02 1.28242e+00 3.42866e+02 1.78815e+00 5.41599e+02 2.85303e+00 3.73523e+02 1.96224e+00 
1.7 1.75 1.8 3.35353e+02 1.79611e+00 2.20807e+02 1.17803e+00 5.28481e+02 2.85125e+00 2.31035e+02 1.22902e+00 3.20590e+02 1.72205e+00 5.06970e+02 2.73822e+00 3.49713e+02 1.87096e+00 
1.8 1.85 1.9 3.08807e+02 1.73874e+00 2.02858e+02 1.13243e+00 4.87972e+02 2.78389e+00 2.12744e+02 1.19039e+00 2.94529e+02 1.65448e+00 4.66836e+02 2.64893e+00 3.22906e+02 1.82797e+00 
1.9 1.95 2.0 2.82224e+02 1.67183e+00 1.85049e+02 1.08822e+00 4.46940e+02 2.67916e+00 1.94394e+02 1.14472e+00 2.68723e+02 1.58981e+00 4.26747e+02 2.54670e+00 2.95686e+02 1.75958e+00 
2.0 2.05 2.1 2.54899e+02 1.57510e+00 1.66794e+02 1.02241e+00 4.04570e+02 2.53395e+00 1.75540e+02 1.07810e+00 2.42258e+02 1.49412e+00 3.85516e+02 2.40032e+00 2.67593e+02 1.66341e+00 
2.1 2.15 2.2 2.32652e+02 1.54496e+00 1.51932e+02 1.00223e+00 3.70152e+02 2.48614e+00 1.60153e+02 1.05662e+00 2.20764e+02 1.46572e+00 3.52047e+02 2.35672e+00 2.44705e+02 1.63025e+00 
2.2 2.25 2.3 2.07126e+02 1.44222e+00 1.34934e+02 9.31976e-01 3.30459e+02 2.33274e+00 1.42567e+02 9.86527e-01 1.96085e+02 1.36274e+00 3.13455e+02 2.19953e+00 2.18439e+02 1.52997e+00 
2.3 2.35 2.4 1.83153e+02 1.36765e+00 1.19032e+02 8.85677e-01 2.93001e+02 2.20565e+00 1.26012e+02 9.35072e-01 1.73050e+02 1.29575e+00 2.77320e+02 2.08702e+00 1.93578e+02 1.44596e+00 
2.4 2.45 2.5 1.61417e+02 1.30022e+00 1.04549e+02 8.34702e-01 2.59252e+02 2.12011e+00 1.11010e+02 8.88743e-01 1.52056e+02 1.22139e+00 2.44535e+02 1.98472e+00 1.71190e+02 1.38928e+00 
2.5 2.55 2.6 1.39397e+02 1.19929e+00 9.00408e+01 7.71013e-01 2.24578e+02 1.95048e+00 9.58420e+01 8.19723e-01 1.30991e+02 1.12828e+00 2.11242e+02 1.83072e+00 1.48249e+02 1.27816e+00 
2.6 2.65 2.7 1.21102e+02 1.11896e+00 7.79244e+01 7.17006e-01 1.95955e+02 1.82649e+00 8.32422e+01 7.64813e-01 1.13393e+02 1.04926e+00 1.83573e+02 1.70810e+00 1.29316e+02 1.19693e+00 
2.7 2.75 2.8 1.02368e+02 1.04331e+00 6.55988e+01 6.63214e-01 1.66850e+02 1.74102e+00 7.03302e+01 7.13677e-01 9.55034e+01 9.69870e-01 1.55268e+02 1.59102e+00 1.09767e+02 1.12866e+00 
2.8 2.85 2.9 8.48597e+01 9.45836e-01 5.41057e+01 6.01005e-01 1.38778e+02 1.56027e+00 5.82837e+01 6.46187e-01 7.87947e+01 8.79983e-01 1.28758e+02 1.44461e+00 9.14941e+01 1.02204e+00 
2.9 2.95 3.0 6.76383e+01 8.30930e-01 4.29010e+01 5.22140e-01 1.11284e+02 1.38913e+00 4.64357e+01 5.67656e-01 6.25037e+01 7.64471e-01 1.02682e+02 1.26916e+00 7.33292e+01 9.09753e-01 
3.0 3.05 3.1 5.62799e+01 7.91450e-01 3.54822e+01 4.95846e-01 9.32510e+01 1.32780e+00 3.86136e+01 5.39920e-01 5.17267e+01 7.26968e-01 8.55035e+01 1.21098e+00 6.13984e+01 8.68005e-01 
3.1 3.15 3.2 4.51729e+01 8.07078e-01 2.82396e+01 4.91949e-01 7.56308e+01 1.40349e+00 3.09748e+01 5.50632e-01 4.11916e+01 7.21231e-01 6.86782e+01 1.23471e+00 4.97578e+01 9.17605e-01 
3.2 3.25 3.3 3.29638e+01 6.80192e-01 2.04758e+01 4.07223e-01 5.55868e+01 1.20600e+00 2.25981e+01 4.63940e-01 2.98737e+01 5.97125e-01 5.01293e+01 1.04095e+00 3.65629e+01 7.88235e-01 
3.3 3.35 3.4 2.47009e+01 4.97759e-01 1.52572e+01 3.04921e-01 4.19205e+01 8.57466e-01 1.69198e+01 3.39509e-01 2.22785e+01 4.47191e-01 3.76010e+01 7.61730e-01 2.75473e+01 5.60579e-01 
3.4 3.45 3.5 1.75829e+01 4.20278e-01 1.07454e+01 2.53419e-01 3.02181e+01 7.36931e-01 1.20377e+01 2.86461e-01 1.56985e+01 3.71897e-01 2.67830e+01 6.43710e-01 1.98439e+01 4.81321e-01 
