0.0 0.05 0.1 0.00000e+00 0.00000e+00 0.00000e+00 0.00000e+00 0.00000e+00 0.00000e+00 0.00000e+00 0.00000e+00 0.00000e+00 0.00000e+00 0.00000e+00 0.00000e+00 0.00000e+00 0.00000e+00 
0.1 0.15 0.2 0.00000e+00 0.00000e+00 0.00000e+00 0.00000e+00 0.00000e+00 0.00000e+00 0.00000e+00 0.00000e+00 0.00000e+00 0.00000e+00 0.00000e+00 0.00000e+00 0.00000e+00 0.00000e+00 
0.2 0.25 0.3 0.00000e+00 0.00000e+00 0.00000e+00 0.00000e+00 0.00000e+00 0.00000e+00 0.00000e+00 0.00000e+00 0.00000e+00 0.00000e+00 0.00000e+00 0.00000e+00 0.00000e+00 0.00000e+00 
0.3 0.35 0.4 0.00000e+00 0.00000e+00 0.00000e+00 0.00000e+00 0.00000e+00 0.00000e+00 0.00000e+00 0.00000e+00 0.00000e+00 0.00000e+00 0.00000e+00 0.00000e+00 0.00000e+00 0.00000e+00 
0.4 0.45 0.5 0.00000e+00 0.00000e+00 0.00000e+00 0.00000e+00 0.00000e+00 0.00000e+00 0.00000e+00 0.00000e+00 0.00000e+00 0.00000e+00 0.00000e+00 0.00000e+00 0.00000e+00 0.00000e+00 
0.5 0.55 0.6 7.33387e+02 4.57119e+00 4.86447e+02 3.01588e+00 1.14515e+03 7.20045e+00 5.07958e+02 3.13709e+00 7.02555e+02 4.39604e+00 1.10149e+03 6.94398e+00 7.62820e+02 4.74236e+00 
0.6 0.65 0.7 6.76452e+02 4.13647e+00 4.48865e+02 2.72730e+00 1.05580e+03 6.52399e+00 4.68378e+02 2.83682e+00 6.48478e+02 3.97781e+00 1.01638e+03 6.28888e+00 7.03024e+02 4.29271e+00 
0.7 0.75 0.8 6.35473e+02 3.80711e+00 4.21966e+02 2.51921e+00 9.91036e+02 5.97940e+00 4.40005e+02 2.61135e+00 6.09624e+02 3.67409e+00 9.54804e+02 5.78704e+00 6.59913e+02 3.93572e+00 
0.8 0.85 0.9 6.15681e+02 3.62977e+00 4.08550e+02 2.40102e+00 9.61049e+02 5.70391e+00 4.26289e+02 2.49006e+00 5.90252e+02 3.50112e+00 9.25165e+02 5.51664e+00 6.39914e+02 3.75485e+00 
0.9 0.95 1.0 5.97625e+02 3.54604e+00 3.96652e+02 2.35057e+00 9.32614e+02 5.55623e+00 4.13759e+02 2.43126e+00 5.73107e+02 3.42957e+00 8.98051e+02 5.39304e+00 6.20930e+02 3.65526e+00 
1.0 1.05 1.1 5.92841e+02 3.44587e+00 3.93590e+02 2.28705e+00 9.24844e+02 5.39022e+00 4.10463e+02 2.36332e+00 5.68660e+02 3.33588e+00 8.90817e+02 5.23871e+00 6.15787e+02 3.54743e+00 
1.1 1.15 1.2 5.86358e+02 3.34016e+00 3.89280e+02 2.21889e+00 9.14756e+02 5.21875e+00 4.05989e+02 2.29128e+00 5.62412e+02 3.23586e+00 8.81037e+02 5.07677e+00 6.09097e+02 3.43546e+00 
1.2 1.25 1.3 5.97719e+02 3.37408e+00 3.96806e+02 2.24443e+00 9.32553e+02 5.26182e+00 4.13786e+02 2.31401e+00 5.73383e+02 3.27401e+00 8.98293e+02 5.12981e+00 6.20822e+02 3.46307e+00 
1.3 1.35 1.4 6.12942e+02 3.47886e+00 4.06716e+02 2.30948e+00 9.56938e+02 5.44328e+00 4.24159e+02 2.38410e+00 5.87930e+02 3.37129e+00 9.21616e+02 5.29397e+00 6.36742e+02 3.57898e+00 
1.4 1.45 1.5 6.24366e+02 3.45400e+00 4.14115e+02 2.27919e+00 9.75322e+02 5.44999e+00 4.32099e+02 2.36804e+00 5.98575e+02 3.32532e+00 9.38701e+02 5.25343e+00 6.49034e+02 3.58458e+00 
1.5 1.55 1.6 6.28547e+02 3.43501e+00 4.16913e+02 2.26924e+00 9.81775e+02 5.40860e+00 4.34941e+02 2.35505e+00 6.02691e+02 3.31082e+00 9.45128e+02 5.22448e+00 6.53232e+02 3.55755e+00 
1.6 1.65 1.7 6.44663e+02 3.43660e+00 4.27565e+02 2.27734e+00 1.00707e+03 5.38792e+00 4.46054e+02 2.35639e+00 6.18147e+02 3.32258e+00 9.69463e+02 5.22624e+00 6.70000e+02 3.54490e+00 
1.7 1.75 1.8 6.64056e+02 3.44551e+00 4.40499e+02 2.28848e+00 1.03718e+03 5.38346e+00 4.59351e+02 2.36256e+00 6.37016e+02 3.33887e+00 9.98950e+02 5.23961e+00 6.89806e+02 3.54229e+00 
1.8 1.85 1.9 6.79635e+02 3.53493e+00 4.50742e+02 2.34781e+00 1.06179e+03 5.52434e+00 4.70064e+02 2.42258e+00 6.51915e+02 3.42728e+00 1.02256e+03 5.37920e+00 7.06054e+02 3.63254e+00 
1.9 1.95 2.0 6.99254e+02 3.46993e+00 4.63671e+02 2.30434e+00 1.09268e+03 5.42178e+00 4.83548e+02 2.37891e+00 6.70742e+02 3.36328e+00 1.05232e+03 5.27901e+00 7.26438e+02 3.56678e+00 
2.0 2.05 2.1 7.21660e+02 3.54381e+00 4.78394e+02 2.35021e+00 1.12813e+03 5.54795e+00 4.98866e+02 2.42845e+00 6.92274e+02 3.43110e+00 1.08649e+03 5.39335e+00 7.49675e+02 3.64770e+00 
2.1 2.15 2.2 7.43270e+02 3.52277e+00 4.92633e+02 2.33267e+00 1.16254e+03 5.52851e+00 5.13730e+02 2.41466e+00 7.13194e+02 3.40622e+00 1.11958e+03 5.36238e+00 7.72147e+02 3.63389e+00 
2.2 2.25 2.3 7.60449e+02 3.54088e+00 5.03908e+02 2.33996e+00 1.18938e+03 5.57097e+00 5.25499e+02 2.42681e+00 7.29445e+02 3.41562e+00 1.14537e+03 5.38786e+00 7.90052e+02 3.66353e+00 
2.3 2.35 2.4 7.82649e+02 3.50072e+00 5.18609e+02 2.31584e+00 1.22413e+03 5.49817e+00 5.40779e+02 2.39940e+00 7.50809e+02 3.38023e+00 1.17897e+03 5.32645e+00 8.13023e+02 3.61580e+00 
2.4 2.45 2.5 8.11821e+02 3.57130e+00 5.37638e+02 2.34666e+00 1.27045e+03 5.65387e+00 5.60762e+02 2.44751e+00 7.78591e+02 3.42551e+00 1.22338e+03 5.43454e+00 8.43454e+02 3.71756e+00 
2.5 2.55 2.6 8.33987e+02 3.48301e+00 5.52298e+02 2.29310e+00 1.30547e+03 5.50428e+00 5.75995e+02 2.38741e+00 7.99927e+02 3.34661e+00 1.25698e+03 5.29913e+00 8.66558e+02 3.61965e+00 
2.6 2.65 2.7 8.55514e+02 3.42352e+00 5.66705e+02 2.25717e+00 1.33872e+03 5.39794e+00 5.90720e+02 2.34693e+00 8.20992e+02 3.29393e+00 1.28980e+03 5.20779e+00 8.88371e+02 3.55061e+00 
2.7 2.75 2.8 8.77441e+02 3.41740e+00 5.81020e+02 2.24647e+00 1.37373e+03 5.41026e+00 6.05674e+02 2.34189e+00 8.41983e+02 3.27930e+00 1.32336e+03 5.20079e+00 9.11246e+02 3.55678e+00 
2.8 2.85 2.9 9.01365e+02 3.40223e+00 5.96871e+02 2.22834e+00 1.41119e+03 5.41289e+00 6.22118e+02 2.33196e+00 8.65044e+02 3.25204e+00 1.35962e+03 5.17637e+00 9.35967e+02 3.55919e+00 
2.9 2.95 3.0 9.23818e+02 3.30540e+00 6.11904e+02 2.16750e+00 1.44592e+03 5.25030e+00 6.37502e+02 2.26597e+00 8.86988e+02 3.16281e+00 1.39378e+03 5.02797e+00 9.58795e+02 3.45318e+00 
3.0 3.05 3.1 9.46934e+02 3.27812e+00 6.27137e+02 2.14588e+00 1.48238e+03 5.21771e+00 6.53250e+02 2.24712e+00 9.09341e+02 3.13132e+00 1.42920e+03 4.98688e+00 9.82584e+02 3.43120e+00 
3.1 3.15 3.2 9.03715e+02 3.25136e+00 5.98016e+02 2.12338e+00 1.41615e+03 5.18879e+00 6.23207e+02 2.22835e+00 8.67427e+02 3.09903e+00 1.36457e+03 4.94724e+00 9.38261e+02 3.41140e+00 
3.2 3.25 3.3 7.52836e+02 3.07456e+00 4.97091e+02 2.00946e+00 1.18274e+03 4.89870e+00 5.18961e+02 2.10739e+00 7.21301e+02 2.93257e+00 1.13726e+03 4.67766e+00 7.83256e+02 3.22125e+00 
3.3 3.35 3.4 6.71752e+02 2.99032e+00 4.42632e+02 1.94998e+00 1.05800e+03 4.77772e+00 4.62858e+02 2.04971e+00 6.42555e+02 2.84561e+00 1.01531e+03 4.54918e+00 7.00252e+02 3.14177e+00 
3.4 3.45 3.5 6.09795e+02 2.92593e+00 4.01231e+02 1.90074e+00 9.62058e+02 4.69917e+00 4.19938e+02 2.00452e+00 5.82766e+02 2.77503e+00 9.22273e+02 4.45403e+00 6.36319e+02 3.08787e+00 
3.5 3.55 3.6 5.53419e+02 2.86716e+00 3.63493e+02 1.85997e+00 8.74980e+02 4.61132e+00 3.80911e+02 1.96421e+00 5.28224e+02 2.71558e+00 8.37542e+02 4.36458e+00 5.78338e+02 3.03018e+00 
3.6 3.65 3.7 5.04730e+02 2.72835e+00 3.31104e+02 1.77336e+00 7.99164e+02 4.37497e+00 3.47201e+02 1.86909e+00 4.81427e+02 2.58928e+00 7.64381e+02 4.15334e+00 5.27856e+02 2.87501e+00 
3.7 3.75 3.8 4.57550e+02 2.66472e+00 2.99712e+02 1.72835e+00 7.25738e+02 4.28444e+00 3.14532e+02 1.82429e+00 4.36074e+02 2.52511e+00 6.93501e+02 4.05978e+00 4.78953e+02 2.81300e+00 
3.8 3.85 3.9 4.20316e+02 2.64138e+00 2.74804e+02 1.70968e+00 6.68219e+02 4.25799e+00 2.88733e+02 1.80784e+00 4.00106e+02 2.49842e+00 6.37604e+02 4.02530e+00 4.40605e+02 2.79481e+00 
3.9 3.95 4.0 3.80464e+02 2.52999e+00 2.48401e+02 1.63667e+00 6.05848e+02 4.08056e+00 2.61184e+02 1.73106e+00 3.61900e+02 2.39247e+00 5.77614e+02 3.85705e+00 3.99153e+02 2.67729e+00 
4.0 4.05 4.1 3.46212e+02 2.45445e+00 2.25821e+02 1.59001e+00 5.51926e+02 3.95015e+00 2.37500e+02 1.67931e+00 3.29235e+02 2.32438e+00 5.26072e+02 3.74194e+00 3.63304e+02 2.59178e+00 
4.1 4.15 4.2 3.08927e+02 2.46061e+00 2.01108e+02 1.57953e+00 4.93631e+02 4.01236e+00 2.11741e+02 1.68188e+00 2.93451e+02 2.31112e+00 4.69906e+02 3.75582e+00 3.24586e+02 2.62906e+00 
4.2 4.25 4.3 2.81895e+02 2.31515e+00 1.83302e+02 1.49523e+00 4.51043e+02 3.73892e+00 1.93061e+02 1.58234e+00 2.67675e+02 2.18804e+00 4.29196e+02 3.53404e+00 2.96294e+02 2.44994e+00 
4.3 4.35 4.4 2.46806e+02 2.19680e+00 1.60335e+02 1.41866e+00 3.95362e+02 3.54913e+00 1.68878e+02 1.50022e+00 2.34345e+02 2.07767e+00 3.76185e+02 3.35674e+00 2.59428e+02 2.32319e+00 
4.4 4.45 4.5 2.19074e+02 2.11386e+00 1.42077e+02 1.36437e+00 3.51639e+02 3.41592e+00 1.49778e+02 1.44302e+00 2.07828e+02 1.99893e+00 3.34251e+02 3.23148e+00 2.30501e+02 2.23495e+00 
4.5 4.55 4.6 1.92806e+02 2.05810e+00 1.24804e+02 1.32487e+00 3.10189e+02 3.33693e+00 1.31698e+02 1.40406e+00 1.82727e+02 1.94220e+00 2.94503e+02 3.14861e+00 2.03098e+02 2.18150e+00 
4.6 4.65 4.7 1.65050e+02 1.95089e+00 1.06661e+02 1.25211e+00 2.66056e+02 3.17520e+00 1.12637e+02 1.32978e+00 1.56302e+02 1.83710e+00 2.52386e+02 2.98773e+00 1.74007e+02 2.07356e+00 
4.7 4.75 4.8 1.41400e+02 1.80540e+00 9.13139e+01 1.16103e+00 2.28119e+02 2.92994e+00 9.64001e+01 1.22969e+00 1.33948e+02 1.70476e+00 2.16492e+02 2.76747e+00 1.49008e+02 1.91166e+00 
4.8 4.85 4.9 1.20293e+02 1.72895e+00 7.75327e+01 1.10969e+00 1.94521e+02 2.81284e+00 8.19433e+01 1.17697e+00 1.13824e+02 1.63022e+00 1.84359e+02 2.65203e+00 1.26933e+02 1.83399e+00 
4.9 4.95 5.0 1.00785e+02 1.62220e+00 6.49148e+01 1.04180e+00 1.63109e+02 2.63681e+00 6.85776e+01 1.10322e+00 9.54060e+01 1.53197e+00 1.54677e+02 2.49131e+00 1.06286e+02 1.71709e+00 
5.0 5.05 5.1 8.40610e+01 1.55586e+00 5.40131e+01 9.94493e-01 1.36440e+02 2.54461e+00 5.71423e+01 1.05719e+00 7.94601e+01 1.46367e+00 1.29165e+02 2.39197e+00 8.87997e+01 1.65530e+00 
5.1 5.15 5.2 6.66102e+01 1.39305e+00 4.27538e+01 8.88810e-01 1.08255e+02 2.28336e+00 4.52419e+01 9.45632e-01 6.29482e+01 1.30935e+00 1.02456e+02 2.14428e+00 7.03821e+01 1.48342e+00 
5.2 5.25 5.3 5.07704e+01 1.26780e+00 3.25671e+01 8.11550e-01 8.25649e+01 2.06831e+00 3.44511e+01 8.60248e-01 4.79951e+01 1.19607e+00 7.81834e+01 1.95247e+00 5.36174e+01 1.34309e+00 
5.3 5.35 5.4 4.07639e+01 1.11674e+00 2.61084e+01 7.11517e-01 6.64275e+01 1.83420e+00 2.76363e+01 7.56914e-01 3.85109e+01 1.04977e+00 6.28439e+01 1.72218e+00 4.30895e+01 1.18940e+00 
5.4 5.45 5.5 3.08649e+01 1.02604e+00 1.97237e+01 6.52126e-01 5.01997e+01 1.70277e+00 2.09079e+01 6.95060e-01 2.91170e+01 9.62650e-01 4.76315e+01 1.58339e+00 3.25299e+01 1.10328e+00 
5.5 5.55 5.6 2.03639e+01 7.96413e-01 1.30172e+01 5.07432e-01 3.32563e+01 1.30666e+00 1.37832e+01 5.39347e-01 1.92324e+01 7.49294e-01 3.14583e+01 1.22947e+00 2.15281e+01 8.46427e-01 
5.6 5.65 5.7 1.63724e+01 7.06237e-01 1.04705e+01 4.50064e-01 2.67198e+01 1.15827e+00 1.10725e+01 4.77865e-01 1.54825e+01 6.65164e-01 2.53178e+01 1.09142e+00 1.72793e+01 7.49514e-01 
5.7 5.75 5.8 9.20294e+00 5.02227e-01 5.87054e+00 3.19394e-01 1.50678e+01 8.26015e-01 6.21947e+00 3.39424e-01 8.68666e+00 4.72586e-01 1.42435e+01 7.77275e-01 9.73555e+00 5.33712e-01 
5.8 5.85 5.9 6.19640e+00 4.00509e-01 3.94518e+00 2.54024e-01 1.01673e+01 6.60630e-01 4.18319e+00 2.70401e-01 5.84387e+00 3.76255e-01 9.60276e+00 6.20636e-01 6.56075e+00 4.26321e-01 
5.9 5.95 6.0 2.98889e+00 2.39443e-01 1.90435e+00 1.52177e-01 4.90059e+00 3.94051e-01 2.01674e+00 1.61551e-01 2.82233e+00 2.25550e-01 4.63499e+00 3.71351e-01 3.16018e+00 2.54079e-01 
6.0 6.05 6.1 1.92696e+00 2.27796e-01 1.22328e+00 1.44142e-01 3.17277e+00 3.76647e-01 1.29919e+00 1.53587e-01 1.81438e+00 2.13790e-01 2.99112e+00 3.53587e-01 2.04399e+00 2.42656e-01 
6.1 6.15 6.2 5.70211e-01 9.16735e-02 3.63100e-01 5.82917e-02 9.35215e-01 1.50622e-01 3.84173e-01 6.17646e-02 5.38933e-01 8.65190e-02 8.85887e-01 1.42423e-01 6.01961e-01 9.69510e-02 
6.2 6.25 6.3 1.77139e-02 6.35976e-03 1.10566e-02 3.96684e-03 2.97403e-02 1.06880e-02 1.19279e-02 4.28314e-03 1.64200e-02 5.89015e-03 2.75396e-02 9.88544e-03 1.91296e-02 6.87614e-03 
6.3 6.35 6.4 0.00000e+00 0.00000e+00 0.00000e+00 0.00000e+00 0.00000e+00 0.00000e+00 0.00000e+00 0.00000e+00 0.00000e+00 0.00000e+00 0.00000e+00 0.00000e+00 0.00000e+00 0.00000e+00 
6.4 6.45 6.5 0.00000e+00 0.00000e+00 0.00000e+00 0.00000e+00 0.00000e+00 0.00000e+00 0.00000e+00 0.00000e+00 0.00000e+00 0.00000e+00 0.00000e+00 0.00000e+00 0.00000e+00 0.00000e+00 
6.5 6.55 6.6 0.00000e+00 0.00000e+00 0.00000e+00 0.00000e+00 0.00000e+00 0.00000e+00 0.00000e+00 0.00000e+00 0.00000e+00 0.00000e+00 0.00000e+00 0.00000e+00 0.00000e+00 0.00000e+00 
6.6 6.65 6.7 0.00000e+00 0.00000e+00 0.00000e+00 0.00000e+00 0.00000e+00 0.00000e+00 0.00000e+00 0.00000e+00 0.00000e+00 0.00000e+00 0.00000e+00 0.00000e+00 0.00000e+00 0.00000e+00 
6.7 6.75 6.8 0.00000e+00 0.00000e+00 0.00000e+00 0.00000e+00 0.00000e+00 0.00000e+00 0.00000e+00 0.00000e+00 0.00000e+00 0.00000e+00 0.00000e+00 0.00000e+00 0.00000e+00 0.00000e+00 
6.8 6.85 6.9 0.00000e+00 0.00000e+00 0.00000e+00 0.00000e+00 0.00000e+00 0.00000e+00 0.00000e+00 0.00000e+00 0.00000e+00 0.00000e+00 0.00000e+00 0.00000e+00 0.00000e+00 0.00000e+00 
6.9 6.95 7.0 0.00000e+00 0.00000e+00 0.00000e+00 0.00000e+00 0.00000e+00 0.00000e+00 0.00000e+00 0.00000e+00 0.00000e+00 0.00000e+00 0.00000e+00 0.00000e+00 0.00000e+00 0.00000e+00 
7.0 7.05 7.1 0.00000e+00 0.00000e+00 0.00000e+00 0.00000e+00 0.00000e+00 0.00000e+00 0.00000e+00 0.00000e+00 0.00000e+00 0.00000e+00 0.00000e+00 0.00000e+00 0.00000e+00 0.00000e+00 
7.1 7.15 7.2 0.00000e+00 0.00000e+00 0.00000e+00 0.00000e+00 0.00000e+00 0.00000e+00 0.00000e+00 0.00000e+00 0.00000e+00 0.00000e+00 0.00000e+00 0.00000e+00 0.00000e+00 0.00000e+00 
7.2 7.25 7.3 0.00000e+00 0.00000e+00 0.00000e+00 0.00000e+00 0.00000e+00 0.00000e+00 0.00000e+00 0.00000e+00 0.00000e+00 0.00000e+00 0.00000e+00 0.00000e+00 0.00000e+00 0.00000e+00 
7.3 7.35 7.4 0.00000e+00 0.00000e+00 0.00000e+00 0.00000e+00 0.00000e+00 0.00000e+00 0.00000e+00 0.00000e+00 0.00000e+00 0.00000e+00 0.00000e+00 0.00000e+00 0.00000e+00 0.00000e+00 
7.4 7.45 7.5 0.00000e+00 0.00000e+00 0.00000e+00 0.00000e+00 0.00000e+00 0.00000e+00 0.00000e+00 0.00000e+00 0.00000e+00 0.00000e+00 0.00000e+00 0.00000e+00 0.00000e+00 0.00000e+00 
7.5 7.55 7.6 0.00000e+00 0.00000e+00 0.00000e+00 0.00000e+00 0.00000e+00 0.00000e+00 0.00000e+00 0.00000e+00 0.00000e+00 0.00000e+00 0.00000e+00 0.00000e+00 0.00000e+00 0.00000e+00 
7.6 7.65 7.7 0.00000e+00 0.00000e+00 0.00000e+00 0.00000e+00 0.00000e+00 0.00000e+00 0.00000e+00 0.00000e+00 0.00000e+00 0.00000e+00 0.00000e+00 0.00000e+00 0.00000e+00 0.00000e+00 
7.7 7.75 7.8 0.00000e+00 0.00000e+00 0.00000e+00 0.00000e+00 0.00000e+00 0.00000e+00 0.00000e+00 0.00000e+00 0.00000e+00 0.00000e+00 0.00000e+00 0.00000e+00 0.00000e+00 0.00000e+00 
7.8 7.85 7.9 0.00000e+00 0.00000e+00 0.00000e+00 0.00000e+00 0.00000e+00 0.00000e+00 0.00000e+00 0.00000e+00 0.00000e+00 0.00000e+00 0.00000e+00 0.00000e+00 0.00000e+00 0.00000e+00 
7.9 7.95 8.0 0.00000e+00 0.00000e+00 0.00000e+00 0.00000e+00 0.00000e+00 0.00000e+00 0.00000e+00 0.00000e+00 0.00000e+00 0.00000e+00 0.00000e+00 0.00000e+00 0.00000e+00 0.00000e+00 
8.0 8.05 8.1 0.00000e+00 0.00000e+00 0.00000e+00 0.00000e+00 0.00000e+00 0.00000e+00 0.00000e+00 0.00000e+00 0.00000e+00 0.00000e+00 0.00000e+00 0.00000e+00 0.00000e+00 0.00000e+00 
8.1 8.15 8.2 0.00000e+00 0.00000e+00 0.00000e+00 0.00000e+00 0.00000e+00 0.00000e+00 0.00000e+00 0.00000e+00 0.00000e+00 0.00000e+00 0.00000e+00 0.00000e+00 0.00000e+00 0.00000e+00 
8.2 8.25 8.3 0.00000e+00 0.00000e+00 0.00000e+00 0.00000e+00 0.00000e+00 0.00000e+00 0.00000e+00 0.00000e+00 0.00000e+00 0.00000e+00 0.00000e+00 0.00000e+00 0.00000e+00 0.00000e+00 
8.3 8.35 8.4 0.00000e+00 0.00000e+00 0.00000e+00 0.00000e+00 0.00000e+00 0.00000e+00 0.00000e+00 0.00000e+00 0.00000e+00 0.00000e+00 0.00000e+00 0.00000e+00 0.00000e+00 0.00000e+00 
8.4 8.45 8.5 0.00000e+00 0.00000e+00 0.00000e+00 0.00000e+00 0.00000e+00 0.00000e+00 0.00000e+00 0.00000e+00 0.00000e+00 0.00000e+00 0.00000e+00 0.00000e+00 0.00000e+00 0.00000e+00 
8.5 8.55 8.6 0.00000e+00 0.00000e+00 0.00000e+00 0.00000e+00 0.00000e+00 0.00000e+00 0.00000e+00 0.00000e+00 0.00000e+00 0.00000e+00 0.00000e+00 0.00000e+00 0.00000e+00 0.00000e+00 
8.6 8.65 8.7 0.00000e+00 0.00000e+00 0.00000e+00 0.00000e+00 0.00000e+00 0.00000e+00 0.00000e+00 0.00000e+00 0.00000e+00 0.00000e+00 0.00000e+00 0.00000e+00 0.00000e+00 0.00000e+00 
8.7 8.75 8.8 0.00000e+00 0.00000e+00 0.00000e+00 0.00000e+00 0.00000e+00 0.00000e+00 0.00000e+00 0.00000e+00 0.00000e+00 0.00000e+00 0.00000e+00 0.00000e+00 0.00000e+00 0.00000e+00 
8.8 8.85 8.9 0.00000e+00 0.00000e+00 0.00000e+00 0.00000e+00 0.00000e+00 0.00000e+00 0.00000e+00 0.00000e+00 0.00000e+00 0.00000e+00 0.00000e+00 0.00000e+00 0.00000e+00 0.00000e+00 
8.9 8.95 9.0 0.00000e+00 0.00000e+00 0.00000e+00 0.00000e+00 0.00000e+00 0.00000e+00 0.00000e+00 0.00000e+00 0.00000e+00 0.00000e+00 0.00000e+00 0.00000e+00 0.00000e+00 0.00000e+00 
9.0 9.05 9.1 0.00000e+00 0.00000e+00 0.00000e+00 0.00000e+00 0.00000e+00 0.00000e+00 0.00000e+00 0.00000e+00 0.00000e+00 0.00000e+00 0.00000e+00 0.00000e+00 0.00000e+00 0.00000e+00 
9.1 9.15 9.2 0.00000e+00 0.00000e+00 0.00000e+00 0.00000e+00 0.00000e+00 0.00000e+00 0.00000e+00 0.00000e+00 0.00000e+00 0.00000e+00 0.00000e+00 0.00000e+00 0.00000e+00 0.00000e+00 
9.2 9.25 9.3 0.00000e+00 0.00000e+00 0.00000e+00 0.00000e+00 0.00000e+00 0.00000e+00 0.00000e+00 0.00000e+00 0.00000e+00 0.00000e+00 0.00000e+00 0.00000e+00 0.00000e+00 0.00000e+00 
9.3 9.35 9.4 0.00000e+00 0.00000e+00 0.00000e+00 0.00000e+00 0.00000e+00 0.00000e+00 0.00000e+00 0.00000e+00 0.00000e+00 0.00000e+00 0.00000e+00 0.00000e+00 0.00000e+00 0.00000e+00 
9.4 9.45 9.5 0.00000e+00 0.00000e+00 0.00000e+00 0.00000e+00 0.00000e+00 0.00000e+00 0.00000e+00 0.00000e+00 0.00000e+00 0.00000e+00 0.00000e+00 0.00000e+00 0.00000e+00 0.00000e+00 
9.5 9.55 9.6 0.00000e+00 0.00000e+00 0.00000e+00 0.00000e+00 0.00000e+00 0.00000e+00 0.00000e+00 0.00000e+00 0.00000e+00 0.00000e+00 0.00000e+00 0.00000e+00 0.00000e+00 0.00000e+00 
9.6 9.65 9.7 0.00000e+00 0.00000e+00 0.00000e+00 0.00000e+00 0.00000e+00 0.00000e+00 0.00000e+00 0.00000e+00 0.00000e+00 0.00000e+00 0.00000e+00 0.00000e+00 0.00000e+00 0.00000e+00 
9.7 9.75 9.8 0.00000e+00 0.00000e+00 0.00000e+00 0.00000e+00 0.00000e+00 0.00000e+00 0.00000e+00 0.00000e+00 0.00000e+00 0.00000e+00 0.00000e+00 0.00000e+00 0.00000e+00 0.00000e+00 
9.8 9.85 9.9 0.00000e+00 0.00000e+00 0.00000e+00 0.00000e+00 0.00000e+00 0.00000e+00 0.00000e+00 0.00000e+00 0.00000e+00 0.00000e+00 0.00000e+00 0.00000e+00 0.00000e+00 0.00000e+00 
9.9 9.95 10.0 0.00000e+00 0.00000e+00 0.00000e+00 0.00000e+00 0.00000e+00 0.00000e+00 0.00000e+00 0.00000e+00 0.00000e+00 0.00000e+00 0.00000e+00 0.00000e+00 0.00000e+00 0.00000e+00 
