0.0 25.0 50.0 0.00000e+00 0.00000e+00 0.00000e+00 0.00000e+00 0.00000e+00 0.00000e+00 0.00000e+00 0.00000e+00 0.00000e+00 0.00000e+00 0.00000e+00 0.00000e+00 0.00000e+00 0.00000e+00 
50.0 75.0 100.0 2.46049e-01 2.04631e-03 1.62197e-01 1.34745e-03 3.86796e-01 3.22380e-03 1.74214e-01 1.44801e-03 2.29086e-01 1.90430e-03 3.59603e-01 2.99291e-03 2.64669e-01 2.20434e-03 
100.0 125.0 150.0 6.50358e-01 2.71190e-03 4.28373e-01 1.78492e-03 1.02325e+00 4.27383e-03 4.62042e-01 1.92344e-03 6.03004e-01 2.51682e-03 9.46640e-01 3.95542e-03 7.03048e-01 2.93054e-03 
150.0 175.0 200.0 6.44734e-01 2.46179e-03 4.24198e-01 1.61672e-03 1.01569e+00 3.89034e-03 4.59068e-01 1.74847e-03 5.95805e-01 2.27648e-03 9.35940e-01 3.58463e-03 6.99742e-01 2.67205e-03 
200.0 225.0 250.0 5.66878e-01 2.13513e-03 3.72477e-01 1.39925e-03 8.94412e-01 3.38218e-03 4.04293e-01 1.51806e-03 5.22307e-01 1.96817e-03 8.21305e-01 3.10504e-03 6.17401e-01 2.32594e-03 
250.0 275.0 300.0 4.54584e-01 1.80642e-03 2.98253e-01 1.18193e-03 7.18454e-01 2.86691e-03 3.24618e-01 1.28483e-03 4.17697e-01 1.66191e-03 6.57612e-01 2.62591e-03 4.96697e-01 1.97246e-03 
300.0 325.0 350.0 3.56541e-01 1.56012e-03 2.33483e-01 1.01716e-03 5.64889e-01 2.48834e-03 2.54848e-01 1.10972e-03 3.26677e-01 1.43012e-03 5.15199e-01 2.26772e-03 3.90971e-01 1.71210e-03 
350.0 375.0 400.0 2.83847e-01 1.38060e-03 1.85584e-01 8.98345e-04 4.50439e-01 2.20583e-03 2.03005e-01 9.81817e-04 2.59509e-01 1.26331e-03 4.09877e-01 2.00729e-03 3.11972e-01 1.51729e-03 
400.0 425.0 450.0 2.27076e-01 1.22170e-03 1.48174e-01 7.94377e-04 3.61183e-01 1.95334e-03 1.62484e-01 8.68807e-04 2.07094e-01 1.11713e-03 3.27708e-01 1.77630e-03 2.50298e-01 1.34360e-03 
450.0 475.0 500.0 1.83919e-01 1.11615e-03 1.19807e-01 7.24780e-04 2.93117e-01 1.78718e-03 1.31652e-01 7.93634e-04 1.67385e-01 1.01940e-03 2.65308e-01 1.62312e-03 2.03219e-01 1.22910e-03 
500.0 525.0 550.0 1.52346e-01 1.03458e-03 9.90743e-02 6.71011e-04 2.43277e-01 1.65889e-03 1.09088e-01 7.35525e-04 1.38372e-01 9.43928e-04 2.19676e-01 1.50476e-03 1.68732e-01 1.14070e-03 
550.0 575.0 600.0 1.23944e-01 9.37780e-04 8.04689e-02 6.07102e-04 1.98309e-01 1.50691e-03 8.87824e-02 6.66564e-04 1.12347e-01 8.54197e-04 1.78648e-01 1.36432e-03 1.37600e-01 1.03591e-03 
600.0 625.0 650.0 1.04565e-01 8.59524e-04 6.77628e-02 5.53780e-04 1.67653e-01 1.38914e-03 7.49116e-02 6.11116e-04 9.45931e-02 7.78944e-04 1.50689e-01 1.25004e-03 1.16348e-01 9.55275e-04 
650.0 675.0 700.0 8.77610e-02 7.65269e-04 5.67796e-02 4.93019e-04 1.40984e-01 1.23678e-03 6.28906e-02 5.44239e-04 7.92392e-02 6.93297e-04 1.26432e-01 1.11263e-03 9.78714e-02 8.50745e-04 
700.0 725.0 750.0 7.43729e-02 7.22398e-04 4.80339e-02 4.64716e-04 1.19719e-01 1.16926e-03 5.33005e-02 5.13602e-04 6.70287e-02 6.53682e-04 1.07136e-01 1.05067e-03 8.31158e-02 8.04013e-04 
750.0 775.0 800.0 6.45233e-02 6.90026e-04 4.15953e-02 4.43247e-04 1.04090e-01 1.11883e-03 4.62377e-02 4.90497e-04 5.80490e-02 6.23598e-04 9.29574e-02 1.00380e-03 7.22571e-02 7.69167e-04 
800.0 825.0 850.0 5.41261e-02 6.33753e-04 3.48569e-02 4.06357e-04 8.74186e-02 1.02983e-03 3.88090e-02 4.50632e-04 4.86174e-02 5.71524e-04 7.79253e-02 9.21611e-04 6.07254e-02 7.08237e-04 
850.0 875.0 900.0 4.63021e-02 6.04217e-04 2.97597e-02 3.87233e-04 7.49562e-02 9.82288e-04 3.31956e-02 4.29381e-04 4.15123e-02 5.44948e-04 6.66703e-02 8.79280e-04 5.20611e-02 6.75072e-04 
900.0 925.0 950.0 4.01801e-02 5.63041e-04 2.57945e-02 3.60361e-04 6.51326e-02 9.16714e-04 2.88115e-02 4.00348e-04 3.59749e-02 5.06837e-04 5.78429e-02 8.18782e-04 4.52476e-02 6.30440e-04 
950.0 975.0 1000.0 3.52772e-02 6.01853e-04 2.25924e-02 3.81163e-04 5.73471e-02 9.92833e-04 2.52890e-02 4.27380e-04 3.15174e-02 5.36769e-04 5.08020e-02 8.76608e-04 3.98252e-02 6.81648e-04 
1000.0 1025.0 1050.0 3.11436e-02 5.42682e-04 1.99113e-02 3.43891e-04 5.07286e-02 8.94556e-04 2.23338e-02 3.85815e-04 2.77668e-02 4.83758e-04 4.48297e-02 7.89313e-04 3.52437e-02 6.15125e-04 
1050.0 1075.0 1100.0 2.77149e-02 5.19511e-04 1.77095e-02 3.31301e-04 4.51712e-02 8.49388e-04 1.98725e-02 3.69160e-04 2.46997e-02 4.66260e-04 3.99005e-02 7.56062e-04 3.13783e-02 5.83686e-04 
1100.0 1125.0 1150.0 2.32898e-02 4.67705e-04 1.48608e-02 2.97603e-04 3.80219e-02 7.66692e-04 1.67020e-02 3.32387e-04 2.07234e-02 4.18779e-04 3.35239e-02 6.80566e-04 2.64163e-02 5.26925e-04 
1150.0 1175.0 1200.0 2.07618e-02 4.67431e-04 1.32252e-02 2.96722e-04 3.39604e-02 7.68291e-04 1.48865e-02 3.31990e-04 1.84457e-02 4.17795e-04 2.98915e-02 6.80673e-04 2.35895e-02 5.27638e-04 
1200.0 1225.0 1250.0 1.83253e-02 4.33027e-04 1.16537e-02 2.73933e-04 3.00320e-02 7.14633e-04 1.31430e-02 3.07627e-04 1.62494e-02 3.85607e-04 2.63750e-02 6.30395e-04 2.08672e-02 4.90906e-04 
1250.0 1275.0 1300.0 1.63618e-02 4.31907e-04 1.03953e-02 2.73130e-04 2.68433e-02 7.13136e-04 1.17317e-02 3.06644e-04 1.44989e-02 3.84717e-04 2.35569e-02 6.29219e-04 1.86458e-02 4.89532e-04 
1300.0 1325.0 1350.0 1.47127e-02 3.97805e-04 9.33302e-03 2.51172e-04 2.41825e-02 6.58080e-04 1.05495e-02 2.82559e-04 1.30166e-02 3.53623e-04 2.11817e-02 5.79227e-04 1.67978e-02 4.51970e-04 
1350.0 1375.0 1400.0 1.28414e-02 3.65317e-04 8.13441e-03 2.30290e-04 2.11404e-02 6.05368e-04 9.21485e-03 2.59702e-04 1.13363e-02 3.23969e-04 1.84705e-02 5.31393e-04 1.46984e-02 4.16219e-04 
1400.0 1425.0 1450.0 1.11555e-02 3.40366e-04 7.06405e-03 2.14928e-04 1.83713e-02 5.62797e-04 8.00409e-03 2.41990e-04 9.84579e-03 3.02315e-04 1.60477e-02 4.95022e-04 1.27715e-02 3.86988e-04 
1450.0 1475.0 1500.0 1.02813e-02 3.54749e-04 6.50057e-03 2.23193e-04 1.69633e-02 5.89166e-04 7.37260e-03 2.51590e-04 9.06571e-03 3.14729e-04 1.48011e-02 5.17514e-04 1.17840e-02 4.03903e-04 
1500.0 1525.0 1550.0 1.00919e-02 3.43663e-04 6.36095e-03 2.15509e-04 1.67111e-02 5.72992e-04 7.23415e-03 2.43950e-04 8.87407e-03 3.03611e-04 1.45346e-02 5.00781e-04 1.16036e-02 3.93243e-04 
1550.0 1575.0 1600.0 8.14787e-03 2.99025e-04 5.14116e-03 1.87986e-04 1.34738e-02 4.97035e-04 5.84710e-03 2.12574e-04 7.16450e-03 2.64449e-04 1.17189e-02 4.34960e-04 9.36859e-03 3.41721e-04 
1600.0 1625.0 1650.0 7.33417e-03 3.07232e-04 4.61807e-03 1.91996e-04 1.21576e-02 5.14295e-04 5.26212e-03 2.18121e-04 6.43672e-03 2.70434e-04 1.05512e-02 4.47617e-04 8.45109e-03 3.52998e-04 
1650.0 1675.0 1700.0 6.71398e-03 2.83331e-04 4.21828e-03 1.77060e-04 1.11582e-02 4.74227e-04 4.81563e-03 2.01329e-04 5.88133e-03 2.49184e-04 9.66262e-03 4.12362e-04 7.75346e-03 3.25850e-04 
1700.0 1725.0 1750.0 6.11261e-03 2.77135e-04 3.83930e-03 1.72999e-04 1.01619e-02 4.64409e-04 4.38473e-03 1.96811e-04 5.35242e-03 2.43611e-04 8.79616e-03 4.03623e-04 7.06196e-03 3.18884e-04 
1750.0 1775.0 1800.0 5.08766e-03 2.48275e-04 3.18947e-03 1.54280e-04 8.47629e-03 4.18266e-04 3.65085e-03 1.76393e-04 4.44478e-03 2.17148e-04 7.31795e-03 3.61403e-04 5.89308e-03 2.87331e-04 
1800.0 1825.0 1850.0 4.96773e-03 2.42231e-04 3.11595e-03 1.51163e-04 8.27142e-03 4.06176e-04 3.56593e-03 1.72507e-04 4.34099e-03 2.12269e-04 7.14252e-03 3.51597e-04 5.75310e-03 2.79849e-04 
1850.0 1875.0 1900.0 4.24157e-03 2.31248e-04 2.65770e-03 1.43941e-04 7.07053e-03 3.88793e-04 3.04382e-03 1.64291e-04 3.70364e-03 2.02607e-04 6.10072e-03 3.36633e-04 4.91604e-03 2.67082e-04 
1900.0 1925.0 1950.0 3.73488e-03 2.22519e-04 2.33607e-03 1.38096e-04 6.23882e-03 3.75434e-04 2.68067e-03 1.58166e-04 3.25482e-03 1.94274e-04 5.37082e-03 3.23733e-04 4.33855e-03 2.58039e-04 
1950.0 1975.0 2000.0 3.77094e-03 2.51628e-04 2.35708e-03 1.56410e-04 6.30398e-03 4.23735e-04 2.70351e-03 1.78671e-04 3.28787e-03 2.20291e-04 5.43004e-03 3.66545e-04 4.37811e-03 2.90912e-04 
2000.0 2025.0 2050.0 3.26980e-03 2.17750e-04 2.03988e-03 1.35070e-04 5.47754e-03 3.67459e-04 2.34781e-03 1.54992e-04 2.84100e-03 1.89764e-04 4.69968e-03 3.16264e-04 3.81107e-03 2.53003e-04 
2050.0 2075.0 2100.0 2.76860e-03 1.95406e-04 1.72501e-03 1.21322e-04 4.64514e-03 3.29468e-04 1.98760e-03 1.39094e-04 2.40288e-03 1.70441e-04 3.98023e-03 2.83801e-04 3.23117e-03 2.26851e-04 
2100.0 2125.0 2150.0 2.85140e-03 2.35971e-04 1.77812e-03 1.46744e-04 4.77899e-03 3.97011e-04 2.04601e-03 1.68072e-04 2.47813e-03 2.06026e-04 4.10159e-03 3.42443e-04 3.32243e-03 2.73570e-04 
2150.0 2175.0 2200.0 2.46646e-03 2.05336e-04 1.53447e-03 1.27356e-04 4.14469e-03 3.46526e-04 1.77149e-03 1.46412e-04 2.13650e-03 1.78612e-04 3.54376e-03 2.97588e-04 2.88476e-03 2.39104e-04 
2200.0 2225.0 2250.0 2.14356e-03 2.08498e-04 1.33293e-03 1.28976e-04 3.60429e-03 3.52951e-04 1.53865e-03 1.48471e-04 1.85699e-03 1.81120e-04 3.08209e-03 3.02645e-04 2.50680e-03 2.43154e-04 
2250.0 2275.0 2300.0 1.98526e-03 2.07280e-04 1.23367e-03 1.28133e-04 3.34035e-03 3.51113e-04 1.42599e-03 1.47602e-04 1.71755e-03 1.79941e-04 2.85221e-03 3.00894e-04 2.32509e-03 2.41875e-04 
2300.0 2325.0 2350.0 1.32995e-03 1.19499e-04 8.27539e-04 7.41033e-05 2.23412e-03 2.01692e-04 9.58381e-04 8.54463e-05 1.14837e-03 1.03631e-04 1.90331e-03 1.72612e-04 1.56108e-03 1.39623e-04 
2350.0 2375.0 2400.0 1.78681e-03 2.07297e-04 1.10552e-03 1.27462e-04 3.02183e-03 3.53396e-04 1.28154e-03 1.47377e-04 1.54139e-03 1.79280e-04 2.57164e-03 3.01494e-04 2.09959e-03 2.42974e-04 
2400.0 2425.0 2450.0 1.57629e-03 1.75388e-04 9.73588e-04 1.07936e-04 2.67102e-03 2.98651e-04 1.13103e-03 1.24819e-04 1.35687e-03 1.51666e-04 2.26747e-03 2.54767e-04 1.85683e-03 2.05600e-04 
2450.0 2475.0 2500.0 1.36312e-03 1.80716e-04 8.42652e-04 1.11549e-04 2.30778e-03 3.06728e-04 9.78698e-04 1.28586e-04 1.17368e-03 1.56780e-04 1.95938e-03 2.62569e-04 1.60556e-03 2.11123e-04 
2500.0 2525.0 2550.0 9.42019e-04 1.02429e-04 5.83304e-04 6.29994e-05 1.59133e-03 1.74612e-04 6.79413e-04 7.33336e-05 8.08730e-04 8.79799e-05 1.34673e-03 1.47730e-04 1.11304e-03 1.21039e-04 
2550.0 2575.0 2600.0 9.53421e-04 1.18292e-04 5.87866e-04 7.24421e-05 1.61829e-03 2.02505e-04 6.86256e-04 8.44609e-05 8.16712e-04 1.01458e-04 1.36634e-03 1.71167e-04 1.12919e-03 1.39947e-04 
2600.0 2625.0 2650.0 1.07864e-03 1.22454e-04 6.67770e-04 7.56000e-05 1.82239e-03 2.07677e-04 7.76329e-04 8.75000e-05 9.27819e-04 1.05801e-04 1.54586e-03 1.77014e-04 1.27160e-03 1.43667e-04 
2650.0 2675.0 2700.0 7.29500e-04 9.51555e-05 4.49836e-04 5.83612e-05 1.23808e-03 1.62628e-04 5.24676e-04 6.78313e-05 6.25449e-04 8.18702e-05 1.04642e-03 1.37953e-04 8.63119e-04 1.12175e-04 
2700.0 2725.0 2750.0 5.85786e-04 6.80513e-05 3.62755e-04 4.20112e-05 9.89221e-04 1.15398e-04 4.23158e-04 4.88247e-05 5.02159e-04 5.85527e-05 8.35845e-04 9.78941e-05 6.93253e-04 8.02149e-05 
2750.0 2775.0 2800.0 5.03732e-04 6.09018e-05 3.10759e-04 3.72674e-05 8.54351e-04 1.04366e-04 3.63342e-04 4.36061e-05 4.30817e-04 5.20426e-05 7.20059e-04 8.78305e-05 5.97647e-04 7.23551e-05 
2800.0 2825.0 2850.0 6.80162e-04 1.00097e-04 4.18144e-04 6.10813e-05 1.15850e-03 1.72086e-04 4.89092e-04 7.14123e-05 5.81493e-04 8.56158e-05 9.75892e-04 1.44983e-04 8.07420e-04 1.18808e-04 
2850.0 2875.0 2900.0 4.63987e-04 6.35732e-05 2.85634e-04 3.89728e-05 7.88975e-04 1.08685e-04 3.34249e-04 4.54911e-05 3.96502e-04 5.44632e-05 6.64266e-04 9.17442e-05 5.51093e-04 7.53109e-05 
2900.0 2925.0 2950.0 4.12935e-04 6.41519e-05 2.53812e-04 3.92153e-05 7.03285e-04 1.10033e-04 2.97815e-04 4.59403e-05 3.51915e-04 5.47577e-05 5.90357e-04 9.24916e-05 4.91907e-04 7.63119e-05 
2950.0 2975.0 3000.0 3.10047e-04 5.06204e-05 1.90316e-04 3.09296e-05 5.28849e-04 8.68457e-05 2.23792e-04 3.62467e-05 2.63668e-04 4.31957e-05 4.42826e-04 7.29889e-05 3.70273e-04 6.02323e-05 
3000.0 3025.0 3050.0 2.28634e-04 3.77819e-05 1.40050e-04 2.26928e-05 3.90862e-04 6.61885e-05 1.65593e-04 2.70604e-05 1.93349e-04 3.16715e-05 3.25249e-04 5.44923e-05 2.74718e-04 4.58663e-05 
3050.0 3075.0 3100.0 2.42111e-04 4.11371e-05 1.37426e-04 2.26536e-05 3.81920e-04 6.33746e-05 1.61809e-04 2.65939e-05 2.05846e-04 3.51230e-05 3.19309e-04 5.31075e-05 2.89242e-04 4.89446e-05 
3100.0 3125.0 3150.0 2.33424e-04 3.89660e-05 1.43393e-04 2.38952e-05 3.69490e-04 6.46279e-05 1.69018e-04 2.80742e-05 1.84137e-04 2.95472e-05 3.32134e-04 5.57772e-05 2.79446e-04 4.64840e-05 
3150.0 3175.0 3200.0 1.74545e-04 3.13027e-05 1.07359e-04 1.92252e-05 2.96920e-04 5.33684e-05 1.26486e-04 2.25962e-05 1.48147e-04 2.66309e-05 2.48118e-04 4.47033e-05 2.08868e-04 3.73664e-05 
3200.0 3225.0 3250.0 1.33951e-04 2.14322e-05 8.17100e-05 1.30794e-05 2.30049e-04 3.67993e-05 9.73326e-05 1.55515e-05 1.12437e-04 1.80216e-05 1.89803e-04 3.04198e-05 1.62323e-04 2.59185e-05 
3250.0 3275.0 3300.0 1.72267e-04 2.78103e-05 1.05043e-04 1.68658e-05 2.96051e-04 4.81703e-05 1.24916e-04 2.00761e-05 1.44842e-04 2.33567e-05 2.44686e-04 3.97166e-05 2.08391e-04 3.37161e-05 
3300.0 3325.0 3350.0 1.29082e-04 2.34344e-05 7.90753e-05 1.42617e-05 2.20513e-04 4.03656e-05 9.36936e-05 1.69039e-05 1.08939e-04 1.97698e-05 1.83135e-04 3.34951e-05 1.55421e-04 2.82382e-05 
3350.0 3375.0 3400.0 6.79442e-05 1.03764e-05 4.17063e-05 6.36364e-06 1.15752e-04 1.77090e-05 4.95339e-05 7.52967e-06 5.72065e-05 8.76914e-06 9.58900e-05 1.47266e-05 8.20152e-05 1.24769e-05 
3400.0 3425.0 3450.0 7.83624e-05 1.35739e-05 4.79558e-05 8.31624e-06 1.33996e-04 2.31892e-05 5.70928e-05 9.86074e-06 6.58159e-05 1.14467e-05 1.10678e-04 1.92388e-05 9.48598e-05 1.63586e-05 
3450.0 3475.0 3500.0 6.00305e-05 1.10744e-05 3.65312e-05 6.70992e-06 1.03333e-04 1.91690e-05 4.36639e-05 8.01736e-06 5.02201e-05 9.26773e-06 8.49541e-05 1.57590e-05 7.30087e-05 1.34694e-05 
3500.0 3525.0 3550.0 5.70972e-05 9.97935e-06 3.49886e-05 6.10807e-06 1.04271e-04 1.85350e-05 4.45846e-05 7.88022e-06 4.79430e-05 8.40568e-06 8.04829e-05 1.41395e-05 7.39065e-05 1.30640e-05 
3550.0 3575.0 3600.0 1.13918e-04 3.14545e-05 6.91459e-05 1.89061e-05 1.96727e-04 5.49673e-05 9.63956e-05 2.68438e-05 1.11981e-04 3.12966e-05 1.62574e-04 4.53472e-05 1.37838e-04 3.81237e-05 
3600.0 3625.0 3650.0 6.95024e-05 1.35570e-05 4.24882e-05 8.22881e-06 1.18972e-04 2.34178e-05 5.05687e-05 9.79708e-06 5.83942e-05 1.13857e-05 9.83218e-05 1.93341e-05 8.40950e-05 1.64182e-05 
3650.0 3675.0 3700.0 4.74557e-05 1.00311e-05 2.89588e-05 6.12798e-06 8.14155e-05 1.71986e-05 3.45805e-05 7.28879e-06 3.66572e-05 7.77217e-06 6.70144e-05 1.42138e-05 5.76453e-05 1.21346e-05 
3700.0 3725.0 3750.0 8.37812e-05 2.00077e-05 5.06003e-05 1.20368e-05 1.45380e-04 3.48836e-05 6.08155e-05 1.44830e-05 6.97021e-05 1.66263e-05 1.18848e-04 2.84751e-05 1.02472e-04 2.45062e-05 
3750.0 3775.0 3800.0 4.47452e-05 9.68113e-06 2.72629e-05 5.88800e-06 7.68877e-05 1.66800e-05 3.25540e-05 7.01323e-06 3.74705e-05 8.12691e-06 6.33015e-05 1.37664e-05 5.43443e-05 1.17282e-05 
3800.0 3825.0 3850.0 1.68659e-05 2.98502e-06 1.03004e-05 1.82701e-06 2.88934e-05 5.10561e-06 1.23704e-05 2.18407e-06 1.40422e-05 2.49649e-06 2.36324e-05 4.19511e-06 2.06176e-05 3.63180e-06 
3850.0 3875.0 3900.0 2.16789e-05 3.65476e-06 1.31391e-05 2.20248e-06 3.74643e-05 6.36319e-06 1.58448e-05 2.65641e-06 1.79753e-05 3.02968e-06 3.05042e-05 5.17723e-06 2.66218e-05 4.49084e-06 
3900.0 3925.0 3950.0 2.10852e-05 3.88103e-06 1.28363e-05 2.35840e-06 3.62424e-05 6.69088e-06 1.54150e-05 2.82883e-06 1.75573e-05 3.23511e-06 2.96573e-05 5.47850e-06 2.57656e-05 4.73883e-06 
3950.0 3975.0 4000.0 3.02427e-05 6.71270e-06 1.83814e-05 4.07587e-06 5.20936e-05 1.15824e-05 2.20453e-05 4.87606e-06 2.52155e-05 5.61076e-06 4.26863e-05 9.51422e-06 3.69054e-05 8.17113e-06 
