0.0 25.0 50.0 4.15426e+00 1.64146e-02 2.76375e+00 1.08469e-02 6.46560e+00 2.58287e-02 2.85183e+00 1.12239e-02 4.02642e+00 1.58663e-02 6.30656e+00 2.50429e-02 4.25977e+00 1.69345e-02 
50.0 75.0 100.0 2.09795e+00 6.54379e-03 1.38708e+00 4.31863e-03 3.28782e+00 1.02937e-02 1.47073e+00 4.56907e-03 1.97895e+00 6.18652e-03 3.10401e+00 9.73037e-03 2.22271e+00 6.92483e-03 
100.0 125.0 150.0 2.24618e-01 1.10816e-03 1.47550e-01 7.29239e-04 3.54369e-01 1.74601e-03 1.60766e-01 7.90512e-04 2.06176e-01 1.02243e-03 3.24049e-01 1.60521e-03 2.45674e-01 1.20564e-03 
150.0 175.0 200.0 3.31677e-02 2.49757e-04 2.16916e-02 1.63708e-04 5.25636e-02 3.95060e-04 2.40305e-02 1.80398e-04 2.99419e-02 2.26674e-04 4.71532e-02 3.56385e-04 3.69774e-02 2.76902e-04 
200.0 225.0 250.0 6.64891e-03 7.06649e-05 4.33399e-03 4.61976e-05 1.05719e-02 1.12038e-04 4.85963e-03 5.15017e-05 5.93012e-03 6.33926e-05 9.35410e-03 9.97533e-05 7.51520e-03 7.93765e-05 
250.0 275.0 300.0 1.69187e-03 2.38473e-05 1.10039e-03 1.55633e-05 2.69572e-03 3.78674e-05 1.24486e-03 1.74980e-05 1.49561e-03 2.12120e-05 2.36141e-03 3.33943e-05 1.93153e-03 2.70440e-05 
300.0 325.0 350.0 4.93772e-04 8.97066e-06 3.20396e-04 5.83754e-06 7.88545e-04 1.42866e-05 3.65229e-04 6.61938e-06 4.33179e-04 7.91155e-06 6.84879e-04 1.24779e-05 5.68545e-04 1.02718e-05 
350.0 375.0 400.0 1.61215e-04 3.63218e-06 1.04386e-04 2.35716e-06 2.58002e-04 5.80055e-06 1.19792e-04 2.69365e-06 1.40486e-04 3.17864e-06 2.22417e-04 5.02274e-06 1.87018e-04 4.19497e-06 
400.0 425.0 450.0 5.99343e-05 1.69756e-06 3.87286e-05 1.09929e-06 9.61045e-05 2.71670e-06 4.46946e-05 1.26357e-06 5.19362e-05 1.47693e-06 8.23373e-05 2.33725e-06 6.99595e-05 1.97330e-06 
450.0 475.0 500.0 2.16605e-05 7.54933e-07 1.39638e-05 4.88033e-07 3.48130e-05 1.20992e-06 1.62085e-05 5.64157e-07 1.86614e-05 6.53096e-07 2.96357e-05 1.03452e-06 2.54456e-05 8.82981e-07 
500.0 525.0 550.0 9.00371e-06 4.28541e-07 5.80038e-06 2.76931e-07 1.44787e-05 6.86902e-07 6.75746e-06 3.21193e-07 7.72876e-06 3.69499e-07 1.22765e-05 5.85234e-07 1.06193e-05 5.03012e-07 
550.0 575.0 600.0 3.39300e-06 2.00590e-07 2.17834e-06 1.29265e-07 5.47614e-06 3.22459e-07 2.55338e-06 1.50757e-07 2.89472e-06 1.71998e-07 4.61195e-06 2.73071e-07 4.02893e-06 2.36878e-07 
600.0 625.0 650.0 1.55528e-06 1.13451e-07 9.95098e-07 7.28778e-08 2.51931e-06 1.83003e-07 1.17314e-06 8.54581e-08 1.31929e-06 9.67528e-08 2.10831e-06 1.54042e-07 1.85854e-06 1.34785e-07 
650.0 675.0 700.0 8.04476e-07 6.88687e-08 5.14412e-07 4.42707e-08 1.30380e-06 1.10980e-07 6.07858e-07 5.19672e-08 6.80827e-07 5.86712e-08 1.08831e-06 9.33140e-08 9.63812e-07 8.19108e-08 
700.0 725.0 750.0 3.64228e-07 3.86993e-08 2.32532e-07 2.48254e-08 5.91247e-07 6.24928e-08 2.75627e-07 2.92544e-08 3.07287e-07 3.28408e-08 4.91835e-07 5.23219e-08 4.37862e-07 4.62230e-08 
750.0 775.0 800.0 1.96824e-07 2.43782e-08 1.24930e-07 1.55454e-08 3.21457e-07 3.96107e-08 1.49314e-07 1.84775e-08 1.64685e-07 2.05101e-08 2.65017e-07 3.28571e-08 2.38748e-07 2.93894e-08 
800.0 825.0 850.0 8.38850e-08 1.33943e-08 4.92438e-08 8.13586e-09 1.46979e-07 2.27365e-08 6.36944e-08 1.01585e-08 6.48376e-08 1.07246e-08 1.04267e-07 1.71368e-08 1.09272e-07 1.68836e-08 
850.0 875.0 900.0 3.62910e-08 6.45762e-09 2.29342e-08 4.10178e-09 5.95445e-08 1.05365e-08 2.76385e-08 4.91132e-09 3.01146e-08 5.39326e-09 4.86478e-08 8.66989e-09 4.44209e-08 7.84803e-09 
900.0 925.0 950.0 8.71470e-09 1.84705e-09 5.46234e-09 1.16509e-09 1.44273e-08 3.03651e-09 6.65367e-09 1.40826e-09 7.15444e-09 1.52813e-09 1.16480e-08 2.47281e-09 1.07942e-08 2.26812e-09 
950.0 975.0 1000.0 9.34613e-09 1.74531e-09 5.86513e-09 1.10105e-09 1.54539e-08 2.86990e-09 7.13715e-09 1.33131e-09 7.68051e-09 1.44345e-09 1.24892e-08 2.33535e-09 1.15650e-08 2.14481e-09 
1000.0 1025.0 1050.0 3.29313e-09 7.49698e-10 2.06155e-09 4.72553e-10 4.96074e-09 1.15854e-09 2.51908e-09 5.72896e-10 2.44449e-09 5.79848e-10 4.39177e-09 1.00102e-09 3.72059e-09 8.67753e-10 
1050.0 1075.0 1100.0 1.33618e-09 3.53202e-10 8.30784e-10 2.20945e-10 2.23081e-09 5.85768e-10 1.02323e-09 2.70174e-10 1.08489e-09 2.88845e-10 1.77967e-09 4.71049e-10 1.67493e-09 4.39221e-10 
1100.0 1125.0 1150.0 8.70459e-10 1.93342e-10 5.39838e-10 1.20471e-10 1.45731e-09 3.22026e-10 6.67406e-10 1.48164e-10 7.04080e-10 1.57203e-10 1.15767e-09 2.57290e-10 1.09576e-09 2.41984e-10 
1150.0 1175.0 1200.0 4.45889e-10 1.33933e-10 2.77181e-10 8.38274e-11 7.44427e-10 2.21901e-10 3.42204e-10 1.02746e-10 3.61165e-10 1.09271e-10 5.92336e-10 1.78004e-10 5.60379e-10 1.66961e-10 
1200.0 1225.0 1250.0 9.32262e-11 2.45511e-11 5.71403e-11 1.51148e-11 1.58071e-10 4.14227e-11 7.16862e-11 1.88656e-11 7.43099e-11 1.96698e-11 1.23573e-10 3.25680e-11 1.19253e-10 3.12258e-11 
1250.0 1275.0 1300.0 8.46290e-11 1.89745e-11 5.17595e-11 1.16580e-11 1.43798e-10 3.20814e-11 6.51406e-11 1.45962e-11 6.72447e-11 1.51550e-11 1.12052e-10 2.51399e-11 1.08606e-10 2.42135e-11 
1300.0 1325.0 1350.0 6.88351e-11 1.72873e-11 3.62045e-11 9.74086e-12 1.16843e-10 2.91918e-11 5.29992e-11 1.32938e-11 4.70216e-11 1.26699e-11 9.11094e-11 2.29130e-11 8.82788e-11 2.20247e-11 
1350.0 1375.0 1400.0 3.56435e-11 9.64219e-12 2.18000e-11 5.92440e-12 6.05755e-11 1.63051e-11 2.74680e-11 7.42887e-12 2.82885e-11 7.68945e-12 4.71305e-11 1.27530e-11 4.58116e-11 1.23278e-11 
1400.0 1425.0 1450.0 1.81024e-11 5.30009e-12 1.10017e-11 3.23770e-12 3.09804e-11 9.01906e-12 1.39561e-11 4.08395e-12 1.42703e-11 4.20182e-12 2.39249e-11 7.00909e-12 2.34409e-11 6.81994e-12 
1450.0 1475.0 1500.0 9.27815e-12 2.88097e-12 5.61522e-12 1.74919e-12 1.59506e-11 4.93546e-12 7.15958e-12 2.22194e-12 7.27680e-12 2.26800e-12 1.22498e-11 3.80604e-12 1.20812e-11 3.73587e-12 
1500.0 1525.0 1550.0 1.88847e-12 6.41164e-13 1.13300e-12 3.85763e-13 3.94106e-12 1.29564e-12 1.45965e-12 4.95292e-13 1.46584e-12 4.99367e-13 2.48859e-12 8.45470e-13 2.99080e-12 9.82769e-13 
1550.0 1575.0 1600.0 1.08548e-13 4.42265e-14 6.41492e-14 2.62308e-14 1.91541e-13 7.77142e-14 8.41732e-14 3.42947e-14 8.27248e-14 3.38270e-14 1.42498e-13 5.80604e-14 1.45905e-13 5.91970e-14 
1600.0 1625.0 1650.0 2.81914e-13 9.26697e-14 1.68198e-13 5.55033e-14 4.92610e-13 1.61226e-13 2.18249e-13 7.17402e-14 2.17262e-13 7.16951e-14 3.70807e-13 1.21894e-13 3.74515e-13 1.22570e-13 
1650.0 1675.0 1700.0 7.44961e-13 2.54080e-13 4.43827e-13 1.51377e-13 1.30279e-12 4.44222e-13 5.76566e-13 1.96501e-13 5.73451e-13 1.95732e-13 9.80184e-13 3.34598e-13 9.90147e-13 3.37322e-13 
1700.0 1725.0 1750.0 7.34390e-16 3.34419e-16 4.23464e-16 1.94779e-16 1.33315e-15 6.00734e-16 5.70913e-16 2.59901e-16 5.44721e-16 2.50629e-16 9.61277e-16 4.37881e-16 1.01850e-15 4.58800e-16 
1750.0 1775.0 1800.0 8.36798e-17 4.23423e-17 4.70263e-17 2.39210e-17 1.56385e-16 7.86767e-17 6.51446e-17 3.29518e-17 6.04054e-17 3.07378e-17 1.09356e-16 5.53561e-17 1.19664e-16 6.01800e-17 
1800.0 1825.0 1850.0 1.01213e-17 5.40204e-18 5.76913e-18 3.12452e-18 1.86158e-17 9.77135e-18 7.89682e-18 4.21624e-18 7.39391e-18 4.00313e-18 1.31949e-17 7.03970e-18 1.42785e-17 7.49777e-18 
1850.0 1875.0 1900.0 2.11153e-17 1.68990e-17 1.17501e-17 9.44268e-18 3.97120e-17 3.15949e-17 1.64372e-17 1.31561e-17 1.50941e-17 1.21291e-17 2.75959e-17 2.20834e-17 3.03857e-17 2.41775e-17 
1900.0 1925.0 1950.0 8.86519e-18 5.13992e-18 4.86786e-18 2.82532e-18 1.70034e-17 9.84953e-18 6.89460e-18 3.99581e-18 6.25888e-18 3.63404e-18 1.15990e-17 6.72800e-18 1.29950e-17 7.52403e-18 
1950.0 1975.0 2000.0 2.65284e-26 1.90234e-26 1.41165e-26 1.00233e-26 5.29004e-26 3.84883e-26 2.07506e-26 1.48824e-26 1.80483e-26 1.28140e-26 3.44840e-26 2.47241e-26 4.06993e-26 2.96181e-26 
2000.0 2025.0 2050.0 0.00000e+00 0.00000e+00 0.00000e+00 0.00000e+00 0.00000e+00 0.00000e+00 0.00000e+00 0.00000e+00 0.00000e+00 0.00000e+00 0.00000e+00 0.00000e+00 0.00000e+00 0.00000e+00 
2050.0 2075.0 2100.0 0.00000e+00 0.00000e+00 0.00000e+00 0.00000e+00 0.00000e+00 0.00000e+00 0.00000e+00 0.00000e+00 0.00000e+00 0.00000e+00 0.00000e+00 0.00000e+00 0.00000e+00 0.00000e+00 
2100.0 2125.0 2150.0 0.00000e+00 0.00000e+00 0.00000e+00 0.00000e+00 0.00000e+00 0.00000e+00 0.00000e+00 0.00000e+00 0.00000e+00 0.00000e+00 0.00000e+00 0.00000e+00 0.00000e+00 0.00000e+00 
2150.0 2175.0 2200.0 0.00000e+00 0.00000e+00 0.00000e+00 0.00000e+00 0.00000e+00 0.00000e+00 0.00000e+00 0.00000e+00 0.00000e+00 0.00000e+00 0.00000e+00 0.00000e+00 0.00000e+00 0.00000e+00 
2200.0 2225.0 2250.0 0.00000e+00 0.00000e+00 0.00000e+00 0.00000e+00 0.00000e+00 0.00000e+00 0.00000e+00 0.00000e+00 0.00000e+00 0.00000e+00 0.00000e+00 0.00000e+00 0.00000e+00 0.00000e+00 
2250.0 2275.0 2300.0 0.00000e+00 0.00000e+00 0.00000e+00 0.00000e+00 0.00000e+00 0.00000e+00 0.00000e+00 0.00000e+00 0.00000e+00 0.00000e+00 0.00000e+00 0.00000e+00 0.00000e+00 0.00000e+00 
2300.0 2325.0 2350.0 0.00000e+00 0.00000e+00 0.00000e+00 0.00000e+00 0.00000e+00 0.00000e+00 0.00000e+00 0.00000e+00 0.00000e+00 0.00000e+00 0.00000e+00 0.00000e+00 0.00000e+00 0.00000e+00 
2350.0 2375.0 2400.0 0.00000e+00 0.00000e+00 0.00000e+00 0.00000e+00 0.00000e+00 0.00000e+00 0.00000e+00 0.00000e+00 0.00000e+00 0.00000e+00 0.00000e+00 0.00000e+00 0.00000e+00 0.00000e+00 
2400.0 2425.0 2450.0 0.00000e+00 0.00000e+00 0.00000e+00 0.00000e+00 0.00000e+00 0.00000e+00 0.00000e+00 0.00000e+00 0.00000e+00 0.00000e+00 0.00000e+00 0.00000e+00 0.00000e+00 0.00000e+00 
2450.0 2475.0 2500.0 0.00000e+00 0.00000e+00 0.00000e+00 0.00000e+00 0.00000e+00 0.00000e+00 0.00000e+00 0.00000e+00 0.00000e+00 0.00000e+00 0.00000e+00 0.00000e+00 0.00000e+00 0.00000e+00 
2500.0 2525.0 2550.0 0.00000e+00 0.00000e+00 0.00000e+00 0.00000e+00 0.00000e+00 0.00000e+00 0.00000e+00 0.00000e+00 0.00000e+00 0.00000e+00 0.00000e+00 0.00000e+00 0.00000e+00 0.00000e+00 
2550.0 2575.0 2600.0 0.00000e+00 0.00000e+00 0.00000e+00 0.00000e+00 0.00000e+00 0.00000e+00 0.00000e+00 0.00000e+00 0.00000e+00 0.00000e+00 0.00000e+00 0.00000e+00 0.00000e+00 0.00000e+00 
2600.0 2625.0 2650.0 0.00000e+00 0.00000e+00 0.00000e+00 0.00000e+00 0.00000e+00 0.00000e+00 0.00000e+00 0.00000e+00 0.00000e+00 0.00000e+00 0.00000e+00 0.00000e+00 0.00000e+00 0.00000e+00 
2650.0 2675.0 2700.0 0.00000e+00 0.00000e+00 0.00000e+00 0.00000e+00 0.00000e+00 0.00000e+00 0.00000e+00 0.00000e+00 0.00000e+00 0.00000e+00 0.00000e+00 0.00000e+00 0.00000e+00 0.00000e+00 
2700.0 2725.0 2750.0 0.00000e+00 0.00000e+00 0.00000e+00 0.00000e+00 0.00000e+00 0.00000e+00 0.00000e+00 0.00000e+00 0.00000e+00 0.00000e+00 0.00000e+00 0.00000e+00 0.00000e+00 0.00000e+00 
2750.0 2775.0 2800.0 0.00000e+00 0.00000e+00 0.00000e+00 0.00000e+00 0.00000e+00 0.00000e+00 0.00000e+00 0.00000e+00 0.00000e+00 0.00000e+00 0.00000e+00 0.00000e+00 0.00000e+00 0.00000e+00 
2800.0 2825.0 2850.0 0.00000e+00 0.00000e+00 0.00000e+00 0.00000e+00 0.00000e+00 0.00000e+00 0.00000e+00 0.00000e+00 0.00000e+00 0.00000e+00 0.00000e+00 0.00000e+00 0.00000e+00 0.00000e+00 
2850.0 2875.0 2900.0 0.00000e+00 0.00000e+00 0.00000e+00 0.00000e+00 0.00000e+00 0.00000e+00 0.00000e+00 0.00000e+00 0.00000e+00 0.00000e+00 0.00000e+00 0.00000e+00 0.00000e+00 0.00000e+00 
2900.0 2925.0 2950.0 0.00000e+00 0.00000e+00 0.00000e+00 0.00000e+00 0.00000e+00 0.00000e+00 0.00000e+00 0.00000e+00 0.00000e+00 0.00000e+00 0.00000e+00 0.00000e+00 0.00000e+00 0.00000e+00 
2950.0 2975.0 3000.0 0.00000e+00 0.00000e+00 0.00000e+00 0.00000e+00 0.00000e+00 0.00000e+00 0.00000e+00 0.00000e+00 0.00000e+00 0.00000e+00 0.00000e+00 0.00000e+00 0.00000e+00 0.00000e+00 
3000.0 3025.0 3050.0 0.00000e+00 0.00000e+00 0.00000e+00 0.00000e+00 0.00000e+00 0.00000e+00 0.00000e+00 0.00000e+00 0.00000e+00 0.00000e+00 0.00000e+00 0.00000e+00 0.00000e+00 0.00000e+00 
3050.0 3075.0 3100.0 0.00000e+00 0.00000e+00 0.00000e+00 0.00000e+00 0.00000e+00 0.00000e+00 0.00000e+00 0.00000e+00 0.00000e+00 0.00000e+00 0.00000e+00 0.00000e+00 0.00000e+00 0.00000e+00 
3100.0 3125.0 3150.0 0.00000e+00 0.00000e+00 0.00000e+00 0.00000e+00 0.00000e+00 0.00000e+00 0.00000e+00 0.00000e+00 0.00000e+00 0.00000e+00 0.00000e+00 0.00000e+00 0.00000e+00 0.00000e+00 
3150.0 3175.0 3200.0 0.00000e+00 0.00000e+00 0.00000e+00 0.00000e+00 0.00000e+00 0.00000e+00 0.00000e+00 0.00000e+00 0.00000e+00 0.00000e+00 0.00000e+00 0.00000e+00 0.00000e+00 0.00000e+00 
3200.0 3225.0 3250.0 0.00000e+00 0.00000e+00 0.00000e+00 0.00000e+00 0.00000e+00 0.00000e+00 0.00000e+00 0.00000e+00 0.00000e+00 0.00000e+00 0.00000e+00 0.00000e+00 0.00000e+00 0.00000e+00 
3250.0 3275.0 3300.0 0.00000e+00 0.00000e+00 0.00000e+00 0.00000e+00 0.00000e+00 0.00000e+00 0.00000e+00 0.00000e+00 0.00000e+00 0.00000e+00 0.00000e+00 0.00000e+00 0.00000e+00 0.00000e+00 
3300.0 3325.0 3350.0 0.00000e+00 0.00000e+00 0.00000e+00 0.00000e+00 0.00000e+00 0.00000e+00 0.00000e+00 0.00000e+00 0.00000e+00 0.00000e+00 0.00000e+00 0.00000e+00 0.00000e+00 0.00000e+00 
3350.0 3375.0 3400.0 0.00000e+00 0.00000e+00 0.00000e+00 0.00000e+00 0.00000e+00 0.00000e+00 0.00000e+00 0.00000e+00 0.00000e+00 0.00000e+00 0.00000e+00 0.00000e+00 0.00000e+00 0.00000e+00 
3400.0 3425.0 3450.0 0.00000e+00 0.00000e+00 0.00000e+00 0.00000e+00 0.00000e+00 0.00000e+00 0.00000e+00 0.00000e+00 0.00000e+00 0.00000e+00 0.00000e+00 0.00000e+00 0.00000e+00 0.00000e+00 
3450.0 3475.0 3500.0 0.00000e+00 0.00000e+00 0.00000e+00 0.00000e+00 0.00000e+00 0.00000e+00 0.00000e+00 0.00000e+00 0.00000e+00 0.00000e+00 0.00000e+00 0.00000e+00 0.00000e+00 0.00000e+00 
3500.0 3525.0 3550.0 0.00000e+00 0.00000e+00 0.00000e+00 0.00000e+00 0.00000e+00 0.00000e+00 0.00000e+00 0.00000e+00 0.00000e+00 0.00000e+00 0.00000e+00 0.00000e+00 0.00000e+00 0.00000e+00 
3550.0 3575.0 3600.0 0.00000e+00 0.00000e+00 0.00000e+00 0.00000e+00 0.00000e+00 0.00000e+00 0.00000e+00 0.00000e+00 0.00000e+00 0.00000e+00 0.00000e+00 0.00000e+00 0.00000e+00 0.00000e+00 
3600.0 3625.0 3650.0 0.00000e+00 0.00000e+00 0.00000e+00 0.00000e+00 0.00000e+00 0.00000e+00 0.00000e+00 0.00000e+00 0.00000e+00 0.00000e+00 0.00000e+00 0.00000e+00 0.00000e+00 0.00000e+00 
3650.0 3675.0 3700.0 0.00000e+00 0.00000e+00 0.00000e+00 0.00000e+00 0.00000e+00 0.00000e+00 0.00000e+00 0.00000e+00 0.00000e+00 0.00000e+00 0.00000e+00 0.00000e+00 0.00000e+00 0.00000e+00 
3700.0 3725.0 3750.0 0.00000e+00 0.00000e+00 0.00000e+00 0.00000e+00 0.00000e+00 0.00000e+00 0.00000e+00 0.00000e+00 0.00000e+00 0.00000e+00 0.00000e+00 0.00000e+00 0.00000e+00 0.00000e+00 
3750.0 3775.0 3800.0 0.00000e+00 0.00000e+00 0.00000e+00 0.00000e+00 0.00000e+00 0.00000e+00 0.00000e+00 0.00000e+00 0.00000e+00 0.00000e+00 0.00000e+00 0.00000e+00 0.00000e+00 0.00000e+00 
3800.0 3825.0 3850.0 0.00000e+00 0.00000e+00 0.00000e+00 0.00000e+00 0.00000e+00 0.00000e+00 0.00000e+00 0.00000e+00 0.00000e+00 0.00000e+00 0.00000e+00 0.00000e+00 0.00000e+00 0.00000e+00 
3850.0 3875.0 3900.0 0.00000e+00 0.00000e+00 0.00000e+00 0.00000e+00 0.00000e+00 0.00000e+00 0.00000e+00 0.00000e+00 0.00000e+00 0.00000e+00 0.00000e+00 0.00000e+00 0.00000e+00 0.00000e+00 
3900.0 3925.0 3950.0 0.00000e+00 0.00000e+00 0.00000e+00 0.00000e+00 0.00000e+00 0.00000e+00 0.00000e+00 0.00000e+00 0.00000e+00 0.00000e+00 0.00000e+00 0.00000e+00 0.00000e+00 0.00000e+00 
3950.0 3975.0 4000.0 0.00000e+00 0.00000e+00 0.00000e+00 0.00000e+00 0.00000e+00 0.00000e+00 0.00000e+00 0.00000e+00 0.00000e+00 0.00000e+00 0.00000e+00 0.00000e+00 0.00000e+00 0.00000e+00 
