-3.5 -3.45 -3.4 4.82226e-01 6.03885e-02 3.01476e-01 3.80710e-02 8.05796e-01 1.00050e-01 3.41182e-01 4.26871e-02 4.26124e-01 5.38637e-02 7.05401e-01 8.84343e-02 5.50891e-01 6.83306e-02 
-3.4 -3.35 -3.3 8.12751e-01 8.59481e-02 5.16819e-01 5.53914e-02 1.33171e+00 1.38709e-01 5.74953e-01 6.07231e-02 7.30626e-01 7.84099e-02 1.18911e+00 1.25946e-01 9.10310e-01 9.46725e-02 
-3.3 -3.25 -3.2 1.19190e+00 9.12879e-02 7.52466e-01 5.79218e-02 1.96987e+00 1.50174e-01 8.43824e-01 6.45933e-02 1.06291e+00 8.18658e-02 1.74219e+00 1.33525e-01 1.34775e+00 1.02682e-01 
-3.2 -3.15 -3.1 1.89338e+00 1.26179e-01 1.20266e+00 8.10351e-02 3.10711e+00 2.04704e-01 1.34116e+00 8.92841e-02 1.69794e+00 1.14530e-01 2.76576e+00 1.84555e-01 2.12721e+00 1.39969e-01 
-3.1 -3.05 -3.0 2.45359e+00 1.38094e-01 1.56473e+00 8.86508e-02 4.00874e+00 2.24194e-01 1.73824e+00 9.77604e-02 2.20877e+00 1.25229e-01 3.58342e+00 2.01864e-01 2.74496e+00 1.53375e-01 
-3.0 -2.95 -2.9 3.51112e+00 1.64061e-01 2.24811e+00 1.05532e-01 5.76322e+00 2.69566e-01 2.48837e+00 1.16123e-01 3.17231e+00 1.49104e-01 5.12570e+00 2.39882e-01 3.94788e+00 1.84344e-01 
-2.9 -2.85 -2.8 4.15319e+00 1.62124e-01 2.67349e+00 1.04845e-01 6.71275e+00 2.61135e-01 2.94412e+00 1.14763e-01 3.77169e+00 1.48127e-01 6.06128e+00 2.37022e-01 4.60003e+00 1.78642e-01 
-2.8 -2.75 -2.7 5.16625e+00 1.80755e-01 3.32917e+00 1.16549e-01 8.33923e+00 2.92144e-01 3.66481e+00 1.28075e-01 4.69344e+00 1.64502e-01 7.53339e+00 2.63946e-01 5.71945e+00 2.00089e-01 
-2.7 -2.65 -2.6 6.30520e+00 1.87242e-01 4.07143e+00 1.21440e-01 1.01538e+01 3.00492e-01 4.47385e+00 1.32653e-01 5.73849e+00 1.71431e-01 9.19157e+00 2.73475e-01 6.96601e+00 2.05767e-01 
-2.6 -2.55 -2.5 7.81811e+00 1.96036e-01 5.07338e+00 1.27990e-01 1.25173e+01 3.12007e-01 5.55125e+00 1.39048e-01 7.14569e+00 1.80470e-01 1.13874e+01 2.85910e-01 8.59489e+00 2.13970e-01 
-2.5 -2.45 -2.4 8.66403e+00 1.96233e-01 5.62965e+00 1.28364e-01 1.38504e+01 3.11610e-01 6.15248e+00 1.39118e-01 7.92843e+00 1.81082e-01 1.26181e+01 2.86372e-01 9.51127e+00 2.13558e-01 
-2.4 -2.35 -2.3 1.02584e+01 2.05475e-01 6.68019e+00 1.34509e-01 1.63578e+01 3.26031e-01 7.28416e+00 1.45639e-01 9.40865e+00 1.89792e-01 1.49415e+01 2.99936e-01 1.12321e+01 2.23385e-01 
-2.3 -2.25 -2.2 1.18331e+01 2.14017e-01 7.71299e+00 1.40184e-01 1.88476e+01 3.39342e-01 8.40535e+00 1.51762e-01 1.08593e+01 1.97710e-01 1.72274e+01 3.12234e-01 1.29475e+01 2.32632e-01 
-2.2 -2.15 -2.1 1.34687e+01 2.25334e-01 8.80206e+00 1.47938e-01 2.13870e+01 3.56293e-01 9.56840e+00 1.59734e-01 1.23911e+01 2.08711e-01 1.96057e+01 3.28878e-01 1.46942e+01 2.44147e-01 
-2.1 -2.05 -2.0 1.47443e+01 2.26144e-01 9.64550e+00 1.48636e-01 2.33837e+01 3.57022e-01 1.04780e+01 1.60383e-01 1.35741e+01 2.09601e-01 2.14543e+01 3.29874e-01 1.60722e+01 2.44790e-01 
-2.0 -1.95 -1.9 1.64531e+01 2.32322e-01 1.07710e+01 1.52705e-01 2.60723e+01 3.66739e-01 1.16934e+01 1.64765e-01 1.51566e+01 2.15338e-01 2.39382e+01 3.38887e-01 1.79221e+01 2.51452e-01 
-1.9 -1.85 -1.8 1.81827e+01 2.43418e-01 1.19169e+01 1.60015e-01 2.87744e+01 3.84203e-01 1.29231e+01 1.72587e-01 1.67683e+01 2.25706e-01 2.64534e+01 3.55188e-01 1.97804e+01 2.63334e-01 
-1.8 -1.75 -1.7 1.98396e+01 2.51413e-01 1.30198e+01 1.65560e-01 3.13481e+01 3.95997e-01 1.41048e+01 1.78301e-01 1.83151e+01 2.33470e-01 2.88540e+01 3.66746e-01 2.15571e+01 2.71503e-01 
-1.7 -1.65 -1.6 2.12843e+01 2.54930e-01 1.39824e+01 1.68112e-01 3.35898e+01 4.00837e-01 1.51320e+01 1.80801e-01 1.96692e+01 2.37063e-01 3.09551e+01 3.71861e-01 2.30988e+01 2.74835e-01 
-1.6 -1.55 -1.5 2.28136e+01 2.57179e-01 1.50013e+01 1.69709e-01 3.59631e+01 4.04045e-01 1.62227e+01 1.82392e-01 2.10980e+01 2.39323e-01 3.31710e+01 3.75153e-01 2.47372e+01 2.77030e-01 
-1.5 -1.45 -1.4 2.50859e+01 2.69071e-01 1.65002e+01 1.77440e-01 3.95312e+01 4.23041e-01 1.78378e+01 1.90813e-01 2.32069e+01 2.50238e-01 3.64765e+01 3.92530e-01 2.71902e+01 2.90026e-01 
-1.4 -1.35 -1.3 2.60561e+01 2.70543e-01 1.71545e+01 1.78691e-01 4.10140e+01 4.24520e-01 1.85286e+01 1.91864e-01 2.41260e+01 2.51994e-01 3.78852e+01 3.94660e-01 2.82117e+01 2.91053e-01 
-1.3 -1.25 -1.2 2.80516e+01 2.80278e-01 1.84819e+01 1.85220e-01 4.41158e+01 4.39506e-01 1.99480e+01 1.98756e-01 2.59922e+01 2.61215e-01 4.07853e+01 4.08890e-01 3.03462e+01 3.01305e-01 
-1.2 -1.15 -1.1 2.95182e+01 2.82396e-01 1.94538e+01 1.86598e-01 4.64047e+01 4.42854e-01 2.09947e+01 2.00308e-01 2.73543e+01 2.63093e-01 4.29086e+01 4.11853e-01 3.19273e+01 3.03693e-01 
-1.1 -1.05 -1.0 3.03287e+01 2.83332e-01 2.00045e+01 1.87452e-01 4.76320e+01 4.43624e-01 2.15698e+01 2.00945e-01 2.81304e+01 2.64334e-01 4.40900e+01 4.13286e-01 3.27695e+01 3.04174e-01 
-1.0 -0.95 -0.9 3.21756e+01 2.91996e-01 2.12308e+01 1.93224e-01 5.05091e+01 4.57069e-01 2.28870e+01 2.07092e-01 2.98500e+01 2.72472e-01 4.67660e+01 4.25921e-01 3.47556e+01 3.13397e-01 
-0.9 -0.85 -0.8 3.28207e+01 2.91877e-01 2.16569e+01 1.93089e-01 5.15198e+01 4.57027e-01 2.33478e+01 2.07042e-01 3.04465e+01 2.72234e-01 4.76987e+01 4.25659e-01 3.54547e+01 3.13430e-01 
-0.8 -0.75 -0.7 3.46081e+01 2.99100e-01 2.28459e+01 1.97991e-01 5.42909e+01 4.67792e-01 2.46158e+01 2.12088e-01 3.21193e+01 2.79165e-01 5.02989e+01 4.36232e-01 3.73599e+01 3.20787e-01 
-0.7 -0.65 -0.6 3.58575e+01 3.04937e-01 2.36860e+01 2.02029e-01 5.62139e+01 4.76578e-01 2.55056e+01 2.16261e-01 3.33027e+01 2.84899e-01 5.21188e+01 4.44818e-01 3.86802e+01 3.26757e-01 
-0.6 -0.55 -0.5 3.66551e+01 3.07537e-01 2.42195e+01 2.03789e-01 5.74454e+01 4.80541e-01 2.60750e+01 2.18112e-01 3.40500e+01 2.87371e-01 5.32728e+01 4.48594e-01 3.95315e+01 3.29486e-01 
-0.5 -0.45 -0.4 3.68384e+01 3.06238e-01 2.43430e+01 2.02982e-01 5.77256e+01 4.78353e-01 2.62084e+01 2.17215e-01 3.42198e+01 2.86203e-01 5.35320e+01 4.46639e-01 3.97298e+01 3.28031e-01 
-0.4 -0.35 -0.3 3.82862e+01 3.13133e-01 2.53010e+01 2.07525e-01 5.99900e+01 4.89191e-01 2.72367e+01 2.22091e-01 3.55688e+01 2.92627e-01 5.56400e+01 4.56730e-01 4.12851e+01 3.35438e-01 
-0.3 -0.25 -0.2 3.85650e+01 3.15287e-01 2.54901e+01 2.09022e-01 6.04126e+01 4.92346e-01 2.74358e+01 2.23633e-01 3.58336e+01 2.94718e-01 5.60434e+01 4.59835e-01 4.15773e+01 3.37629e-01 
-0.2 -0.15 -0.1 3.90020e+01 3.17657e-01 2.57842e+01 2.10656e-01 6.10831e+01 4.95884e-01 2.77441e+01 2.25271e-01 3.62505e+01 2.97082e-01 5.66851e+01 4.63403e-01 4.20341e+01 3.39976e-01 
-0.1 -0.05 0.0 3.88975e+01 3.16927e-01 2.57109e+01 2.10099e-01 6.09313e+01 4.94960e-01 2.76707e+01 2.24770e-01 3.61461e+01 2.96272e-01 5.65307e+01 4.62296e-01 4.19313e+01 3.39371e-01 
0.0 0.05 0.1 3.90349e+01 3.13976e-01 2.58066e+01 2.08253e-01 6.11325e+01 4.90027e-01 2.77720e+01 2.22721e-01 3.62761e+01 2.93613e-01 5.67216e+01 4.57881e-01 4.20764e+01 3.36072e-01 
0.1 0.15 0.2 3.82969e+01 3.11971e-01 2.53170e+01 2.06903e-01 5.99815e+01 4.86960e-01 2.72460e+01 2.21281e-01 3.55890e+01 2.91732e-01 5.56514e+01 4.55001e-01 4.12825e+01 3.33935e-01 
0.2 0.25 0.3 3.85547e+01 3.13931e-01 2.54865e+01 2.08198e-01 6.03877e+01 4.90028e-01 2.74281e+01 2.22660e-01 3.58291e+01 2.93573e-01 5.60294e+01 4.57889e-01 4.15596e+01 3.36017e-01 
0.3 0.35 0.4 3.78861e+01 3.12738e-01 2.50439e+01 2.07390e-01 5.93419e+01 4.88208e-01 2.69514e+01 2.21809e-01 3.52081e+01 2.92441e-01 5.50600e+01 4.56160e-01 4.08381e+01 3.34763e-01 
0.4 0.45 0.5 3.74130e+01 3.10477e-01 2.47274e+01 2.05843e-01 5.86135e+01 4.84843e-01 2.66155e+01 2.20225e-01 3.47624e+01 2.90231e-01 5.43711e+01 4.52811e-01 4.03378e+01 3.32488e-01 
0.5 0.55 0.6 3.70211e+01 3.09734e-01 2.44636e+01 2.05339e-01 5.80135e+01 4.83721e-01 2.63357e+01 2.19694e-01 3.43927e+01 2.89527e-01 5.38039e+01 4.51739e-01 3.99231e+01 3.31713e-01 
0.6 0.65 0.7 3.53314e+01 3.01377e-01 2.33327e+01 1.99685e-01 5.54057e+01 4.70992e-01 2.51340e+01 2.13762e-01 3.28025e+01 2.81561e-01 5.13475e+01 4.39562e-01 3.81289e+01 3.22975e-01 
0.7 0.75 0.8 3.44916e+01 3.01007e-01 2.27732e+01 1.99320e-01 5.41038e+01 4.70821e-01 2.45356e+01 2.13489e-01 3.20171e+01 2.81057e-01 5.01293e+01 4.39048e-01 3.72312e+01 3.22835e-01 
0.8 0.85 0.9 3.38773e+01 2.99005e-01 2.23647e+01 1.98001e-01 5.31491e+01 4.67631e-01 2.40951e+01 2.12044e-01 3.14475e+01 2.79231e-01 4.92454e+01 4.36190e-01 3.65677e+01 3.20603e-01 
0.9 0.95 1.0 3.24386e+01 2.93900e-01 2.14038e+01 1.94512e-01 5.09244e+01 4.59978e-01 2.30731e+01 2.08462e-01 3.00945e+01 2.74260e-01 4.71507e+01 4.28645e-01 3.50395e+01 3.15429e-01 
1.0 1.05 1.1 3.06617e+01 2.87830e-01 2.02211e+01 1.90327e-01 4.81636e+01 4.50954e-01 2.18090e+01 2.04142e-01 2.84320e+01 2.68379e-01 4.45686e+01 4.19832e-01 3.31393e+01 3.09211e-01 
1.1 1.15 1.2 2.93003e+01 2.82364e-01 1.93180e+01 1.86804e-01 4.60417e+01 4.42177e-01 2.08391e+01 2.00242e-01 2.71642e+01 2.63444e-01 4.25935e+01 4.11918e-01 3.16767e+01 3.03154e-01 
1.2 1.25 1.3 2.75774e+01 2.74575e-01 1.81752e+01 1.81515e-01 4.33536e+01 4.30367e-01 1.96094e+01 1.94702e-01 2.55629e+01 2.56003e-01 4.00996e+01 4.00593e-01 2.98192e+01 2.95024e-01 
1.3 1.35 1.4 2.67370e+01 2.73503e-01 1.76004e+01 1.80538e-01 4.20921e+01 4.29461e-01 1.90120e+01 1.93965e-01 2.47539e+01 2.54595e-01 3.88768e+01 3.98973e-01 2.89520e+01 2.94443e-01 
1.4 1.45 1.5 2.45495e+01 2.65390e-01 1.61540e+01 1.75132e-01 3.86665e+01 4.16881e-01 1.74557e+01 1.88190e-01 2.27209e+01 2.47001e-01 3.56982e+01 3.87192e-01 2.65942e+01 2.85782e-01 
1.5 1.55 1.6 2.23214e+01 2.51315e-01 1.46701e+01 1.65592e-01 3.52082e+01 3.95527e-01 1.58727e+01 1.78236e-01 2.06321e+01 2.33510e-01 3.24552e+01 3.66592e-01 2.42179e+01 2.71190e-01 
1.6 1.65 1.7 2.11745e+01 2.48349e-01 1.39049e+01 1.63518e-01 3.34313e+01 3.91190e-01 1.50562e+01 1.76169e-01 1.95569e+01 2.30536e-01 3.07895e+01 3.62173e-01 2.29941e+01 2.68283e-01 
1.7 1.75 1.8 1.98208e+01 2.47783e-01 1.30094e+01 1.62981e-01 3.13129e+01 3.90877e-01 1.40900e+01 1.75716e-01 1.83023e+01 2.29846e-01 2.88302e+01 3.61473e-01 2.15303e+01 2.67974e-01 
1.8 1.85 1.9 1.83102e+01 2.40233e-01 1.20057e+01 1.58042e-01 2.89613e+01 3.78818e-01 1.30154e+01 1.70360e-01 1.68912e+01 2.22883e-01 2.66350e+01 3.50464e-01 1.99119e+01 2.59703e-01 
1.9 1.95 2.0 1.62922e+01 2.34490e-01 1.06670e+01 1.53992e-01 2.58137e+01 3.70617e-01 1.15784e+01 1.66253e-01 1.50111e+01 2.17218e-01 2.37056e+01 3.42174e-01 1.77432e+01 2.54016e-01 
2.0 2.05 2.1 1.53861e+01 2.30402e-01 1.00604e+01 1.51327e-01 2.44167e+01 3.64059e-01 1.09320e+01 1.63378e-01 1.41606e+01 2.13430e-01 2.23931e+01 3.36146e-01 1.67785e+01 2.49571e-01 
2.1 2.15 2.2 1.32632e+01 2.12977e-01 8.65862e+00 1.39692e-01 2.10852e+01 3.37063e-01 9.42575e+00 1.51113e-01 1.21848e+01 1.96903e-01 1.92982e+01 3.10498e-01 1.44932e+01 2.31237e-01 
2.2 2.25 2.3 1.20750e+01 2.17192e-01 7.87794e+00 1.42372e-01 1.92116e+01 3.44011e-01 8.57832e+00 1.54036e-01 1.10900e+01 2.00766e-01 1.75767e+01 3.16812e-01 1.31996e+01 2.35872e-01 
2.3 2.35 2.4 1.03644e+01 2.02643e-01 6.73440e+00 1.32243e-01 1.65685e+01 3.22692e-01 7.36069e+00 1.43705e-01 9.48339e+00 1.86501e-01 1.50928e+01 2.95622e-01 1.13791e+01 2.21235e-01 
2.4 2.45 2.5 9.16439e+00 2.06869e-01 5.95112e+00 1.35158e-01 1.46611e+01 3.28986e-01 6.50657e+00 1.46654e-01 8.38274e+00 1.90674e-01 1.33499e+01 3.01903e-01 1.00656e+01 2.25461e-01 
2.5 2.55 2.6 7.45114e+00 1.90737e-01 4.82488e+00 1.24129e-01 1.19607e+01 3.04980e-01 5.28697e+00 1.35101e-01 6.80038e+00 1.75262e-01 1.08621e+01 2.78649e-01 8.20558e+00 2.08786e-01 
2.6 2.65 2.7 6.69324e+00 2.03769e-01 4.32984e+00 1.32449e-01 1.07558e+01 3.26128e-01 4.74769e+00 1.44337e-01 6.10463e+00 1.87005e-01 9.76095e+00 2.97675e-01 7.37621e+00 2.23279e-01 
2.7 2.75 2.8 5.22025e+00 1.73075e-01 3.36420e+00 1.12368e-01 8.42507e+00 2.77245e-01 3.70389e+00 1.22675e-01 4.74187e+00 1.58550e-01 7.61027e+00 2.52634e-01 5.77980e+00 1.89966e-01 
2.8 2.85 2.9 4.12385e+00 1.59411e-01 2.65293e+00 1.03476e-01 6.66936e+00 2.55393e-01 2.92441e+00 1.12937e-01 3.74128e+00 1.46069e-01 6.01570e+00 2.32818e-01 4.57238e+00 1.74891e-01 
2.9 2.95 3.0 2.99242e+00 1.45935e-01 1.91007e+00 9.28675e-02 4.88524e+00 2.40098e-01 2.12182e+00 1.03376e-01 2.69398e+00 1.31104e-01 4.36583e+00 2.13170e-01 3.34875e+00 1.64373e-01 
3.0 3.05 3.1 2.39944e+00 1.36645e-01 1.53018e+00 8.78675e-02 3.91905e+00 2.21275e-01 1.70145e+00 9.68585e-02 2.15805e+00 1.23980e-01 3.50046e+00 1.99443e-01 2.68662e+00 1.51636e-01 
3.1 3.15 3.2 1.82526e+00 1.25576e-01 1.16010e+00 8.02597e-02 2.99352e+00 2.04793e-01 1.29241e+00 8.87936e-02 1.63848e+00 1.13513e-01 2.66749e+00 1.83832e-01 2.04850e+00 1.39905e-01 
3.2 3.25 3.3 1.23447e+00 1.07895e-01 7.83268e-01 6.93093e-02 2.02884e+00 1.75105e-01 8.73646e-01 7.62574e-02 1.10682e+00 9.80696e-02 1.80519e+00 1.58032e-01 1.38751e+00 1.19560e-01 
3.3 3.35 3.4 1.00560e+00 9.81764e-02 6.34430e-01 6.20808e-02 1.66263e+00 1.62025e-01 7.11561e-01 6.94115e-02 8.96650e-01 8.78136e-02 1.47081e+00 1.43741e-01 1.13684e+00 1.10675e-01 
3.4 3.45 3.5 5.13102e-01 6.78275e-02 3.20120e-01 4.21523e-02 8.59523e-01 1.14278e-01 3.62821e-01 4.79003e-02 4.52731e-01 5.96875e-02 7.51098e-01 9.94436e-02 5.87201e-01 7.79441e-02 
