-3.5 -3.45 -3.4 7.87468e+01 1.25788e+00 5.12035e+01 8.10592e-01 1.26167e+02 2.04707e+00 5.39326e+01 8.60683e-01 7.47757e+01 1.18487e+00 1.19894e+02 1.91764e+00 8.28864e+01 1.34286e+00 
-3.4 -3.35 -3.3 9.26073e+01 1.28993e+00 6.03485e+01 8.37071e-01 1.47789e+02 2.07415e+00 6.34632e+01 8.83212e-01 8.80785e+01 1.22287e+00 1.40895e+02 1.96488e+00 9.71648e+01 1.36218e+00 
-3.3 -3.25 -3.2 1.02356e+02 1.33558e+00 6.67440e+01 8.63018e-01 1.63241e+02 2.16039e+00 7.01693e+01 9.14156e-01 9.73774e+01 1.26111e+00 1.55658e+02 2.03525e+00 1.07371e+02 1.41808e+00 
-3.2 -3.15 -3.1 1.12223e+02 1.32559e+00 7.33296e+01 8.58673e-01 1.78533e+02 2.13797e+00 7.69795e+01 9.07753e-01 1.06923e+02 1.25419e+00 1.70541e+02 2.01891e+00 1.17516e+02 1.40418e+00 
-3.1 -3.05 -3.0 1.28097e+02 1.36879e+00 8.38525e+01 8.90914e-01 2.03344e+02 2.19381e+00 8.79110e+01 9.37510e-01 1.22208e+02 1.30106e+00 1.94549e+02 2.08421e+00 1.33927e+02 1.44125e+00 
-3.0 -2.95 -2.9 1.38875e+02 1.38290e+00 9.09773e+01 8.99737e-01 2.20269e+02 2.21841e+00 9.53509e+01 9.47286e-01 1.32533e+02 1.31378e+00 2.10803e+02 2.10541e+00 1.45155e+02 1.45759e+00 
-2.9 -2.85 -2.8 1.53206e+02 1.42903e+00 1.00446e+02 9.30916e-01 2.42765e+02 2.28820e+00 1.05230e+02 9.78409e-01 1.46271e+02 1.35997e+00 2.32453e+02 2.17698e+00 1.60051e+02 1.50252e+00 
-2.8 -2.75 -2.7 1.69327e+02 1.43500e+00 1.11204e+02 9.38306e-01 2.67750e+02 2.28644e+00 1.16350e+02 9.82926e-01 1.61874e+02 1.37022e+00 2.56785e+02 2.18494e+00 1.76615e+02 1.50224e+00 
-2.7 -2.65 -2.6 1.83446e+02 1.46922e+00 1.20567e+02 9.60246e-01 2.89819e+02 2.34273e+00 1.26110e+02 1.00660e+00 1.75421e+02 1.40194e+00 2.78040e+02 2.23642e+00 1.91280e+02 1.53969e+00 
-2.6 -2.55 -2.5 1.97108e+02 1.46716e+00 1.29729e+02 9.62477e-01 3.10861e+02 2.32762e+00 1.35544e+02 1.00511e+00 1.88695e+02 1.40530e+00 2.98638e+02 2.23350e+00 2.05244e+02 1.52958e+00 
-2.5 -2.45 -2.4 2.12953e+02 1.52128e+00 1.40270e+02 9.98879e-01 3.35534e+02 2.41157e+00 1.46489e+02 1.04171e+00 2.03959e+02 1.45913e+00 3.22512e+02 2.31724e+00 2.21626e+02 1.58383e+00 
-2.4 -2.35 -2.3 2.29589e+02 1.52945e+00 1.51423e+02 1.00529e+00 3.61281e+02 2.42191e+00 1.57990e+02 1.04797e+00 2.20098e+02 1.46760e+00 3.47649e+02 2.32873e+00 2.38674e+02 1.59132e+00 
-2.3 -2.25 -2.2 2.46318e+02 1.56568e+00 1.62550e+02 1.03097e+00 3.87226e+02 2.47275e+00 1.69551e+02 1.07258e+00 2.36202e+02 1.50538e+00 3.72748e+02 2.38356e+00 2.55974e+02 1.62495e+00 
-2.2 -2.15 -2.1 2.62109e+02 1.61744e+00 1.73067e+02 1.06087e+00 4.11769e+02 2.56886e+00 1.80467e+02 1.10754e+00 2.51421e+02 1.54960e+00 3.96520e+02 2.46375e+00 2.72286e+02 1.68690e+00 
-2.1 -2.05 -2.0 2.74460e+02 1.57413e+00 1.81408e+02 1.03832e+00 4.30623e+02 2.48033e+00 1.89080e+02 1.07907e+00 2.63389e+02 1.51515e+00 4.14914e+02 2.39451e+00 2.84955e+02 1.63128e+00 
-2.0 -1.95 -1.9 2.92998e+02 1.62330e+00 1.93785e+02 1.07078e+00 4.59372e+02 2.55894e+00 2.01862e+02 1.11246e+00 2.81343e+02 1.56293e+00 4.42911e+02 2.47020e+00 3.03998e+02 1.68230e+00 
-1.9 -1.85 -1.8 3.10249e+02 1.69552e+00 2.05253e+02 1.11622e+00 4.86198e+02 2.68181e+00 2.13772e+02 1.16089e+00 2.97958e+02 1.63064e+00 4.68927e+02 2.58305e+00 3.21793e+02 1.76084e+00 
-1.8 -1.75 -1.7 3.27091e+02 1.67658e+00 2.16631e+02 1.10985e+00 5.11937e+02 2.62986e+00 2.25452e+02 1.14888e+00 3.14374e+02 1.62016e+00 4.94182e+02 2.55154e+00 3.38972e+02 1.72888e+00 
-1.7 -1.65 -1.6 3.45225e+02 1.71984e+00 2.28773e+02 1.13784e+00 5.40005e+02 2.70050e+00 2.37969e+02 1.17830e+00 3.31967e+02 1.66127e+00 5.21532e+02 2.61798e+00 3.57588e+02 1.77480e+00 
-1.6 -1.55 -1.5 3.58570e+02 1.74624e+00 2.37749e+02 1.15815e+00 5.60424e+02 2.73305e+00 2.47205e+02 1.19610e+00 3.44942e+02 1.69140e+00 5.41593e+02 2.65899e+00 3.71179e+02 1.79575e+00 
-1.5 -1.45 -1.4 3.71877e+02 1.76222e+00 2.46715e+02 1.17034e+00 5.80805e+02 2.75328e+00 2.56434e+02 1.20698e+00 3.57876e+02 1.70932e+00 5.61548e+02 2.68350e+00 3.84779e+02 1.80897e+00 
-1.4 -1.35 -1.3 3.86272e+02 1.75553e+00 2.56412e+02 1.16579e+00 6.02869e+02 2.74288e+00 2.66397e+02 1.20302e+00 3.71893e+02 1.70177e+00 5.83192e+02 2.67160e+00 3.99463e+02 1.80325e+00 
-1.3 -1.25 -1.2 4.01674e+02 1.76350e+00 2.66762e+02 1.17107e+00 6.26746e+02 2.75884e+00 2.77062e+02 1.20875e+00 3.86845e+02 1.70908e+00 6.06330e+02 2.68298e+00 4.15228e+02 1.81200e+00 
-1.2 -1.15 -1.1 4.14287e+02 1.79782e+00 2.75275e+02 1.19666e+00 6.45815e+02 2.80070e+00 2.85781e+02 1.23185e+00 3.99167e+02 1.74709e+00 6.25324e+02 2.73641e+00 4.28036e+02 1.84104e+00 
-1.1 -1.05 -1.0 4.24653e+02 1.81447e+00 2.82354e+02 1.20963e+00 6.61418e+02 2.82084e+00 2.92956e+02 1.24307e+00 4.09397e+02 1.76632e+00 6.40903e+02 2.76226e+00 4.38425e+02 1.85397e+00 
-1.0 -0.95 -0.9 4.39046e+02 1.83138e+00 2.91964e+02 1.21920e+00 6.83714e+02 2.85307e+00 3.02935e+02 1.25486e+00 4.23261e+02 1.77992e+00 6.62492e+02 2.78742e+00 4.53294e+02 1.87541e+00 
-0.9 -0.85 -0.8 4.47747e+02 1.84849e+00 2.97910e+02 1.23350e+00 6.96798e+02 2.87028e+00 3.08954e+02 1.26640e+00 4.31864e+02 1.80114e+00 6.75584e+02 2.81400e+00 4.61999e+02 1.88648e+00 
-0.8 -0.75 -0.7 4.57646e+02 1.87955e+00 3.04578e+02 1.25440e+00 7.11977e+02 2.91926e+00 3.15823e+02 1.28733e+00 4.41474e+02 1.83212e+00 6.90416e+02 2.86225e+00 4.72132e+02 1.91798e+00 
-0.7 -0.65 -0.6 4.64596e+02 1.85184e+00 3.09314e+02 1.23638e+00 7.22471e+02 2.87417e+00 3.20636e+02 1.26883e+00 4.48316e+02 1.80511e+00 7.00856e+02 2.81870e+00 4.79122e+02 1.88924e+00 
-0.6 -0.55 -0.5 4.70054e+02 1.86578e+00 3.12908e+02 1.24554e+00 7.31063e+02 2.89615e+00 3.24426e+02 1.27827e+00 4.53494e+02 1.81866e+00 7.09032e+02 2.84030e+00 4.84861e+02 1.90346e+00 
-0.5 -0.45 -0.4 4.76489e+02 1.87434e+00 3.17301e+02 1.25149e+00 7.40766e+02 2.90965e+00 3.28900e+02 1.28422e+00 4.59814e+02 1.82720e+00 7.18650e+02 2.85306e+00 4.91356e+02 1.91246e+00 
-0.4 -0.35 -0.3 4.82325e+02 1.85730e+00 3.21321e+02 1.24078e+00 7.49468e+02 2.88117e+00 3.32950e+02 1.27296e+00 4.65611e+02 1.81098e+00 7.27391e+02 2.82596e+00 4.97173e+02 1.89453e+00 
-0.3 -0.25 -0.2 4.86292e+02 1.87429e+00 3.24025e+02 1.25394e+00 7.55444e+02 2.90119e+00 3.35659e+02 1.28430e+00 4.69571e+02 1.83068e+00 7.33455e+02 2.85269e+00 5.01083e+02 1.90722e+00 
-0.2 -0.15 -0.1 4.84737e+02 1.88677e+00 3.22987e+02 1.26240e+00 7.53027e+02 2.92020e+00 3.34601e+02 1.29238e+00 4.68045e+02 1.84368e+00 7.31070e+02 2.87296e+00 4.99507e+02 1.91884e+00 
-0.1 -0.05 0.0 4.92679e+02 1.86841e+00 3.28223e+02 1.24906e+00 7.65514e+02 2.89470e+00 3.40116e+02 1.28050e+00 4.75586e+02 1.82321e+00 7.42957e+02 2.84312e+00 5.07850e+02 1.90334e+00 
0.0 0.05 0.1 4.91994e+02 1.88852e+00 3.27733e+02 1.26226e+00 7.64562e+02 2.92703e+00 3.39609e+02 1.29397e+00 4.74922e+02 1.84291e+00 7.42016e+02 2.87458e+00 5.07154e+02 1.92398e+00 
0.1 0.15 0.2 4.87367e+02 1.87218e+00 3.24648e+02 1.25153e+00 7.57382e+02 2.90135e+00 3.36453e+02 1.28284e+00 4.70400e+02 1.82716e+00 7.34939e+02 2.84952e+00 5.02459e+02 1.90726e+00 
0.2 0.25 0.3 4.86725e+02 1.86563e+00 3.24217e+02 1.24725e+00 7.56391e+02 2.89046e+00 3.35975e+02 1.27839e+00 4.69823e+02 1.82087e+00 7.34062e+02 2.83944e+00 5.01739e+02 1.90018e+00 
0.3 0.35 0.4 4.85942e+02 1.88063e+00 3.23755e+02 1.25767e+00 7.55008e+02 2.91255e+00 3.35399e+02 1.28849e+00 4.69205e+02 1.83634e+00 7.32977e+02 2.86276e+00 5.00472e+02 1.91211e+00 
0.4 0.45 0.5 4.75935e+02 1.85752e+00 3.17010e+02 1.24089e+00 7.39686e+02 2.88164e+00 3.28504e+02 1.27283e+00 4.59413e+02 1.81158e+00 7.17850e+02 2.82710e+00 4.90618e+02 1.89436e+00 
0.5 0.55 0.6 4.72340e+02 1.87332e+00 3.14546e+02 1.25230e+00 7.34287e+02 2.90249e+00 3.25988e+02 1.28340e+00 4.55890e+02 1.82862e+00 7.12521e+02 2.85183e+00 4.86972e+02 1.90767e+00 
0.6 0.65 0.7 4.64712e+02 1.83363e+00 3.09295e+02 1.22342e+00 7.22913e+02 2.84782e+00 3.20747e+02 1.25683e+00 4.48244e+02 1.78551e+00 7.00947e+02 2.78971e+00 4.79473e+02 1.87281e+00 
0.7 0.75 0.8 4.56167e+02 1.83661e+00 3.03559e+02 1.22514e+00 7.09776e+02 2.85367e+00 3.14804e+02 1.25838e+00 4.39996e+02 1.78874e+00 6.88182e+02 2.79560e+00 4.70675e+02 1.87575e+00 
0.8 0.85 0.9 4.48225e+02 1.84261e+00 2.98150e+02 1.22925e+00 6.97766e+02 2.86222e+00 3.09309e+02 1.26236e+00 4.32173e+02 1.79487e+00 6.76233e+02 2.80491e+00 4.62686e+02 1.88132e+00 
0.9 0.95 1.0 4.39115e+02 1.81543e+00 2.92042e+02 1.20993e+00 6.83730e+02 2.82383e+00 3.02981e+02 1.24403e+00 4.23376e+02 1.76630e+00 6.62598e+02 2.76292e+00 4.53304e+02 1.85643e+00 
1.0 1.05 1.1 4.23917e+02 1.77056e+00 2.81812e+02 1.17916e+00 6.60416e+02 2.75602e+00 2.92498e+02 1.21369e+00 4.08541e+02 1.72080e+00 6.39655e+02 2.69347e+00 4.37852e+02 1.81262e+00 
1.1 1.15 1.2 4.15282e+02 1.81087e+00 2.75986e+02 1.20306e+00 6.47209e+02 2.82891e+00 2.86469e+02 1.24048e+00 4.00195e+02 1.75678e+00 6.26818e+02 2.75711e+00 4.28966e+02 1.85886e+00 
1.2 1.25 1.3 4.02016e+02 1.78030e+00 2.66989e+02 1.18392e+00 6.27063e+02 2.77644e+00 2.77276e+02 1.21979e+00 3.87204e+02 1.72852e+00 6.06904e+02 2.70982e+00 4.15534e+02 1.82498e+00 
1.3 1.35 1.4 3.87068e+02 1.76694e+00 2.56937e+02 1.17289e+00 6.04124e+02 2.76312e+00 2.66942e+02 1.21047e+00 3.72659e+02 1.71267e+00 5.84399e+02 2.69001e+00 4.00290e+02 1.81586e+00 
1.4 1.45 1.5 3.72588e+02 1.71750e+00 2.47218e+02 1.13996e+00 5.81914e+02 2.68654e+00 2.56908e+02 1.17698e+00 3.58631e+02 1.66407e+00 5.62667e+02 2.61364e+00 3.85485e+02 1.76626e+00 
1.5 1.55 1.6 3.55168e+02 1.70217e+00 2.35469e+02 1.12806e+00 5.55176e+02 2.66641e+00 2.44898e+02 1.16642e+00 3.41581e+02 1.64672e+00 5.36350e+02 2.59045e+00 3.67774e+02 1.75291e+00 
1.6 1.65 1.7 3.41265e+02 1.67343e+00 2.26170e+02 1.10742e+00 5.33687e+02 2.62671e+00 2.35268e+02 1.14683e+00 3.28154e+02 1.61643e+00 5.15476e+02 2.54647e+00 3.53458e+02 1.72693e+00 
1.7 1.75 1.8 3.22521e+02 1.65030e+00 2.13559e+02 1.09057e+00 5.04920e+02 2.59435e+00 2.22316e+02 1.13096e+00 3.09896e+02 1.59184e+00 4.87244e+02 2.51129e+00 3.34347e+02 1.70562e+00 
1.8 1.85 1.9 3.12456e+02 1.66221e+00 2.06841e+02 1.10001e+00 4.89318e+02 2.60839e+00 2.15315e+02 1.13865e+00 3.00235e+02 1.60636e+00 4.72203e+02 2.53070e+00 3.23904e+02 1.71412e+00 
1.9 1.95 2.0 2.94709e+02 1.64032e+00 1.94870e+02 1.08080e+00 4.62222e+02 2.58982e+00 2.03015e+02 1.12341e+00 2.82955e+02 1.57853e+00 4.45569e+02 2.49803e+00 3.05810e+02 1.70111e+00 
2.0 2.05 2.1 2.78844e+02 1.60061e+00 1.84245e+02 1.05434e+00 4.37694e+02 2.52664e+00 1.92043e+02 1.09656e+00 2.67587e+02 1.53942e+00 4.21699e+02 2.43658e+00 2.89526e+02 1.66048e+00 
2.1 2.15 2.2 2.60605e+02 1.58642e+00 1.72094e+02 1.04525e+00 4.09350e+02 2.50364e+00 1.79445e+02 1.08635e+00 2.49990e+02 1.52689e+00 3.94214e+02 2.41638e+00 2.70709e+02 1.64448e+00 
2.2 2.25 2.3 2.42817e+02 1.54311e+00 1.60248e+02 1.01309e+00 3.81692e+02 2.44665e+00 1.67155e+02 1.05692e+00 2.32840e+02 1.47947e+00 3.67416e+02 2.34977e+00 2.52342e+02 1.60728e+00 
2.3 2.35 2.4 2.31195e+02 1.52657e+00 1.52455e+02 1.00291e+00 3.63790e+02 2.41850e+00 1.59120e+02 1.04573e+00 2.21563e+02 1.46449e+00 3.49918e+02 2.32418e+00 2.40445e+02 1.58919e+00 
2.4 2.45 2.5 2.10884e+02 1.49533e+00 1.38858e+02 9.80573e-01 3.32320e+02 2.37346e+00 1.45048e+02 1.02393e+00 2.01875e+02 1.43193e+00 3.19320e+02 2.27666e+00 2.19545e+02 1.55965e+00 
2.5 2.55 2.6 1.95465e+02 1.46507e+00 1.28644e+02 9.60779e-01 3.08292e+02 2.32567e+00 1.34411e+02 1.00341e+00 1.87121e+02 1.40322e+00 2.96156e+02 2.23101e+00 2.03543e+02 1.52786e+00 
2.6 2.65 2.7 1.83693e+02 1.44850e+00 1.20732e+02 9.46163e-01 2.90212e+02 2.31114e+00 1.26275e+02 9.92272e-01 1.75667e+02 1.38154e+00 2.78429e+02 2.20524e+00 1.91528e+02 1.51861e+00 
2.7 2.75 2.8 1.67831e+02 1.41173e+00 1.10205e+02 9.20835e-01 2.65443e+02 2.25682e+00 1.15327e+02 9.66874e-01 1.60412e+02 1.34480e+00 2.54504e+02 2.14979e+00 1.75100e+02 1.48248e+00 
2.8 2.85 2.9 1.53930e+02 1.39449e+00 1.00985e+02 9.10495e-01 2.43703e+02 2.22541e+00 1.05697e+02 9.54749e-01 1.47100e+02 1.33021e+00 2.33631e+02 2.12443e+00 1.60617e+02 1.46136e+00 
2.9 2.95 3.0 1.38883e+02 1.40051e+00 9.09339e+01 9.09369e-01 2.20414e+02 2.25162e+00 9.53629e+01 9.58842e-01 1.32460e+02 1.32854e+00 2.10798e+02 2.13367e+00 1.45262e+02 1.47840e+00 
3.0 3.05 3.1 1.23093e+02 1.27064e+00 8.05978e+01 8.28524e-01 1.95332e+02 2.03106e+00 8.44694e+01 8.70334e-01 1.17476e+02 1.20988e+00 1.86971e+02 1.93463e+00 1.28637e+02 1.33443e+00 
3.1 3.15 3.2 1.12795e+02 1.34064e+00 7.36699e+01 8.64876e-01 1.79545e+02 2.17824e+00 7.73571e+01 9.17414e-01 1.07440e+02 1.26402e+00 1.71452e+02 2.04362e+00 1.18154e+02 1.42912e+00 
3.2 3.25 3.3 1.00095e+02 1.29730e+00 6.52720e+01 8.38719e-01 1.59663e+02 2.09833e+00 6.86252e+01 8.87998e-01 9.52220e+01 1.22552e+00 1.52204e+02 1.97683e+00 1.05029e+02 1.37736e+00 
3.3 3.35 3.4 9.09337e+01 1.27776e+00 5.92654e+01 8.25979e-01 1.45078e+02 2.06526e+00 6.23043e+01 8.74240e-01 8.65150e+01 1.20750e+00 1.38382e+02 1.94810e+00 9.53613e+01 1.35506e+00 
3.4 3.45 3.5 7.73455e+01 1.20099e+00 5.02711e+01 7.75133e-01 1.23817e+02 1.94530e+00 5.29720e+01 8.21802e-01 7.34155e+01 1.13303e+00 1.17763e+02 1.83076e+00 8.13445e+01 1.27654e+00 
