0.0 0.05 0.1 0.00000e+00 0.00000e+00 0.00000e+00 0.00000e+00 0.00000e+00 0.00000e+00 0.00000e+00 0.00000e+00 0.00000e+00 0.00000e+00 0.00000e+00 0.00000e+00 0.00000e+00 0.00000e+00 
0.1 0.15 0.2 0.00000e+00 0.00000e+00 0.00000e+00 0.00000e+00 0.00000e+00 0.00000e+00 0.00000e+00 0.00000e+00 0.00000e+00 0.00000e+00 0.00000e+00 0.00000e+00 0.00000e+00 0.00000e+00 
0.2 0.25 0.3 0.00000e+00 0.00000e+00 0.00000e+00 0.00000e+00 0.00000e+00 0.00000e+00 0.00000e+00 0.00000e+00 0.00000e+00 0.00000e+00 0.00000e+00 0.00000e+00 0.00000e+00 0.00000e+00 
0.3 0.35 0.4 0.00000e+00 0.00000e+00 0.00000e+00 0.00000e+00 0.00000e+00 0.00000e+00 0.00000e+00 0.00000e+00 0.00000e+00 0.00000e+00 0.00000e+00 0.00000e+00 0.00000e+00 0.00000e+00 
0.4 0.45 0.5 0.00000e+00 0.00000e+00 0.00000e+00 0.00000e+00 0.00000e+00 0.00000e+00 0.00000e+00 0.00000e+00 0.00000e+00 0.00000e+00 0.00000e+00 0.00000e+00 0.00000e+00 0.00000e+00 
0.5 0.55 0.6 0.00000e+00 0.00000e+00 0.00000e+00 0.00000e+00 0.00000e+00 0.00000e+00 0.00000e+00 0.00000e+00 0.00000e+00 0.00000e+00 0.00000e+00 0.00000e+00 0.00000e+00 0.00000e+00 
0.6 0.65 0.7 0.00000e+00 0.00000e+00 0.00000e+00 0.00000e+00 0.00000e+00 0.00000e+00 0.00000e+00 0.00000e+00 0.00000e+00 0.00000e+00 0.00000e+00 0.00000e+00 0.00000e+00 0.00000e+00 
0.7 0.75 0.8 0.00000e+00 0.00000e+00 0.00000e+00 0.00000e+00 0.00000e+00 0.00000e+00 0.00000e+00 0.00000e+00 0.00000e+00 0.00000e+00 0.00000e+00 0.00000e+00 0.00000e+00 0.00000e+00 
0.8 0.85 0.9 2.15564e+00 3.66043e-02 1.40363e+00 2.38702e-02 3.43079e+00 5.81932e-02 1.58147e+00 2.68037e-02 1.91331e+00 3.25998e-02 3.01915e+00 5.13832e-02 2.44968e+00 4.14585e-02 
0.9 0.95 1.0 2.08196e+00 3.52989e-02 1.35530e+00 2.29567e-02 3.31457e+00 5.62962e-02 1.52758e+00 2.58509e-02 1.84722e+00 3.13484e-02 2.91557e+00 4.95436e-02 2.36701e+00 4.01126e-02 
1.0 1.05 1.1 2.02689e+00 3.51151e-02 1.31994e+00 2.28653e-02 3.22780e+00 5.60751e-02 1.48733e+00 2.57132e-02 1.79886e+00 3.12272e-02 2.83813e+00 4.92927e-02 2.30535e+00 3.99539e-02 
1.1 1.15 1.2 2.00973e+00 3.28577e-02 1.30961e+00 2.14687e-02 3.19594e+00 5.21158e-02 1.47479e+00 2.40587e-02 1.78471e+00 2.93216e-02 2.81397e+00 4.61272e-02 2.28267e+00 3.71257e-02 
1.2 1.25 1.3 1.98834e+00 3.28885e-02 1.29454e+00 2.14120e-02 3.16517e+00 5.23885e-02 1.45912e+00 2.40761e-02 1.76414e+00 2.92502e-02 2.78395e+00 4.61825e-02 2.26073e+00 3.73097e-02 
1.3 1.35 1.4 1.90899e+00 3.05491e-02 1.24328e+00 1.99050e-02 3.03764e+00 4.86101e-02 1.40147e+00 2.23828e-02 1.69359e+00 2.71685e-02 2.67153e+00 4.28531e-02 2.17072e+00 3.46553e-02 
1.4 1.45 1.5 1.96145e+00 3.31772e-02 1.27799e+00 2.15610e-02 3.11968e+00 5.29637e-02 1.43971e+00 2.42972e-02 1.74120e+00 2.94420e-02 2.74557e+00 4.65652e-02 2.22884e+00 3.77379e-02 
1.5 1.55 1.6 1.94141e+00 3.09559e-02 1.26445e+00 2.01726e-02 3.08927e+00 4.92582e-02 1.42540e+00 2.26746e-02 1.72226e+00 2.75413e-02 2.71661e+00 4.34382e-02 2.20786e+00 3.51055e-02 
1.6 1.65 1.7 1.92782e+00 3.08002e-02 1.25563e+00 2.00750e-02 3.07657e+00 4.91737e-02 1.41568e+00 2.25638e-02 1.70994e+00 2.74037e-02 2.69700e+00 4.32121e-02 2.19920e+00 3.50497e-02 
1.7 1.75 1.8 1.89654e+00 2.95537e-02 1.23511e+00 1.92834e-02 3.01812e+00 4.69506e-02 1.39273e+00 2.16491e-02 1.68196e+00 2.63253e-02 2.65317e+00 4.14669e-02 2.15752e+00 3.34635e-02 
1.8 1.85 1.9 1.84245e+00 2.87531e-02 1.19943e+00 1.87383e-02 2.93333e+00 4.57468e-02 1.35331e+00 2.10677e-02 1.63302e+00 2.55749e-02 2.57684e+00 4.03317e-02 2.09746e+00 3.26152e-02 
1.9 1.95 2.0 1.80195e+00 2.82982e-02 1.17288e+00 1.84285e-02 2.86929e+00 4.50560e-02 1.32402e+00 2.07419e-02 1.59632e+00 2.51432e-02 2.51917e+00 3.96766e-02 2.05251e+00 3.21367e-02 
2.0 2.05 2.1 1.78199e+00 2.86320e-02 1.15970e+00 1.86546e-02 2.83814e+00 4.55660e-02 1.30927e+00 2.09816e-02 1.57849e+00 2.54577e-02 2.49146e+00 4.01562e-02 2.03007e+00 3.24912e-02 
2.1 2.15 2.2 1.69847e+00 2.70353e-02 1.10539e+00 1.76127e-02 2.70500e+00 4.30312e-02 1.24828e+00 1.98183e-02 1.50411e+00 2.40276e-02 2.37385e+00 3.79012e-02 1.93552e+00 3.06963e-02 
2.2 2.25 2.3 1.71349e+00 2.70181e-02 1.11472e+00 1.75937e-02 2.73023e+00 4.30264e-02 1.25914e+00 1.97956e-02 1.51703e+00 2.40136e-02 2.39526e+00 3.79005e-02 1.95323e+00 3.06736e-02 
2.3 2.35 2.4 1.61203e+00 2.54335e-02 1.04924e+00 1.65997e-02 2.56706e+00 4.03948e-02 1.18505e+00 1.86434e-02 1.42735e+00 2.26465e-02 2.25234e+00 3.56575e-02 1.83739e+00 2.88143e-02 
2.4 2.45 2.5 1.55306e+00 2.66384e-02 1.00927e+00 1.72708e-02 2.47762e+00 4.26450e-02 1.14167e+00 1.95250e-02 1.37302e+00 2.35639e-02 2.17004e+00 3.73500e-02 1.77330e+00 3.04165e-02 
2.5 2.55 2.6 1.54543e+00 2.48998e-02 1.00493e+00 1.62212e-02 2.46369e+00 3.96302e-02 1.13619e+00 1.82525e-02 1.36697e+00 2.21295e-02 2.15910e+00 3.49085e-02 1.76355e+00 2.82692e-02 
2.6 2.65 2.7 1.46761e+00 2.42693e-02 9.53521e-01 1.57731e-02 2.34186e+00 3.87347e-02 1.07912e+00 1.77909e-02 1.29685e+00 2.15176e-02 2.05004e+00 3.40233e-02 1.67662e+00 2.76314e-02 
2.7 2.75 2.8 1.45752e+00 2.41480e-02 9.46626e-01 1.56886e-02 2.32676e+00 3.85575e-02 1.07166e+00 1.77009e-02 1.28752e+00 2.14035e-02 2.03604e+00 3.38556e-02 1.66573e+00 2.75030e-02 
2.8 2.85 2.9 1.39314e+00 2.36655e-02 9.03961e-01 1.53407e-02 2.22641e+00 3.78905e-02 1.02439e+00 1.73479e-02 1.22941e+00 2.09280e-02 1.94596e+00 3.31776e-02 1.59401e+00 2.70283e-02 
2.9 2.95 3.0 1.37055e+00 2.28983e-02 8.89867e-01 1.48837e-02 2.18872e+00 3.65431e-02 1.00783e+00 1.67866e-02 1.21018e+00 2.03036e-02 1.91428e+00 3.20996e-02 1.56713e+00 2.60698e-02 
3.0 3.05 3.1 1.30944e+00 2.28049e-02 8.49747e-01 1.48001e-02 2.09239e+00 3.64588e-02 9.62976e-01 1.67139e-02 1.15553e+00 2.01944e-02 1.82875e+00 3.19783e-02 1.49830e+00 2.60015e-02 
3.1 3.15 3.2 1.23030e+00 2.15349e-02 7.97907e-01 1.39690e-02 1.96733e+00 3.44499e-02 9.04694e-01 1.57889e-02 1.08513e+00 1.90536e-02 1.71840e+00 3.01840e-02 1.40861e+00 2.45800e-02 
3.2 3.25 3.3 1.04612e+00 2.10385e-02 6.77474e-01 1.35665e-02 1.67568e+00 3.38976e-02 7.69103e-01 1.54158e-02 9.21522e-01 1.85149e-02 1.46150e+00 2.95094e-02 1.19949e+00 2.41674e-02 
3.3 3.35 3.4 9.55720e-01 2.06834e-02 6.18660e-01 1.32949e-02 1.53182e+00 3.34574e-02 7.02453e-01 1.51538e-02 8.41750e-01 1.81464e-02 1.33563e+00 2.90154e-02 1.09616e+00 2.38501e-02 
3.4 3.45 3.5 8.56640e-01 1.86443e-02 5.54027e-01 1.20379e-02 1.37433e+00 2.99865e-02 6.29729e-01 1.36658e-02 7.53691e-01 1.64237e-02 1.19694e+00 2.61409e-02 9.83648e-01 2.13878e-02 
3.5 3.55 3.6 7.85378e-01 1.86202e-02 5.07797e-01 1.20234e-02 1.26048e+00 2.99452e-02 5.77161e-01 1.36419e-02 6.91016e-01 1.64115e-02 1.09778e+00 2.61216e-02 9.01821e-01 2.13465e-02 
3.6 3.65 3.7 6.85541e-01 1.68764e-02 4.43089e-01 1.09046e-02 1.10073e+00 2.71217e-02 5.03852e-01 1.23677e-02 6.02891e-01 1.48804e-02 9.58097e-01 2.36675e-02 7.87642e-01 1.93404e-02 
3.7 3.75 3.8 6.44020e-01 1.73639e-02 4.15797e-01 1.12003e-02 1.03544e+00 2.79626e-02 4.73227e-01 1.27254e-02 5.65886e-01 1.52837e-02 9.00311e-01 2.43503e-02 7.40721e-01 1.99410e-02 
3.8 3.85 3.9 5.44920e-01 1.57573e-02 3.51559e-01 1.01523e-02 8.76813e-01 2.54078e-02 4.00482e-01 1.15471e-02 4.78373e-01 1.38546e-02 7.61610e-01 2.20993e-02 6.27381e-01 1.81175e-02 
3.9 3.95 4.0 5.18654e-01 1.50569e-02 3.34804e-01 9.71898e-03 8.34027e-01 2.42256e-02 3.81107e-01 1.10326e-02 4.55658e-01 1.32646e-02 7.25057e-01 2.11198e-02 5.96635e-01 1.72719e-02 
4.0 4.05 4.1 4.75671e-01 1.53871e-02 3.06228e-01 9.88407e-03 7.67264e-01 2.48955e-02 3.49456e-01 1.12752e-02 4.16847e-01 1.34892e-02 6.65121e-01 2.15816e-02 5.48748e-01 1.77508e-02 
4.1 4.15 4.2 4.08286e-01 1.41095e-02 2.62947e-01 9.08680e-03 6.58336e-01 2.27635e-02 3.00022e-01 1.03406e-02 3.57846e-01 1.23993e-02 5.70736e-01 1.97860e-02 4.70976e-01 1.62338e-02 
4.2 4.25 4.3 3.94183e-01 1.54665e-02 2.53039e-01 9.88498e-03 6.37992e-01 2.51765e-02 2.89545e-01 1.13298e-02 3.44494e-01 1.34945e-02 5.51280e-01 2.17010e-02 4.56202e-01 1.79440e-02 
4.3 4.35 4.4 3.52059e-01 1.45331e-02 2.26019e-01 9.31764e-03 5.69752e-01 2.35659e-02 2.58582e-01 1.06476e-02 3.07734e-01 1.27181e-02 4.92411e-01 2.03877e-02 4.07372e-01 1.67992e-02 
4.4 4.45 4.5 3.07417e-01 1.42262e-02 1.97196e-01 9.09408e-03 4.98001e-01 2.31488e-02 2.25780e-01 1.04216e-02 2.68504e-01 1.24142e-02 4.30003e-01 1.99596e-02 3.56041e-01 1.64997e-02 
4.5 4.55 4.6 2.66547e-01 1.23420e-02 1.70768e-01 7.89215e-03 4.32368e-01 2.00735e-02 1.95868e-01 9.04667e-03 2.32394e-01 1.07672e-02 3.72598e-01 1.73041e-02 3.09313e-01 1.43176e-02 
4.6 4.65 4.7 2.37659e-01 1.32075e-02 1.52161e-01 8.44127e-03 3.85802e-01 2.14913e-02 1.74548e-01 9.67500e-03 2.07184e-01 1.15235e-02 3.32425e-01 1.85314e-02 2.75830e-01 1.53174e-02 
4.7 4.75 4.8 2.22882e-01 1.26816e-02 1.42797e-01 8.13286e-03 3.61576e-01 2.05609e-02 1.63673e-01 9.28938e-03 1.94459e-01 1.11030e-02 3.11807e-01 1.77945e-02 2.58466e-01 1.46535e-02 
4.8 4.85 4.9 1.97380e-01 1.28800e-02 1.26210e-01 8.22586e-03 3.20939e-01 2.09816e-02 1.44940e-01 9.43595e-03 1.71878e-01 1.12283e-02 2.76143e-01 1.80696e-02 2.29406e-01 1.49557e-02 
4.9 4.95 5.0 1.64966e-01 1.15624e-02 1.05353e-01 7.38000e-03 2.68595e-01 1.88454e-02 1.21119e-01 8.46850e-03 1.43497e-01 1.00763e-02 2.30838e-01 1.62264e-02 1.91955e-01 1.34288e-02 
5.0 5.05 5.1 1.62255e-01 1.19471e-02 1.03261e-01 7.57784e-03 2.65229e-01 1.96171e-02 1.19157e-01 8.75518e-03 1.40613e-01 1.03407e-02 2.26980e-01 1.67548e-02 1.89602e-01 1.39884e-02 
5.1 5.15 5.2 1.09044e-01 9.43725e-03 6.94743e-02 6.02096e-03 1.78012e-01 1.53886e-02 8.01164e-02 6.91912e-03 9.45613e-02 8.21233e-03 1.52455e-01 1.32276e-02 1.27327e-01 1.09792e-02 
5.2 5.25 5.3 9.77056e-02 8.78654e-03 6.22497e-02 5.59172e-03 1.59517e-01 1.43710e-02 7.18140e-02 6.44674e-03 8.46949e-02 7.62131e-03 1.36542e-01 1.23051e-02 1.14149e-01 1.02618e-02 
5.3 5.35 5.4 9.62099e-02 1.07774e-02 6.38204e-02 7.35583e-03 1.57731e-01 1.76983e-02 7.06427e-02 7.89303e-03 8.31742e-02 9.33037e-03 1.34615e-01 1.51261e-02 1.12733e-01 1.26098e-02 
5.4 5.45 5.5 4.92668e-02 5.67729e-03 3.13295e-02 3.62217e-03 8.06069e-02 9.25673e-03 3.62152e-02 4.16799e-03 4.26215e-02 4.93389e-03 6.88414e-02 7.94501e-03 5.76887e-02 6.61471e-03 
5.5 5.55 5.6 6.62679e-02 8.09995e-03 4.20068e-02 5.13598e-03 1.08804e-01 1.33009e-02 4.86928e-02 5.93811e-03 5.71702e-02 7.00584e-03 9.26404e-02 1.13545e-02 7.78324e-02 9.48855e-03 
5.6 5.65 5.7 4.94838e-02 6.86198e-03 3.12985e-02 4.35038e-03 8.14524e-02 1.12702e-02 3.63909e-02 5.03745e-03 4.25588e-02 5.92587e-03 6.91068e-02 9.60349e-03 5.83231e-02 8.05250e-03 
5.7 5.75 5.8 2.34663e-02 3.77543e-03 1.48163e-02 2.39803e-03 4.54373e-02 7.59551e-03 1.72790e-02 2.77746e-03 2.01231e-02 3.25992e-03 3.82793e-02 6.41392e-03 3.25380e-02 5.42676e-03 
5.8 5.85 5.9 2.44287e-02 4.08712e-03 1.42823e-02 2.44274e-03 4.06050e-02 6.73582e-03 1.79519e-02 2.99858e-03 1.94347e-02 3.32967e-03 3.41466e-02 5.72419e-03 2.90489e-02 4.80939e-03 
5.9 5.95 6.0 1.89165e-02 3.46996e-03 1.18030e-02 2.17494e-03 3.58739e-02 6.55655e-03 1.38913e-02 2.54469e-03 1.60730e-02 2.96582e-03 2.83034e-02 5.18941e-03 2.56464e-02 4.68162e-03 
6.0 6.05 6.1 9.19474e-03 2.15742e-03 6.36988e-03 1.49399e-03 1.54229e-02 3.61516e-03 6.77166e-03 1.58832e-03 8.65281e-03 2.03096e-03 1.28192e-02 3.00924e-03 1.10620e-02 2.59160e-03 
6.1 6.15 6.2 1.34315e-02 3.54474e-03 8.36899e-03 2.22922e-03 2.24857e-02 5.87343e-03 9.87131e-03 2.60487e-03 1.13871e-02 3.03339e-03 1.87721e-02 4.95493e-03 1.60881e-02 4.20154e-03 
6.2 6.25 6.3 2.05147e-03 6.01277e-04 1.26597e-03 3.74884e-04 3.47004e-03 1.00544e-03 1.51309e-03 4.43623e-04 1.93683e-03 5.56444e-04 2.85519e-03 8.36547e-04 2.49320e-03 7.22696e-04 
6.3 6.35 6.4 2.31372e-03 6.63624e-04 1.39835e-03 4.00599e-04 4.00601e-03 1.15120e-03 1.70138e-03 4.86998e-04 1.90154e-03 5.45832e-04 3.23168e-03 9.29167e-04 2.86793e-03 8.22083e-04 
6.4 6.45 6.5 1.37146e-03 6.22942e-04 5.14879e-04 1.99391e-04 2.33834e-03 1.05105e-03 1.01260e-03 4.60134e-04 6.97559e-04 2.69991e-04 1.90628e-03 8.65442e-04 1.68228e-03 7.56534e-04 
6.5 6.55 6.6 1.46000e-05 5.35015e-06 8.52675e-06 3.13784e-06 2.62091e-05 9.56200e-06 1.08301e-05 3.96633e-06 1.14948e-05 4.23265e-06 2.01834e-05 7.40146e-06 1.89586e-05 6.91193e-06 
6.6 6.65 6.7 1.29805e-06 5.81998e-07 7.39697e-07 3.32426e-07 2.39499e-06 1.07118e-06 9.59664e-07 4.29814e-07 1.00052e-06 4.50116e-07 1.80145e-06 8.08724e-07 1.72572e-06 7.70845e-07 
6.7 6.75 6.8 2.44080e-09 1.17880e-09 1.30239e-09 6.33169e-10 4.84080e-09 2.32098e-09 1.81126e-09 8.75443e-10 1.75495e-09 8.52541e-10 3.37282e-09 1.62754e-09 3.50277e-09 1.68090e-09 
6.8 6.85 6.9 2.58868e-10 1.20471e-10 1.31585e-10 6.10138e-11 5.41022e-10 2.52772e-10 1.91311e-10 8.90293e-11 1.78045e-10 8.25593e-11 3.59448e-10 1.67295e-10 3.89611e-10 1.82013e-10 
6.9 6.95 7.0 0.00000e+00 0.00000e+00 0.00000e+00 0.00000e+00 0.00000e+00 0.00000e+00 0.00000e+00 0.00000e+00 0.00000e+00 0.00000e+00 0.00000e+00 0.00000e+00 0.00000e+00 0.00000e+00 
7.0 7.05 7.1 0.00000e+00 0.00000e+00 0.00000e+00 0.00000e+00 0.00000e+00 0.00000e+00 0.00000e+00 0.00000e+00 0.00000e+00 0.00000e+00 0.00000e+00 0.00000e+00 0.00000e+00 0.00000e+00 
7.1 7.15 7.2 0.00000e+00 0.00000e+00 0.00000e+00 0.00000e+00 0.00000e+00 0.00000e+00 0.00000e+00 0.00000e+00 0.00000e+00 0.00000e+00 0.00000e+00 0.00000e+00 0.00000e+00 0.00000e+00 
7.2 7.25 7.3 0.00000e+00 0.00000e+00 0.00000e+00 0.00000e+00 0.00000e+00 0.00000e+00 0.00000e+00 0.00000e+00 0.00000e+00 0.00000e+00 0.00000e+00 0.00000e+00 0.00000e+00 0.00000e+00 
7.3 7.35 7.4 0.00000e+00 0.00000e+00 0.00000e+00 0.00000e+00 0.00000e+00 0.00000e+00 0.00000e+00 0.00000e+00 0.00000e+00 0.00000e+00 0.00000e+00 0.00000e+00 0.00000e+00 0.00000e+00 
7.4 7.45 7.5 0.00000e+00 0.00000e+00 0.00000e+00 0.00000e+00 0.00000e+00 0.00000e+00 0.00000e+00 0.00000e+00 0.00000e+00 0.00000e+00 0.00000e+00 0.00000e+00 0.00000e+00 0.00000e+00 
7.5 7.55 7.6 0.00000e+00 0.00000e+00 0.00000e+00 0.00000e+00 0.00000e+00 0.00000e+00 0.00000e+00 0.00000e+00 0.00000e+00 0.00000e+00 0.00000e+00 0.00000e+00 0.00000e+00 0.00000e+00 
7.6 7.65 7.7 0.00000e+00 0.00000e+00 0.00000e+00 0.00000e+00 0.00000e+00 0.00000e+00 0.00000e+00 0.00000e+00 0.00000e+00 0.00000e+00 0.00000e+00 0.00000e+00 0.00000e+00 0.00000e+00 
7.7 7.75 7.8 0.00000e+00 0.00000e+00 0.00000e+00 0.00000e+00 0.00000e+00 0.00000e+00 0.00000e+00 0.00000e+00 0.00000e+00 0.00000e+00 0.00000e+00 0.00000e+00 0.00000e+00 0.00000e+00 
7.8 7.85 7.9 0.00000e+00 0.00000e+00 0.00000e+00 0.00000e+00 0.00000e+00 0.00000e+00 0.00000e+00 0.00000e+00 0.00000e+00 0.00000e+00 0.00000e+00 0.00000e+00 0.00000e+00 0.00000e+00 
7.9 7.95 8.0 0.00000e+00 0.00000e+00 0.00000e+00 0.00000e+00 0.00000e+00 0.00000e+00 0.00000e+00 0.00000e+00 0.00000e+00 0.00000e+00 0.00000e+00 0.00000e+00 0.00000e+00 0.00000e+00 
8.0 8.05 8.1 0.00000e+00 0.00000e+00 0.00000e+00 0.00000e+00 0.00000e+00 0.00000e+00 0.00000e+00 0.00000e+00 0.00000e+00 0.00000e+00 0.00000e+00 0.00000e+00 0.00000e+00 0.00000e+00 
8.1 8.15 8.2 0.00000e+00 0.00000e+00 0.00000e+00 0.00000e+00 0.00000e+00 0.00000e+00 0.00000e+00 0.00000e+00 0.00000e+00 0.00000e+00 0.00000e+00 0.00000e+00 0.00000e+00 0.00000e+00 
8.2 8.25 8.3 0.00000e+00 0.00000e+00 0.00000e+00 0.00000e+00 0.00000e+00 0.00000e+00 0.00000e+00 0.00000e+00 0.00000e+00 0.00000e+00 0.00000e+00 0.00000e+00 0.00000e+00 0.00000e+00 
8.3 8.35 8.4 0.00000e+00 0.00000e+00 0.00000e+00 0.00000e+00 0.00000e+00 0.00000e+00 0.00000e+00 0.00000e+00 0.00000e+00 0.00000e+00 0.00000e+00 0.00000e+00 0.00000e+00 0.00000e+00 
8.4 8.45 8.5 0.00000e+00 0.00000e+00 0.00000e+00 0.00000e+00 0.00000e+00 0.00000e+00 0.00000e+00 0.00000e+00 0.00000e+00 0.00000e+00 0.00000e+00 0.00000e+00 0.00000e+00 0.00000e+00 
8.5 8.55 8.6 0.00000e+00 0.00000e+00 0.00000e+00 0.00000e+00 0.00000e+00 0.00000e+00 0.00000e+00 0.00000e+00 0.00000e+00 0.00000e+00 0.00000e+00 0.00000e+00 0.00000e+00 0.00000e+00 
8.6 8.65 8.7 0.00000e+00 0.00000e+00 0.00000e+00 0.00000e+00 0.00000e+00 0.00000e+00 0.00000e+00 0.00000e+00 0.00000e+00 0.00000e+00 0.00000e+00 0.00000e+00 0.00000e+00 0.00000e+00 
8.7 8.75 8.8 0.00000e+00 0.00000e+00 0.00000e+00 0.00000e+00 0.00000e+00 0.00000e+00 0.00000e+00 0.00000e+00 0.00000e+00 0.00000e+00 0.00000e+00 0.00000e+00 0.00000e+00 0.00000e+00 
8.8 8.85 8.9 0.00000e+00 0.00000e+00 0.00000e+00 0.00000e+00 0.00000e+00 0.00000e+00 0.00000e+00 0.00000e+00 0.00000e+00 0.00000e+00 0.00000e+00 0.00000e+00 0.00000e+00 0.00000e+00 
8.9 8.95 9.0 0.00000e+00 0.00000e+00 0.00000e+00 0.00000e+00 0.00000e+00 0.00000e+00 0.00000e+00 0.00000e+00 0.00000e+00 0.00000e+00 0.00000e+00 0.00000e+00 0.00000e+00 0.00000e+00 
9.0 9.05 9.1 0.00000e+00 0.00000e+00 0.00000e+00 0.00000e+00 0.00000e+00 0.00000e+00 0.00000e+00 0.00000e+00 0.00000e+00 0.00000e+00 0.00000e+00 0.00000e+00 0.00000e+00 0.00000e+00 
9.1 9.15 9.2 0.00000e+00 0.00000e+00 0.00000e+00 0.00000e+00 0.00000e+00 0.00000e+00 0.00000e+00 0.00000e+00 0.00000e+00 0.00000e+00 0.00000e+00 0.00000e+00 0.00000e+00 0.00000e+00 
9.2 9.25 9.3 0.00000e+00 0.00000e+00 0.00000e+00 0.00000e+00 0.00000e+00 0.00000e+00 0.00000e+00 0.00000e+00 0.00000e+00 0.00000e+00 0.00000e+00 0.00000e+00 0.00000e+00 0.00000e+00 
9.3 9.35 9.4 0.00000e+00 0.00000e+00 0.00000e+00 0.00000e+00 0.00000e+00 0.00000e+00 0.00000e+00 0.00000e+00 0.00000e+00 0.00000e+00 0.00000e+00 0.00000e+00 0.00000e+00 0.00000e+00 
9.4 9.45 9.5 0.00000e+00 0.00000e+00 0.00000e+00 0.00000e+00 0.00000e+00 0.00000e+00 0.00000e+00 0.00000e+00 0.00000e+00 0.00000e+00 0.00000e+00 0.00000e+00 0.00000e+00 0.00000e+00 
9.5 9.55 9.6 0.00000e+00 0.00000e+00 0.00000e+00 0.00000e+00 0.00000e+00 0.00000e+00 0.00000e+00 0.00000e+00 0.00000e+00 0.00000e+00 0.00000e+00 0.00000e+00 0.00000e+00 0.00000e+00 
9.6 9.65 9.7 0.00000e+00 0.00000e+00 0.00000e+00 0.00000e+00 0.00000e+00 0.00000e+00 0.00000e+00 0.00000e+00 0.00000e+00 0.00000e+00 0.00000e+00 0.00000e+00 0.00000e+00 0.00000e+00 
9.7 9.75 9.8 0.00000e+00 0.00000e+00 0.00000e+00 0.00000e+00 0.00000e+00 0.00000e+00 0.00000e+00 0.00000e+00 0.00000e+00 0.00000e+00 0.00000e+00 0.00000e+00 0.00000e+00 0.00000e+00 
9.8 9.85 9.9 0.00000e+00 0.00000e+00 0.00000e+00 0.00000e+00 0.00000e+00 0.00000e+00 0.00000e+00 0.00000e+00 0.00000e+00 0.00000e+00 0.00000e+00 0.00000e+00 0.00000e+00 0.00000e+00 
9.9 9.95 10.0 0.00000e+00 0.00000e+00 0.00000e+00 0.00000e+00 0.00000e+00 0.00000e+00 0.00000e+00 0.00000e+00 0.00000e+00 0.00000e+00 0.00000e+00 0.00000e+00 0.00000e+00 0.00000e+00 
