0.0 25.0 50.0 0.00000e+00 0.00000e+00 0.00000e+00 0.00000e+00 0.00000e+00 0.00000e+00 0.00000e+00 0.00000e+00 0.00000e+00 0.00000e+00 0.00000e+00 0.00000e+00 0.00000e+00 0.00000e+00 
50.0 75.0 100.0 2.46244e-01 2.04693e-03 1.62334e-01 1.34789e-03 3.87076e-01 3.22475e-03 1.74350e-01 1.44844e-03 2.29281e-01 1.90492e-03 3.59889e-01 2.99384e-03 2.64858e-01 2.20497e-03 
100.0 125.0 150.0 6.50757e-01 2.71316e-03 4.28626e-01 1.78572e-03 1.02402e+00 4.27635e-03 4.62323e-01 1.92433e-03 6.03363e-01 2.51794e-03 9.47225e-01 3.95730e-03 7.03579e-01 2.93225e-03 
150.0 175.0 200.0 6.44658e-01 2.46130e-03 4.24145e-01 1.61636e-03 1.01558e+00 3.88978e-03 4.59016e-01 1.74814e-03 5.95729e-01 2.27596e-03 9.35826e-01 3.58389e-03 6.99671e-01 2.67169e-03 
200.0 225.0 250.0 5.66775e-01 2.13412e-03 3.72410e-01 1.39860e-03 8.94251e-01 3.38059e-03 4.04221e-01 1.51736e-03 5.22210e-01 1.96724e-03 8.21153e-01 3.10356e-03 6.17293e-01 2.32487e-03 
250.0 275.0 300.0 4.54599e-01 1.80670e-03 2.98260e-01 1.18207e-03 7.18490e-01 2.86753e-03 3.24629e-01 1.28503e-03 4.17707e-01 1.66211e-03 6.57637e-01 2.62633e-03 4.96720e-01 1.97288e-03 
300.0 325.0 350.0 3.56625e-01 1.56084e-03 2.33541e-01 1.01756e-03 5.64875e-01 2.48829e-03 2.54906e-01 1.11021e-03 3.26761e-01 1.43070e-03 5.15326e-01 2.26881e-03 3.90958e-01 1.71202e-03 
350.0 375.0 400.0 2.83741e-01 1.37826e-03 1.85516e-01 8.97065e-04 4.50267e-01 2.20125e-03 2.02931e-01 9.80189e-04 2.59412e-01 1.26148e-03 4.09720e-01 2.00382e-03 3.11856e-01 1.51422e-03 
400.0 425.0 450.0 2.27092e-01 1.22192e-03 1.48183e-01 7.94510e-04 3.61215e-01 1.95371e-03 1.62495e-01 8.68955e-04 2.07107e-01 1.11732e-03 3.27732e-01 1.77664e-03 2.50319e-01 1.34384e-03 
450.0 475.0 500.0 1.84013e-01 1.11751e-03 1.19867e-01 7.25590e-04 2.93273e-01 1.78960e-03 1.31718e-01 7.94578e-04 1.67471e-01 1.02056e-03 2.65447e-01 1.62513e-03 2.03324e-01 1.23073e-03 
500.0 525.0 550.0 1.52309e-01 1.03464e-03 9.90536e-02 6.71087e-04 2.43206e-01 1.65883e-03 1.09061e-01 7.35548e-04 1.38345e-01 9.44056e-04 2.19625e-01 1.50489e-03 1.68681e-01 1.14063e-03 
550.0 575.0 600.0 1.23924e-01 9.37202e-04 8.04575e-02 6.06783e-04 1.98271e-01 1.50580e-03 8.87685e-02 6.66163e-04 1.12331e-01 8.53738e-04 1.78618e-01 1.36346e-03 1.37574e-01 1.03517e-03 
600.0 625.0 650.0 1.04643e-01 8.62507e-04 6.78045e-02 5.55215e-04 1.67972e-01 1.40098e-03 7.49673e-02 6.13227e-04 9.46520e-02 7.80973e-04 1.50804e-01 1.25440e-03 1.16568e-01 9.63407e-04 
650.0 675.0 700.0 8.76929e-02 7.65236e-04 5.67300e-02 4.92910e-04 1.40892e-01 1.23702e-03 6.28417e-02 5.44203e-04 7.91699e-02 6.93157e-04 1.26334e-01 1.11261e-03 9.78073e-02 8.50877e-04 
700.0 725.0 750.0 7.38700e-02 7.18394e-04 4.76982e-02 4.62000e-04 1.18905e-01 1.16280e-03 5.29433e-02 5.10766e-04 6.65558e-02 6.49842e-04 1.06404e-01 1.04482e-03 8.25567e-02 7.99591e-04 
750.0 775.0 800.0 6.35943e-02 6.81979e-04 4.09971e-02 4.38047e-04 1.02588e-01 1.10586e-03 4.55775e-02 4.84788e-04 5.72072e-02 6.16269e-04 9.16056e-02 9.92068e-04 7.12248e-02 7.60275e-04 
800.0 825.0 850.0 5.29596e-02 6.24369e-04 3.41042e-02 4.00201e-04 8.55399e-02 1.01505e-03 3.79796e-02 4.43969e-04 4.75587e-02 5.62853e-04 7.62293e-02 9.07944e-04 5.94331e-02 6.98087e-04 
850.0 875.0 900.0 4.47709e-02 5.91321e-04 2.87748e-02 3.78890e-04 7.24791e-02 9.61566e-04 3.21051e-02 4.20207e-04 4.01293e-02 5.33220e-04 6.44483e-02 8.60539e-04 5.03541e-02 6.60812e-04 
900.0 925.0 950.0 3.75366e-02 5.33002e-04 2.40987e-02 3.41040e-04 6.08412e-02 8.68074e-04 2.69308e-02 3.79082e-04 3.35912e-02 4.79546e-04 5.40016e-02 7.74876e-04 4.22942e-02 5.97165e-04 
950.0 975.0 1000.0 3.23436e-02 5.61413e-04 2.07165e-02 3.55609e-04 5.25672e-02 9.25506e-04 2.32037e-02 3.98768e-04 2.88783e-02 5.00648e-04 4.65349e-02 8.17456e-04 3.65388e-02 6.35616e-04 
1000.0 1025.0 1050.0 2.73472e-02 4.84340e-04 1.74998e-02 3.06860e-04 4.44946e-02 7.98760e-04 1.96357e-02 3.44642e-04 2.43736e-02 4.31284e-04 3.93064e-02 7.03708e-04 3.09588e-02 5.49834e-04 
1050.0 1075.0 1100.0 2.34770e-02 4.50995e-04 1.50143e-02 2.87751e-04 3.82223e-02 7.36889e-04 1.68591e-02 3.20724e-04 2.09092e-02 4.04657e-04 3.37383e-02 6.55740e-04 2.65992e-02 5.06856e-04 
1100.0 1125.0 1150.0 1.87228e-02 3.77465e-04 1.19528e-02 2.40002e-04 3.05443e-02 6.19331e-04 1.34560e-02 2.68700e-04 1.66319e-02 3.37162e-04 2.68800e-02 5.48171e-04 2.12761e-02 4.26483e-04 
1150.0 1175.0 1200.0 1.60163e-02 3.73308e-04 1.02124e-02 2.36974e-04 2.61642e-02 6.13582e-04 1.15108e-02 2.65495e-04 1.42104e-02 3.33226e-04 2.29947e-02 5.42743e-04 1.82251e-02 4.22069e-04 
1200.0 1225.0 1250.0 1.35323e-02 3.31380e-04 8.62112e-03 2.09763e-04 2.21264e-02 5.46349e-04 9.73428e-03 2.35843e-04 1.19853e-02 2.94738e-04 1.94073e-02 4.81373e-04 1.54290e-02 3.76115e-04 
1250.0 1275.0 1300.0 1.07471e-02 2.71421e-04 6.84269e-03 1.71942e-04 1.75829e-02 4.47023e-04 7.74049e-03 1.93555e-04 9.50102e-03 2.41121e-04 1.53898e-02 3.93317e-04 1.22793e-02 3.08495e-04 
1300.0 1325.0 1350.0 8.86106e-03 2.39057e-04 5.64051e-03 1.51505e-04 1.45006e-02 3.93620e-04 6.38667e-03 1.70496e-04 7.82612e-03 2.12442e-04 1.26779e-02 3.46373e-04 1.01355e-02 2.71687e-04 
1350.0 1375.0 1400.0 7.51614e-03 2.10002e-04 4.77881e-03 1.32738e-04 1.23165e-02 3.46886e-04 5.42461e-03 1.50180e-04 6.62154e-03 1.85618e-04 1.07361e-02 3.03269e-04 8.62283e-03 2.40214e-04 
1400.0 1425.0 1450.0 6.15441e-03 1.82946e-04 3.91273e-03 1.15986e-04 1.00842e-02 3.00995e-04 4.44370e-03 1.30825e-04 5.41927e-03 1.62203e-04 8.78658e-03 2.64216e-04 7.06372e-03 2.08427e-04 
1450.0 1475.0 1500.0 4.88696e-03 1.41352e-04 3.10678e-03 8.92507e-05 8.00716e-03 2.33723e-04 3.53502e-03 1.01363e-04 4.29508e-03 1.24468e-04 6.96172e-03 2.03466e-04 5.62104e-03 1.62383e-04 
1500.0 1525.0 1550.0 4.32214e-03 1.31080e-04 2.74351e-03 8.27712e-05 7.09383e-03 2.16621e-04 3.12723e-03 9.40539e-05 3.79189e-03 1.15359e-04 6.15525e-03 1.88539e-04 4.98134e-03 1.50610e-04 
1550.0 1575.0 1600.0 3.41871e-03 1.20504e-04 2.16897e-03 7.60134e-05 5.61400e-03 1.99449e-04 2.47665e-03 8.64512e-05 2.99409e-03 1.05957e-04 4.86141e-03 1.73361e-04 3.94809e-03 1.38642e-04 
1600.0 1625.0 1650.0 2.93659e-03 1.02874e-04 1.86255e-03 6.49868e-05 4.82318e-03 1.69895e-04 2.12869e-03 7.39973e-05 2.56951e-03 9.03518e-05 4.17266e-03 1.47532e-04 3.39451e-03 1.18476e-04 
1650.0 1675.0 1700.0 2.36553e-03 8.30982e-05 1.50037e-03 5.25595e-05 3.88502e-03 1.37030e-04 1.71639e-03 5.98514e-05 2.06788e-03 7.29757e-05 3.35739e-03 1.18982e-04 2.73737e-03 9.57062e-05 
1700.0 1725.0 1750.0 2.08446e-03 8.30230e-05 1.32123e-03 5.23152e-05 3.42582e-03 1.37501e-04 1.51316e-03 5.97708e-05 1.82011e-03 7.26675e-05 2.95679e-03 1.18939e-04 2.41518e-03 9.59799e-05 
1750.0 1775.0 1800.0 1.66440e-03 7.19953e-05 1.05394e-03 4.53408e-05 2.73829e-03 1.19292e-04 1.20904e-03 5.18672e-05 1.45091e-03 6.29375e-05 2.35906e-03 1.03055e-04 1.93202e-03 8.33404e-05 
1800.0 1825.0 1850.0 1.52777e-03 7.34648e-05 9.67569e-04 4.63852e-05 2.51299e-03 1.21359e-04 1.11008e-03 5.29762e-05 1.33167e-03 6.43260e-05 2.16471e-03 1.05038e-04 1.77363e-03 8.48816e-05 
1850.0 1875.0 1900.0 1.22904e-03 5.91988e-05 7.77469e-04 3.73898e-05 2.02424e-03 9.77631e-05 8.94396e-04 4.27857e-05 1.06839e-03 5.17341e-05 1.73824e-03 8.44106e-05 1.43129e-03 6.85648e-05 
1900.0 1925.0 1950.0 1.00213e-03 4.57408e-05 6.33914e-04 2.88732e-05 1.65040e-03 7.55721e-05 7.29825e-04 3.31317e-05 8.70449e-04 3.98604e-05 1.41602e-03 6.50503e-05 1.16802e-03 5.31368e-05 
1950.0 1975.0 2000.0 8.06492e-04 4.53068e-05 5.27314e-04 3.00932e-05 1.32811e-03 7.48282e-05 6.07320e-04 3.44535e-05 7.23751e-04 4.16118e-05 1.13848e-03 6.45212e-05 9.40856e-04 5.25459e-05 
2000.0 2025.0 2050.0 7.60179e-04 4.46270e-05 4.80943e-04 2.81988e-05 1.25155e-03 7.36356e-05 5.54020e-04 3.23209e-05 6.59926e-04 3.89359e-05 1.07321e-03 6.34738e-05 8.86530e-04 5.17722e-05 
2050.0 2075.0 2100.0 5.82578e-04 3.35112e-05 3.67857e-04 2.10975e-05 9.61096e-04 5.55087e-05 4.25352e-04 2.43223e-05 5.03839e-04 2.90681e-05 8.20701e-04 4.75406e-05 6.82252e-04 3.91279e-05 
2100.0 2125.0 2150.0 5.11249e-04 3.08288e-05 3.22801e-04 1.94185e-05 8.43438e-04 5.10322e-05 3.73428e-04 2.23908e-05 4.41943e-04 2.67362e-05 7.19852e-04 4.36985e-05 5.99031e-04 3.60025e-05 
2150.0 2175.0 2200.0 4.32096e-04 2.73582e-05 2.72684e-04 1.72435e-05 7.13244e-04 4.52549e-05 3.15881e-04 1.99008e-05 3.73010e-04 2.37048e-05 6.07793e-04 3.87098e-05 5.07068e-04 3.19832e-05 
2200.0 2225.0 2250.0 3.92456e-04 2.80569e-05 2.47759e-04 1.76903e-05 6.47526e-04 4.63965e-05 2.86951e-04 2.03684e-05 3.38859e-04 2.43681e-05 5.51924e-04 3.97923e-05 4.60442e-04 3.27136e-05 
2250.0 2275.0 2300.0 3.16954e-04 2.36827e-05 1.99832e-04 1.49086e-05 5.23660e-04 3.92170e-05 2.32078e-04 1.72549e-05 2.72918e-04 2.04623e-05 4.44985e-04 3.34440e-05 3.72997e-04 2.77706e-05 
2300.0 2325.0 2350.0 2.68338e-04 1.95248e-05 1.69418e-04 1.23319e-05 4.42640e-04 3.22116e-05 1.96567e-04 1.42297e-05 2.31281e-04 1.69208e-05 3.76538e-04 2.75632e-05 3.15452e-04 2.28174e-05 
2350.0 2375.0 2400.0 2.32301e-04 1.77146e-05 1.46411e-04 1.11780e-05 3.83929e-04 2.92583e-05 1.70194e-04 1.29050e-05 1.99843e-04 1.53443e-05 3.25908e-04 2.50200e-05 2.73665e-04 2.07158e-05 
2400.0 2425.0 2450.0 1.76515e-04 1.25390e-05 1.10939e-04 7.84932e-06 2.92674e-04 2.09011e-05 1.29352e-04 9.13813e-06 1.51390e-04 1.07707e-05 2.47579e-04 1.77024e-05 2.08669e-04 1.48049e-05 
2450.0 2475.0 2500.0 1.61545e-04 1.23597e-05 9.76159e-05 7.32546e-06 2.67128e-04 2.04606e-05 1.18446e-04 9.02206e-06 1.33133e-04 1.00397e-05 2.26435e-04 1.74157e-05 1.90582e-04 1.45210e-05 
2500.0 2525.0 2550.0 1.73360e-04 1.66266e-05 1.08975e-04 1.04641e-05 2.87337e-04 2.75401e-05 1.27088e-04 1.21269e-05 1.48656e-04 1.43472e-05 2.43041e-04 2.34499e-05 2.04961e-04 1.95272e-05 
2550.0 2575.0 2600.0 1.21317e-04 1.10524e-05 7.63048e-05 6.94578e-06 2.00922e-04 1.83317e-05 8.90576e-05 8.08030e-06 1.03947e-04 9.50069e-06 1.69804e-04 1.55451e-05 1.43552e-04 1.30338e-05 
2600.0 2625.0 2650.0 1.20788e-04 1.18049e-05 7.59602e-05 7.41491e-06 2.00069e-04 1.95899e-05 8.86712e-05 8.62946e-06 1.03475e-04 1.01432e-05 1.69058e-04 1.66051e-05 1.42947e-04 1.39264e-05 
2650.0 2675.0 2700.0 9.73245e-05 1.07811e-05 6.11933e-05 6.78041e-06 1.61234e-04 1.78642e-05 7.14762e-05 7.88722e-06 8.33250e-05 9.26820e-06 1.36152e-04 1.51513e-05 1.15257e-04 1.27115e-05 
2700.0 2725.0 2750.0 7.39175e-05 7.63297e-06 4.64366e-05 4.79629e-06 1.22552e-04 1.26558e-05 5.43994e-05 5.60354e-06 6.30982e-05 6.53335e-06 1.03150e-04 1.06827e-05 8.78219e-05 9.04271e-06 
2750.0 2775.0 2800.0 5.12467e-05 4.68700e-06 3.21653e-05 2.94737e-06 8.50482e-05 7.76721e-06 3.77294e-05 3.43753e-06 4.36902e-05 4.01866e-06 7.14834e-05 6.56756e-06 6.09729e-05 5.54310e-06 
2800.0 2825.0 2850.0 5.87450e-05 7.21377e-06 3.68754e-05 4.52133e-06 9.74801e-05 1.19968e-05 4.32266e-05 5.28091e-06 5.01153e-05 6.17632e-06 8.19942e-05 1.01302e-05 6.98426e-05 8.54326e-06 
2850.0 2875.0 2900.0 4.33954e-05 4.93121e-06 2.71788e-05 3.06858e-06 6.87135e-05 7.30838e-06 3.19718e-05 3.61689e-06 3.68897e-05 4.18330e-06 5.76037e-05 6.11937e-06 4.93302e-05 5.22274e-06 
2900.0 2925.0 2950.0 3.46031e-05 3.77057e-06 2.16548e-05 2.36557e-06 5.76057e-05 6.26227e-06 2.55388e-05 2.77503e-06 2.93407e-05 3.21409e-06 4.81266e-05 5.26166e-06 4.14185e-05 4.48735e-06 
2950.0 2975.0 3000.0 3.16408e-05 3.50493e-06 1.98098e-05 2.19486e-06 5.26436e-05 5.83365e-06 2.33476e-05 2.57669e-06 2.68467e-05 2.98552e-06 4.40154e-05 4.89713e-06 3.78437e-05 4.17512e-06 
3000.0 3025.0 3050.0 2.74079e-05 3.59539e-06 1.72065e-05 2.26389e-06 4.54573e-05 5.94476e-06 2.02691e-05 2.65381e-06 2.32669e-05 3.06709e-06 3.80274e-05 4.99980e-06 3.27632e-05 4.27482e-06 
3050.0 3075.0 3100.0 1.81417e-05 1.97564e-06 1.19323e-05 1.32442e-06 2.85684e-05 3.04231e-06 1.41461e-05 1.56748e-06 1.52976e-05 1.66717e-06 2.37360e-05 2.53571e-06 2.06239e-05 2.18763e-06 
3100.0 3125.0 3150.0 1.43964e-05 1.99386e-06 8.99443e-06 1.24413e-06 2.51475e-05 3.57428e-06 1.06484e-05 1.46761e-06 1.21605e-05 1.69024e-06 1.99703e-05 2.78158e-06 1.81240e-05 2.56226e-06 
3150.0 3175.0 3200.0 1.16789e-05 1.45393e-06 7.28708e-06 9.08194e-07 1.95039e-05 2.42704e-06 8.65107e-06 1.07165e-06 9.83741e-06 1.23212e-06 1.61732e-05 2.02516e-06 1.40837e-05 1.74237e-06 
3200.0 3225.0 3250.0 1.18939e-05 1.64561e-06 7.46015e-06 1.03611e-06 1.97392e-05 2.72099e-06 8.82502e-06 1.21567e-06 1.00547e-05 1.40262e-06 1.64379e-05 2.28613e-06 1.42831e-05 1.95874e-06 
3250.0 3275.0 3300.0 1.07556e-05 1.39289e-06 6.71939e-06 8.71145e-07 1.79322e-05 2.32057e-06 7.96998e-06 1.02787e-06 9.06798e-06 1.18050e-06 1.48877e-05 1.93742e-06 1.29552e-05 1.66833e-06 
3300.0 3325.0 3350.0 9.72087e-06 1.33759e-06 6.06590e-06 8.38961e-07 1.62277e-05 2.22155e-06 7.21228e-06 9.89615e-07 8.17555e-06 1.13386e-06 1.34360e-05 1.85500e-06 1.17401e-05 1.60170e-06 
3350.0 3375.0 3400.0 7.57812e-06 1.05391e-06 4.70827e-06 6.54366e-07 1.27094e-05 1.76962e-06 5.61862e-06 7.78263e-07 6.35022e-06 8.86099e-07 1.04824e-05 1.46471e-06 9.18793e-06 1.27324e-06 
3400.0 3425.0 3450.0 7.08571e-06 1.05503e-06 4.40962e-06 6.56625e-07 1.18629e-05 1.76684e-06 5.25880e-06 7.79925e-07 5.94138e-06 8.88206e-07 9.78991e-06 1.46445e-06 8.58576e-06 1.27281e-06 
3450.0 3475.0 3500.0 4.85255e-06 7.12619e-07 2.83300e-06 4.18922e-07 8.07482e-06 1.18006e-06 3.61146e-06 5.29204e-07 3.80669e-06 5.64480e-07 6.68244e-06 9.83866e-07 5.86361e-06 8.54662e-07 
3500.0 3525.0 3550.0 7.33652e-06 1.08049e-06 4.57568e-06 6.74570e-07 1.22498e-05 1.80271e-06 5.44762e-06 7.99631e-07 6.16237e-06 9.11530e-07 1.01304e-05 1.49782e-06 8.87160e-06 1.30047e-06 
3550.0 3575.0 3600.0 3.98132e-06 5.80915e-07 2.48135e-06 3.62454e-07 7.00419e-06 1.03831e-06 2.96317e-06 4.30870e-07 3.33390e-06 4.88653e-07 5.77524e-06 8.60585e-07 5.08601e-06 7.51297e-07 
3600.0 3625.0 3650.0 3.58616e-06 5.21603e-07 2.23549e-06 3.26045e-07 5.99064e-06 8.68985e-07 2.66737e-06 3.86743e-07 3.00559e-06 4.39745e-07 4.94203e-06 7.21497e-07 4.34720e-06 6.28235e-07 
3650.0 3675.0 3700.0 2.21137e-06 3.02577e-07 1.36891e-06 1.87205e-07 3.72292e-06 5.10095e-07 1.64566e-06 2.24034e-07 1.83948e-06 2.52827e-07 3.04559e-06 4.19203e-07 2.70316e-06 3.68160e-07 
3700.0 3725.0 3750.0 3.99248e-06 6.00568e-07 2.47819e-06 3.72796e-07 6.70206e-06 1.00863e-06 2.96387e-06 4.44256e-07 3.33825e-06 5.03945e-07 5.51434e-06 8.32967e-07 4.85241e-06 7.27185e-07 
3750.0 3775.0 3800.0 1.56024e-06 2.32922e-07 9.70346e-07 1.45383e-07 2.61249e-06 3.88579e-07 1.16472e-06 1.73210e-07 1.29985e-06 1.95502e-07 2.14098e-06 3.21061e-07 1.90384e-06 2.81901e-07 
3800.0 3825.0 3850.0 2.12751e-06 2.88676e-07 1.31650e-06 1.78728e-07 3.58385e-06 4.86341e-07 1.58283e-06 2.13997e-07 1.76950e-06 2.41085e-07 2.93099e-06 3.99398e-07 2.60133e-06 3.51486e-07 
3850.0 3875.0 3900.0 1.61413e-06 2.66161e-07 9.89425e-07 1.63659e-07 2.74637e-06 4.51354e-07 1.20322e-06 1.98052e-07 1.32726e-06 2.19929e-07 2.21873e-06 3.66609e-07 1.99786e-06 3.27662e-07 
3900.0 3925.0 3950.0 1.41790e-06 2.15445e-07 8.77775e-07 1.33262e-07 2.38657e-06 3.63105e-07 1.05696e-06 1.60024e-07 1.17751e-06 1.79409e-07 1.94892e-06 2.97383e-07 1.73626e-06 2.63046e-07 
3950.0 3975.0 4000.0 1.50990e-06 2.66746e-07 9.36439e-07 1.65912e-07 2.53581e-06 4.46676e-07 1.12558e-06 1.98313e-07 1.25617e-06 2.23158e-07 2.07523e-06 3.67782e-07 1.84500e-06 3.23953e-07 
