0.0 0.065449846958 0.13089969392 1.40024e+01 1.19227e-01 9.11376e+00 7.73363e-02 2.23112e+01 1.90895e-01 1.01919e+01 8.65728e-02 1.25219e+01 1.06512e-01 1.97963e+01 1.69042e-01 1.57824e+01 1.34649e-01 
0.13089969392 0.19634954088 0.26179938783 1.45410e+01 1.21742e-01 9.46478e+00 7.90189e-02 2.31670e+01 1.94746e-01 1.05839e+01 8.83975e-02 1.30041e+01 1.08830e-01 2.05576e+01 1.72610e-01 1.63878e+01 1.37362e-01 
0.26179938783 0.32724923479 0.39269908175 1.66378e+01 1.35047e-01 1.08308e+01 8.77635e-02 2.65030e+01 2.15703e-01 1.21113e+01 9.80664e-02 1.48794e+01 1.20864e-01 2.35192e+01 1.91455e-01 1.87498e+01 1.52159e-01 
0.39269908175 0.45814892871 0.52359877567 1.35976e+01 1.13658e-01 8.85084e+00 7.39071e-02 2.16629e+01 1.81416e-01 9.90024e+00 8.25578e-02 1.21569e+01 1.01754e-01 1.92169e+01 1.61078e-01 1.53293e+01 1.28017e-01 
0.52359877567 0.58904862263 0.65449846958 1.14804e+01 1.02653e-01 7.47356e+00 6.67174e-02 1.82913e+01 1.64019e-01 8.36007e+00 7.45634e-02 1.02635e+01 9.18557e-02 1.62217e+01 1.45485e-01 1.29439e+01 1.15699e-01 
0.65449846958 0.71994831654 0.7853981635 9.61411e+00 9.30087e-02 6.25801e+00 6.04410e-02 1.53239e+01 1.48734e-01 7.00335e+00 6.75779e-02 8.59135e+00 8.31899e-02 1.35794e+01 1.31769e-01 1.08499e+01 1.04989e-01 
0.7853981635 0.85084801046 0.91629785742 8.61727e+00 8.52146e-02 5.60619e+00 5.53636e-02 1.37371e+01 1.36157e-01 6.27864e+00 6.19367e-02 7.69470e+00 7.61745e-02 1.21681e+01 1.20677e-01 9.72905e+00 9.61518e-02 
0.91629785742 0.98174770438 1.0471975513 7.47500e+00 7.81256e-02 4.86631e+00 5.08614e-02 1.19069e+01 1.24529e-01 5.44776e+00 5.67880e-02 6.67751e+00 6.99753e-02 1.05520e+01 1.10629e-01 8.43537e+00 8.79476e-02 
1.0471975513 1.1126473983 1.1780972453 6.56627e+00 7.31062e-02 4.27076e+00 4.74913e-02 1.04704e+01 1.16834e-01 4.78739e+00 5.31621e-02 5.85796e+00 6.53110e-02 9.26478e+00 1.03469e-01 7.42119e+00 8.25545e-02 
1.1780972453 1.2435470922 1.3089969392 5.88294e+00 6.87502e-02 3.82845e+00 4.47001e-02 9.37420e+00 1.09759e-01 4.29091e+00 5.00126e-02 5.24917e+00 6.14504e-02 8.29668e+00 9.72621e-02 6.64744e+00 7.75891e-02 
1.3089969392 1.3744467861 1.4398966331 5.25664e+00 6.23713e-02 3.42020e+00 4.06199e-02 8.37787e+00 9.93653e-02 3.83571e+00 4.53895e-02 4.68744e+00 5.58203e-02 7.40973e+00 8.81981e-02 5.94386e+00 7.02737e-02 
1.4398966331 1.50534648 1.570796327 4.59656e+00 5.77313e-02 2.98932e+00 3.75153e-02 7.32489e+00 9.21261e-02 3.35583e+00 4.20322e-02 4.09474e+00 5.15301e-02 6.47525e+00 8.15926e-02 5.20003e+00 6.51889e-02 
1.570796327 1.636246174 1.7016960209 4.28339e+00 5.55219e-02 2.78695e+00 3.61418e-02 6.82657e+00 8.84998e-02 3.12813e+00 4.04243e-02 3.81639e+00 4.96425e-02 6.03194e+00 7.84686e-02 4.84799e+00 6.26240e-02 
1.7016960209 1.7671458679 1.8325957148 3.92620e+00 5.35950e-02 2.55279e+00 3.48046e-02 6.26211e+00 8.56622e-02 2.86841e+00 3.90298e-02 3.49436e+00 4.77953e-02 5.52637e+00 7.57259e-02 4.44920e+00 6.06311e-02 
1.8325957148 1.8980455618 1.9634954088 3.66239e+00 4.98707e-02 2.38249e+00 3.24436e-02 5.83778e+00 7.95457e-02 2.67713e+00 3.63402e-02 3.25949e+00 4.45258e-02 5.15172e+00 7.04123e-02 4.15040e+00 5.63438e-02 
1.9634954088 2.0289452557 2.0943951027 3.33045e+00 4.63647e-02 2.16733e+00 3.02043e-02 5.30644e+00 7.38329e-02 2.43527e+00 3.37856e-02 2.96418e+00 4.14523e-02 4.68300e+00 6.54615e-02 3.77410e+00 5.22977e-02 
2.0943951027 2.1598449496 2.2252947966 3.20243e+00 4.49613e-02 2.08352e+00 2.92493e-02 5.10389e+00 7.17134e-02 2.34257e+00 3.27759e-02 2.84847e+00 4.01256e-02 4.50095e+00 6.34507e-02 3.63171e+00 5.08199e-02 
2.2252947966 2.2907446435 2.3561944905 3.00025e+00 4.39289e-02 1.95093e+00 2.85193e-02 4.78475e+00 7.02529e-02 2.19523e+00 3.20169e-02 2.66652e+00 3.91314e-02 4.21554e+00 6.20083e-02 3.40562e+00 4.97720e-02 
2.3561944905 2.4216443375 2.4870941844 2.86283e+00 4.31409e-02 1.86200e+00 2.79544e-02 4.56440e+00 6.91447e-02 2.09516e+00 3.14455e-02 2.54437e+00 3.83523e-02 4.02135e+00 6.08897e-02 3.24968e+00 4.89911e-02 
2.4870941844 2.5525440314 2.6179938783 2.76082e+00 4.05382e-02 1.79693e+00 2.63548e-02 4.39828e+00 6.47245e-02 2.02078e+00 2.95669e-02 2.45514e+00 3.61367e-02 3.87745e+00 5.71740e-02 3.13191e+00 4.58958e-02 
2.6179938783 2.6834437253 2.7488935723 2.69124e+00 4.04755e-02 1.75113e+00 2.62924e-02 4.28891e+00 6.46822e-02 1.96990e+00 2.95199e-02 2.39251e+00 3.60522e-02 3.77964e+00 5.70884e-02 3.05411e+00 4.58629e-02 
2.7488935723 2.8143434192 2.8797932662 2.58440e+00 3.83535e-02 1.68205e+00 2.49293e-02 4.11742e+00 6.12439e-02 1.89199e+00 2.79764e-02 2.29777e+00 3.41783e-02 3.62891e+00 5.40859e-02 2.93254e+00 4.34331e-02 
2.8797932662 2.9452431131 3.0106929601 2.51557e+00 3.64253e-02 1.63698e+00 2.36812e-02 4.00855e+00 5.81477e-02 1.84158e+00 2.65710e-02 2.23623e+00 3.24657e-02 3.53232e+00 5.13644e-02 2.85496e+00 4.12391e-02 
3.0106929601 3.076142807 3.141592654 2.47267e+00 3.74600e-02 1.60910e+00 2.43314e-02 3.94012e+00 5.98689e-02 1.80991e+00 2.73188e-02 2.19846e+00 3.33653e-02 3.47268e+00 5.28392e-02 2.80573e+00 4.24466e-02 
