0.0 25.0 50.0 8.65062e+00 2.18276e-02 5.75086e+00 1.44678e-02 1.34719e+01 3.41936e-02 5.94852e+00 1.49267e-02 8.36367e+00 2.11550e-02 1.31044e+01 3.32861e-02 8.89586e+00 2.24321e-02 
50.0 75.0 100.0 8.99928e+00 1.79815e-02 5.97528e+00 1.19366e-02 1.40396e+01 2.81319e-02 6.21304e+00 1.23311e-02 8.65712e+00 1.74113e-02 1.35688e+01 2.73389e-02 9.31500e+00 1.85106e-02 
100.0 125.0 150.0 3.48433e+00 8.63887e-03 2.30405e+00 5.71091e-03 5.46119e+00 1.35635e-02 2.43387e+00 6.00431e-03 3.29908e+00 8.21835e-03 5.17813e+00 1.29179e-02 3.67576e+00 9.07321e-03 
150.0 175.0 200.0 1.14256e+00 3.72602e-03 7.52844e-01 2.45456e-03 1.79762e+00 5.86952e-03 8.07388e-01 2.62242e-03 1.06552e+00 3.48807e-03 1.67410e+00 5.48639e-03 1.22710e+00 3.98708e-03 
200.0 225.0 250.0 4.02822e-01 1.69742e-03 2.64755e-01 1.11617e-03 6.35397e-01 2.67799e-03 2.87134e-01 1.20547e-03 3.71470e-01 1.57188e-03 5.84033e-01 2.47210e-03 4.38320e-01 1.83913e-03 
250.0 275.0 300.0 1.54841e-01 8.38083e-04 1.01583e-01 5.50506e-04 2.44614e-01 1.32294e-03 1.11107e-01 5.99242e-04 1.41582e-01 7.70015e-04 2.22698e-01 1.21054e-03 1.70102e-01 9.16050e-04 
300.0 325.0 350.0 6.54256e-02 4.41108e-04 4.28579e-02 2.89378e-04 1.03539e-01 6.97301e-04 4.72062e-02 3.17171e-04 5.94043e-02 4.02495e-04 9.34765e-02 6.32856e-04 7.24769e-02 4.86096e-04 
350.0 375.0 400.0 2.91766e-02 2.40535e-04 1.90797e-02 1.57475e-04 4.62522e-02 3.81036e-04 2.11503e-02 1.73767e-04 2.63222e-02 2.18000e-04 4.14524e-02 3.43150e-04 3.25583e-02 2.67120e-04 
400.0 425.0 450.0 1.35190e-02 1.33987e-04 8.82742e-03 8.75888e-05 2.14623e-02 2.12546e-04 9.84069e-03 9.72206e-05 1.21278e-02 1.20721e-04 1.91120e-02 1.90139e-04 1.51829e-02 1.49791e-04 
450.0 475.0 500.0 6.85708e-03 7.99858e-05 4.47276e-03 5.22528e-05 1.08969e-02 1.26957e-04 5.00906e-03 5.82460e-05 6.12327e-03 7.17603e-05 9.65316e-03 1.13022e-04 7.74120e-03 8.98559e-05 
500.0 525.0 550.0 3.60705e-03 4.88218e-05 2.35046e-03 3.18551e-05 5.73778e-03 7.75871e-05 2.64302e-03 3.56729e-05 3.20795e-03 4.35998e-05 5.05947e-03 6.87108e-05 4.09093e-03 5.51339e-05 
550.0 575.0 600.0 1.84411e-03 2.91611e-05 1.20075e-03 1.89993e-05 2.93529e-03 4.64048e-05 1.35546e-03 2.13785e-05 1.63371e-03 2.59174e-05 2.57708e-03 4.08782e-05 2.10058e-03 3.31063e-05 
600.0 625.0 650.0 1.07058e-03 1.91236e-05 6.96104e-04 1.24419e-05 1.70647e-03 3.04768e-05 7.88803e-04 1.40534e-05 9.44813e-04 1.69314e-05 1.49180e-03 2.67306e-05 1.22472e-03 2.18049e-05 
650.0 675.0 700.0 6.10721e-04 1.30672e-05 3.96608e-04 8.48625e-06 9.74669e-04 2.08631e-05 4.50991e-04 9.62445e-06 5.37097e-04 1.15223e-05 8.48733e-04 1.82157e-05 7.01376e-04 1.49670e-05 
700.0 725.0 750.0 3.52702e-04 8.71452e-06 2.29012e-04 5.66447e-06 5.62896e-04 1.38958e-05 2.61084e-04 6.43599e-06 3.09387e-04 7.67020e-06 4.88770e-04 1.21092e-05 4.06214e-04 1.00009e-05 
750.0 775.0 800.0 2.15354e-04 5.91353e-06 1.39676e-04 3.83726e-06 3.44100e-04 9.44822e-06 1.59724e-04 4.37651e-06 1.88330e-04 5.18510e-06 2.97757e-04 8.19705e-06 2.48885e-04 6.81648e-06 
800.0 825.0 850.0 1.29172e-04 4.22758e-06 8.36791e-05 2.73908e-06 2.06641e-04 6.76500e-06 9.59922e-05 3.13503e-06 1.12606e-04 3.69374e-06 1.78188e-04 5.84642e-06 1.49804e-04 4.89197e-06 
850.0 875.0 900.0 7.42332e-05 2.55299e-06 4.80554e-05 1.65747e-06 1.18828e-04 4.07513e-06 5.52836e-05 1.89793e-06 6.45296e-05 2.22962e-06 1.02144e-04 3.52024e-06 8.63623e-05 2.95555e-06 
900.0 925.0 950.0 5.00007e-05 2.12823e-06 3.23312e-05 1.37820e-06 8.01293e-05 3.40619e-06 3.72831e-05 1.58383e-06 4.33610e-05 1.85196e-06 6.86982e-05 2.93080e-06 5.83230e-05 2.47351e-06 
950.0 975.0 1000.0 3.34818e-05 1.62682e-06 2.16423e-05 1.05214e-06 5.36701e-05 2.60733e-06 2.50068e-05 1.21258e-06 2.89781e-05 1.41166e-06 4.59128e-05 2.23615e-06 3.91405e-05 1.89700e-06 
1000.0 1025.0 1050.0 2.10897e-05 1.16842e-06 1.36205e-05 7.57044e-07 3.38325e-05 1.86820e-06 1.57753e-05 8.72416e-07 1.82096e-05 1.01393e-06 2.88678e-05 1.60269e-06 2.47178e-05 1.36203e-06 
1050.0 1075.0 1100.0 1.40402e-05 8.28801e-07 9.06105e-06 5.36962e-07 2.25399e-05 1.32514e-06 1.05145e-05 6.19562e-07 1.20997e-05 7.18322e-07 1.91920e-05 1.13527e-06 1.64899e-05 9.67444e-07 
1100.0 1125.0 1150.0 8.63642e-06 5.28738e-07 5.56633e-06 3.42406e-07 1.43922e-05 8.95508e-07 6.47921e-06 3.95874e-07 7.41984e-06 4.57340e-07 1.22192e-05 7.66341e-07 1.01784e-05 6.18590e-07 
1150.0 1175.0 1200.0 6.06784e-06 4.68312e-07 3.90597e-06 3.02473e-07 9.76767e-06 7.51217e-07 4.55602e-06 3.50780e-07 5.20223e-06 4.03835e-07 8.26933e-06 6.40015e-07 7.16754e-06 5.49708e-07 
1200.0 1225.0 1250.0 4.79852e-06 3.58400e-07 3.08803e-06 2.31454e-07 7.72664e-06 5.74998e-07 3.60640e-06 2.68939e-07 4.10891e-06 3.08454e-07 6.53227e-06 4.88785e-07 5.67608e-06 4.21630e-07 
1250.0 1275.0 1300.0 2.56778e-06 2.05588e-07 1.64808e-06 1.32322e-07 4.14681e-06 3.31149e-07 1.93226e-06 1.54413e-07 2.19019e-06 1.76182e-07 3.49052e-06 2.80084e-07 3.05068e-06 2.43081e-07 
1300.0 1325.0 1350.0 1.96608e-06 1.70673e-07 1.26416e-06 1.10327e-07 3.16850e-06 2.73494e-07 1.48078e-06 1.28308e-07 1.67852e-06 1.46759e-07 2.66985e-06 2.32269e-07 2.33338e-06 2.00973e-07 
1350.0 1375.0 1400.0 1.34512e-06 1.24287e-07 8.61921e-07 8.00568e-08 2.17586e-06 1.99945e-07 1.01428e-06 9.35759e-08 1.14310e-06 1.06333e-07 1.82413e-06 1.68849e-07 1.60454e-06 1.47180e-07 
1400.0 1425.0 1450.0 7.99408e-07 8.65302e-08 5.12414e-07 5.55755e-08 1.29240e-06 1.39597e-07 6.03375e-07 6.52362e-08 6.78912e-07 7.37178e-08 1.08283e-06 1.17368e-07 9.54150e-07 1.02921e-07 
1450.0 1475.0 1500.0 6.18935e-07 6.43855e-08 3.95347e-07 4.11445e-08 1.00413e-06 1.04420e-07 4.68074e-07 4.86348e-08 5.22779e-07 5.44697e-08 8.36424e-07 8.71297e-08 7.43052e-07 7.71629e-08 
1500.0 1525.0 1550.0 3.70498e-07 4.25920e-08 2.36361e-07 2.72592e-08 6.01960e-07 6.89668e-08 2.80410e-07 3.21868e-08 3.12304e-07 3.60721e-08 5.00233e-07 5.76086e-08 4.45856e-07 5.09908e-08 
1550.0 1575.0 1600.0 3.03862e-07 4.31339e-08 1.93829e-07 2.76951e-08 4.93766e-07 6.95967e-08 2.29939e-07 3.25906e-08 2.56148e-07 3.66553e-08 4.10340e-07 5.83526e-08 3.65651e-07 5.14464e-08 
1600.0 1625.0 1650.0 1.95589e-07 2.96184e-08 1.24746e-07 1.89650e-08 3.17812e-07 4.79250e-08 1.48134e-07 2.23960e-08 1.64712e-07 2.50812e-08 2.63856e-07 4.00313e-08 2.35592e-07 3.54592e-08 
1650.0 1675.0 1700.0 1.32664e-07 1.82808e-08 8.42374e-08 1.16558e-08 2.16607e-07 2.97126e-08 1.00637e-07 1.38514e-08 1.11048e-07 1.53832e-08 1.78637e-07 2.46484e-08 1.60866e-07 2.20369e-08 
1700.0 1725.0 1750.0 8.77473e-08 1.67688e-08 5.59677e-08 1.07531e-08 1.42545e-07 2.70788e-08 6.65893e-08 1.27156e-08 7.37522e-08 1.41808e-08 1.18100e-07 2.25891e-08 1.05912e-07 2.01018e-08 
1750.0 1775.0 1800.0 7.38881e-08 1.11367e-08 4.69508e-08 7.11517e-09 1.20534e-07 1.80595e-08 5.61676e-08 8.45718e-09 6.17643e-08 9.36958e-09 9.92552e-08 1.49775e-08 8.97298e-08 1.34284e-08 
1800.0 1825.0 1850.0 3.08062e-08 5.90147e-09 1.94983e-08 3.75254e-09 5.04654e-08 9.61796e-09 2.34387e-08 4.48578e-09 2.56277e-08 4.93689e-09 4.13409e-08 7.92829e-09 3.76065e-08 7.15931e-09 
1850.0 1875.0 1900.0 4.66680e-08 9.44831e-09 2.96443e-08 6.02357e-09 7.61532e-08 1.53559e-08 3.54668e-08 7.16994e-09 3.62655e-08 7.40451e-09 6.27075e-08 1.27169e-08 5.66759e-08 1.14090e-08 
1900.0 1925.0 1950.0 2.22865e-08 3.82580e-09 1.40344e-08 2.41551e-09 4.31543e-08 7.95026e-09 1.69790e-08 2.91037e-09 1.84216e-08 3.17527e-09 2.98625e-08 5.13509e-09 3.21936e-08 5.92121e-09 
1950.0 1975.0 2000.0 1.83736e-08 3.36326e-09 1.15887e-08 2.13063e-09 3.02180e-08 5.50584e-09 1.40032e-08 2.56061e-09 1.52056e-08 2.79849e-09 2.46092e-08 4.51008e-09 2.25615e-08 4.10580e-09 
2000.0 2025.0 2050.0 1.02766e-08 2.17706e-09 6.48974e-09 1.38104e-09 1.68770e-08 3.55857e-09 7.83750e-09 1.65761e-09 8.50956e-09 1.81380e-09 1.37534e-08 2.91917e-09 1.26109e-08 2.65388e-09 
2050.0 2075.0 2100.0 7.04099e-09 1.39524e-09 4.42646e-09 8.80737e-10 1.16171e-08 2.29191e-09 5.37498e-09 1.06408e-09 5.79855e-09 1.15485e-09 9.41260e-09 1.86732e-09 8.69022e-09 1.71250e-09 
2100.0 2125.0 2150.0 5.55946e-09 1.19007e-09 3.50343e-09 7.54277e-10 9.15020e-09 1.94661e-09 4.24505e-09 9.07945e-10 4.58830e-09 9.88659e-10 7.43005e-09 1.59206e-09 6.84670e-09 1.45511e-09 
2150.0 2175.0 2200.0 4.14041e-09 8.02112e-10 2.59768e-09 5.06225e-10 6.84532e-09 1.31758e-09 3.16590e-09 6.12577e-10 3.39733e-09 6.62863e-10 5.52439e-09 1.07177e-09 5.13053e-09 9.86094e-10 
2200.0 2225.0 2250.0 4.15647e-09 9.11085e-10 2.37081e-09 5.26400e-10 6.87786e-09 1.49943e-09 3.17772e-09 6.95894e-10 3.10103e-09 6.89292e-10 5.54678e-09 1.21719e-09 5.15397e-09 1.12234e-09 
2250.0 2275.0 2300.0 1.66925e-09 4.22037e-10 1.04322e-09 2.64706e-10 2.77179e-09 6.98076e-10 1.27685e-09 3.22402e-10 1.36382e-09 3.46510e-10 2.22622e-09 5.63731e-10 2.07835e-09 5.22611e-10 
2300.0 2325.0 2350.0 1.19353e-09 2.67408e-10 7.45335e-10 1.68255e-10 1.98373e-09 4.40973e-10 9.14095e-10 2.04608e-10 9.73186e-10 2.19899e-10 1.58941e-09 3.56504e-10 1.48965e-09 3.30770e-10 
2350.0 2375.0 2400.0 8.74963e-10 2.09593e-10 5.44494e-10 1.31127e-10 1.45919e-09 3.47486e-10 6.70463e-10 1.60473e-10 7.10579e-10 1.71264e-10 1.16447e-09 2.79212e-10 1.09643e-09 2.60844e-10 
2400.0 2425.0 2450.0 8.73409e-10 1.76728e-10 5.44025e-10 1.10585e-10 1.45515e-09 2.92980e-10 6.69778e-10 1.35448e-10 7.09426e-10 1.44287e-10 1.16137e-09 2.35148e-10 1.09436e-09 2.20191e-10 
2450.0 2475.0 2500.0 8.39079e-10 1.97622e-10 5.25171e-10 1.24253e-10 1.39063e-09 3.25915e-10 6.43090e-10 1.51399e-10 6.85229e-10 1.62189e-10 1.11644e-09 2.63074e-10 1.04516e-09 2.44830e-10 
2500.0 2525.0 2550.0 8.10976e-10 1.84093e-10 5.06036e-10 1.15325e-10 1.08555e-09 2.61730e-10 6.21685e-10 1.41052e-10 6.60120e-10 1.50516e-10 1.07878e-09 2.45028e-10 8.16120e-10 1.96641e-10 
2550.0 2575.0 2600.0 1.06854e-10 4.16770e-11 6.59182e-11 2.59005e-11 1.79958e-10 6.96361e-11 8.19643e-11 3.19449e-11 8.59357e-11 3.37910e-11 1.42037e-10 5.54486e-11 1.35383e-10 5.23404e-11 
2600.0 2625.0 2650.0 2.94459e-10 6.62036e-11 1.82344e-10 4.11558e-11 4.93589e-10 1.10494e-10 2.26144e-10 5.07932e-11 2.37429e-10 5.36426e-11 3.90865e-10 8.79790e-11 3.71850e-10 8.31463e-11 
2650.0 2675.0 2700.0 1.59467e-10 4.22227e-11 9.84535e-11 2.61481e-11 2.68209e-10 7.07683e-11 1.22507e-10 3.24064e-11 1.28157e-10 3.40686e-11 2.11604e-10 5.60865e-11 2.02126e-10 5.32753e-11 
2700.0 2725.0 2750.0 6.49745e-11 2.03418e-11 3.97602e-11 1.24327e-11 1.10340e-10 3.45790e-11 4.99470e-11 1.56138e-11 5.17223e-11 1.61971e-11 8.61555e-11 2.70188e-11 8.32126e-11 2.60329e-11 
2750.0 2775.0 2800.0 5.19646e-11 1.62891e-11 3.75632e-11 1.15905e-11 8.79135e-11 2.74417e-11 3.99670e-11 1.25182e-11 4.88358e-11 1.50769e-11 8.09170e-11 2.48861e-11 6.63413e-11 2.06893e-11 
2800.0 2825.0 2850.0 3.43460e-11 9.37729e-12 2.10542e-11 5.77719e-12 5.82145e-11 1.58048e-11 2.64556e-11 7.21864e-12 2.73337e-11 7.50477e-12 4.54385e-11 1.24143e-11 4.40032e-11 1.19384e-11 
2850.0 2875.0 2900.0 5.25151e-11 1.77400e-11 2.59005e-11 8.78952e-12 8.87670e-11 2.98690e-11 4.03827e-11 1.36334e-11 3.36696e-11 1.14314e-11 6.96066e-11 2.35293e-11 6.69715e-11 2.25201e-11 
2900.0 2925.0 2950.0 2.27105e-11 6.04133e-12 1.21635e-11 3.26135e-12 3.87279e-11 1.02532e-11 1.74904e-11 4.65153e-12 1.57924e-11 4.23537e-12 3.00506e-11 7.99628e-12 2.92680e-11 7.74631e-12 
2950.0 2975.0 3000.0 3.81535e-11 1.00058e-11 2.34281e-11 6.18477e-12 6.45460e-11 1.68054e-11 2.93902e-11 7.70385e-12 3.04140e-11 8.03287e-12 5.04725e-11 1.32437e-11 4.87928e-11 1.26969e-11 
3000.0 3025.0 3050.0 1.11538e-11 3.45130e-12 8.94320e-12 2.56521e-12 1.90391e-11 5.86572e-12 8.60966e-12 2.66194e-12 1.15991e-11 3.32928e-12 1.47209e-11 4.55921e-12 1.44255e-11 4.44031e-12 
3050.0 3075.0 3100.0 3.29489e-11 1.04219e-11 2.01571e-11 6.39166e-12 4.69803e-11 1.50485e-11 2.53477e-11 8.01175e-12 2.62020e-11 8.31444e-12 4.36515e-11 1.38184e-11 3.54739e-11 1.13533e-11 
3100.0 3125.0 3150.0 1.48887e-11 3.79217e-12 8.21132e-12 2.13651e-12 2.53498e-11 6.43141e-12 1.14846e-11 2.92424e-12 1.06432e-11 2.76990e-12 1.77637e-11 4.60321e-12 1.91918e-11 4.86737e-12 
3150.0 3175.0 3200.0 3.44922e-12 1.35172e-12 2.08696e-12 8.22009e-13 7.61760e-12 2.67194e-12 3.42654e-12 1.20732e-12 2.70346e-12 1.06539e-12 4.55195e-12 1.78497e-12 5.77294e-12 2.02386e-12 
3200.0 3225.0 3250.0 4.76788e-12 1.48396e-12 2.88999e-12 8.99751e-13 8.18167e-12 2.54623e-12 3.68146e-12 1.14499e-12 3.74287e-12 1.16613e-12 6.29051e-12 1.95951e-12 6.20133e-12 1.92832e-12 
3250.0 3275.0 3300.0 2.45979e-13 1.12589e-13 1.47421e-13 6.75832e-14 4.27203e-13 1.95218e-13 1.90456e-13 8.71815e-14 1.90395e-13 8.72776e-14 3.23487e-13 1.48054e-13 3.24837e-13 1.48451e-13 
3300.0 3325.0 3350.0 4.06313e-13 1.32368e-13 2.42114e-13 7.90964e-14 7.10581e-13 2.30860e-13 3.14170e-13 1.02351e-13 3.13120e-13 1.02290e-13 5.35196e-13 1.74356e-13 5.39453e-13 1.75257e-13 
3350.0 3375.0 3400.0 1.74557e-13 6.47233e-14 1.02521e-13 3.82295e-14 3.82945e-13 1.36337e-13 1.34856e-13 4.99694e-14 1.32700e-13 4.95141e-14 2.30153e-13 8.54039e-14 2.90556e-13 1.03410e-13 
3400.0 3425.0 3450.0 6.76987e-16 3.45560e-16 3.94370e-16 2.02437e-16 1.21391e-15 6.15644e-16 5.26450e-16 2.68695e-16 5.07138e-16 2.60349e-16 8.85816e-16 4.52202e-16 9.27729e-16 4.70459e-16 
3450.0 3475.0 3500.0 1.31664e-16 5.55860e-17 7.52708e-17 3.20199e-17 2.41126e-16 1.00999e-16 1.02477e-16 4.32843e-17 9.67055e-17 4.11179e-17 1.72113e-16 7.26230e-17 1.84448e-16 7.72997e-17 
3500.0 3525.0 3550.0 9.62033e-18 4.45059e-18 5.31439e-18 2.49720e-18 1.83660e-17 8.34857e-18 7.49972e-18 3.47188e-18 6.81604e-18 3.20071e-18 1.25538e-17 5.80320e-18 1.40714e-17 6.40137e-18 
3550.0 3575.0 3600.0 7.90865e-13 2.70160e-13 4.76175e-13 1.63155e-13 1.69383e-12 5.73060e-13 6.11701e-13 2.08793e-13 6.15649e-13 2.11110e-13 1.04137e-12 3.56062e-13 1.28641e-12 4.34969e-13 
3600.0 3625.0 3650.0 3.30700e-13 8.56703e-14 1.95502e-13 5.06134e-14 5.83196e-13 1.51200e-13 2.55980e-13 6.62859e-14 2.52567e-13 6.54140e-14 4.35053e-13 1.12760e-13 4.43306e-13 1.14875e-13 
3650.0 3675.0 3700.0 1.31168e-15 5.70122e-16 7.52297e-16 3.30379e-16 2.39268e-15 1.02871e-15 1.01855e-15 4.42991e-16 9.68748e-16 4.25162e-16 1.71919e-15 7.46692e-16 1.82540e-15 7.85373e-16 
3700.0 3725.0 3750.0 1.63354e-14 5.87033e-15 9.65387e-15 3.49000e-15 2.88272e-14 1.02942e-14 1.26848e-14 4.55816e-15 1.24323e-14 4.49470e-15 2.14098e-14 7.69442e-15 2.19948e-14 7.85387e-15 
3750.0 3775.0 3800.0 1.44505e-20 1.12354e-20 7.66671e-21 6.09951e-21 2.88528e-20 2.18483e-20 1.12605e-20 8.76567e-21 9.83650e-21 7.81675e-21 1.88657e-20 1.46483e-20 2.20937e-20 1.67531e-20 
3800.0 3825.0 3850.0 1.55767e-16 8.32135e-17 8.76527e-17 4.66843e-17 2.90101e-16 1.55537e-16 1.21173e-16 6.47175e-17 1.12676e-16 6.00257e-17 2.03736e-16 1.08867e-16 2.21794e-16 1.18884e-16 
3850.0 3875.0 3900.0 2.27249e-17 1.47887e-17 1.23803e-17 8.02103e-18 4.38809e-17 2.86934e-17 1.76491e-17 1.14770e-17 1.59404e-17 1.03351e-17 2.97797e-17 1.93963e-17 3.34843e-17 2.18763e-17 
3900.0 3925.0 3950.0 1.72197e-18 1.20738e-18 9.71467e-19 6.91584e-19 3.19838e-18 2.20152e-18 1.34298e-18 9.41737e-19 1.24560e-18 8.86659e-19 2.24585e-18 1.57453e-18 2.45227e-18 1.68815e-18 
3950.0 3975.0 4000.0 7.13009e-17 3.06044e-17 4.06715e-17 1.75480e-17 1.30777e-16 5.58156e-17 5.54607e-17 2.38110e-17 5.22866e-17 2.25540e-17 9.32695e-17 4.00229e-17 9.99711e-17 4.26790e-17 
