-3.5 -3.45 -3.4 9.12546e+01 1.05474e+00 5.95754e+01 6.80629e-01 1.45323e+02 1.70769e+00 6.26196e+01 7.20598e-01 8.68342e+01 9.96426e-01 1.38614e+02 1.61089e+00 9.56970e+01 1.11844e+00 
-3.4 -3.35 -3.3 9.95374e+01 1.06457e+00 6.50850e+01 6.89743e-01 1.58219e+02 1.71534e+00 6.83137e+01 7.27206e-01 9.48508e+01 1.00994e+00 1.51169e+02 1.62624e+00 1.04208e+02 1.12325e+00 
-3.3 -3.25 -3.2 1.11172e+02 1.09744e+00 7.27696e+01 7.11590e-01 1.76485e+02 1.76665e+00 7.63359e+01 7.50132e-01 1.05999e+02 1.04127e+00 1.68739e+02 1.67514e+00 1.16309e+02 1.15775e+00 
-3.2 -3.15 -3.1 1.22153e+02 1.13569e+00 8.00018e+01 7.36922e-01 1.93801e+02 1.82735e+00 8.39012e+01 7.76365e-01 1.16499e+02 1.07824e+00 1.85339e+02 1.73331e+00 1.27768e+02 1.19771e+00 
-3.1 -3.05 -3.0 1.33372e+02 1.22729e+00 8.74503e+01 7.89439e-01 2.11303e+02 2.00164e+00 9.16322e+01 8.38712e-01 1.27309e+02 1.15528e+00 2.02292e+02 1.87386e+00 1.39351e+02 1.31108e+00 
-3.0 -2.95 -2.9 1.46492e+02 1.24554e+00 9.61379e+01 8.08285e-01 2.31948e+02 2.00692e+00 1.00670e+02 8.51806e-01 1.39925e+02 1.18217e+00 2.22127e+02 1.90004e+00 1.53015e+02 1.31603e+00 
-2.9 -2.85 -2.8 1.61204e+02 1.31292e+00 1.05982e+02 8.53583e-01 2.54538e+02 2.10752e+00 1.10800e+02 8.97437e-01 1.54226e+02 1.24896e+00 2.44384e+02 2.00406e+00 1.67954e+02 1.38101e+00 
-2.8 -2.75 -2.7 1.72012e+02 1.30382e+00 1.13148e+02 8.50098e-01 2.71438e+02 2.08415e+00 1.18268e+02 8.91900e-01 1.64600e+02 1.24297e+00 2.60665e+02 1.98827e+00 1.79177e+02 1.36711e+00 
-2.7 -2.65 -2.6 1.84054e+02 1.38604e+00 1.21191e+02 9.03039e-01 2.90178e+02 2.22025e+00 1.26592e+02 9.47694e-01 1.76239e+02 1.32101e+00 2.78892e+02 2.11569e+00 1.91632e+02 1.45547e+00 
-2.6 -2.55 -2.5 1.99366e+02 1.37287e+00 1.31315e+02 8.98104e-01 3.14115e+02 2.18623e+00 1.37163e+02 9.39537e-01 1.90906e+02 1.31261e+00 3.01881e+02 2.09256e+00 2.07512e+02 1.43475e+00 
-2.5 -2.45 -2.4 2.14077e+02 1.43859e+00 1.41207e+02 9.44160e-01 3.36703e+02 2.28138e+00 1.47309e+02 9.84253e-01 2.05257e+02 1.38039e+00 3.24094e+02 2.19347e+00 2.22481e+02 1.49689e+00 
-2.4 -2.35 -2.3 2.28859e+02 1.47510e+00 1.51045e+02 9.67616e-01 3.59638e+02 2.34186e+00 1.57478e+02 1.00939e+00 2.19556e+02 1.41427e+00 3.46410e+02 2.24828e+00 2.37679e+02 1.53701e+00 
-2.3 -2.25 -2.2 2.44022e+02 1.50337e+00 1.61143e+02 9.88219e-01 3.83268e+02 2.37978e+00 1.67990e+02 1.02915e+00 2.34132e+02 1.44402e+00 3.69227e+02 2.29070e+00 2.53390e+02 1.56254e+00 
-2.2 -2.15 -2.1 2.58242e+02 1.54101e+00 1.70634e+02 1.01013e+00 4.06173e+02 2.48563e+00 1.77843e+02 1.05570e+00 2.47832e+02 1.47488e+00 3.91141e+02 2.36090e+00 2.68642e+02 1.63334e+00 
-2.1 -2.05 -2.0 2.74138e+02 1.58631e+00 1.81316e+02 1.04568e+00 4.29728e+02 2.50184e+00 1.88828e+02 1.08662e+00 2.63297e+02 1.52709e+00 4.14514e+02 2.41523e+00 2.84303e+02 1.64406e+00 
-2.0 -1.95 -1.9 2.92189e+02 1.65832e+00 1.93394e+02 1.09274e+00 4.57656e+02 2.62008e+00 2.01277e+02 1.13570e+00 2.80815e+02 1.59615e+00 4.41768e+02 2.52550e+00 3.02808e+02 1.72129e+00 
-1.9 -1.85 -1.8 3.04998e+02 1.65553e+00 2.01984e+02 1.09282e+00 4.77366e+02 2.60646e+00 2.10159e+02 1.13444e+00 2.93208e+02 1.59531e+00 4.60976e+02 2.51950e+00 3.15960e+02 1.71351e+00 
-1.8 -1.75 -1.7 3.22489e+02 1.74382e+00 2.13640e+02 1.15017e+00 5.04539e+02 2.74914e+00 2.22250e+02 1.19440e+00 3.10073e+02 1.67975e+00 4.87312e+02 2.65536e+00 3.34014e+02 1.80618e+00 
-1.7 -1.65 -1.6 3.37927e+02 1.78320e+00 2.24040e+02 1.18044e+00 5.28188e+02 2.79772e+00 2.32916e+02 1.22126e+00 3.25134e+02 1.72419e+00 5.10570e+02 2.71564e+00 3.49723e+02 1.83803e+00 
-1.6 -1.55 -1.5 3.50116e+02 1.76121e+00 2.32240e+02 1.16583e+00 5.46914e+02 2.76321e+00 2.41370e+02 1.20704e+00 3.36962e+02 1.70167e+00 5.28847e+02 2.67986e+00 3.62218e+02 1.81693e+00 
-1.5 -1.45 -1.4 3.62758e+02 1.81689e+00 2.40702e+02 1.20174e+00 5.66441e+02 2.85356e+00 2.50093e+02 1.24493e+00 3.49227e+02 1.75440e+00 5.47921e+02 2.76531e+00 3.75164e+02 1.87572e+00 
-1.4 -1.35 -1.3 3.77970e+02 1.82869e+00 2.50907e+02 1.21119e+00 5.89868e+02 2.86694e+00 2.60626e+02 1.25343e+00 3.63972e+02 1.76765e+00 5.70778e+02 2.78219e+00 3.90765e+02 1.88531e+00 
-1.3 -1.25 -1.2 3.93491e+02 1.90283e+00 2.61256e+02 1.25980e+00 6.13972e+02 2.98634e+00 2.71354e+02 1.30367e+00 3.78949e+02 1.83939e+00 5.94149e+02 2.89660e+00 4.06780e+02 1.96268e+00 
-1.2 -1.15 -1.1 4.03090e+02 1.87375e+00 2.67832e+02 1.24372e+00 6.28367e+02 2.92936e+00 2.78022e+02 1.28465e+00 3.88421e+02 1.81470e+00 6.08514e+02 2.84983e+00 4.16408e+02 1.92707e+00 
-1.1 -1.05 -1.0 4.16110e+02 1.92612e+00 2.76568e+02 1.27722e+00 6.48440e+02 3.01663e+00 2.87043e+02 1.32009e+00 4.01033e+02 1.86414e+00 6.28062e+02 2.93074e+00 4.29634e+02 1.97981e+00 
-1.0 -0.95 -0.9 4.28326e+02 1.96850e+00 2.84691e+02 1.30561e+00 6.67474e+02 3.08315e+00 2.95480e+02 1.34904e+00 4.12798e+02 1.90580e+00 6.46473e+02 2.99550e+00 4.42419e+02 2.02715e+00 
-0.9 -0.85 -0.8 4.37813e+02 1.96412e+00 2.91075e+02 1.30385e+00 6.82028e+02 3.07122e+00 3.02061e+02 1.34670e+00 4.22006e+02 1.90232e+00 6.60694e+02 2.98706e+00 4.52133e+02 2.02053e+00 
-0.8 -0.75 -0.7 4.43896e+02 1.99354e+00 2.95204e+02 1.32573e+00 6.91260e+02 3.11030e+00 3.06304e+02 1.36653e+00 4.27930e+02 1.93477e+00 6.69752e+02 3.03274e+00 4.58340e+02 2.04570e+00 
-0.7 -0.65 -0.6 4.57693e+02 2.03503e+00 3.04561e+02 1.35458e+00 7.12243e+02 3.17116e+00 3.15783e+02 1.39441e+00 4.41552e+02 1.97765e+00 6.90683e+02 3.09743e+00 4.72176e+02 2.08462e+00 
-0.6 -0.55 -0.5 4.62492e+02 2.07162e+00 3.07735e+02 1.36648e+00 7.19713e+02 3.26641e+00 3.19139e+02 1.41956e+00 4.46089e+02 1.99470e+00 6.97803e+02 3.15287e+00 4.77209e+02 2.14714e+00 
-0.5 -0.45 -0.4 4.67801e+02 2.01945e+00 3.11359e+02 1.34380e+00 7.27771e+02 3.14843e+00 3.22836e+02 1.38451e+00 4.51296e+02 1.96079e+00 7.05723e+02 3.07159e+00 4.82614e+02 2.07106e+00 
-0.4 -0.35 -0.3 4.73069e+02 2.00744e+00 3.14943e+02 1.33582e+00 7.35755e+02 3.12937e+00 3.26440e+02 1.37655e+00 4.56536e+02 1.94875e+00 7.13756e+02 3.05252e+00 4.87852e+02 2.05907e+00 
-0.3 -0.25 -0.2 4.74191e+02 2.03110e+00 3.15548e+02 1.35048e+00 7.37906e+02 3.16978e+00 3.27248e+02 1.39261e+00 4.57365e+02 1.97035e+00 7.15359e+02 3.08894e+00 4.89337e+02 2.08532e+00 
-0.2 -0.15 -0.1 4.83705e+02 2.04660e+00 3.21985e+02 1.36091e+00 7.52405e+02 3.19360e+00 3.33840e+02 1.40335e+00 4.66660e+02 1.98541e+00 7.29641e+02 3.11225e+00 4.99004e+02 2.10118e+00 
-0.1 -0.05 0.0 4.82983e+02 2.06364e+00 3.21515e+02 1.37360e+00 7.51251e+02 3.21594e+00 3.33288e+02 1.41449e+00 4.66052e+02 2.00471e+00 7.28697e+02 3.13963e+00 4.98136e+02 2.11491e+00 
0.0 0.05 0.1 4.81403e+02 2.04740e+00 3.20533e+02 1.36424e+00 7.48592e+02 3.18624e+00 3.32232e+02 1.40349e+00 4.64581e+02 1.99090e+00 7.26219e+02 3.11459e+00 4.96439e+02 2.09569e+00 
0.1 0.15 0.2 4.78275e+02 2.04038e+00 3.18348e+02 1.35875e+00 7.44016e+02 3.17788e+00 3.30075e+02 1.39863e+00 4.61411e+02 1.98294e+00 7.21497e+02 3.10403e+00 4.93405e+02 2.09007e+00 
0.2 0.25 0.3 4.79567e+02 2.06691e+00 3.19274e+02 1.37556e+00 7.45845e+02 3.22206e+00 3.30946e+02 1.41644e+00 4.62783e+02 2.00798e+00 7.23504e+02 3.14542e+00 4.94581e+02 2.11840e+00 
0.3 0.35 0.4 4.73516e+02 2.02766e+00 3.15141e+02 1.34970e+00 7.36728e+02 3.15970e+00 3.26776e+02 1.38994e+00 4.56783e+02 1.96967e+00 7.14357e+02 3.08460e+00 4.88546e+02 2.07812e+00 
0.4 0.45 0.5 4.67877e+02 2.02074e+00 3.11394e+02 1.34499e+00 7.27923e+02 3.14925e+00 3.22889e+02 1.38528e+00 4.51348e+02 1.96274e+00 7.05838e+02 3.07385e+00 4.82719e+02 2.07149e+00 
0.5 0.55 0.6 4.62595e+02 1.99759e+00 3.07811e+02 1.32825e+00 7.19897e+02 3.11686e+00 3.19200e+02 1.36947e+00 4.46213e+02 1.93814e+00 6.97986e+02 3.03845e+00 4.77312e+02 2.05018e+00 
0.6 0.65 0.7 4.55565e+02 1.98833e+00 3.03043e+02 1.31977e+00 7.09238e+02 3.11046e+00 3.14333e+02 1.36327e+00 4.39321e+02 1.92551e+00 6.87419e+02 3.02392e+00 4.70214e+02 2.04619e+00 
0.7 0.75 0.8 4.47197e+02 1.97195e+00 2.97367e+02 1.30813e+00 6.96511e+02 3.08666e+00 3.08568e+02 1.35194e+00 4.31082e+02 1.90868e+00 6.74770e+02 2.99931e+00 4.61792e+02 2.03035e+00 
0.8 0.85 0.9 4.36368e+02 1.94240e+00 2.90141e+02 1.29046e+00 6.79697e+02 3.03389e+00 3.01086e+02 1.33175e+00 4.20621e+02 1.88285e+00 6.58454e+02 2.95417e+00 4.50628e+02 1.99585e+00 
0.9 0.95 1.0 4.25380e+02 1.97626e+00 2.82710e+02 1.30905e+00 6.62891e+02 3.10332e+00 2.93460e+02 1.35415e+00 4.09908e+02 1.91105e+00 6.41993e+02 3.00790e+00 4.39448e+02 2.03839e+00 
1.0 1.05 1.1 4.18307e+02 1.90918e+00 2.78000e+02 1.26825e+00 6.51936e+02 2.98219e+00 2.88553e+02 1.30884e+00 4.03118e+02 1.85068e+00 6.31390e+02 2.90403e+00 4.32094e+02 1.96166e+00 
1.1 1.15 1.2 4.05231e+02 1.90407e+00 2.69198e+02 1.25898e+00 6.31898e+02 2.99649e+00 2.79493e+02 1.30494e+00 3.90408e+02 1.83752e+00 6.11760e+02 2.89731e+00 4.18735e+02 1.96998e+00 
1.2 1.25 1.3 3.90631e+02 1.85665e+00 2.59382e+02 1.22863e+00 6.09345e+02 2.91264e+00 2.69428e+02 1.27260e+00 3.76163e+02 1.79306e+00 5.89704e+02 2.82475e+00 4.03801e+02 1.91536e+00 
1.3 1.35 1.4 3.77514e+02 1.82735e+00 2.50602e+02 1.21003e+00 5.89183e+02 2.86615e+00 2.60309e+02 1.25228e+00 3.63532e+02 1.76627e+00 5.70097e+02 2.78077e+00 3.90305e+02 1.88434e+00 
1.4 1.45 1.5 3.64201e+02 1.79447e+00 2.41661e+02 1.18841e+00 5.68687e+02 2.81351e+00 2.51111e+02 1.22975e+00 3.50590e+02 1.73476e+00 5.50042e+02 2.73074e+00 3.76696e+02 1.84982e+00 
1.5 1.55 1.6 3.49140e+02 1.75563e+00 2.31583e+02 1.16287e+00 5.45403e+02 2.75178e+00 2.40713e+02 1.20317e+00 3.35985e+02 1.69744e+00 5.27328e+02 2.67150e+00 3.61247e+02 1.80934e+00 
1.6 1.65 1.7 3.36397e+02 1.72881e+00 2.23038e+02 1.14195e+00 5.25770e+02 2.72019e+00 2.31856e+02 1.18458e+00 3.23687e+02 1.66712e+00 5.08272e+02 2.63124e+00 3.48112e+02 1.78809e+00 
1.7 1.75 1.8 3.21167e+02 1.70602e+00 2.12751e+02 1.12628e+00 5.02504e+02 2.68554e+00 2.21321e+02 1.16858e+00 3.08810e+02 1.64479e+00 4.85360e+02 2.59759e+00 3.32637e+02 1.76461e+00 
1.8 1.85 1.9 3.03806e+02 1.63687e+00 2.01162e+02 1.08018e+00 4.75589e+02 2.57728e+00 2.09334e+02 1.12167e+00 2.92017e+02 1.57681e+00 4.59183e+02 2.49104e+00 3.14775e+02 1.69431e+00 
1.9 1.95 2.0 2.88119e+02 1.66263e+00 1.90671e+02 1.08946e+00 4.51367e+02 2.64713e+00 1.98458e+02 1.13791e+00 2.76883e+02 1.59219e+00 4.35656e+02 2.53413e+00 2.98619e+02 1.73730e+00 
2.0 2.05 2.1 2.73875e+02 1.56513e+00 1.81131e+02 1.03111e+00 4.29356e+02 2.47040e+00 1.88641e+02 1.07206e+00 2.63036e+02 1.50583e+00 4.14129e+02 2.38307e+00 2.84047e+02 1.62325e+00 
2.1 2.15 2.2 2.60157e+02 1.59592e+00 1.71907e+02 1.04527e+00 4.08288e+02 2.53962e+00 1.79152e+02 1.09241e+00 2.49696e+02 1.52751e+00 3.93493e+02 2.43197e+00 2.70035e+02 1.66727e+00 
2.2 2.25 2.3 2.42711e+02 1.52753e+00 1.60269e+02 1.00435e+00 3.81225e+02 2.41671e+00 1.67085e+02 1.04517e+00 2.32865e+02 1.46833e+00 3.67248e+02 2.32895e+00 2.52036e+02 1.58582e+00 
2.3 2.35 2.4 2.26891e+02 1.44467e+00 1.49771e+02 9.48886e-01 3.56478e+02 2.28767e+00 1.56166e+02 9.88714e-01 2.17671e+02 1.38708e+00 3.43387e+02 2.20189e+00 2.35620e+02 1.50148e+00 
2.4 2.45 2.5 2.13055e+02 1.43645e+00 1.40547e+02 9.41167e-01 3.35041e+02 2.28310e+00 1.46612e+02 9.82881e-01 2.04288e+02 1.37590e+00 3.22526e+02 2.18995e+00 2.21397e+02 1.49822e+00 
2.5 2.55 2.6 2.00752e+02 1.39093e+00 1.32299e+02 9.10565e-01 3.16081e+02 2.21279e+00 1.38128e+02 9.51771e-01 1.92324e+02 1.33107e+00 3.03951e+02 2.12044e+00 2.08835e+02 1.45208e+00 
2.6 2.65 2.7 1.83664e+02 1.30806e+00 1.20983e+02 8.57599e-01 2.89318e+02 2.07516e+00 1.26323e+02 8.94770e-01 1.75939e+02 1.25403e+00 2.78205e+02 1.99491e+00 1.91062e+02 1.36121e+00 
2.7 2.75 2.8 1.72565e+02 1.31441e+00 1.13514e+02 8.55812e-01 2.72331e+02 2.10650e+00 1.18650e+02 8.98815e-01 1.65129e+02 1.25175e+00 2.61498e+02 2.00538e+00 1.79771e+02 1.38103e+00 
2.8 2.85 2.9 1.58727e+02 1.26360e+00 1.04224e+02 8.19830e-01 2.50820e+02 2.02968e+00 1.09112e+02 8.63860e-01 1.51748e+02 1.20099e+00 2.40590e+02 1.92846e+00 1.65527e+02 1.33019e+00 
2.9 2.95 3.0 1.43904e+02 1.18469e+00 9.45275e+01 7.70211e-01 2.27481e+02 1.90139e+00 9.88936e+01 8.09796e-01 1.37579e+02 1.12698e+00 2.18199e+02 1.80829e+00 1.50070e+02 1.24599e+00 
3.0 3.05 3.1 1.32983e+02 1.15426e+00 8.72771e+01 7.51345e-01 2.10440e+02 1.84943e+00 9.13617e+01 7.88977e-01 1.27064e+02 1.09942e+00 2.01711e+02 1.76190e+00 1.38779e+02 1.21195e+00 
3.1 3.15 3.2 1.21577e+02 1.13687e+00 7.96330e+01 7.36512e-01 1.92855e+02 1.83250e+00 8.35017e+01 7.76983e-01 1.15966e+02 1.07785e+00 1.84472e+02 1.73561e+00 1.27137e+02 1.20066e+00 
3.2 3.25 3.3 1.10301e+02 1.12455e+00 7.21558e+01 7.30048e-01 1.75230e+02 1.80699e+00 7.57402e+01 7.68201e-01 1.05102e+02 1.06898e+00 1.67410e+02 1.71781e+00 1.15487e+02 1.18339e+00 
3.3 3.35 3.4 9.89101e+01 1.07587e+00 6.46948e+01 6.89531e-01 1.57145e+02 1.76171e+00 6.78943e+01 7.34688e-01 9.42662e+01 1.00979e+00 1.50186e+02 1.64415e+00 1.03521e+02 1.15286e+00 
3.4 3.45 3.5 9.20542e+01 1.01270e+00 6.01390e+01 6.56403e-01 1.46472e+02 1.63083e+00 6.31654e+01 6.91667e-01 8.76600e+01 9.61215e-01 1.39837e+02 1.54727e+00 9.64490e+01 1.06762e+00 
