0.0 0.065449846958 0.13089969392 5.98064e+02 3.40384e+00 3.94496e+02 2.23914e+00 9.40468e+02 5.37872e+00 4.13285e+02 2.33418e+00 5.71020e+02 3.26616e+00 9.00732e+02 5.17521e+00 6.24680e+02 3.53915e+00 
0.13089969392 0.19634954088 0.26179938783 6.06521e+02 3.39482e+00 3.99889e+02 2.22731e+00 9.54312e+02 5.38455e+00 4.19116e+02 2.32736e+00 5.78840e+02 3.24967e+00 9.13504e+02 5.16320e+00 6.33846e+02 3.54159e+00 
0.26179938783 0.32724923479 0.39269908175 6.16485e+02 3.41299e+00 4.06541e+02 2.24095e+00 9.69777e+02 5.40908e+00 4.25968e+02 2.33987e+00 5.88518e+02 3.26956e+00 9.28607e+02 5.19074e+00 6.44056e+02 3.55793e+00 
0.39269908175 0.45814892871 0.52359877567 6.35892e+02 3.48425e+00 4.19408e+02 2.28982e+00 1.00008e+03 5.51586e+00 4.39397e+02 2.38907e+00 6.07117e+02 3.34041e+00 9.57786e+02 5.29824e+00 6.64215e+02 3.62877e+00 
0.52359877567 0.58904862263 0.65449846958 6.54431e+02 3.59392e+00 4.31712e+02 2.36068e+00 1.02900e+03 5.69430e+00 4.52199e+02 2.46375e+00 6.24945e+02 3.44451e+00 9.85743e+02 5.46648e+00 6.83413e+02 3.74518e+00 
0.65449846958 0.71994831654 0.7853981635 7.27196e+02 3.80317e+00 4.80063e+02 2.50080e+00 1.14236e+03 6.01661e+00 5.02455e+02 2.60609e+00 6.94973e+02 3.65047e+00 1.09541e+03 5.78787e+00 7.58659e+02 3.95496e+00 
0.7853981635 0.85084801046 0.91629785742 8.23987e+02 4.00093e+00 5.44386e+02 2.63145e+00 1.29318e+03 6.33082e+00 5.69463e+02 2.74159e+00 7.87917e+02 3.84130e+00 1.24087e+03 6.08890e+00 8.59067e+02 4.16157e+00 
0.91629785742 0.98174770438 1.0471975513 7.67477e+02 3.71514e+00 5.06749e+02 2.44177e+00 1.20540e+03 5.88304e+00 5.30268e+02 2.54547e+00 7.33633e+02 3.56479e+00 1.15615e+03 5.65474e+00 8.00483e+02 3.86669e+00 
1.0471975513 1.1126473983 1.1780972453 7.27830e+02 3.52331e+00 4.80603e+02 2.31965e+00 1.14305e+03 5.56851e+00 5.02782e+02 2.41338e+00 6.95913e+02 3.38749e+00 1.09668e+03 5.36456e+00 7.58909e+02 3.65881e+00 
1.1780972453 1.2435470922 1.3089969392 6.98235e+02 3.31168e+00 4.60979e+02 2.17876e+00 1.09680e+03 5.23635e+00 4.82211e+02 2.26889e+00 6.67667e+02 3.18108e+00 1.05242e+03 5.04104e+00 7.27962e+02 3.44150e+00 
1.3089969392 1.3744467861 1.4398966331 6.86847e+02 3.26775e+00 4.53469e+02 2.15256e+00 1.07894e+03 5.16058e+00 4.74060e+02 2.23683e+00 6.57189e+02 3.14570e+00 1.03602e+03 4.97961e+00 7.15576e+02 3.38816e+00 
1.4398966331 1.50534648 1.570796327 6.73225e+02 3.13859e+00 4.44460e+02 2.06549e+00 1.05760e+03 4.96433e+00 4.64542e+02 2.14781e+00 6.44291e+02 3.01919e+00 1.01580e+03 4.78455e+00 7.01203e+02 3.25784e+00 
1.570796327 1.636246174 1.7016960209 6.67082e+02 3.00067e+00 4.40380e+02 1.97244e+00 1.04809e+03 4.75387e+00 4.60131e+02 2.05407e+00 6.38609e+02 2.88232e+00 1.00698e+03 4.57250e+00 6.94574e+02 3.12108e+00 
1.7016960209 1.7671458679 1.8325957148 6.74067e+02 2.97806e+00 4.45092e+02 1.95633e+00 1.05880e+03 4.72080e+00 4.64790e+02 2.03709e+00 6.45661e+02 2.86078e+00 1.01795e+03 4.54223e+00 7.01376e+02 3.09633e+00 
1.8325957148 1.8980455618 1.9634954088 6.86573e+02 2.86972e+00 4.53548e+02 1.89090e+00 1.07791e+03 4.53103e+00 4.73175e+02 1.96271e+00 6.58257e+02 2.76565e+00 1.03748e+03 4.37772e+00 7.13591e+02 2.97164e+00 
1.9634954088 2.0289452557 2.0943951027 7.02751e+02 2.77508e+00 4.64383e+02 1.82621e+00 1.10293e+03 4.39120e+00 4.84139e+02 1.89795e+00 6.74237e+02 2.67102e+00 1.06243e+03 4.23349e+00 7.29804e+02 2.87973e+00 
2.0943951027 2.1598449496 2.2252947966 7.30900e+02 2.70482e+00 4.83451e+02 1.78036e+00 1.14587e+03 4.27770e+00 5.03348e+02 1.84960e+00 7.02175e+02 2.60434e+00 1.10547e+03 4.12715e+00 7.57877e+02 2.80465e+00 
2.2252947966 2.2907446435 2.3561944905 7.57617e+02 2.66923e+00 5.01409e+02 1.75578e+00 1.18737e+03 4.22920e+00 5.21509e+02 1.82455e+00 7.28587e+02 2.56939e+00 1.14684e+03 4.07755e+00 7.84877e+02 2.77144e+00 
2.3561944905 2.4216443375 2.4870941844 7.83603e+02 2.56622e+00 5.18873e+02 1.68634e+00 1.22694e+03 4.06689e+00 5.39202e+02 1.75449e+00 7.54228e+02 2.46723e+00 1.18636e+03 3.91655e+00 8.10681e+02 2.66582e+00 
2.4870941844 2.5525440314 2.6179938783 8.13878e+02 2.47056e+00 5.39406e+02 1.62310e+00 1.27307e+03 3.91610e+00 5.59867e+02 1.68925e+00 7.84307e+02 2.37446e+00 1.23264e+03 3.77014e+00 8.40847e+02 2.56718e+00 
2.6179938783 2.6834437253 2.7488935723 8.45194e+02 2.36559e+00 5.60391e+02 1.55250e+00 1.32119e+03 3.75464e+00 5.81141e+02 1.61754e+00 8.15189e+02 2.27101e+00 1.28079e+03 3.60978e+00 8.72137e+02 2.46130e+00 
2.7488935723 2.8143434192 2.8797932662 8.69321e+02 2.21127e+00 5.76819e+02 1.45431e+00 1.35827e+03 3.50305e+00 5.97663e+02 1.51269e+00 8.39181e+02 2.12652e+00 1.31753e+03 3.37246e+00 8.96485e+02 2.29781e+00 
2.8797932662 2.9452431131 3.0106929601 8.86268e+02 2.01562e+00 5.88339e+02 1.32510e+00 1.38373e+03 3.19164e+00 6.09164e+02 1.37960e+00 8.56150e+02 1.93649e+00 1.34362e+03 3.07201e+00 9.13012e+02 2.09488e+00 
3.0106929601 3.076142807 3.141592654 8.91702e+02 1.86216e+00 5.92157e+02 1.22474e+00 1.39162e+03 2.94581e+00 6.12840e+02 1.27605e+00 8.61786e+02 1.78773e+00 1.35202e+03 2.83406e+00 9.18106e+02 1.93628e+00 
