-3.5 -3.45 -3.4 3.16018e-01 5.06460e-02 1.97341e-01 3.18195e-02 5.28945e-01 8.43618e-02 2.23666e-01 3.58366e-02 2.78837e-01 4.49738e-02 4.62074e-01 7.40763e-02 3.61776e-01 5.76870e-02 
-3.4 -3.35 -3.3 6.12371e-01 7.28603e-02 3.89710e-01 4.68393e-02 1.00270e+00 1.17957e-01 4.33241e-01 5.14743e-02 5.50895e-01 6.63088e-02 8.95845e-01 1.06774e-01 6.85505e-01 8.05082e-02 
-3.3 -3.25 -3.2 1.09301e+00 1.22068e-01 6.94352e-01 7.77854e-02 1.79313e+00 1.99831e-01 7.73855e-01 8.63398e-02 9.80780e-01 1.09989e-01 1.59754e+00 1.78629e-01 1.22694e+00 1.36585e-01 
-3.2 -3.15 -3.1 1.52967e+00 1.21953e-01 9.74579e-01 7.83940e-02 2.50116e+00 1.97499e-01 1.08360e+00 8.63070e-02 1.37584e+00 1.10780e-01 2.23429e+00 1.78340e-01 1.71250e+00 1.35068e-01 
-3.1 -3.05 -3.0 2.01316e+00 1.34424e-01 1.28173e+00 8.57365e-02 3.40255e+00 2.25976e-01 1.42753e+00 9.52354e-02 1.80765e+00 1.21021e-01 2.93693e+00 1.96320e-01 2.33144e+00 1.54643e-01 
-3.0 -2.95 -2.9 2.58239e+00 1.44491e-01 1.65017e+00 9.17920e-02 4.21013e+00 2.38132e-01 1.83063e+00 1.02297e-01 2.32792e+00 1.29652e-01 3.76873e+00 2.11203e-01 2.88501e+00 1.62909e-01 
-2.9 -2.85 -2.8 3.24871e+00 1.44895e-01 2.08970e+00 9.37414e-02 5.25450e+00 2.33014e-01 2.30399e+00 1.02617e-01 2.94674e+00 1.32372e-01 4.73866e+00 2.11709e-01 3.60265e+00 1.59491e-01 
-2.8 -2.75 -2.7 4.46012e+00 1.68574e-01 2.87850e+00 1.09232e-01 7.18756e+00 2.70846e-01 3.16422e+00 1.19503e-01 4.05765e+00 1.54100e-01 6.50290e+00 2.46017e-01 4.93015e+00 1.85610e-01 
-2.7 -2.65 -2.6 5.46574e+00 1.88120e-01 3.53735e+00 1.21608e-01 8.77939e+00 3.03224e-01 3.87767e+00 1.33200e-01 4.98636e+00 1.71749e-01 7.96916e+00 2.74945e-01 6.02199e+00 2.07468e-01 
-2.6 -2.55 -2.5 5.81736e+00 1.67587e-01 3.77313e+00 1.09298e-01 9.32032e+00 2.67154e-01 4.12999e+00 1.18822e-01 5.31514e+00 1.54173e-01 8.47475e+00 2.44534e-01 6.39852e+00 1.83119e-01 
-2.5 -2.45 -2.4 7.28791e+00 1.88902e-01 4.74265e+00 1.23612e-01 1.16310e+01 2.99884e-01 5.17464e+00 1.33898e-01 6.68007e+00 1.74410e-01 1.06155e+01 2.75728e-01 7.98599e+00 2.05484e-01 
-2.4 -2.35 -2.3 8.41011e+00 1.91079e-01 5.47892e+00 1.24962e-01 1.34050e+01 3.03572e-01 5.97247e+00 1.35466e-01 7.71571e+00 1.76275e-01 1.22475e+01 2.78843e-01 9.20588e+00 2.08046e-01 
-2.3 -2.25 -2.2 9.55325e+00 1.96702e-01 6.23621e+00 1.28928e-01 1.51907e+01 3.11657e-01 6.78512e+00 1.39474e-01 8.78109e+00 1.81845e-01 1.39102e+01 2.86996e-01 1.04338e+01 2.13630e-01 
-2.2 -2.15 -2.1 1.04269e+01 1.99655e-01 6.81467e+00 1.31049e-01 1.65565e+01 3.15756e-01 7.40717e+00 1.41576e-01 9.59367e+00 1.84827e-01 1.51786e+01 2.91283e-01 1.13748e+01 2.16459e-01 
-2.1 -2.05 -2.0 1.18356e+01 2.04191e-01 7.75073e+00 1.34223e-01 1.87490e+01 3.22331e-01 8.40971e+00 1.44802e-01 1.09091e+01 1.89292e-01 1.72247e+01 2.97881e-01 1.28845e+01 2.20982e-01 
-2.0 -1.95 -1.9 1.27844e+01 2.08489e-01 8.37667e+00 1.37015e-01 2.02391e+01 3.29244e-01 9.08601e+00 1.47885e-01 1.17873e+01 1.93183e-01 1.86003e+01 3.04067e-01 1.39123e+01 2.25781e-01 
-1.9 -1.85 -1.8 1.45789e+01 2.17933e-01 9.55935e+00 1.43237e-01 2.30602e+01 3.44077e-01 1.03611e+01 1.54549e-01 1.34518e+01 2.01998e-01 2.12119e+01 3.17925e-01 1.58509e+01 2.35886e-01 
-1.8 -1.75 -1.7 1.58816e+01 2.27779e-01 1.04290e+01 1.50104e-01 2.50780e+01 3.58497e-01 1.12887e+01 1.61540e-01 1.46733e+01 2.11674e-01 2.31029e+01 3.32269e-01 1.72353e+01 2.45661e-01 
-1.7 -1.65 -1.6 1.68012e+01 2.27969e-01 1.10379e+01 1.50024e-01 2.65161e+01 3.59407e-01 1.19446e+01 1.61700e-01 1.55270e+01 2.11523e-01 2.44351e+01 3.32482e-01 1.82340e+01 2.46456e-01 
-1.6 -1.55 -1.5 1.80319e+01 2.31058e-01 1.18609e+01 1.52389e-01 2.84159e+01 3.63257e-01 1.28183e+01 1.63860e-01 1.66864e+01 2.14903e-01 2.62281e+01 3.37065e-01 1.95382e+01 2.49044e-01 
-1.5 -1.45 -1.4 1.96861e+01 2.39273e-01 1.29627e+01 1.57977e-01 3.09836e+01 3.75658e-01 1.39960e+01 1.69684e-01 1.82344e+01 2.22788e-01 2.86302e+01 3.49054e-01 2.13070e+01 2.57547e-01 
-1.4 -1.35 -1.3 2.06292e+01 2.38126e-01 1.35887e+01 1.57292e-01 3.24535e+01 3.73623e-01 1.46680e+01 1.68898e-01 1.91129e+01 2.21786e-01 2.99978e+01 3.47311e-01 2.23206e+01 2.56202e-01 
-1.3 -1.25 -1.2 2.20060e+01 2.47132e-01 1.45038e+01 1.63292e-01 3.45961e+01 3.87614e-01 1.56455e+01 1.75253e-01 2.04020e+01 2.30288e-01 3.20035e+01 3.60527e-01 2.37915e+01 2.65735e-01 
-1.2 -1.15 -1.1 2.31122e+01 2.49805e-01 1.52412e+01 1.65082e-01 3.63106e+01 3.91705e-01 1.64357e+01 1.77192e-01 2.14344e+01 2.32756e-01 3.36034e+01 3.64322e-01 2.49772e+01 2.68618e-01 
-1.1 -1.05 -1.0 2.40716e+01 2.51729e-01 1.58820e+01 1.66443e-01 3.77945e+01 3.94459e-01 1.71184e+01 1.78552e-01 2.23347e+01 2.34677e-01 3.49967e+01 3.67134e-01 2.59990e+01 2.70499e-01 
-1.0 -0.95 -0.9 2.53884e+01 2.57806e-01 1.67515e+01 1.70497e-01 3.98598e+01 4.03868e-01 1.80551e+01 1.82880e-01 2.35573e+01 2.40375e-01 3.69107e+01 3.75957e-01 2.74202e+01 2.76985e-01 
-0.9 -0.85 -0.8 2.59931e+01 2.61275e-01 1.71560e+01 1.72862e-01 4.07926e+01 4.09078e-01 1.84877e+01 1.85332e-01 2.41230e+01 2.43721e-01 3.77838e+01 3.81037e-01 2.80665e+01 2.80543e-01 
-0.8 -0.75 -0.7 2.69383e+01 2.63127e-01 1.77904e+01 1.74223e-01 4.22461e+01 4.11583e-01 1.91572e+01 1.86632e-01 2.50186e+01 2.45656e-01 3.91645e+01 3.83769e-01 2.90615e+01 2.82237e-01 
-0.7 -0.65 -0.6 2.74247e+01 2.61488e-01 1.81148e+01 1.73178e-01 4.29979e+01 4.08871e-01 1.95068e+01 1.85505e-01 2.54700e+01 2.44138e-01 3.98625e+01 3.81293e-01 2.95854e+01 2.80441e-01 
-0.6 -0.55 -0.5 2.83462e+01 2.67370e-01 1.87313e+01 1.77146e-01 4.44210e+01 4.17871e-01 2.01621e+01 1.89663e-01 2.63370e+01 2.49749e-01 4.12023e+01 3.89906e-01 3.05644e+01 2.86587e-01 
-0.5 -0.45 -0.4 2.91369e+01 2.70946e-01 1.92545e+01 1.79540e-01 4.56576e+01 4.23379e-01 2.07252e+01 1.92232e-01 2.70715e+01 2.53081e-01 4.23496e+01 3.95041e-01 3.14166e+01 2.90423e-01 
-0.4 -0.35 -0.3 2.92810e+01 2.71003e-01 1.93521e+01 1.79617e-01 4.58764e+01 4.23356e-01 2.08275e+01 1.92236e-01 2.72091e+01 2.53241e-01 4.25598e+01 3.95217e-01 3.15668e+01 2.90340e-01 
-0.3 -0.25 -0.2 2.97733e+01 2.73476e-01 1.96840e+01 1.81364e-01 4.66290e+01 4.26912e-01 2.11770e+01 1.93979e-01 2.76768e+01 2.55717e-01 4.32772e+01 3.98850e-01 3.20833e+01 2.92760e-01 
-0.2 -0.15 -0.1 3.03459e+01 2.75439e-01 2.00638e+01 1.82677e-01 4.75229e+01 4.29949e-01 2.15837e+01 1.95390e-01 2.82114e+01 2.57545e-01 4.41107e+01 4.01667e-01 3.26973e+01 2.94877e-01 
-0.1 -0.05 0.0 3.04583e+01 2.76968e-01 2.01379e+01 1.83686e-01 4.76993e+01 4.32357e-01 2.16623e+01 1.96448e-01 2.83174e+01 2.59000e-01 4.42775e+01 4.03960e-01 3.28162e+01 2.96480e-01 
0.0 0.05 0.1 3.01676e+01 2.74721e-01 1.99400e+01 1.82121e-01 4.72592e+01 4.29054e-01 2.14604e+01 1.94897e-01 2.80329e+01 2.56739e-01 4.38431e+01 4.00578e-01 3.25223e+01 2.94293e-01 
0.1 0.15 0.2 3.01710e+01 2.73897e-01 1.99446e+01 1.81654e-01 4.72580e+01 4.27540e-01 2.14631e+01 1.94317e-01 2.80389e+01 2.56075e-01 4.38472e+01 3.99367e-01 3.25221e+01 2.93264e-01 
0.2 0.25 0.3 2.95650e+01 2.70682e-01 1.95425e+01 1.79457e-01 4.63129e+01 4.22705e-01 2.10297e+01 1.92018e-01 2.74768e+01 2.53000e-01 4.29723e+01 3.94721e-01 3.18673e+01 2.89914e-01 
0.3 0.35 0.4 2.97462e+01 2.73145e-01 1.96631e+01 1.81092e-01 4.65943e+01 4.26540e-01 2.11592e+01 1.93785e-01 2.76454e+01 2.55280e-01 4.32338e+01 3.98264e-01 3.20622e+01 2.92579e-01 
0.4 0.45 0.5 2.92254e+01 2.73881e-01 1.93161e+01 1.81588e-01 4.57879e+01 4.27694e-01 2.07853e+01 1.94260e-01 2.71620e+01 2.56040e-01 4.24856e+01 3.99454e-01 3.15009e+01 2.93286e-01 
0.5 0.55 0.6 2.84472e+01 2.68460e-01 1.87973e+01 1.77913e-01 4.45813e+01 4.19450e-01 2.02342e+01 1.90464e-01 2.64294e+01 2.50795e-01 4.13484e+01 3.91427e-01 3.06752e+01 2.87720e-01 
0.6 0.65 0.7 2.81975e+01 2.69403e-01 1.86265e+01 1.78485e-01 4.42077e+01 4.21107e-01 2.00539e+01 1.91086e-01 2.61928e+01 2.51664e-01 4.09922e+01 3.92919e-01 3.04132e+01 2.88771e-01 
0.7 0.75 0.8 2.74751e+01 2.66082e-01 1.81424e+01 1.76161e-01 4.30947e+01 4.16269e-01 1.95397e+01 1.88732e-01 2.55124e+01 2.48383e-01 3.99429e+01 3.88071e-01 2.96466e+01 2.85454e-01 
0.8 0.85 0.9 2.62286e+01 2.60940e-01 1.73137e+01 1.72674e-01 4.11555e+01 4.08460e-01 1.86527e+01 1.85077e-01 2.43479e+01 2.43476e-01 3.81322e+01 3.80591e-01 2.83116e+01 2.80084e-01 
0.9 0.95 1.0 2.51642e+01 2.55116e-01 1.66086e+01 1.68826e-01 3.94933e+01 3.99354e-01 1.78976e+01 1.80965e-01 2.33539e+01 2.38027e-01 3.65799e+01 3.72051e-01 2.71717e+01 2.73877e-01 
1.0 1.05 1.1 2.42753e+01 2.53092e-01 1.60164e+01 1.67373e-01 3.81153e+01 3.96537e-01 1.72619e+01 1.79513e-01 2.25257e+01 2.35999e-01 3.52965e+01 3.69138e-01 2.62171e+01 2.71914e-01 
1.1 1.15 1.2 2.31258e+01 2.48363e-01 1.52499e+01 1.64193e-01 3.63332e+01 3.89281e-01 1.64466e+01 1.76164e-01 2.14450e+01 2.31509e-01 3.36200e+01 3.62228e-01 2.49952e+01 2.66950e-01 
1.2 1.25 1.3 2.16481e+01 2.40822e-01 1.42653e+01 1.59048e-01 3.40405e+01 3.77920e-01 1.53918e+01 1.70793e-01 2.00656e+01 2.24283e-01 3.14814e+01 3.51284e-01 2.34106e+01 2.59117e-01 
1.3 1.35 1.4 2.07720e+01 2.40071e-01 1.36808e+01 1.58414e-01 3.26842e+01 3.77177e-01 1.47664e+01 1.70227e-01 1.92465e+01 2.23431e-01 3.02134e+01 3.50272e-01 2.24733e+01 2.58545e-01 
1.4 1.45 1.5 1.94804e+01 2.32630e-01 1.28216e+01 1.53387e-01 3.06767e+01 3.65832e-01 1.38496e+01 1.64995e-01 1.80359e+01 2.16284e-01 2.83314e+01 3.39307e-01 2.10955e+01 2.50847e-01 
1.5 1.55 1.6 1.73471e+01 2.18648e-01 1.14088e+01 1.44015e-01 2.73408e+01 3.44270e-01 1.23337e+01 1.55086e-01 1.60475e+01 2.03056e-01 2.52266e+01 3.18894e-01 1.88031e+01 2.36076e-01 
1.6 1.65 1.7 1.72986e+01 2.26992e-01 1.13688e+01 1.49452e-01 2.72884e+01 3.57598e-01 1.22964e+01 1.60973e-01 1.59950e+01 2.10766e-01 2.51631e+01 3.31144e-01 1.87618e+01 2.45158e-01 
1.7 1.75 1.8 1.55745e+01 2.17346e-01 1.02300e+01 1.43053e-01 2.45846e+01 3.42551e-01 1.10706e+01 1.54152e-01 1.43931e+01 2.01715e-01 2.26557e+01 3.17018e-01 1.69024e+01 2.34881e-01 
1.8 1.85 1.9 1.44676e+01 2.13323e-01 9.48737e+00 1.40158e-01 2.28817e+01 3.36934e-01 1.02821e+01 1.51297e-01 1.33504e+01 1.97635e-01 2.10498e+01 3.11156e-01 1.57284e+01 2.31025e-01 
1.9 1.95 2.0 1.30929e+01 2.08202e-01 8.58021e+00 1.36790e-01 2.07247e+01 3.28939e-01 9.30401e+00 1.47624e-01 1.20754e+01 1.92942e-01 1.90522e+01 3.03791e-01 1.42439e+01 2.25469e-01 
2.0 2.05 2.1 1.18296e+01 2.01625e-01 7.74212e+00 1.32336e-01 1.87534e+01 3.18934e-01 8.40424e+00 1.42954e-01 1.08985e+01 1.86665e-01 1.72190e+01 2.94210e-01 1.28852e+01 2.18595e-01 
2.1 2.15 2.2 1.08938e+01 1.99709e-01 7.12195e+00 1.31012e-01 1.72920e+01 3.16072e-01 7.74030e+00 1.41656e-01 1.00244e+01 1.84722e-01 1.58547e+01 2.91261e-01 1.18828e+01 2.16753e-01 
2.2 2.25 2.3 9.41990e+00 1.85917e-01 6.14468e+00 1.21785e-01 1.49909e+01 2.94746e-01 6.69187e+00 1.31860e-01 8.65029e+00 1.71727e-01 1.37124e+01 2.71178e-01 1.02993e+01 2.02100e-01 
2.3 2.35 2.4 8.59242e+00 1.87677e-01 5.59595e+00 1.22619e-01 1.36999e+01 2.98548e-01 6.10240e+00 1.33092e-01 7.87992e+00 1.72924e-01 1.25119e+01 2.73788e-01 9.40927e+00 2.04674e-01 
2.4 2.45 2.5 7.18477e+00 1.85884e-01 4.66566e+00 1.20810e-01 1.14934e+01 2.97581e-01 5.10093e+00 1.31723e-01 6.57215e+00 1.70491e-01 1.04664e+01 2.71414e-01 7.89054e+00 2.03817e-01 
2.5 2.55 2.6 6.10876e+00 1.76095e-01 3.96121e+00 1.14683e-01 9.79030e+00 2.81240e-01 4.33532e+00 1.24801e-01 5.58199e+00 1.61829e-01 8.90308e+00 2.57080e-01 6.71813e+00 1.92661e-01 
2.6 2.65 2.7 5.30617e+00 1.82285e-01 3.43642e+00 1.18810e-01 8.51620e+00 2.90747e-01 3.76411e+00 1.29075e-01 4.84459e+00 1.67805e-01 7.73738e+00 2.66398e-01 5.84089e+00 1.98973e-01 
2.7 2.75 2.8 4.30889e+00 1.59726e-01 2.78194e+00 1.03862e-01 6.94017e+00 2.55461e-01 3.05683e+00 1.13200e-01 3.92172e+00 1.46568e-01 6.28266e+00 2.33181e-01 4.76037e+00 1.75016e-01 
2.8 2.85 2.9 3.28245e+00 1.46981e-01 2.11301e+00 9.52359e-02 5.30468e+00 2.35991e-01 2.32889e+00 1.04208e-01 2.97838e+00 1.34338e-01 4.78543e+00 2.14471e-01 3.63896e+00 1.61749e-01 
2.9 2.95 3.0 2.78137e+00 1.50015e-01 1.78161e+00 9.57686e-02 4.52195e+00 2.45908e-01 1.97143e+00 1.06186e-01 2.51374e+00 1.35309e-01 4.05979e+00 2.19335e-01 3.09829e+00 1.68204e-01 
3.0 3.05 3.1 1.96341e+00 1.20647e-01 1.25599e+00 7.77786e-02 3.19544e+00 1.94755e-01 1.39187e+00 8.54826e-02 1.77186e+00 1.09787e-01 2.86533e+00 1.76184e-01 2.18980e+00 1.33385e-01 
3.1 3.15 3.2 1.55053e+00 1.24927e-01 9.88582e-01 8.04097e-02 2.53376e+00 2.02040e-01 1.09857e+00 8.84435e-02 1.39539e+00 1.13593e-01 2.26428e+00 1.82611e-01 1.73524e+00 1.38242e-01 
3.2 3.25 3.3 1.08357e+00 1.01460e-01 6.90109e-01 6.52788e-02 1.77247e+00 1.64103e-01 7.67086e-01 7.17278e-02 9.74898e-01 9.23471e-02 1.58395e+00 1.48563e-01 1.21264e+00 1.12089e-01 
3.3 3.35 3.4 7.04237e-01 7.78792e-02 4.45659e-01 4.94125e-02 1.16055e+00 1.28107e-01 4.98356e-01 5.50695e-02 6.29803e-01 6.98856e-02 1.02992e+00 1.14002e-01 7.93620e-01 8.75259e-02 
3.4 3.45 3.5 3.97880e-01 5.51301e-02 2.50961e-01 3.50785e-02 6.58190e-01 9.03768e-02 2.81557e-01 3.89876e-02 3.54652e-01 4.96034e-02 5.81892e-01 8.06896e-02 4.50064e-01 6.17497e-02 
