-3.5 -3.45 -3.4 7.62541e-02 1.51952e-02 4.01141e-02 7.88298e-03 1.11004e-01 2.13861e-02 5.47793e-02 1.09032e-02 6.51945e-02 1.30752e-02 1.09512e-01 2.18534e-02 7.73456e-02 1.48853e-02 
-3.4 -3.35 -3.3 1.24495e-01 1.77445e-02 7.68405e-02 1.09616e-02 2.10877e-01 3.00440e-02 8.94650e-02 1.27397e-02 1.06931e-01 1.52683e-02 1.78722e-01 2.55023e-02 1.46901e-01 2.09055e-02 
-3.3 -3.25 -3.2 2.09992e-01 2.92402e-02 1.30303e-01 1.82610e-02 3.53562e-01 4.89126e-02 1.50910e-01 2.09698e-02 1.81326e-01 2.54650e-02 3.01444e-01 4.20792e-02 2.46312e-01 3.39921e-02 
-3.2 -3.15 -3.1 4.58580e-01 4.13559e-02 2.86970e-01 2.59986e-02 7.64591e-01 6.86421e-02 3.29664e-01 2.96895e-02 3.99209e-01 3.62161e-02 6.58044e-01 5.94415e-02 5.32865e-01 4.77597e-02 
-3.1 -3.05 -3.0 7.44698e-01 5.49254e-02 4.66468e-01 3.45235e-02 1.24038e+00 9.11712e-02 5.35568e-01 3.94543e-02 6.48646e-01 4.80642e-02 1.06809e+00 7.88895e-02 8.64880e-01 6.34820e-02 
-3.0 -2.95 -2.9 1.07998e+00 6.68945e-02 6.78967e-01 4.20211e-02 1.79154e+00 1.11184e-01 7.77187e-01 4.80624e-02 9.43533e-01 5.84873e-02 1.54779e+00 9.60564e-02 1.25012e+00 7.74317e-02 
-2.9 -2.85 -2.8 1.38475e+00 7.39111e-02 8.75545e-01 4.67968e-02 2.28208e+00 1.21706e-01 9.97006e-01 5.31294e-02 1.21612e+00 6.51049e-02 1.98341e+00 1.06070e-01 1.59339e+00 8.48127e-02 
-2.8 -2.75 -2.7 1.86431e+00 7.89358e-02 1.18551e+00 5.05458e-02 3.05257e+00 1.28312e-01 1.34264e+00 5.67583e-02 1.64625e+00 7.03044e-02 2.66945e+00 1.13241e-01 2.13210e+00 8.94565e-02 
-2.7 -2.65 -2.6 2.48537e+00 8.69359e-02 1.58514e+00 5.57503e-02 4.05582e+00 1.41102e-01 1.79134e+00 6.25601e-02 2.19944e+00 7.74805e-02 3.55532e+00 1.24601e-01 2.83552e+00 9.84628e-02 
-2.6 -2.55 -2.5 3.08037e+00 9.05749e-02 1.96807e+00 5.81235e-02 5.01667e+00 1.46891e-01 2.22099e+00 6.52050e-02 2.72978e+00 8.07462e-02 4.40457e+00 1.29754e-01 3.50878e+00 1.02551e-01 
-2.5 -2.45 -2.4 3.98598e+00 1.02109e-01 2.55890e+00 6.59166e-02 6.45629e+00 1.64474e-01 2.87420e+00 7.34753e-02 3.54898e+00 9.16124e-02 5.69895e+00 1.46359e-01 4.51611e+00 1.14760e-01 
-2.4 -2.35 -2.3 4.43060e+00 9.97008e-02 2.84867e+00 6.44390e-02 7.16422e+00 1.60392e-01 3.19602e+00 7.17613e-02 3.94935e+00 8.95342e-02 6.33175e+00 1.42860e-01 5.01360e+00 1.11947e-01 
-2.3 -2.25 -2.2 5.20946e+00 1.05566e-01 3.35675e+00 6.83251e-02 8.40283e+00 1.69590e-01 3.75940e+00 7.60080e-02 4.65188e+00 9.49071e-02 7.44120e+00 1.51207e-01 5.88333e+00 1.18420e-01 
-2.2 -2.15 -2.1 5.92818e+00 1.03888e-01 3.82752e+00 6.75040e-02 9.54458e+00 1.66410e-01 4.27898e+00 7.48048e-02 5.30311e+00 9.37584e-02 8.46567e+00 1.48792e-01 6.68436e+00 1.16203e-01 
-2.1 -2.05 -2.0 6.86694e+00 1.10157e-01 4.44213e+00 7.15617e-02 1.10270e+01 1.76221e-01 4.95766e+00 7.93125e-02 6.15334e+00 9.93992e-02 9.80374e+00 1.57785e-01 7.72453e+00 1.23040e-01 
-2.0 -1.95 -1.9 7.72947e+00 1.12807e-01 5.00903e+00 7.34234e-02 1.23866e+01 1.80049e-01 5.58150e+00 8.12271e-02 6.93721e+00 1.01975e-01 1.10325e+01 1.61564e-01 8.67901e+00 1.25724e-01 
-1.9 -1.85 -1.8 8.55640e+00 1.12136e-01 5.55474e+00 7.30885e-02 1.36834e+01 1.78677e-01 6.17991e+00 8.07622e-02 7.69142e+00 1.01489e-01 1.22099e+01 1.60561e-01 9.59007e+00 1.24801e-01 
-1.8 -1.75 -1.7 9.27541e+00 1.12324e-01 6.02994e+00 7.33570e-02 1.48093e+01 1.78555e-01 6.70003e+00 8.08883e-02 8.34841e+00 1.01874e-01 1.32340e+01 1.60854e-01 1.03806e+01 1.24699e-01 
-1.7 -1.65 -1.6 1.03669e+01 1.16514e-01 6.74550e+00 7.60841e-02 1.65348e+01 1.85240e-01 7.48921e+00 8.39041e-02 9.33816e+00 1.05662e-01 1.47896e+01 1.66855e-01 1.15914e+01 1.29363e-01 
-1.6 -1.55 -1.5 1.09813e+01 1.15159e-01 7.15190e+00 7.52852e-02 1.74954e+01 1.82820e-01 7.93449e+00 8.29332e-02 9.89894e+00 1.04546e-01 1.56626e+01 1.64903e-01 1.22676e+01 1.27684e-01 
-1.5 -1.45 -1.4 1.19370e+01 1.16381e-01 7.78616e+00 7.61960e-02 1.89842e+01 1.84420e-01 8.62620e+00 8.38170e-02 1.07754e+01 1.05806e-01 1.70232e+01 1.66644e-01 1.33136e+01 1.28807e-01 
-1.4 -1.35 -1.3 1.26818e+01 1.17186e-01 8.27472e+00 7.67167e-02 2.01610e+01 1.85719e-01 9.16475e+00 8.43948e-02 1.14511e+01 1.06533e-01 1.80845e+01 1.67802e-01 1.41395e+01 1.29713e-01 
-1.3 -1.25 -1.2 1.33756e+01 1.17098e-01 8.73290e+00 7.66918e-02 2.12479e+01 1.85477e-01 9.66719e+00 8.43260e-02 1.20839e+01 1.06505e-01 1.90716e+01 1.67690e-01 1.49036e+01 1.29531e-01 
-1.2 -1.15 -1.1 1.39242e+01 1.18904e-01 9.09583e+00 7.78799e-02 2.21052e+01 1.88313e-01 1.00644e+01 8.56218e-02 1.25852e+01 1.08160e-01 1.98521e+01 1.70287e-01 1.55062e+01 1.31502e-01 
-1.1 -1.05 -1.0 1.45283e+01 1.18306e-01 9.49534e+00 7.75501e-02 2.30503e+01 1.87180e-01 1.05014e+01 8.52012e-02 1.31375e+01 1.07690e-01 2.07124e+01 1.69407e-01 1.61699e+01 1.30730e-01 
-1.0 -0.95 -0.9 1.53134e+01 1.20762e-01 1.00158e+01 7.92101e-02 2.42745e+01 1.90912e-01 1.10697e+01 8.69638e-02 1.38567e+01 1.10003e-01 2.18301e+01 1.72937e-01 1.70301e+01 1.33327e-01 
-0.9 -0.85 -0.8 1.59108e+01 1.21808e-01 1.04088e+01 7.99110e-02 2.52148e+01 1.92516e-01 1.15016e+01 8.77145e-02 1.44003e+01 1.10978e-01 2.26814e+01 1.74440e-01 1.76900e+01 1.34442e-01 
-0.8 -0.75 -0.7 1.62370e+01 1.22848e-01 1.06242e+01 8.06032e-02 2.57257e+01 1.94131e-01 1.17367e+01 8.84467e-02 1.46991e+01 1.11962e-01 2.31479e+01 1.75972e-01 1.80471e+01 1.35538e-01 
-0.7 -0.65 -0.6 1.70550e+01 1.24749e-01 1.11658e+01 8.18961e-02 2.70035e+01 1.96996e-01 1.23285e+01 8.98211e-02 1.54478e+01 1.13750e-01 2.43131e+01 1.78680e-01 1.89444e+01 1.37550e-01 
-0.6 -0.55 -0.5 1.73631e+01 1.24879e-01 1.13668e+01 8.20154e-02 2.74928e+01 1.97095e-01 1.25512e+01 8.99084e-02 1.57259e+01 1.13923e-01 2.47524e+01 1.78880e-01 1.92877e+01 1.37608e-01 
-0.5 -0.45 -0.4 1.75989e+01 1.25694e-01 1.15270e+01 8.26039e-02 2.78494e+01 1.98228e-01 1.27215e+01 9.04922e-02 1.59477e+01 1.14746e-01 2.50888e+01 1.80056e-01 1.95377e+01 1.38394e-01 
-0.4 -0.35 -0.3 1.79764e+01 1.25522e-01 1.17740e+01 8.24731e-02 2.84469e+01 1.98006e-01 1.29955e+01 9.03806e-02 1.62879e+01 1.14548e-01 2.56240e+01 1.79781e-01 1.99589e+01 1.38260e-01 
-0.3 -0.25 -0.2 1.80877e+01 1.24508e-01 1.18494e+01 8.18321e-02 2.86159e+01 1.96326e-01 1.30762e+01 8.96452e-02 1.63921e+01 1.13664e-01 2.57825e+01 1.78340e-01 2.00778e+01 1.37078e-01 
-0.2 -0.15 -0.1 1.82156e+01 1.25720e-01 1.19342e+01 8.26548e-02 2.88150e+01 1.98160e-01 1.31687e+01 9.05192e-02 1.65093e+01 1.14805e-01 2.59645e+01 1.80072e-01 2.02178e+01 1.38362e-01 
-0.1 -0.05 0.0 1.82923e+01 1.24184e-01 1.19838e+01 8.16131e-02 2.89381e+01 1.95830e-01 1.32249e+01 8.94271e-02 1.65770e+01 1.13341e-01 2.60721e+01 1.77839e-01 2.03054e+01 1.36760e-01 
0.0 0.05 0.1 1.86379e+01 1.27724e-01 1.22077e+01 8.39323e-02 2.94920e+01 2.01445e-01 1.34736e+01 9.19602e-02 1.68883e+01 1.16583e-01 2.65675e+01 1.82950e-01 2.06918e+01 1.40651e-01 
0.1 0.15 0.2 1.84299e+01 1.26958e-01 1.20738e+01 8.34980e-02 2.91591e+01 2.00120e-01 1.33228e+01 9.14084e-02 1.67035e+01 1.15980e-01 2.62719e+01 1.81851e-01 2.04576e+01 1.39726e-01 
0.2 0.25 0.3 1.79505e+01 1.24194e-01 1.17607e+01 8.16514e-02 2.83956e+01 1.95762e-01 1.29771e+01 8.94251e-02 1.62693e+01 1.13407e-01 2.55867e+01 1.77878e-01 1.99234e+01 1.36695e-01 
0.3 0.35 0.4 1.78602e+01 1.23835e-01 1.16986e+01 8.13787e-02 2.82610e+01 1.95308e-01 1.29116e+01 8.91730e-02 1.61836e+01 1.13019e-01 2.54582e+01 1.77348e-01 1.98287e+01 1.36390e-01 
0.4 0.45 0.5 1.75456e+01 1.24197e-01 1.14905e+01 8.15942e-02 2.77692e+01 1.95943e-01 1.26836e+01 8.94280e-02 1.58965e+01 1.13325e-01 2.50112e+01 1.77878e-01 1.94826e+01 1.36823e-01 
0.5 0.55 0.6 1.70761e+01 1.22948e-01 1.11804e+01 8.07762e-02 2.70340e+01 1.93971e-01 1.23447e+01 8.85247e-02 1.54668e+01 1.12195e-01 2.43409e+01 1.76100e-01 1.89676e+01 1.35438e-01 
0.6 0.65 0.7 1.68968e+01 1.22905e-01 1.10607e+01 8.07027e-02 2.67570e+01 1.94034e-01 1.22142e+01 8.84953e-02 1.53025e+01 1.12090e-01 2.40875e+01 1.76035e-01 1.87715e+01 1.35485e-01 
0.7 0.75 0.8 1.64059e+01 1.22385e-01 1.07385e+01 8.03616e-02 2.59826e+01 1.93219e-01 1.18597e+01 8.81313e-02 1.48560e+01 1.11603e-01 2.33865e+01 1.75264e-01 1.82291e+01 1.34936e-01 
0.8 0.85 0.9 1.58377e+01 1.20934e-01 1.03594e+01 7.93431e-02 2.51030e+01 1.91122e-01 1.14494e+01 8.70883e-02 1.43312e+01 1.10187e-01 2.25757e+01 1.73183e-01 1.76127e+01 1.33475e-01 
0.9 0.95 1.0 1.54909e+01 1.21447e-01 1.01282e+01 7.96237e-02 2.45663e+01 1.92106e-01 1.11978e+01 8.74464e-02 1.40124e+01 1.10591e-01 2.20835e+01 1.73946e-01 1.72344e+01 1.34140e-01 
1.0 1.05 1.1 1.46410e+01 1.18972e-01 9.56779e+00 7.79561e-02 2.32489e+01 1.88450e-01 1.05829e+01 8.56731e-02 1.32377e+01 1.08263e-01 2.08731e+01 1.70380e-01 1.63090e+01 1.31600e-01 
1.1 1.15 1.2 1.43113e+01 1.19393e-01 9.35062e+00 7.82671e-02 2.27146e+01 1.88894e-01 1.03435e+01 8.59748e-02 1.29386e+01 1.08697e-01 2.04056e+01 1.70986e-01 1.59324e+01 1.31911e-01 
1.2 1.25 1.3 1.31394e+01 1.15802e-01 8.57678e+00 7.58131e-02 2.08778e+01 1.83509e-01 9.49733e+00 8.34050e-02 1.18667e+01 1.05268e-01 1.87326e+01 1.65803e-01 1.46457e+01 1.28179e-01 
1.3 1.35 1.4 1.25385e+01 1.15855e-01 8.18085e+00 7.58394e-02 1.99338e+01 1.83622e-01 9.06112e+00 8.34220e-02 1.13213e+01 1.05332e-01 1.78802e+01 1.65930e-01 1.39801e+01 1.28220e-01 
1.4 1.45 1.5 1.16278e+01 1.14649e-01 7.58170e+00 7.50162e-02 1.85005e+01 1.81824e-01 8.40367e+00 8.25738e-02 1.04913e+01 1.04163e-01 1.65801e+01 1.64155e-01 1.29761e+01 1.27002e-01 
1.5 1.55 1.6 1.09703e+01 1.13610e-01 7.14766e+00 7.42886e-02 1.74698e+01 1.80319e-01 7.92755e+00 8.18270e-02 9.89190e+00 1.03151e-01 1.56448e+01 1.62662e-01 1.22514e+01 1.25955e-01 
1.6 1.65 1.7 1.03083e+01 1.13918e-01 6.70727e+00 7.43896e-02 1.64419e+01 1.81116e-01 7.44690e+00 8.20414e-02 9.28521e+00 1.03300e-01 1.47060e+01 1.63122e-01 1.15263e+01 1.26496e-01 
1.7 1.75 1.8 9.35645e+00 1.10289e-01 6.08498e+00 7.20595e-02 1.49319e+01 1.75232e-01 6.75925e+00 7.94361e-02 8.42378e+00 1.00056e-01 1.33480e+01 1.57907e-01 1.04679e+01 1.22403e-01 
1.8 1.85 1.9 8.63601e+00 1.11007e-01 5.60454e+00 7.22915e-02 1.38158e+01 1.77064e-01 6.23792e+00 7.99529e-02 7.75973e+00 1.00378e-01 1.23222e+01 1.58937e-01 9.68381e+00 1.23681e-01 
1.9 1.95 2.0 7.67897e+00 1.07949e-01 4.97505e+00 7.02088e-02 1.23088e+01 1.72454e-01 5.54556e+00 7.77432e-02 6.88951e+00 9.74942e-02 1.09592e+01 1.54575e-01 8.62553e+00 1.20447e-01 
2.0 2.05 2.1 6.94057e+00 1.10000e-01 4.48906e+00 7.14674e-02 1.11471e+01 1.75939e-01 5.01076e+00 7.92225e-02 6.21840e+00 9.92396e-02 9.90898e+00 1.57505e-01 7.80857e+00 1.22887e-01 
2.1 2.15 2.2 5.95319e+00 1.04529e-01 3.84419e+00 6.78094e-02 9.57923e+00 1.67507e-01 4.29717e+00 7.52805e-02 5.32603e+00 9.41613e-02 8.50104e+00 1.49674e-01 6.70888e+00 1.16993e-01 
2.2 2.25 2.3 5.37765e+00 1.02512e-01 3.46510e+00 6.64427e-02 8.67418e+00 1.64402e-01 3.88003e+00 7.37941e-02 4.80288e+00 9.23057e-02 7.68317e+00 1.46867e-01 6.07183e+00 1.14761e-01 
2.3 2.35 2.4 4.46494e+00 1.02273e-01 2.87042e+00 6.60979e-02 7.22083e+00 1.64555e-01 3.22123e+00 7.36400e-02 3.97894e+00 9.18040e-02 6.37979e+00 1.46480e-01 5.05399e+00 1.14902e-01 
2.4 2.45 2.5 3.74746e+00 1.01086e-01 2.40502e+00 6.51943e-02 6.07212e+00 1.63033e-01 2.70259e+00 7.27401e-02 3.33507e+00 9.06047e-02 5.35699e+00 1.44888e-01 4.24810e+00 1.13754e-01 
2.5 2.55 2.6 2.97574e+00 8.98213e-02 1.90324e+00 5.79472e-02 4.84063e+00 1.44777e-01 2.14525e+00 6.46411e-02 2.64023e+00 8.05275e-02 4.25569e+00 1.28725e-01 3.38507e+00 1.01035e-01 
2.6 2.65 2.7 2.45616e+00 9.16292e-02 1.56478e+00 5.86318e-02 4.01339e+00 1.49124e-01 1.76950e+00 6.58976e-02 2.17214e+00 8.15334e-02 3.51541e+00 1.31422e-01 2.80433e+00 1.03984e-01 
2.7 2.75 2.8 2.02457e+00 8.57903e-02 1.28582e+00 5.47667e-02 3.31977e+00 1.39959e-01 1.45772e+00 6.16661e-02 1.78593e+00 7.61969e-02 2.89971e+00 1.23124e-01 2.31804e+00 9.75292e-02 
2.8 2.85 2.9 1.26210e+00 6.66725e-02 7.97268e-01 4.24109e-02 2.08212e+00 1.09181e-01 9.08774e-01 4.79268e-02 1.10729e+00 5.90034e-02 1.80754e+00 9.56810e-02 1.45392e+00 7.60865e-02 
2.9 2.95 3.0 1.09341e+00 6.80620e-02 6.88988e-01 4.31066e-02 1.80874e+00 1.12012e-01 7.86829e-01 4.89169e-02 9.57494e-01 5.99840e-02 1.56708e+00 9.76951e-02 1.26212e+00 7.80473e-02 
3.0 3.05 3.1 7.30967e-01 5.26889e-02 4.58665e-01 3.31881e-02 1.21492e+00 8.72687e-02 5.25916e-01 3.78669e-02 6.37529e-01 4.61815e-02 1.04786e+00 7.56317e-02 8.47568e-01 6.08006e-02 
3.1 3.15 3.2 3.77800e-01 3.49641e-02 2.34444e-01 2.18985e-02 6.66370e-01 6.29414e-02 2.71832e-01 2.51290e-02 3.25848e-01 3.04711e-02 5.41551e-01 5.01869e-02 4.64782e-01 4.38206e-02 
3.2 3.25 3.3 2.88528e-01 3.44341e-02 1.79121e-01 2.15323e-02 4.85342e-01 5.74560e-02 2.07555e-01 2.47468e-02 2.49009e-01 2.99619e-02 4.13692e-01 4.94292e-02 3.38515e-01 4.00272e-02 
3.3 3.35 3.4 1.47321e-01 2.13695e-02 9.09091e-02 1.32718e-02 2.49581e-01 3.59331e-02 1.05865e-01 1.53481e-02 1.26514e-01 1.84792e-02 2.11497e-01 3.06981e-02 1.73859e-01 2.50148e-02 
3.4 3.45 3.5 7.61733e-02 1.33096e-02 4.66951e-02 8.22506e-03 1.29961e-01 2.25161e-02 5.47403e-02 9.55673e-03 6.49795e-02 1.14553e-02 1.09351e-01 1.91261e-02 9.05322e-02 1.56693e-02 
