-3.5 -3.45 -3.4 1.67758e+02 1.47234e+00 1.08323e+02 9.40018e-01 2.70711e+02 2.41397e+00 1.15567e+02 1.00732e+00 1.57281e+02 1.37421e+00 2.53630e+02 2.24495e+00 1.79120e+02 1.58358e+00 
-3.4 -3.35 -3.3 1.81358e+02 1.47085e+00 1.17246e+02 9.41518e-01 2.92243e+02 2.40435e+00 1.24959e+02 1.00662e+00 1.70208e+02 1.37602e+00 2.74132e+02 2.24184e+00 1.93411e+02 1.57794e+00 
-3.3 -3.25 -3.2 1.96948e+02 1.52934e+00 1.27485e+02 9.77919e-01 3.16884e+02 2.50302e+00 1.35745e+02 1.04696e+00 1.85011e+02 1.42878e+00 2.97577e+02 2.33013e+00 2.09803e+02 1.64329e+00 
-3.2 -3.15 -3.1 2.12052e+02 1.53354e+00 1.37438e+02 9.83562e-01 3.40669e+02 2.50111e+00 1.46190e+02 1.05008e+00 1.99407e+02 1.43672e+00 3.20304e+02 2.33587e+00 2.25617e+02 1.64255e+00 
-3.1 -3.05 -3.0 2.24243e+02 1.65034e+00 1.45440e+02 1.05099e+00 3.60208e+02 2.73188e+00 1.54496e+02 1.12666e+00 2.10979e+02 1.53585e+00 3.38648e+02 2.51539e+00 2.38001e+02 1.77303e+00 
-3.0 -2.95 -2.9 2.42923e+02 1.73600e+00 1.57779e+02 1.10487e+00 3.89297e+02 2.85165e+00 1.67503e+02 1.18503e+00 2.28875e+02 1.61463e+00 3.66847e+02 2.64621e+00 2.57885e+02 1.87129e+00 
-2.9 -2.85 -2.8 2.59653e+02 1.68059e+00 1.68984e+02 1.08047e+00 4.15245e+02 2.74798e+00 1.79092e+02 1.15070e+00 2.45064e+02 1.57834e+00 3.92121e+02 2.57086e+00 2.75167e+02 1.80424e+00 
-2.8 -2.75 -2.7 2.72687e+02 1.70241e+00 1.77598e+02 1.09471e+00 4.35536e+02 2.76809e+00 1.88107e+02 1.16600e+00 2.57520e+02 1.59868e+00 4.11592e+02 2.59231e+00 2.88662e+02 1.81841e+00 
-2.7 -2.65 -2.6 2.84006e+02 1.71008e+00 1.85232e+02 1.10348e+00 4.52834e+02 2.76986e+00 1.95979e+02 1.17076e+00 2.68506e+02 1.61217e+00 4.28508e+02 2.60540e+00 3.00248e+02 1.81859e+00 
-2.6 -2.55 -2.5 2.99228e+02 1.71507e+00 1.95411e+02 1.10982e+00 4.76352e+02 2.76700e+00 2.06505e+02 1.17497e+00 2.83230e+02 1.62034e+00 4.51414e+02 2.61076e+00 3.15884e+02 1.81828e+00 
-2.5 -2.45 -2.4 3.15685e+02 1.75731e+00 2.06453e+02 1.14163e+00 5.01822e+02 2.82397e+00 2.17918e+02 1.20413e+00 2.99163e+02 1.66663e+00 4.76095e+02 2.67452e+00 3.32879e+02 1.85630e+00 
-2.4 -2.35 -2.3 3.31290e+02 1.78704e+00 2.16895e+02 1.16030e+00 5.25781e+02 2.87243e+00 2.28699e+02 1.22435e+00 3.14284e+02 1.69400e+00 4.99611e+02 2.72021e+00 3.48794e+02 1.88773e+00 
-2.3 -2.25 -2.2 3.47439e+02 1.84887e+00 2.27634e+02 1.19912e+00 5.50934e+02 2.97719e+00 2.39865e+02 1.26670e+00 3.29820e+02 1.75078e+00 5.23918e+02 2.81438e+00 3.65513e+02 1.95671e+00 
-2.2 -2.15 -2.1 3.60660e+02 1.83848e+00 2.36524e+02 1.19251e+00 5.71208e+02 2.96081e+00 2.49072e+02 1.26045e+00 3.42591e+02 1.73988e+00 5.43640e+02 2.79615e+00 3.79114e+02 1.94753e+00 
-2.1 -2.05 -2.0 3.77229e+02 1.89801e+00 2.47675e+02 1.23845e+00 5.96624e+02 3.03108e+00 2.60547e+02 1.30090e+00 3.58702e+02 1.80748e+00 5.68534e+02 2.88772e+00 3.96043e+02 1.99318e+00 
-2.0 -1.95 -1.9 3.94727e+02 1.95882e+00 2.59464e+02 1.27837e+00 6.23439e+02 3.13082e+00 2.72621e+02 1.34236e+00 3.75792e+02 1.86610e+00 5.94934e+02 2.98081e+00 4.13825e+02 2.05845e+00 
-1.9 -1.85 -1.8 4.05353e+02 1.94645e+00 2.66700e+02 1.27205e+00 6.39471e+02 3.10262e+00 2.80036e+02 1.33474e+00 3.86169e+02 1.85562e+00 6.10747e+02 2.95968e+00 4.24610e+02 2.04140e+00 
-1.8 -1.75 -1.7 4.21329e+02 1.98456e+00 2.77432e+02 1.29968e+00 6.64038e+02 3.15615e+00 2.91089e+02 1.36047e+00 4.01686e+02 1.89651e+00 6.34777e+02 3.01874e+00 4.40950e+02 2.07586e+00 
-1.7 -1.65 -1.6 4.34869e+02 2.02767e+00 2.86667e+02 1.33206e+00 6.84433e+02 3.21193e+00 3.00481e+02 1.38963e+00 4.15009e+02 1.94441e+00 6.55079e+02 3.08545e+00 4.54571e+02 2.11198e+00 
-1.6 -1.55 -1.5 4.44970e+02 1.99878e+00 2.93537e+02 1.31204e+00 6.99739e+02 3.16909e+00 3.07521e+02 1.37067e+00 4.24874e+02 1.91396e+00 6.70138e+02 3.03921e+00 4.64846e+02 2.08527e+00 
-1.5 -1.45 -1.4 4.55061e+02 2.02801e+00 3.00417e+02 1.33239e+00 7.14942e+02 3.21160e+00 3.14521e+02 1.39088e+00 4.34798e+02 1.94344e+00 6.85264e+02 3.08322e+00 4.75000e+02 2.11358e+00 
-1.4 -1.35 -1.3 4.67906e+02 2.03168e+00 3.09111e+02 1.33702e+00 7.34510e+02 3.21088e+00 3.23422e+02 1.39351e+00 4.47349e+02 1.95000e+00 7.04548e+02 3.08850e+00 4.88041e+02 2.11326e+00 
-1.3 -1.25 -1.2 4.81119e+02 2.11174e+00 3.17990e+02 1.38871e+00 7.54831e+02 3.34219e+00 3.32548e+02 1.44773e+00 4.60208e+02 2.02634e+00 7.24461e+02 3.21211e+00 5.01530e+02 2.19834e+00 
-1.2 -1.15 -1.1 4.88564e+02 2.05867e+00 3.23173e+02 1.35709e+00 7.65751e+02 3.24702e+00 3.37773e+02 1.41254e+00 4.67604e+02 1.97865e+00 7.35464e+02 3.12815e+00 5.08935e+02 2.13813e+00 
-1.1 -1.05 -1.0 4.97974e+02 2.08357e+00 3.29673e+02 1.37493e+00 7.79727e+02 3.28355e+00 3.44300e+02 1.42909e+00 4.76978e+02 2.00533e+00 7.49575e+02 3.16745e+00 5.18262e+02 2.16104e+00 
-1.0 -0.95 -0.9 5.08989e+02 2.12477e+00 3.37018e+02 1.40243e+00 7.96817e+02 3.34770e+00 3.51921e+02 1.45731e+00 4.87599e+02 2.04556e+00 7.66140e+02 3.23018e+00 5.29632e+02 2.20332e+00 
-0.9 -0.85 -0.8 5.15328e+02 2.10664e+00 3.41408e+02 1.39233e+00 8.06184e+02 3.31221e+00 3.56347e+02 1.44569e+00 4.93891e+02 2.02972e+00 7.75567e+02 3.20044e+00 5.35939e+02 2.18150e+00 
-0.8 -0.75 -0.7 5.20878e+02 2.14851e+00 3.45170e+02 1.42146e+00 8.14625e+02 3.37393e+00 3.60239e+02 1.47405e+00 4.99261e+02 2.07276e+00 7.83778e+02 3.26507e+00 5.41652e+02 2.22154e+00 
-0.7 -0.65 -0.6 5.32789e+02 2.19342e+00 3.53298e+02 1.45082e+00 8.32602e+02 3.44592e+00 3.68430e+02 1.50463e+00 5.11084e+02 2.11589e+00 8.01830e+02 3.33392e+00 5.53518e+02 2.26853e+00 
-0.6 -0.55 -0.5 5.35291e+02 2.20860e+00 3.55058e+02 1.44900e+00 8.37311e+02 3.57037e+00 3.70221e+02 1.51491e+00 5.13547e+02 2.11312e+00 8.05430e+02 3.35737e+00 5.56737e+02 2.34781e+00 
-0.5 -0.45 -0.4 5.39184e+02 2.14894e+00 3.57773e+02 1.42444e+00 8.41920e+02 3.36683e+00 3.72939e+02 1.47458e+00 5.17439e+02 2.07677e+00 8.11224e+02 3.26509e+00 5.59874e+02 2.21730e+00 
-0.4 -0.35 -0.3 5.42469e+02 2.13496e+00 3.60089e+02 1.41545e+00 8.46843e+02 3.34512e+00 3.75178e+02 1.46536e+00 5.20835e+02 2.06311e+00 8.16253e+02 3.24282e+00 5.63089e+02 2.20364e+00 
-0.3 -0.25 -0.2 5.43700e+02 2.16547e+00 3.60757e+02 1.43418e+00 8.49009e+02 3.39635e+00 3.76066e+02 1.48607e+00 5.21748e+02 2.09074e+00 8.18007e+02 3.28978e+00 5.64594e+02 2.23698e+00 
-0.2 -0.15 -0.1 5.53043e+02 2.18193e+00 3.67043e+02 1.44443e+00 8.63356e+02 3.42403e+00 3.82549e+02 1.49762e+00 5.30812e+02 2.10530e+00 8.32009e+02 3.31410e+00 5.74176e+02 2.25567e+00 
-0.1 -0.05 0.0 5.52067e+02 2.20697e+00 3.66464e+02 1.46298e+00 8.61630e+02 3.45734e+00 3.81815e+02 1.51392e+00 5.30055e+02 2.13362e+00 8.30699e+02 3.35458e+00 5.72916e+02 2.27599e+00 
0.0 0.05 0.1 5.51230e+02 2.19912e+00 3.65938e+02 1.45644e+00 8.60365e+02 3.45278e+00 3.81270e+02 1.50875e+00 5.29251e+02 2.12379e+00 8.29477e+02 3.34444e+00 5.72137e+02 2.27331e+00 
0.1 0.15 0.2 5.47305e+02 2.16907e+00 3.63242e+02 1.43877e+00 8.54371e+02 3.39590e+00 3.78575e+02 1.48834e+00 5.25319e+02 2.09776e+00 8.23398e+02 3.29648e+00 5.68189e+02 2.23636e+00 
0.2 0.25 0.3 5.49222e+02 2.19615e+00 3.64542e+02 1.45482e+00 8.57292e+02 3.44409e+00 3.79874e+02 1.50670e+00 5.27240e+02 2.12146e+00 8.26349e+02 3.33758e+00 5.70083e+02 2.26769e+00 
0.3 0.35 0.4 5.44309e+02 2.16862e+00 3.61201e+02 1.43627e+00 8.49828e+02 3.40124e+00 3.76489e+02 1.48801e+00 5.22667e+02 2.10036e+00 8.18923e+02 3.29521e+00 5.65144e+02 2.23981e+00 
0.4 0.45 0.5 5.40272e+02 2.15993e+00 3.58408e+02 1.43086e+00 8.43866e+02 3.38652e+00 3.73682e+02 1.48209e+00 5.18371e+02 2.08620e+00 8.12886e+02 3.28188e+00 5.61152e+02 2.23022e+00 
0.5 0.55 0.6 5.36627e+02 2.14420e+00 3.55918e+02 1.41916e+00 8.38370e+02 3.36524e+00 3.71126e+02 1.47144e+00 5.14817e+02 2.06887e+00 8.07494e+02 3.25757e+00 5.57431e+02 2.21641e+00 
0.6 0.65 0.7 5.30059e+02 2.13084e+00 3.51428e+02 1.40824e+00 8.28514e+02 3.35140e+00 3.66565e+02 1.46237e+00 5.08345e+02 2.05277e+00 7.97658e+02 3.23698e+00 5.50841e+02 2.20739e+00 
0.7 0.75 0.8 5.22627e+02 2.12038e+00 3.46341e+02 1.40027e+00 8.17341e+02 3.33758e+00 3.61422e+02 1.45495e+00 5.00989e+02 2.04149e+00 7.86482e+02 3.22174e+00 5.43405e+02 2.19784e+00 
0.8 0.85 0.9 5.14401e+02 2.10476e+00 3.40793e+02 1.39071e+00 8.04741e+02 3.31049e+00 3.55721e+02 1.44418e+00 4.92982e+02 2.02761e+00 7.74136e+02 3.19814e+00 5.35005e+02 2.17991e+00 
0.9 0.95 1.0 5.07116e+02 2.16208e+00 3.35751e+02 1.42391e+00 7.93966e+02 3.41656e+00 3.50646e+02 1.48278e+00 4.85738e+02 2.07703e+00 7.63269e+02 3.28722e+00 5.27773e+02 2.24835e+00 
1.0 1.05 1.1 5.00499e+02 2.07119e+00 3.31314e+02 1.36850e+00 7.83747e+02 3.25741e+00 3.46053e+02 1.42111e+00 4.79345e+02 1.99539e+00 7.53356e+02 3.14725e+00 5.20951e+02 2.14505e+00 
1.1 1.15 1.2 4.90162e+02 2.07243e+00 3.24309e+02 1.36464e+00 7.68007e+02 3.27655e+00 3.38872e+02 1.42154e+00 4.69257e+02 1.99014e+00 7.37888e+02 3.15024e+00 5.10425e+02 2.15651e+00 
1.2 1.25 1.3 4.77690e+02 2.03454e+00 3.15805e+02 1.33980e+00 7.49230e+02 3.21389e+00 3.30259e+02 1.39567e+00 4.56936e+02 1.95382e+00 7.19086e+02 3.09232e+00 4.97958e+02 2.11566e+00 
1.3 1.35 1.4 4.68449e+02 2.05514e+00 3.09436e+02 1.35025e+00 7.35478e+02 3.25513e+00 3.23784e+02 1.40969e+00 4.47835e+02 1.96925e+00 7.05401e+02 3.12395e+00 4.88656e+02 2.14265e+00 
1.4 1.45 1.5 4.56425e+02 2.00268e+00 3.01286e+02 1.31695e+00 7.17196e+02 3.16824e+00 3.15449e+02 1.37355e+00 4.36075e+02 1.92088e+00 6.87360e+02 3.04459e+00 4.76466e+02 2.08514e+00 
1.5 1.55 1.6 4.42017e+02 1.97063e+00 2.91629e+02 1.29573e+00 6.94958e+02 3.11751e+00 3.05501e+02 1.35174e+00 4.22083e+02 1.88979e+00 6.65630e+02 2.99540e+00 4.61713e+02 2.05227e+00 
1.6 1.65 1.7 4.33560e+02 1.96916e+00 2.85758e+02 1.28992e+00 6.82540e+02 3.13093e+00 2.99577e+02 1.35022e+00 4.13693e+02 1.88183e+00 6.53107e+02 2.99452e+00 4.53311e+02 2.05982e+00 
1.7 1.75 1.8 4.18791e+02 1.97369e+00 2.75764e+02 1.29095e+00 6.60030e+02 3.14322e+00 2.89335e+02 1.35311e+00 3.99273e+02 1.88366e+00 6.30957e+02 3.00196e+00 4.38290e+02 2.06758e+00 
1.8 1.85 1.9 4.02527e+02 1.87565e+00 2.64878e+02 1.22818e+00 6.34889e+02 2.98171e+00 2.78093e+02 1.28644e+00 3.83519e+02 1.79131e+00 6.06466e+02 2.85136e+00 4.21584e+02 1.96237e+00 
1.9 1.95 2.0 3.88171e+02 1.89713e+00 2.55183e+02 1.23571e+00 6.12981e+02 3.03911e+00 2.68113e+02 1.29996e+00 3.69564e+02 1.80388e+00 5.84999e+02 2.88736e+00 4.06922e+02 1.99766e+00 
2.0 2.05 2.1 3.77572e+02 1.87458e+00 2.47910e+02 1.22241e+00 5.97134e+02 2.99570e+00 2.60764e+02 1.28493e+00 3.59068e+02 1.78392e+00 5.69100e+02 2.85181e+00 3.96346e+02 1.97005e+00 
2.1 2.15 2.2 3.62765e+02 1.88779e+00 2.37951e+02 1.22568e+00 5.74417e+02 3.03548e+00 2.50506e+02 1.29313e+00 3.44767e+02 1.79164e+00 5.46868e+02 2.87425e+00 3.81208e+02 1.99450e+00 
2.2 2.25 2.3 3.46228e+02 1.82642e+00 2.26833e+02 1.18739e+00 5.49038e+02 2.93185e+00 2.39033e+02 1.25087e+00 3.28651e+02 1.73426e+00 5.22078e+02 2.78144e+00 3.64262e+02 1.92604e+00 
2.3 2.35 2.4 3.31242e+02 1.81557e+00 2.16818e+02 1.17585e+00 5.25841e+02 2.92618e+00 2.28659e+02 1.24336e+00 3.14180e+02 1.71741e+00 4.99556e+02 2.76511e+00 3.48817e+02 1.92200e+00 
2.4 2.45 2.5 3.14700e+02 1.76576e+00 2.05810e+02 1.14384e+00 5.00124e+02 2.84600e+00 2.17235e+02 1.20948e+00 2.98235e+02 1.67042e+00 4.74618e+02 2.68861e+00 3.31752e+02 1.86991e+00 
2.5 2.55 2.6 3.01604e+02 1.70904e+00 1.97013e+02 1.10679e+00 4.79984e+02 2.75488e+00 2.08168e+02 1.17082e+00 2.85522e+02 1.61602e+00 4.54937e+02 2.60168e+00 3.18339e+02 1.81040e+00 
2.6 2.65 2.7 2.85387e+02 1.73772e+00 1.86191e+02 1.11998e+00 4.54863e+02 2.81742e+00 1.96929e+02 1.19044e+00 2.69901e+02 1.63539e+00 4.30600e+02 2.64542e+00 3.01592e+02 1.85157e+00 
2.7 2.75 2.8 2.72436e+02 1.72246e+00 1.77462e+02 1.10604e+00 4.35055e+02 2.80657e+00 1.87932e+02 1.17907e+00 2.57328e+02 1.61608e+00 4.11217e+02 2.62461e+00 2.88342e+02 1.84235e+00 
2.8 2.85 2.9 2.56495e+02 1.64081e+00 1.66885e+02 1.05413e+00 4.10159e+02 2.67079e+00 1.76923e+02 1.12352e+00 2.42006e+02 1.53976e+00 3.87189e+02 2.49931e+00 2.71816e+02 1.75384e+00 
2.9 2.95 3.0 2.38067e+02 1.55333e+00 1.54791e+02 9.99297e-01 3.81003e+02 2.52402e+00 1.64192e+02 1.06348e+00 2.24497e+02 1.45991e+00 3.59427e+02 2.36646e+00 2.52457e+02 1.65726e+00 
3.0 3.05 3.1 2.25107e+02 1.59875e+00 1.46125e+02 1.02456e+00 3.60981e+02 2.61016e+00 1.55211e+02 1.09426e+00 2.11985e+02 1.49722e+00 3.39971e+02 2.43648e+00 2.39109e+02 1.71321e+00 
3.1 3.15 3.2 2.09916e+02 1.62725e+00 1.36009e+02 1.03628e+00 3.37382e+02 2.67719e+00 1.44700e+02 1.11287e+00 1.97357e+02 1.51544e+00 3.17128e+02 2.48237e+00 2.23404e+02 1.75523e+00 
3.2 3.25 3.3 1.94748e+02 1.54101e+00 1.26020e+02 9.85308e-01 3.13464e+02 2.52245e+00 1.34253e+02 1.05444e+00 1.82851e+02 1.44026e+00 2.94186e+02 2.34932e+00 2.07585e+02 1.65504e+00 
3.3 3.35 3.4 1.80478e+02 1.50156e+00 1.16672e+02 9.56548e-01 2.90813e+02 2.46972e+00 1.24372e+02 1.02756e+00 1.69347e+02 1.39801e+00 2.72747e+02 2.28882e+00 1.92502e+02 1.62061e+00 
3.4 3.45 3.5 1.70492e+02 1.47514e+00 1.10096e+02 9.41251e-01 2.75095e+02 2.42054e+00 1.17446e+02 1.00926e+00 1.59862e+02 1.37598e+00 2.57774e+02 2.24916e+00 1.82014e+02 1.58795e+00 
