0.0 15.0 30.0 6.91703e+00 1.51258e-02 4.60892e+00 9.98209e-03 1.07525e+01 2.38699e-02 4.69766e+00 1.02385e-02 6.78663e+00 1.47480e-02 1.06409e+01 2.33650e-02 6.98997e+00 1.54544e-02 
30.0 45.0 60.0 1.32844e+01 2.89725e-02 8.82125e+00 1.91129e-02 2.07354e+01 4.57567e-02 9.05746e+00 1.96665e-02 1.29385e+01 2.81593e-02 2.03370e+01 4.45991e-02 1.35455e+01 2.97281e-02 
60.0 75.0 90.0 1.96350e+01 4.16808e-02 1.30170e+01 2.74619e-02 3.07014e+01 6.58417e-02 1.34295e+01 2.84039e-02 1.90328e+01 4.03009e-02 2.99421e+01 6.38493e-02 2.01344e+01 4.29853e-02 
90.0 105.0 120.0 1.42172e+01 2.97266e-02 9.41036e+00 1.95657e-02 2.22679e+01 4.69663e-02 9.80431e+00 2.04522e-02 1.36464e+01 2.84390e-02 2.14600e+01 4.49994e-02 1.47531e+01 3.10271e-02 
120.0 135.0 150.0 8.55413e+00 1.96140e-02 5.65517e+00 1.29112e-02 1.34124e+01 3.09616e-02 5.94731e+00 1.36154e-02 8.13411e+00 1.86000e-02 1.27829e+01 2.93671e-02 8.97568e+00 2.06796e-02 
150.0 165.0 180.0 4.99724e+00 1.30243e-02 3.29983e+00 8.57859e-03 7.84525e+00 2.05300e-02 3.49885e+00 9.10868e-03 4.71306e+00 1.22665e-02 7.40346e+00 1.93223e-02 5.29556e+00 1.38386e-02 
180.0 195.0 210.0 2.95987e+00 8.86551e-03 1.95213e+00 5.83616e-03 4.65218e+00 1.39788e-02 2.08509e+00 6.24007e-03 2.77116e+00 8.29175e-03 4.35258e+00 1.30504e-02 3.16365e+00 9.49632e-03 
210.0 225.0 240.0 1.75404e+00 6.03600e-03 1.15544e+00 3.97137e-03 2.76009e+00 9.51916e-03 1.24219e+00 4.27178e-03 1.63156e+00 5.61157e-03 2.56282e+00 8.82635e-03 1.88907e+00 6.50984e-03 
240.0 255.0 270.0 1.06070e+00 4.19428e-03 6.97819e-01 2.75693e-03 1.67109e+00 6.61953e-03 7.54672e-01 2.98272e-03 9.80794e-01 3.87681e-03 1.54101e+00 6.09720e-03 1.15024e+00 4.55364e-03 
270.0 285.0 300.0 6.34386e-01 2.92113e-03 4.16781e-01 1.91738e-03 1.00086e+00 4.61660e-03 4.53240e-01 2.08615e-03 5.83359e-01 2.68483e-03 9.17042e-01 4.22475e-03 6.92374e-01 3.19208e-03 
300.0 315.0 330.0 3.87663e-01 2.03879e-03 2.54493e-01 1.33874e-03 6.12063e-01 3.21955e-03 2.78013e-01 1.46163e-03 3.54868e-01 1.86738e-03 5.57889e-01 2.93522e-03 4.25309e-01 2.23630e-03 
330.0 345.0 360.0 2.42040e-01 1.46827e-03 1.58709e-01 9.63231e-04 3.82598e-01 2.32068e-03 1.74157e-01 1.05619e-03 2.20571e-01 1.33904e-03 3.46931e-01 2.10526e-03 2.66924e-01 1.61851e-03 
360.0 375.0 390.0 1.53602e-01 1.06424e-03 1.00612e-01 6.97250e-04 2.43043e-01 1.68427e-03 1.10857e-01 7.67914e-04 1.39407e-01 9.66307e-04 2.19359e-01 1.52023e-03 1.70187e-01 1.17907e-03 
390.0 405.0 420.0 9.77426e-02 7.69902e-04 6.39488e-02 5.03898e-04 1.54833e-01 1.21965e-03 7.07411e-02 5.57104e-04 8.83579e-02 6.96374e-04 1.39111e-01 1.09602e-03 1.08790e-01 8.56747e-04 
420.0 435.0 450.0 6.22040e-02 5.53612e-04 4.06692e-02 3.62174e-04 9.85993e-02 8.77260e-04 4.51371e-02 4.01649e-04 5.60467e-02 4.99202e-04 8.82565e-02 7.85637e-04 6.94938e-02 6.18176e-04 
450.0 465.0 480.0 4.09493e-02 4.09005e-04 2.67512e-02 2.67295e-04 6.49655e-02 6.48898e-04 2.97864e-02 2.97471e-04 3.67766e-02 3.67515e-04 5.79355e-02 5.78752e-04 4.59182e-02 4.58578e-04 
480.0 495.0 510.0 2.73542e-02 3.07879e-04 1.78538e-02 2.01156e-04 4.34384e-02 4.88536e-04 1.99420e-02 2.24430e-04 2.44898e-02 2.75950e-04 3.86004e-02 4.34508e-04 3.07828e-02 3.46162e-04 
510.0 525.0 540.0 1.79882e-02 2.31439e-04 1.17310e-02 1.51111e-04 2.85890e-02 3.67491e-04 1.31408e-02 1.69051e-04 1.60584e-02 2.06877e-04 2.53223e-02 3.25846e-04 2.03089e-02 2.61018e-04 
540.0 555.0 570.0 1.21934e-02 1.75951e-04 7.95000e-03 1.14927e-04 1.93812e-02 2.79193e-04 8.92458e-03 1.28769e-04 1.08618e-02 1.57037e-04 1.71252e-02 2.47147e-04 1.37997e-02 1.98765e-04 
570.0 585.0 600.0 8.47873e-03 1.36001e-04 5.51941e-03 8.86571e-05 1.34997e-02 2.16277e-04 6.21685e-03 9.97115e-05 7.52754e-03 1.20924e-04 1.18822e-02 1.90615e-04 9.63294e-03 1.54311e-04 
600.0 615.0 630.0 5.73473e-03 1.03621e-04 3.73071e-03 6.74539e-05 9.13516e-03 1.65032e-04 4.21211e-03 7.61009e-05 5.07932e-03 9.18469e-05 8.01991e-03 1.44930e-04 6.53220e-03 1.17993e-04 
630.0 645.0 660.0 4.15756e-03 8.21828e-05 2.70350e-03 5.34212e-05 6.62518e-03 1.31072e-04 3.05862e-03 6.04550e-05 3.67484e-03 7.26209e-05 5.80298e-03 1.14719e-04 4.74663e-03 9.38978e-05 
660.0 675.0 690.0 2.86165e-03 6.21266e-05 1.85885e-03 4.03485e-05 4.56511e-03 9.91812e-05 2.10844e-03 4.57704e-05 2.52290e-03 5.47672e-05 3.98707e-03 8.65683e-05 3.27653e-03 7.11783e-05 
690.0 705.0 720.0 2.13753e-03 4.94305e-05 1.38807e-03 3.21685e-05 3.41093e-03 7.87162e-05 1.57732e-03 3.64733e-05 1.88107e-03 4.35964e-05 2.97294e-03 6.87545e-05 2.45244e-03 5.65924e-05 
720.0 735.0 750.0 1.45337e-03 3.94586e-05 9.42850e-04 2.55281e-05 2.32180e-03 6.32767e-05 1.07399e-03 2.91568e-05 1.27591e-03 3.45478e-05 2.01814e-03 5.47957e-05 1.67205e-03 4.55658e-05 
750.0 765.0 780.0 1.01414e-03 2.92651e-05 6.58294e-04 1.90427e-05 1.61890e-03 4.66012e-05 7.50403e-04 2.16531e-05 8.89654e-04 2.57371e-05 1.40609e-03 4.05787e-05 1.16763e-03 3.36084e-05 
780.0 795.0 810.0 7.59729e-04 2.40295e-05 4.92617e-04 1.55984e-05 1.21424e-03 3.83709e-05 5.62882e-04 1.78027e-05 6.64892e-04 2.10543e-05 1.05178e-03 3.32683e-05 8.77077e-04 2.77151e-05 
810.0 825.0 840.0 5.82363e-04 1.97659e-05 3.77634e-04 1.28296e-05 9.30548e-04 3.15579e-05 4.31986e-04 1.46616e-05 5.09091e-04 1.72962e-05 8.05102e-04 2.73266e-05 6.73104e-04 2.28265e-05 
840.0 855.0 870.0 4.18965e-04 1.64423e-05 2.69934e-04 1.05421e-05 6.71444e-04 2.64187e-05 3.11133e-04 1.22099e-05 3.63487e-04 1.41965e-05 5.78426e-04 2.27014e-05 4.86340e-04 1.91347e-05 
870.0 885.0 900.0 3.09609e-04 1.21421e-05 2.00415e-04 7.87597e-06 4.95593e-04 1.93982e-05 2.30179e-04 9.02680e-06 2.69573e-04 1.05941e-05 4.26871e-04 1.67413e-05 3.59453e-04 1.40690e-05 
900.0 915.0 930.0 2.12389e-04 8.85591e-06 1.37207e-04 5.73408e-06 3.40703e-04 1.41748e-05 1.58062e-04 6.59044e-06 1.84366e-04 7.70519e-06 2.92465e-04 1.21953e-05 2.47420e-04 1.02934e-05 
930.0 945.0 960.0 1.70962e-04 9.44005e-06 1.10349e-04 6.07729e-06 2.74463e-04 1.52063e-05 1.27364e-04 7.03280e-06 1.48122e-04 8.15749e-06 2.35119e-04 1.29824e-05 1.99570e-04 1.10572e-05 
960.0 975.0 990.0 1.27828e-04 7.25969e-06 8.25492e-05 4.68793e-06 2.05073e-04 1.16504e-05 9.53222e-05 5.41343e-06 1.10700e-04 6.28675e-06 1.75593e-04 9.97274e-06 1.49289e-04 8.48098e-06 
990.0 1005.0 1020.0 1.01883e-04 5.82209e-06 6.57614e-05 3.76040e-06 1.63514e-04 9.33880e-06 7.60460e-05 4.34549e-06 8.81042e-05 5.03818e-06 1.39796e-04 7.98897e-06 1.19168e-04 6.80579e-06 
1020.0 1035.0 1050.0 6.92320e-05 4.37017e-06 4.46569e-05 2.82377e-06 1.11188e-04 7.00616e-06 5.17238e-05 3.26486e-06 5.97729e-05 3.77974e-06 9.48898e-05 5.99006e-06 8.11228e-05 5.11147e-06 
1050.0 1065.0 1080.0 5.86303e-05 4.11260e-06 3.78204e-05 2.65828e-06 9.41582e-05 6.59137e-06 4.38430e-05 3.07540e-06 5.05764e-05 3.55480e-06 8.02749e-05 5.63075e-06 6.87703e-05 4.81422e-06 
1080.0 1095.0 1110.0 4.19846e-05 3.39485e-06 2.69863e-05 2.17697e-06 6.76901e-05 5.48973e-06 3.14227e-05 2.54066e-06 3.60570e-05 2.90887e-06 5.74276e-05 4.64388e-06 4.94874e-05 4.01318e-06 
1110.0 1125.0 1140.0 3.22688e-05 2.77606e-06 2.07907e-05 1.79658e-06 5.18903e-05 4.44234e-06 2.41714e-05 2.07942e-06 2.77555e-05 2.39847e-06 4.40962e-05 3.79362e-06 3.79724e-05 3.25077e-06 
1140.0 1155.0 1170.0 2.37321e-05 2.37782e-06 1.55222e-05 1.52829e-06 3.81015e-05 3.72878e-06 1.77919e-05 1.78264e-06 2.07052e-05 2.03863e-06 3.24000e-05 3.24631e-06 2.79084e-05 2.73125e-06 
1170.0 1185.0 1200.0 1.87430e-05 1.88496e-06 1.20686e-05 1.21870e-06 3.01598e-05 3.01966e-06 1.40623e-05 1.41416e-06 1.60856e-05 1.62443e-06 2.55666e-05 2.57134e-06 2.21103e-05 2.21361e-06 
1200.0 1215.0 1230.0 1.50219e-05 1.93142e-06 9.68278e-06 1.25026e-06 2.41411e-05 3.08966e-06 1.12792e-05 1.45025e-06 1.28957e-05 1.66508e-06 2.04727e-05 2.63219e-06 1.77135e-05 2.26710e-06 
1230.0 1245.0 1260.0 1.05044e-05 1.45749e-06 6.72861e-06 9.39668e-07 1.70020e-05 2.34249e-06 7.89341e-06 1.09519e-06 8.95432e-06 1.25052e-06 1.43033e-05 1.98463e-06 1.24864e-05 1.72030e-06 
1260.0 1275.0 1290.0 1.04932e-05 1.50732e-06 6.74097e-06 9.73638e-07 1.69274e-05 2.41689e-06 7.89062e-06 1.13347e-06 8.96435e-06 1.29477e-06 1.42762e-05 2.05072e-06 1.24419e-05 1.77646e-06 
1290.0 1305.0 1320.0 6.95431e-06 1.06451e-06 4.45622e-06 6.85477e-07 1.12499e-05 1.71300e-06 5.23328e-06 8.01076e-07 5.92171e-06 9.10894e-07 9.45341e-06 1.44703e-06 8.27587e-06 1.26017e-06 
1320.0 1335.0 1350.0 6.54926e-06 1.00327e-06 3.96071e-06 6.20439e-07 1.05247e-05 1.60327e-06 4.93165e-06 7.55461e-07 5.25985e-06 8.23964e-07 8.89603e-06 1.36280e-06 7.74830e-06 1.18030e-06 
1350.0 1365.0 1380.0 3.84660e-06 6.02657e-07 2.45873e-06 3.87258e-07 6.23822e-06 9.71775e-07 2.89842e-06 4.54107e-07 3.26307e-06 5.13940e-07 5.22086e-06 8.17960e-07 4.59616e-06 7.15986e-07 
1380.0 1395.0 1410.0 2.58008e-06 4.71791e-07 1.52879e-06 2.72538e-07 4.17574e-06 7.59942e-07 1.94533e-06 3.55719e-07 2.02761e-06 3.61462e-07 3.49919e-06 6.39864e-07 3.07893e-06 5.60329e-07 
1410.0 1425.0 1440.0 1.74685e-06 3.87990e-07 1.11099e-06 2.46849e-07 3.21060e-06 7.38708e-07 1.31791e-06 2.92719e-07 1.47259e-06 3.27192e-07 2.36737e-06 5.25810e-07 2.36916e-06 5.45139e-07 
1440.0 1455.0 1470.0 1.32559e-06 2.55998e-07 8.44365e-07 1.64314e-07 2.15805e-06 4.13388e-07 1.00068e-06 1.93248e-07 1.11852e-06 2.17670e-07 1.79516e-06 3.46690e-07 1.59356e-06 3.05250e-07 
1470.0 1485.0 1500.0 8.76032e-07 1.97397e-07 5.59497e-07 1.26452e-07 1.42127e-06 3.19205e-07 6.61624e-07 1.49080e-07 7.40810e-07 1.67435e-07 1.18567e-06 2.67178e-07 1.05011e-06 2.35837e-07 
1500.0 1515.0 1530.0 1.17841e-06 2.55880e-07 7.46736e-07 1.62622e-07 1.76657e-06 4.01167e-07 8.90612e-07 1.93396e-07 9.88038e-07 2.15163e-07 1.59358e-06 3.46012e-07 1.30632e-06 2.96667e-07 
1530.0 1545.0 1560.0 5.05753e-07 1.16925e-07 3.18758e-07 7.38676e-08 8.32712e-07 1.92106e-07 3.82429e-07 8.84138e-08 4.21550e-07 9.76883e-08 6.83523e-07 1.58023e-07 6.16142e-07 1.42144e-07 
1560.0 1575.0 1590.0 6.54312e-07 1.54601e-07 4.17362e-07 9.90929e-08 1.06289e-06 2.49853e-07 4.95054e-07 1.16973e-07 5.51627e-07 1.30969e-07 8.83681e-07 2.08794e-07 7.87004e-07 1.85003e-07 
1590.0 1605.0 1620.0 0.00000e+00 0.00000e+00 0.00000e+00 0.00000e+00 0.00000e+00 0.00000e+00 0.00000e+00 0.00000e+00 0.00000e+00 0.00000e+00 0.00000e+00 0.00000e+00 0.00000e+00 0.00000e+00 
1620.0 1635.0 1650.0 0.00000e+00 0.00000e+00 0.00000e+00 0.00000e+00 0.00000e+00 0.00000e+00 0.00000e+00 0.00000e+00 0.00000e+00 0.00000e+00 0.00000e+00 0.00000e+00 0.00000e+00 0.00000e+00 
1650.0 1665.0 1680.0 0.00000e+00 0.00000e+00 0.00000e+00 0.00000e+00 0.00000e+00 0.00000e+00 0.00000e+00 0.00000e+00 0.00000e+00 0.00000e+00 0.00000e+00 0.00000e+00 0.00000e+00 0.00000e+00 
1680.0 1695.0 1710.0 0.00000e+00 0.00000e+00 0.00000e+00 0.00000e+00 0.00000e+00 0.00000e+00 0.00000e+00 0.00000e+00 0.00000e+00 0.00000e+00 0.00000e+00 0.00000e+00 0.00000e+00 0.00000e+00 
1710.0 1725.0 1740.0 0.00000e+00 0.00000e+00 0.00000e+00 0.00000e+00 0.00000e+00 0.00000e+00 0.00000e+00 0.00000e+00 0.00000e+00 0.00000e+00 0.00000e+00 0.00000e+00 0.00000e+00 0.00000e+00 
1740.0 1755.0 1770.0 0.00000e+00 0.00000e+00 0.00000e+00 0.00000e+00 0.00000e+00 0.00000e+00 0.00000e+00 0.00000e+00 0.00000e+00 0.00000e+00 0.00000e+00 0.00000e+00 0.00000e+00 0.00000e+00 
1770.0 1785.0 1800.0 0.00000e+00 0.00000e+00 0.00000e+00 0.00000e+00 0.00000e+00 0.00000e+00 0.00000e+00 0.00000e+00 0.00000e+00 0.00000e+00 0.00000e+00 0.00000e+00 0.00000e+00 0.00000e+00 
1800.0 1815.0 1830.0 0.00000e+00 0.00000e+00 0.00000e+00 0.00000e+00 0.00000e+00 0.00000e+00 0.00000e+00 0.00000e+00 0.00000e+00 0.00000e+00 0.00000e+00 0.00000e+00 0.00000e+00 0.00000e+00 
1830.0 1845.0 1860.0 0.00000e+00 0.00000e+00 0.00000e+00 0.00000e+00 0.00000e+00 0.00000e+00 0.00000e+00 0.00000e+00 0.00000e+00 0.00000e+00 0.00000e+00 0.00000e+00 0.00000e+00 0.00000e+00 
1860.0 1875.0 1890.0 0.00000e+00 0.00000e+00 0.00000e+00 0.00000e+00 0.00000e+00 0.00000e+00 0.00000e+00 0.00000e+00 0.00000e+00 0.00000e+00 0.00000e+00 0.00000e+00 0.00000e+00 0.00000e+00 
1890.0 1905.0 1920.0 0.00000e+00 0.00000e+00 0.00000e+00 0.00000e+00 0.00000e+00 0.00000e+00 0.00000e+00 0.00000e+00 0.00000e+00 0.00000e+00 0.00000e+00 0.00000e+00 0.00000e+00 0.00000e+00 
1920.0 1935.0 1950.0 0.00000e+00 0.00000e+00 0.00000e+00 0.00000e+00 0.00000e+00 0.00000e+00 0.00000e+00 0.00000e+00 0.00000e+00 0.00000e+00 0.00000e+00 0.00000e+00 0.00000e+00 0.00000e+00 
1950.0 1965.0 1980.0 0.00000e+00 0.00000e+00 0.00000e+00 0.00000e+00 0.00000e+00 0.00000e+00 0.00000e+00 0.00000e+00 0.00000e+00 0.00000e+00 0.00000e+00 0.00000e+00 0.00000e+00 0.00000e+00 
1980.0 1995.0 2010.0 0.00000e+00 0.00000e+00 0.00000e+00 0.00000e+00 0.00000e+00 0.00000e+00 0.00000e+00 0.00000e+00 0.00000e+00 0.00000e+00 0.00000e+00 0.00000e+00 0.00000e+00 0.00000e+00 
2010.0 2025.0 2040.0 0.00000e+00 0.00000e+00 0.00000e+00 0.00000e+00 0.00000e+00 0.00000e+00 0.00000e+00 0.00000e+00 0.00000e+00 0.00000e+00 0.00000e+00 0.00000e+00 0.00000e+00 0.00000e+00 
2040.0 2055.0 2070.0 0.00000e+00 0.00000e+00 0.00000e+00 0.00000e+00 0.00000e+00 0.00000e+00 0.00000e+00 0.00000e+00 0.00000e+00 0.00000e+00 0.00000e+00 0.00000e+00 0.00000e+00 0.00000e+00 
2070.0 2085.0 2100.0 0.00000e+00 0.00000e+00 0.00000e+00 0.00000e+00 0.00000e+00 0.00000e+00 0.00000e+00 0.00000e+00 0.00000e+00 0.00000e+00 0.00000e+00 0.00000e+00 0.00000e+00 0.00000e+00 
2100.0 2115.0 2130.0 0.00000e+00 0.00000e+00 0.00000e+00 0.00000e+00 0.00000e+00 0.00000e+00 0.00000e+00 0.00000e+00 0.00000e+00 0.00000e+00 0.00000e+00 0.00000e+00 0.00000e+00 0.00000e+00 
2130.0 2145.0 2160.0 0.00000e+00 0.00000e+00 0.00000e+00 0.00000e+00 0.00000e+00 0.00000e+00 0.00000e+00 0.00000e+00 0.00000e+00 0.00000e+00 0.00000e+00 0.00000e+00 0.00000e+00 0.00000e+00 
2160.0 2175.0 2190.0 0.00000e+00 0.00000e+00 0.00000e+00 0.00000e+00 0.00000e+00 0.00000e+00 0.00000e+00 0.00000e+00 0.00000e+00 0.00000e+00 0.00000e+00 0.00000e+00 0.00000e+00 0.00000e+00 
2190.0 2205.0 2220.0 0.00000e+00 0.00000e+00 0.00000e+00 0.00000e+00 0.00000e+00 0.00000e+00 0.00000e+00 0.00000e+00 0.00000e+00 0.00000e+00 0.00000e+00 0.00000e+00 0.00000e+00 0.00000e+00 
2220.0 2235.0 2250.0 0.00000e+00 0.00000e+00 0.00000e+00 0.00000e+00 0.00000e+00 0.00000e+00 0.00000e+00 0.00000e+00 0.00000e+00 0.00000e+00 0.00000e+00 0.00000e+00 0.00000e+00 0.00000e+00 
2250.0 2265.0 2280.0 0.00000e+00 0.00000e+00 0.00000e+00 0.00000e+00 0.00000e+00 0.00000e+00 0.00000e+00 0.00000e+00 0.00000e+00 0.00000e+00 0.00000e+00 0.00000e+00 0.00000e+00 0.00000e+00 
2280.0 2295.0 2310.0 0.00000e+00 0.00000e+00 0.00000e+00 0.00000e+00 0.00000e+00 0.00000e+00 0.00000e+00 0.00000e+00 0.00000e+00 0.00000e+00 0.00000e+00 0.00000e+00 0.00000e+00 0.00000e+00 
2310.0 2325.0 2340.0 0.00000e+00 0.00000e+00 0.00000e+00 0.00000e+00 0.00000e+00 0.00000e+00 0.00000e+00 0.00000e+00 0.00000e+00 0.00000e+00 0.00000e+00 0.00000e+00 0.00000e+00 0.00000e+00 
2340.0 2355.0 2370.0 0.00000e+00 0.00000e+00 0.00000e+00 0.00000e+00 0.00000e+00 0.00000e+00 0.00000e+00 0.00000e+00 0.00000e+00 0.00000e+00 0.00000e+00 0.00000e+00 0.00000e+00 0.00000e+00 
2370.0 2385.0 2400.0 0.00000e+00 0.00000e+00 0.00000e+00 0.00000e+00 0.00000e+00 0.00000e+00 0.00000e+00 0.00000e+00 0.00000e+00 0.00000e+00 0.00000e+00 0.00000e+00 0.00000e+00 0.00000e+00 
2400.0 2415.0 2430.0 0.00000e+00 0.00000e+00 0.00000e+00 0.00000e+00 0.00000e+00 0.00000e+00 0.00000e+00 0.00000e+00 0.00000e+00 0.00000e+00 0.00000e+00 0.00000e+00 0.00000e+00 0.00000e+00 
2430.0 2445.0 2460.0 0.00000e+00 0.00000e+00 0.00000e+00 0.00000e+00 0.00000e+00 0.00000e+00 0.00000e+00 0.00000e+00 0.00000e+00 0.00000e+00 0.00000e+00 0.00000e+00 0.00000e+00 0.00000e+00 
2460.0 2475.0 2490.0 0.00000e+00 0.00000e+00 0.00000e+00 0.00000e+00 0.00000e+00 0.00000e+00 0.00000e+00 0.00000e+00 0.00000e+00 0.00000e+00 0.00000e+00 0.00000e+00 0.00000e+00 0.00000e+00 
2490.0 2505.0 2520.0 0.00000e+00 0.00000e+00 0.00000e+00 0.00000e+00 0.00000e+00 0.00000e+00 0.00000e+00 0.00000e+00 0.00000e+00 0.00000e+00 0.00000e+00 0.00000e+00 0.00000e+00 0.00000e+00 
2520.0 2535.0 2550.0 0.00000e+00 0.00000e+00 0.00000e+00 0.00000e+00 0.00000e+00 0.00000e+00 0.00000e+00 0.00000e+00 0.00000e+00 0.00000e+00 0.00000e+00 0.00000e+00 0.00000e+00 0.00000e+00 
2550.0 2565.0 2580.0 0.00000e+00 0.00000e+00 0.00000e+00 0.00000e+00 0.00000e+00 0.00000e+00 0.00000e+00 0.00000e+00 0.00000e+00 0.00000e+00 0.00000e+00 0.00000e+00 0.00000e+00 0.00000e+00 
2580.0 2595.0 2610.0 0.00000e+00 0.00000e+00 0.00000e+00 0.00000e+00 0.00000e+00 0.00000e+00 0.00000e+00 0.00000e+00 0.00000e+00 0.00000e+00 0.00000e+00 0.00000e+00 0.00000e+00 0.00000e+00 
2610.0 2625.0 2640.0 0.00000e+00 0.00000e+00 0.00000e+00 0.00000e+00 0.00000e+00 0.00000e+00 0.00000e+00 0.00000e+00 0.00000e+00 0.00000e+00 0.00000e+00 0.00000e+00 0.00000e+00 0.00000e+00 
2640.0 2655.0 2670.0 0.00000e+00 0.00000e+00 0.00000e+00 0.00000e+00 0.00000e+00 0.00000e+00 0.00000e+00 0.00000e+00 0.00000e+00 0.00000e+00 0.00000e+00 0.00000e+00 0.00000e+00 0.00000e+00 
2670.0 2685.0 2700.0 0.00000e+00 0.00000e+00 0.00000e+00 0.00000e+00 0.00000e+00 0.00000e+00 0.00000e+00 0.00000e+00 0.00000e+00 0.00000e+00 0.00000e+00 0.00000e+00 0.00000e+00 0.00000e+00 
2700.0 2715.0 2730.0 0.00000e+00 0.00000e+00 0.00000e+00 0.00000e+00 0.00000e+00 0.00000e+00 0.00000e+00 0.00000e+00 0.00000e+00 0.00000e+00 0.00000e+00 0.00000e+00 0.00000e+00 0.00000e+00 
2730.0 2745.0 2760.0 0.00000e+00 0.00000e+00 0.00000e+00 0.00000e+00 0.00000e+00 0.00000e+00 0.00000e+00 0.00000e+00 0.00000e+00 0.00000e+00 0.00000e+00 0.00000e+00 0.00000e+00 0.00000e+00 
2760.0 2775.0 2790.0 0.00000e+00 0.00000e+00 0.00000e+00 0.00000e+00 0.00000e+00 0.00000e+00 0.00000e+00 0.00000e+00 0.00000e+00 0.00000e+00 0.00000e+00 0.00000e+00 0.00000e+00 0.00000e+00 
2790.0 2805.0 2820.0 0.00000e+00 0.00000e+00 0.00000e+00 0.00000e+00 0.00000e+00 0.00000e+00 0.00000e+00 0.00000e+00 0.00000e+00 0.00000e+00 0.00000e+00 0.00000e+00 0.00000e+00 0.00000e+00 
2820.0 2835.0 2850.0 0.00000e+00 0.00000e+00 0.00000e+00 0.00000e+00 0.00000e+00 0.00000e+00 0.00000e+00 0.00000e+00 0.00000e+00 0.00000e+00 0.00000e+00 0.00000e+00 0.00000e+00 0.00000e+00 
2850.0 2865.0 2880.0 0.00000e+00 0.00000e+00 0.00000e+00 0.00000e+00 0.00000e+00 0.00000e+00 0.00000e+00 0.00000e+00 0.00000e+00 0.00000e+00 0.00000e+00 0.00000e+00 0.00000e+00 0.00000e+00 
2880.0 2895.0 2910.0 0.00000e+00 0.00000e+00 0.00000e+00 0.00000e+00 0.00000e+00 0.00000e+00 0.00000e+00 0.00000e+00 0.00000e+00 0.00000e+00 0.00000e+00 0.00000e+00 0.00000e+00 0.00000e+00 
2910.0 2925.0 2940.0 0.00000e+00 0.00000e+00 0.00000e+00 0.00000e+00 0.00000e+00 0.00000e+00 0.00000e+00 0.00000e+00 0.00000e+00 0.00000e+00 0.00000e+00 0.00000e+00 0.00000e+00 0.00000e+00 
2940.0 2955.0 2970.0 0.00000e+00 0.00000e+00 0.00000e+00 0.00000e+00 0.00000e+00 0.00000e+00 0.00000e+00 0.00000e+00 0.00000e+00 0.00000e+00 0.00000e+00 0.00000e+00 0.00000e+00 0.00000e+00 
2970.0 2985.0 3000.0 0.00000e+00 0.00000e+00 0.00000e+00 0.00000e+00 0.00000e+00 0.00000e+00 0.00000e+00 0.00000e+00 0.00000e+00 0.00000e+00 0.00000e+00 0.00000e+00 0.00000e+00 0.00000e+00 
