-3.5 -3.45 -3.4 5.55583e+01 1.06977e+00 3.62170e+01 6.90693e-01 8.86232e+01 1.73113e+00 3.79983e+01 7.31374e-01 5.29623e+01 1.01047e+00 8.47325e+01 1.63245e+00 5.81231e+01 1.13477e+00 
-3.4 -3.35 -3.3 6.31210e+01 1.07197e+00 4.12446e+01 6.96172e-01 1.00418e+02 1.72257e+00 4.31981e+01 7.32896e-01 6.02766e+01 1.01849e+00 9.61922e+01 1.63580e+00 6.59098e+01 1.12922e+00 
-3.3 -3.25 -3.2 7.09306e+01 1.10923e+00 4.64003e+01 7.18266e-01 1.12875e+02 1.79958e+00 4.85598e+01 7.58247e-01 6.77870e+01 1.05086e+00 1.08047e+02 1.69300e+00 7.41164e+01 1.17910e+00 
-3.2 -3.15 -3.1 8.03818e+01 1.15891e+00 5.26429e+01 7.49402e-01 1.27528e+02 1.87294e+00 5.50570e+01 7.92547e-01 7.68707e+01 1.09601e+00 1.22372e+02 1.76792e+00 8.37905e+01 1.22805e+00 
-3.1 -3.05 -3.0 9.12858e+01 1.21223e+00 5.98131e+01 7.86150e-01 1.44683e+02 1.95071e+00 6.25690e+01 8.29643e-01 8.72841e+01 1.14905e+00 1.38855e+02 1.84756e+00 9.51447e+01 1.28044e+00 
-3.0 -2.95 -2.9 9.48313e+01 1.13441e+00 6.23148e+01 7.41479e-01 1.49863e+02 1.80885e+00 6.50304e+01 7.76618e-01 9.08884e+01 1.08335e+00 1.44163e+02 1.72829e+00 9.86087e+01 1.18773e+00 
-2.9 -2.85 -2.8 1.08840e+02 1.21600e+00 7.15393e+01 7.94214e-01 1.71946e+02 1.94075e+00 7.46505e+01 8.32057e-01 1.04324e+02 1.16098e+00 1.65422e+02 1.85377e+00 1.13164e+02 1.27352e+00 
-2.8 -2.75 -2.7 1.18306e+02 1.25469e+00 7.78941e+01 8.19165e-01 1.86512e+02 2.00383e+00 8.11770e+01 8.58500e-01 1.13544e+02 1.19747e+00 1.79717e+02 1.91282e+00 1.22816e+02 1.31484e+00 
-2.7 -2.65 -2.6 1.32278e+02 1.26826e+00 8.71125e+01 8.29869e-01 2.08490e+02 2.01964e+00 9.08010e+01 8.68254e-01 1.26929e+02 1.21248e+00 2.00843e+02 1.93226e+00 1.37353e+02 1.32607e+00 
-2.6 -2.55 -2.5 1.40962e+02 1.28845e+00 9.29616e+01 8.45730e-01 2.21804e+02 2.04358e+00 9.67467e+01 8.81388e-01 1.35474e+02 1.23667e+00 2.14072e+02 1.96492e+00 1.46097e+02 1.34057e+00 
-2.5 -2.45 -2.4 1.51793e+02 1.32413e+00 1.00185e+02 8.69126e-01 2.38624e+02 2.10079e+00 1.04219e+02 9.05666e-01 1.45947e+02 1.27104e+00 2.30418e+02 2.01972e+00 1.57246e+02 1.37782e+00 
-2.4 -2.35 -2.3 1.66617e+02 1.37691e+00 1.10042e+02 9.02113e-01 2.61733e+02 2.19167e+00 1.14435e+02 9.41837e-01 1.60252e+02 1.31906e+00 2.52820e+02 2.10004e+00 1.72540e+02 1.43730e+00 
-2.3 -2.25 -2.2 1.75878e+02 1.36387e+00 1.16265e+02 8.97644e-01 2.75943e+02 2.15560e+00 1.20844e+02 9.33586e-01 1.69248e+02 1.31174e+00 2.66740e+02 2.07830e+00 1.82002e+02 1.41519e+00 
-2.2 -2.15 -2.1 1.86801e+02 1.39370e+00 1.23599e+02 9.16430e-01 2.92649e+02 2.20090e+00 1.28358e+02 9.53549e-01 1.79913e+02 1.33975e+00 2.83282e+02 2.12500e+00 1.93038e+02 1.44413e+00 
-2.1 -2.05 -2.0 1.96729e+02 1.39513e+00 1.30265e+02 9.20757e-01 3.08037e+02 2.19759e+00 1.35218e+02 9.54824e-01 1.89563e+02 1.34572e+00 2.98236e+02 2.12636e+00 2.03257e+02 1.44244e+00 
-2.0 -1.95 -1.9 2.09400e+02 1.43495e+00 1.38788e+02 9.48646e-01 3.27487e+02 2.25533e+00 1.43923e+02 9.81755e-01 2.01970e+02 1.38695e+00 3.17456e+02 2.18795e+00 2.16084e+02 1.47975e+00 
-1.9 -1.85 -1.8 2.20786e+02 1.45465e+00 1.46472e+02 9.62436e-01 3.44898e+02 2.28455e+00 1.51787e+02 9.95459e-01 2.13101e+02 1.40680e+00 3.34617e+02 2.21737e+00 2.27643e+02 1.49936e+00 
-1.8 -1.75 -1.7 2.32801e+02 1.46722e+00 1.54553e+02 9.72740e-01 3.63338e+02 2.29731e+00 1.60067e+02 1.00413e+00 2.24830e+02 1.42178e+00 3.52772e+02 2.23633e+00 2.39852e+02 1.50790e+00 
-1.7 -1.65 -1.6 2.46465e+02 1.50711e+00 1.63690e+02 9.98855e-01 3.84478e+02 2.36088e+00 1.69456e+02 1.03123e+00 2.38129e+02 1.46017e+00 3.73496e+02 2.29766e+00 2.53792e+02 1.54917e+00 
-1.6 -1.55 -1.5 2.52353e+02 1.49577e+00 1.67686e+02 9.92256e-01 3.93418e+02 2.34074e+00 1.73554e+02 1.02377e+00 2.43874e+02 1.45013e+00 3.82284e+02 2.27960e+00 2.59787e+02 1.53650e+00 
-1.5 -1.45 -1.4 2.64282e+02 1.52257e+00 1.75747e+02 1.01207e+00 4.11629e+02 2.37654e+00 1.81766e+02 1.04201e+00 2.55587e+02 1.47928e+00 4.00335e+02 2.32071e+00 2.71829e+02 1.55991e+00 
-1.4 -1.35 -1.3 2.76108e+02 1.55489e+00 1.83690e+02 1.03458e+00 4.29816e+02 2.42383e+00 1.89906e+02 1.06387e+00 2.67129e+02 1.51255e+00 4.18231e+02 2.37071e+00 2.83850e+02 1.59044e+00 
-1.3 -1.25 -1.2 2.85600e+02 1.57154e+00 1.90161e+02 1.04749e+00 4.44149e+02 2.44471e+00 1.96470e+02 1.07517e+00 2.76492e+02 1.53160e+00 4.32518e+02 2.39637e+00 2.93380e+02 1.60404e+00 
-1.2 -1.15 -1.1 2.93831e+02 1.58492e+00 1.95728e+02 1.05723e+00 4.56684e+02 2.46290e+00 2.02127e+02 1.08435e+00 2.84595e+02 1.54577e+00 4.44997e+02 2.41667e+00 3.01652e+02 1.61600e+00 
-1.1 -1.05 -1.0 2.97613e+02 1.57273e+00 1.98309e+02 1.04902e+00 4.62388e+02 2.44448e+00 2.04799e+02 1.07628e+00 2.88248e+02 1.53339e+00 4.50536e+02 2.39738e+00 3.05547e+02 1.60438e+00 
-1.0 -0.95 -0.9 3.09648e+02 1.59080e+00 2.06531e+02 1.06383e+00 4.80498e+02 2.46358e+00 2.13068e+02 1.08870e+00 3.00219e+02 1.55498e+00 4.68790e+02 2.42477e+00 3.17494e+02 1.61708e+00 
-0.9 -0.85 -0.8 3.17034e+02 1.59869e+00 2.11470e+02 1.06843e+00 4.92026e+02 2.47901e+00 2.18162e+02 1.09416e+00 3.07381e+02 1.56161e+00 4.80035e+02 2.43758e+00 3.25131e+02 1.62726e+00 
-0.8 -0.75 -0.7 3.21607e+02 1.60069e+00 2.14592e+02 1.07047e+00 4.98808e+02 2.47909e+00 2.21325e+02 1.09544e+00 3.11897e+02 1.56471e+00 4.86820e+02 2.43992e+00 3.29641e+02 1.62715e+00 
-0.7 -0.65 -0.6 3.23672e+02 1.61649e+00 2.16059e+02 1.08274e+00 5.01742e+02 2.49850e+00 2.22774e+02 1.10609e+00 3.13990e+02 1.58290e+00 4.89871e+02 2.46447e+00 3.31632e+02 1.63962e+00 
-0.6 -0.55 -0.5 3.29901e+02 1.60147e+00 2.20211e+02 1.07183e+00 5.11408e+02 2.47744e+00 2.27064e+02 1.09618e+00 3.20020e+02 1.56640e+00 4.99292e+02 2.44053e+00 3.38026e+02 1.62648e+00 
-0.5 -0.45 -0.4 3.33865e+02 1.62997e+00 2.22969e+02 1.09320e+00 5.17233e+02 2.51499e+00 2.29819e+02 1.11529e+00 3.23993e+02 1.59828e+00 5.05220e+02 2.48511e+00 3.41927e+02 1.65047e+00 
-0.4 -0.35 -0.3 3.38759e+02 1.61144e+00 2.26275e+02 1.08018e+00 5.24707e+02 2.48788e+00 2.33184e+02 1.10307e+00 3.28800e+02 1.57853e+00 5.12633e+02 2.45556e+00 3.46863e+02 1.63346e+00 
-0.3 -0.25 -0.2 3.42161e+02 1.64672e+00 2.28576e+02 1.10434e+00 5.29896e+02 2.54114e+00 2.35522e+02 1.12682e+00 3.32149e+02 1.61443e+00 5.17795e+02 2.51045e+00 3.50282e+02 1.66769e+00 
-0.2 -0.15 -0.1 3.42994e+02 1.62972e+00 2.29142e+02 1.09281e+00 5.31155e+02 2.51529e+00 2.36094e+02 1.11537e+00 3.32975e+02 1.59729e+00 5.19059e+02 2.48402e+00 3.51113e+02 1.65106e+00 
-0.1 -0.05 0.0 3.41786e+02 1.61295e+00 2.28358e+02 1.08131e+00 5.29219e+02 2.48990e+00 2.35276e+02 1.10404e+00 3.31816e+02 1.58026e+00 5.17192e+02 2.45805e+00 3.49858e+02 1.63465e+00 
0.0 0.05 0.1 3.41293e+02 1.61236e+00 2.27958e+02 1.08048e+00 5.28659e+02 2.49035e+00 2.34947e+02 1.10381e+00 3.31219e+02 1.57879e+00 5.16421e+02 2.45665e+00 3.49504e+02 1.63526e+00 
0.1 0.15 0.2 3.42199e+02 1.63697e+00 2.28588e+02 1.09796e+00 5.29987e+02 2.52567e+00 2.35563e+02 1.12026e+00 3.32147e+02 1.60493e+00 5.17812e+02 2.49526e+00 3.50370e+02 1.65776e+00 
0.2 0.25 0.3 3.41610e+02 1.63901e+00 2.28218e+02 1.09957e+00 5.29018e+02 2.52815e+00 2.35137e+02 1.12147e+00 3.31638e+02 1.60755e+00 5.16977e+02 2.49887e+00 3.49692e+02 1.65907e+00 
0.3 0.35 0.4 3.40487e+02 1.63591e+00 2.27414e+02 1.09659e+00 5.27430e+02 2.52606e+00 2.34370e+02 1.11942e+00 3.30460e+02 1.60309e+00 5.15258e+02 2.49395e+00 3.48654e+02 1.65780e+00 
0.4 0.45 0.5 3.32912e+02 1.60306e+00 2.22323e+02 1.07445e+00 5.15784e+02 2.47529e+00 2.29164e+02 1.09737e+00 3.23051e+02 1.57012e+00 5.03772e+02 2.44271e+00 3.40971e+02 1.62529e+00 
0.5 0.55 0.6 3.29598e+02 1.61569e+00 2.20037e+02 1.08205e+00 5.10873e+02 2.49783e+00 2.26845e+02 1.10568e+00 3.19781e+02 1.58167e+00 4.98861e+02 2.46284e+00 3.37653e+02 1.63944e+00 
0.6 0.65 0.7 3.26792e+02 1.61127e+00 2.18106e+02 1.07830e+00 5.06675e+02 2.49292e+00 2.24935e+02 1.10283e+00 3.16945e+02 1.57595e+00 4.94554e+02 2.45563e+00 3.34920e+02 1.63655e+00 
0.7 0.75 0.8 3.19975e+02 1.60167e+00 2.13468e+02 1.07114e+00 4.96366e+02 2.48049e+00 2.20218e+02 1.09606e+00 3.10239e+02 1.56575e+00 4.84305e+02 2.44154e+00 3.28058e+02 1.62798e+00 
0.8 0.85 0.9 3.14369e+02 1.59089e+00 2.09658e+02 1.06321e+00 4.87718e+02 2.46473e+00 2.16359e+02 1.08890e+00 3.04704e+02 1.55385e+00 4.75823e+02 2.42450e+00 3.22341e+02 1.61806e+00 
0.9 0.95 1.0 3.08996e+02 1.57198e+00 2.06036e+02 1.05024e+00 4.79653e+02 2.43731e+00 2.12641e+02 1.07620e+00 2.99468e+02 1.53455e+00 4.67742e+02 2.39503e+00 3.16972e+02 1.60048e+00 
1.0 1.05 1.1 3.01215e+02 1.57463e+00 2.00756e+02 1.05074e+00 4.67837e+02 2.44554e+00 2.07242e+02 1.07759e+00 2.91855e+02 1.53588e+00 4.56081e+02 2.40023e+00 3.09085e+02 1.60510e+00 
1.1 1.15 1.2 2.94292e+02 1.57943e+00 1.96038e+02 1.05372e+00 4.57397e+02 2.45373e+00 2.02469e+02 1.08073e+00 2.85009e+02 1.54046e+00 4.45626e+02 2.40795e+00 3.02169e+02 1.61025e+00 
1.2 1.25 1.3 2.85858e+02 1.57390e+00 1.90312e+02 1.04503e+00 4.44575e+02 2.46030e+00 1.96646e+02 1.07697e+00 2.76712e+02 1.52763e+00 4.32909e+02 2.39940e+00 2.93661e+02 1.61452e+00 
1.3 1.35 1.4 2.77821e+02 1.56230e+00 1.84847e+02 1.03924e+00 4.32430e+02 2.43638e+00 1.91089e+02 1.06912e+00 2.68806e+02 1.51908e+00 4.20814e+02 2.38148e+00 2.85585e+02 1.59901e+00 
1.4 1.45 1.5 2.64075e+02 1.52347e+00 1.75569e+02 1.01224e+00 4.11420e+02 2.37946e+00 1.81623e+02 1.04252e+00 2.55327e+02 1.47965e+00 4.00022e+02 2.32238e+00 2.71688e+02 1.56157e+00 
1.5 1.55 1.6 2.52277e+02 1.51621e+00 1.67639e+02 1.00050e+00 3.93274e+02 2.39053e+00 1.73513e+02 1.03755e+00 2.43790e+02 1.46235e+00 3.82139e+02 2.31129e+00 2.59713e+02 1.56865e+00 
1.6 1.65 1.7 2.41996e+02 1.48165e+00 1.60752e+02 9.83313e-01 3.77416e+02 2.31681e+00 1.66415e+02 1.01415e+00 2.33812e+02 1.43703e+00 3.66636e+02 2.25794e+00 2.49194e+02 1.52096e+00 
1.7 1.75 1.8 2.30859e+02 1.45223e+00 1.53219e+02 9.62400e-01 3.60443e+02 2.27513e+00 1.58753e+02 9.94140e-01 2.22860e+02 1.40628e+00 3.49773e+02 2.21276e+00 2.37979e+02 1.49381e+00 
1.8 1.85 1.9 2.22977e+02 1.45385e+00 1.47867e+02 9.62190e-01 3.48494e+02 2.28207e+00 1.53299e+02 9.95060e-01 2.15120e+02 1.40625e+00 3.37919e+02 2.21576e+00 2.30028e+02 1.49803e+00 
1.9 1.95 2.0 2.08664e+02 1.42122e+00 1.38297e+02 9.39209e-01 3.26356e+02 2.23524e+00 1.43432e+02 9.72702e-01 2.01236e+02 1.37266e+00 3.16302e+02 2.16607e+00 2.15365e+02 1.46719e+00 
2.0 2.05 2.1 1.97875e+02 1.40767e+00 1.31069e+02 9.28810e-01 3.09693e+02 2.21807e+00 1.35990e+02 9.63373e-01 1.90755e+02 1.35756e+00 3.00016e+02 2.14557e+00 2.04322e+02 1.45586e+00 
2.1 2.15 2.2 1.86809e+02 1.41700e+00 1.23627e+02 9.34265e-01 2.92743e+02 2.23642e+00 1.28356e+02 9.69234e-01 1.79962e+02 1.36624e+00 2.83357e+02 2.16273e+00 1.93086e+02 1.46684e+00 
2.2 2.25 2.3 1.76974e+02 1.40690e+00 1.16976e+02 9.21556e-01 2.77715e+02 2.23880e+00 1.21581e+02 9.62350e-01 1.70305e+02 1.34750e+00 2.68447e+02 2.14574e+00 1.83139e+02 1.46827e+00 
2.3 2.35 2.4 1.63575e+02 1.34635e+00 1.08082e+02 8.85158e-01 2.56801e+02 2.13171e+00 1.12360e+02 9.21463e-01 1.57379e+02 1.29364e+00 2.48162e+02 2.05191e+00 1.69321e+02 1.39924e+00 
2.4 2.45 2.5 1.51257e+02 1.32118e+00 9.97498e+01 8.65329e-01 2.37950e+02 2.10081e+00 1.03859e+02 9.04132e-01 1.45300e+02 1.26478e+00 2.29580e+02 2.01385e+00 1.56816e+02 1.37874e+00 
2.5 2.55 2.6 1.38937e+02 1.29030e+00 9.16725e+01 8.46718e-01 2.18478e+02 2.04729e+00 9.53910e+01 8.82999e-01 1.33547e+02 1.23759e+00 2.10905e+02 1.96677e+00 1.43968e+02 1.34362e+00 
2.6 2.65 2.7 1.30353e+02 1.26392e+00 8.58456e+01 8.27067e-01 2.05464e+02 2.01299e+00 8.94560e+01 8.65068e-01 1.25116e+02 1.20868e+00 1.97986e+02 1.92623e+00 1.35315e+02 1.32129e+00 
2.7 2.75 2.8 1.22020e+02 1.27990e+00 8.02664e+01 8.34047e-01 1.92587e+02 2.04886e+00 8.36916e+01 8.75560e-01 1.16993e+02 1.21897e+00 1.85452e+02 1.95179e+00 1.26750e+02 1.34395e+00 
2.8 2.85 2.9 1.06071e+02 1.22381e+00 6.95171e+01 7.91857e-01 1.67641e+02 1.96363e+00 7.27404e+01 8.36828e-01 1.01384e+02 1.15796e+00 1.61243e+02 1.86727e+00 1.10310e+02 1.28721e+00 
2.9 2.95 3.0 9.69535e+01 1.17770e+00 6.36549e+01 7.66120e-01 1.53385e+02 1.89086e+00 6.64685e+01 8.05896e-01 9.28666e+01 1.11980e+00 1.47437e+02 1.79525e+00 1.00893e+02 1.24076e+00 
3.0 3.05 3.1 8.99984e+01 1.17994e+00 5.90559e+01 7.67435e-01 1.42447e+02 1.89363e+00 6.16788e+01 8.07261e-01 8.61876e+01 1.12194e+00 1.36918e+02 1.79913e+00 9.36592e+01 1.24224e+00 
3.1 3.15 3.2 7.77873e+01 1.10663e+00 5.09952e+01 7.22225e-01 1.23259e+02 1.76679e+00 5.33001e+01 7.57452e-01 7.44373e+01 1.05542e+00 1.18366e+02 1.68637e+00 8.10251e+01 1.15982e+00 
3.2 3.25 3.3 7.06538e+01 1.11043e+00 4.61907e+01 7.21901e-01 1.12327e+02 1.78165e+00 4.83845e+01 7.59774e-01 6.74619e+01 1.05531e+00 1.07587e+02 1.69292e+00 7.37856e+01 1.16900e+00 
3.3 3.35 3.4 6.42231e+01 1.11595e+00 4.19383e+01 7.21913e-01 1.02251e+02 1.80434e+00 4.39639e+01 7.63287e-01 6.12749e+01 1.05572e+00 9.78405e+01 1.70201e+00 6.71356e+01 1.18347e+00 
3.4 3.45 3.5 5.50688e+01 1.05273e+00 3.58570e+01 6.80027e-01 8.79741e+01 1.70292e+00 3.76881e+01 7.20459e-01 5.24023e+01 9.93883e-01 8.39183e+01 1.60442e+00 5.77449e+01 1.11772e+00 
