0.0 0.065449846958 0.13089969392 9.67755e+02 5.37135e+00 6.41064e+02 3.54093e+00 1.51375e+03 8.47219e+00 6.70020e+02 3.68601e+00 9.26238e+02 5.16152e+00 1.45427e+03 8.16013e+00 1.00783e+03 5.57928e+00 
0.13089969392 0.19634954088 0.26179938783 1.03415e+03 5.69441e+00 6.85041e+02 3.75561e+00 1.61766e+03 8.97853e+00 7.16110e+02 3.90897e+00 9.89608e+02 5.47282e+00 1.55371e+03 8.64755e+00 1.07724e+03 5.91521e+00 
0.26179938783 0.32724923479 0.39269908175 1.24395e+03 6.56711e+00 8.24230e+02 4.32944e+00 1.94518e+03 1.03617e+01 8.61387e+02 4.50607e+00 1.19071e+03 6.31177e+00 1.86896e+03 9.97837e+00 1.29535e+03 6.82266e+00 
0.39269908175 0.45814892871 0.52359877567 1.01411e+03 5.63073e+00 6.71964e+02 3.72099e+00 1.58581e+03 8.85651e+00 7.02010e+02 3.86248e+00 9.71028e+02 5.42618e+00 1.52422e+03 8.55849e+00 1.05560e+03 5.82943e+00 
0.52359877567 0.58904862263 0.65449846958 8.49004e+02 5.08795e+00 5.62670e+02 3.36733e+00 1.32742e+03 7.98993e+00 5.87289e+02 3.48915e+00 8.13674e+02 4.91215e+00 1.27717e+03 7.73612e+00 8.82825e+02 5.25780e+00 
0.65449846958 0.71994831654 0.7853981635 7.38230e+02 4.70189e+00 4.89227e+02 3.11504e+00 1.15432e+03 7.37141e+00 5.10369e+02 3.22292e+00 7.07863e+02 4.54608e+00 1.11130e+03 7.15316e+00 7.67152e+02 4.84781e+00 
0.7853981635 0.85084801046 0.91629785742 6.67594e+02 4.37649e+00 4.42576e+02 2.90093e+00 1.04344e+03 6.85456e+00 4.61263e+02 3.00025e+00 6.40730e+02 4.23298e+00 1.00568e+03 6.65702e+00 6.92951e+02 4.50854e+00 
0.91629785742 0.98174770438 1.0471975513 6.13298e+02 4.19942e+00 4.06293e+02 2.77940e+00 9.59473e+02 6.59191e+00 4.23461e+02 2.87777e+00 5.88586e+02 4.05713e+00 9.24636e+02 6.39063e+00 6.36649e+02 4.33367e+00 
1.0471975513 1.1126473983 1.1780972453 5.77243e+02 4.04177e+00 3.82668e+02 2.68159e+00 9.02323e+02 6.32224e+00 3.98254e+02 2.76853e+00 5.54792e+02 3.91609e+00 8.71102e+02 6.15392e+00 5.98155e+02 4.15428e+00 
1.1780972453 1.2435470922 1.3089969392 5.44682e+02 3.95376e+00 3.61238e+02 2.62335e+00 8.51051e+02 6.18611e+00 3.75475e+02 2.70581e+00 5.24154e+02 3.83443e+00 8.22801e+02 6.02661e+00 5.63580e+02 4.06022e+00 
1.3089969392 1.3744467861 1.4398966331 5.10418e+02 3.75696e+00 3.38377e+02 2.48728e+00 7.97938e+02 5.89566e+00 3.51600e+02 2.57091e+00 4.91327e+02 3.63575e+00 7.71714e+02 5.72718e+00 5.27931e+02 3.86902e+00 
1.4398966331 1.50534648 1.570796327 4.96430e+02 3.61514e+00 3.29146e+02 2.39294e+00 7.75974e+02 5.67367e+00 3.41695e+02 2.47318e+00 4.78294e+02 3.49870e+00 7.51280e+02 5.51280e+00 5.12899e+02 3.72196e+00 
1.570796327 1.636246174 1.7016960209 4.72358e+02 3.45026e+00 3.13480e+02 2.28909e+00 7.37806e+02 5.40062e+00 3.24768e+02 2.35866e+00 4.56053e+02 3.34979e+00 7.15731e+02 5.26572e+00 4.87287e+02 3.54169e+00 
1.7016960209 1.7671458679 1.8325957148 4.66562e+02 3.44764e+00 3.09636e+02 2.28558e+00 7.28553e+02 5.39962e+00 3.20573e+02 2.35513e+00 4.50723e+02 3.34664e+00 7.07588e+02 5.26690e+00 4.80509e+02 3.53587e+00 
1.8325957148 1.8980455618 1.9634954088 4.58440e+02 3.33645e+00 3.04579e+02 2.21540e+00 7.14933e+02 5.21812e+00 3.14790e+02 2.27858e+00 4.43640e+02 3.24477e+00 6.95810e+02 5.09865e+00 4.71153e+02 3.41588e+00 
1.9634954088 2.0289452557 2.0943951027 4.53219e+02 3.17774e+00 3.01296e+02 2.10921e+00 7.06299e+02 4.97302e+00 3.10944e+02 2.16961e+00 4.39224e+02 3.09003e+00 6.88592e+02 4.85764e+00 4.64980e+02 3.25441e+00 
2.0943951027 2.1598449496 2.2252947966 4.48801e+02 3.03653e+00 2.98551e+02 2.01530e+00 6.98906e+02 4.75229e+00 3.07696e+02 2.07294e+00 4.35524e+02 2.95281e+00 6.82461e+02 4.64252e+00 4.59715e+02 3.10945e+00 
2.2252947966 2.2907446435 2.3561944905 4.51356e+02 2.93379e+00 3.00406e+02 1.94749e+00 7.02473e+02 4.59098e+00 3.09214e+02 2.00157e+00 4.38557e+02 2.85514e+00 6.86983e+02 4.48880e+00 4.61625e+02 3.00151e+00 
2.3561944905 2.4216443375 2.4870941844 4.48807e+02 2.72947e+00 2.98931e+02 1.81249e+00 6.97928e+02 4.26964e+00 3.07275e+02 1.86224e+00 4.36676e+02 2.65715e+00 6.83626e+02 4.17601e+00 4.58286e+02 2.79159e+00 
2.4870941844 2.5525440314 2.6179938783 4.48636e+02 2.57327e+00 2.99120e+02 1.71067e+00 6.96844e+02 4.01985e+00 3.07006e+02 1.75549e+00 4.37166e+02 2.50812e+00 6.83779e+02 3.93748e+00 4.57292e+02 2.62795e+00 
2.6179938783 2.6834437253 2.7488935723 4.52542e+02 2.37071e+00 3.02057e+02 1.57704e+00 7.01961e+02 3.69961e+00 3.09527e+02 1.61755e+00 4.41673e+02 2.31184e+00 6.90145e+02 3.62687e+00 4.60373e+02 2.41903e+00 
2.7488935723 2.8143434192 2.8797932662 4.58171e+02 2.20128e+00 3.05909e+02 1.46222e+00 7.10464e+02 3.44211e+00 3.13246e+02 1.50244e+00 4.47492e+02 2.14278e+00 6.99090e+02 3.36633e+00 4.65707e+02 2.25147e+00 
2.8797932662 2.9452431131 3.0106929601 4.52328e+02 1.97331e+00 3.02233e+02 1.31096e+00 7.00774e+02 3.08518e+00 3.09181e+02 1.34774e+00 4.42215e+02 1.91985e+00 6.90364e+02 3.01520e+00 4.59229e+02 2.01972e+00 
3.0106929601 3.076142807 3.141592654 4.53467e+02 1.79756e+00 3.03057e+02 1.19356e+00 7.02377e+02 2.81153e+00 3.09906e+02 1.22910e+00 4.43496e+02 1.74590e+00 6.92251e+02 2.74279e+00 4.60179e+02 1.84311e+00 
