-3.5 -3.45 -3.4 3.41362e+01 1.23364e+00 2.16606e+01 7.70000e-01 5.61914e+01 2.07896e+00 2.37478e+01 8.56163e-01 3.11414e+01 1.10964e+00 5.09789e+01 1.84788e+00 3.76358e+01 1.38810e+00 
-3.4 -3.35 -3.3 3.90576e+01 1.21048e+00 2.49796e+01 7.67382e-01 6.36905e+01 1.99965e+00 2.71767e+01 8.40457e-01 3.59062e+01 1.10553e+00 5.83154e+01 1.81223e+00 4.26680e+01 1.33619e+00 
-3.3 -3.25 -3.2 4.48417e+01 1.24245e+00 2.86416e+01 7.76743e-01 7.19853e+01 1.94461e+00 3.12223e+01 8.63013e-01 4.11421e+01 1.11857e+00 6.68972e+01 1.85909e+00 4.82665e+01 1.29966e+00 
-3.2 -3.15 -3.1 5.28314e+01 1.27970e+00 3.39285e+01 8.11401e-01 8.57690e+01 2.10300e+00 3.68323e+01 8.90206e-01 4.86651e+01 1.17206e+00 7.86953e+01 1.91153e+00 5.75959e+01 1.40852e+00 
-3.1 -3.05 -3.0 5.98012e+01 1.26627e+00 3.84328e+01 8.04370e-01 9.69012e+01 2.08149e+00 4.17182e+01 8.81120e-01 5.51032e+01 1.15640e+00 8.90082e+01 1.89079e+00 6.51224e+01 1.39465e+00 
-3.0 -2.95 -2.9 6.63416e+01 1.25068e+00 4.27690e+01 8.00891e-01 1.07190e+02 2.04239e+00 4.63063e+01 8.70089e-01 6.12856e+01 1.15149e+00 9.86783e+01 1.86804e+00 7.20834e+01 1.36787e+00 
-2.9 -2.85 -2.8 7.46965e+01 1.27397e+00 4.82929e+01 8.17268e-01 1.20273e+02 2.07544e+00 5.21822e+01 8.86754e-01 6.91439e+01 1.17450e+00 1.10993e+02 1.90173e+00 8.09666e+01 1.39095e+00 
-2.8 -2.75 -2.7 8.55895e+01 1.25750e+00 5.54520e+01 8.11765e-01 1.37478e+02 2.03332e+00 5.98294e+01 8.76251e-01 7.93462e+01 1.16543e+00 1.27084e+02 1.87461e+00 9.26213e+01 1.36477e+00 
-2.7 -2.65 -2.6 9.52658e+01 1.36399e+00 6.16459e+01 8.73446e-01 1.53257e+02 2.22779e+00 6.66192e+01 9.50253e-01 8.81729e+01 1.25418e+00 1.41386e+02 2.03388e+00 1.03296e+02 1.49478e+00 
-2.6 -2.55 -2.5 1.02099e+02 1.28128e+00 6.63064e+01 8.27924e-01 1.63540e+02 2.06949e+00 7.14489e+01 8.92606e-01 9.47728e+01 1.18880e+00 1.51399e+02 1.91068e+00 1.10323e+02 1.38839e+00 
-2.5 -2.45 -2.4 1.10508e+02 1.33462e+00 7.18469e+01 8.58573e-01 1.76791e+02 2.16965e+00 7.73725e+01 9.30338e-01 1.02640e+02 1.23207e+00 1.63768e+02 1.98877e+00 1.19336e+02 1.45666e+00 
-2.4 -2.35 -2.3 1.19878e+02 1.27192e+00 7.80903e+01 8.25481e-01 1.91319e+02 2.04285e+00 8.39792e+01 8.86314e-01 1.11498e+02 1.18499e+00 1.77538e+02 1.89616e+00 1.29227e+02 1.37092e+00 
-2.3 -2.25 -2.2 1.28157e+02 1.32095e+00 8.35390e+01 8.56112e-01 2.04372e+02 2.12542e+00 8.97987e+01 9.20096e-01 1.19252e+02 1.22945e+00 1.89749e+02 1.97029e+00 1.38081e+02 1.42555e+00 
-2.2 -2.15 -2.1 1.38300e+02 1.34339e+00 9.00629e+01 8.65497e-01 2.20263e+02 2.16364e+00 9.69027e+01 9.35197e-01 1.28530e+02 1.24252e+00 2.04719e+02 2.00315e+00 1.48851e+02 1.45165e+00 
-2.1 -2.05 -2.0 1.45086e+02 1.28351e+00 9.48491e+01 8.36072e-01 2.30566e+02 2.05188e+00 1.01754e+02 8.94625e-01 1.35274e+02 1.19991e+00 2.14579e+02 1.91287e+00 1.55952e+02 1.37745e+00 
-2.0 -1.95 -1.9 1.56281e+02 1.33291e+00 1.02265e+02 8.68250e-01 2.48087e+02 2.13136e+00 1.09612e+02 9.28729e-01 1.45843e+02 1.24652e+00 2.31121e+02 1.98731e+00 1.67814e+02 1.43021e+00 
-1.9 -1.85 -1.8 1.63763e+02 1.30524e+00 1.07232e+02 8.51613e-01 2.59748e+02 2.08242e+00 1.14909e+02 9.09614e-01 1.52864e+02 1.22245e+00 2.42067e+02 1.94568e+00 1.75791e+02 1.39770e+00 
-1.8 -1.75 -1.7 1.69480e+02 1.31776e+00 1.11122e+02 8.60662e-01 2.68380e+02 2.09949e+00 1.18968e+02 9.18313e-01 1.58346e+02 1.23548e+00 2.50397e+02 1.96443e+00 1.81722e+02 1.40910e+00 
-1.7 -1.65 -1.6 1.79505e+02 1.30261e+00 1.17749e+02 8.52440e-01 2.84104e+02 2.07073e+00 1.26037e+02 9.07840e-01 1.67748e+02 1.22353e+00 2.65129e+02 1.94158e+00 1.92428e+02 1.38993e+00 
-1.6 -1.55 -1.5 1.88526e+02 1.31975e+00 1.23821e+02 8.64550e-01 2.97934e+02 2.09542e+00 1.32393e+02 9.19879e-01 1.76370e+02 1.24084e+00 2.78399e+02 1.96696e+00 2.01837e+02 1.40671e+00 
-1.5 -1.45 -1.4 1.93499e+02 1.30661e+00 1.27117e+02 8.55959e-01 3.05700e+02 2.07437e+00 1.35937e+02 9.10785e-01 1.80994e+02 1.22837e+00 2.85610e+02 1.94715e+00 2.07192e+02 1.39265e+00 
-1.4 -1.35 -1.3 2.02338e+02 1.32483e+00 1.33044e+02 8.69058e-01 3.19312e+02 2.09997e+00 1.42148e+02 9.23012e-01 1.89434e+02 1.24780e+00 2.98658e+02 1.97552e+00 2.16419e+02 1.40896e+00 
-1.3 -1.25 -1.2 2.09272e+02 1.33860e+00 1.37701e+02 8.79657e-01 3.29971e+02 2.11659e+00 1.47027e+02 9.32045e-01 1.96054e+02 1.26378e+00 3.08872e+02 1.99752e+00 2.23662e+02 1.41908e+00 
-1.2 -1.15 -1.1 2.10798e+02 1.31350e+00 1.38787e+02 8.64137e-01 3.32132e+02 2.07395e+00 1.48142e+02 9.14992e-01 1.97544e+02 1.24093e+00 3.11018e+02 1.95899e+00 2.25203e+02 1.39128e+00 
-1.1 -1.05 -1.0 2.18668e+02 1.31042e+00 1.44061e+02 8.62951e-01 3.44269e+02 2.06693e+00 1.53689e+02 9.12919e-01 2.05030e+02 1.23911e+00 3.22589e+02 1.95414e+00 2.33464e+02 1.38673e+00 
-1.0 -0.95 -0.9 2.24806e+02 1.30367e+00 1.48218e+02 8.60407e-01 3.53592e+02 2.05030e+00 1.57967e+02 9.07907e-01 2.10917e+02 1.23528e+00 3.31586e+02 1.94372e+00 2.39741e+02 1.37514e+00 
-0.9 -0.85 -0.8 2.32028e+02 1.32138e+00 1.53005e+02 8.71804e-01 3.64868e+02 2.07900e+00 1.63094e+02 9.20419e-01 2.17743e+02 1.25201e+00 3.42264e+02 1.97087e+00 2.47461e+02 1.39456e+00 
-0.8 -0.75 -0.7 2.32929e+02 1.30377e+00 1.53646e+02 8.60651e-01 3.66149e+02 2.04996e+00 1.63753e+02 9.08322e-01 2.18619e+02 1.23576e+00 3.43526e+02 1.94413e+00 2.48377e+02 1.37541e+00 
-0.7 -0.65 -0.6 2.37384e+02 1.29900e+00 1.56676e+02 8.58649e-01 3.72887e+02 2.03903e+00 1.66920e+02 9.05190e-01 2.22885e+02 1.23263e+00 3.50007e+02 1.93653e+00 2.53014e+02 1.36843e+00 
-0.6 -0.55 -0.5 2.41243e+02 1.30182e+00 1.59289e+02 8.61497e-01 3.78748e+02 2.04053e+00 1.69624e+02 9.06918e-01 2.26616e+02 1.23705e+00 3.55722e+02 1.94135e+00 2.56974e+02 1.36902e+00 
-0.5 -0.45 -0.4 2.44344e+02 1.29841e+00 1.61308e+02 8.58763e-01 3.83701e+02 2.03686e+00 1.71831e+02 9.04746e-01 2.29452e+02 1.23283e+00 3.60227e+02 1.93574e+00 2.60381e+02 1.36689e+00 
-0.4 -0.35 -0.3 2.46736e+02 1.29893e+00 1.62964e+02 8.59958e-01 3.87235e+02 2.03494e+00 1.73506e+02 9.04950e-01 2.31817e+02 1.23477e+00 3.63772e+02 1.93691e+00 2.62769e+02 1.36534e+00 
-0.3 -0.25 -0.2 2.49738e+02 1.32351e+00 1.64983e+02 8.76271e-01 3.91842e+02 2.07339e+00 1.75596e+02 9.21767e-01 2.34719e+02 1.25860e+00 3.68253e+02 1.97437e+00 2.65856e+02 1.39056e+00 
-0.2 -0.15 -0.1 2.49977e+02 1.31775e+00 1.65149e+02 8.72274e-01 3.92184e+02 2.06495e+00 1.75787e+02 9.17816e-01 2.34924e+02 1.25277e+00 3.68547e+02 1.96562e+00 2.66130e+02 1.38499e+00 
-0.1 -0.05 0.0 2.52169e+02 1.31020e+00 1.66602e+02 8.67698e-01 3.95620e+02 2.05199e+00 1.77320e+02 9.12635e-01 2.37001e+02 1.24610e+00 3.71799e+02 1.95415e+00 2.68447e+02 1.37645e+00 
0.0 0.05 0.1 2.50863e+02 1.30446e+00 1.65716e+02 8.63840e-01 3.93627e+02 2.04298e+00 1.76403e+02 9.08621e-01 2.35740e+02 1.24058e+00 3.69871e+02 1.94563e+00 2.67096e+02 1.37039e+00 
0.1 0.15 0.2 2.49315e+02 1.31066e+00 1.64709e+02 8.68136e-01 3.91153e+02 2.05181e+00 1.75322e+02 9.12785e-01 2.34298e+02 1.24697e+00 3.67573e+02 1.95528e+00 2.65432e+02 1.37604e+00 
0.2 0.25 0.3 2.48658e+02 1.30372e+00 1.64283e+02 8.63740e-01 3.90111e+02 2.04073e+00 1.74848e+02 9.08068e-01 2.33719e+02 1.24071e+00 3.66652e+02 1.94495e+00 2.64701e+02 1.36881e+00 
0.3 0.35 0.4 2.46975e+02 1.30594e+00 1.63129e+02 8.64646e-01 3.87581e+02 2.04575e+00 1.73671e+02 9.09748e-01 2.32206e+02 1.24268e+00 3.64132e+02 1.94759e+00 2.62999e+02 1.37245e+00 
0.4 0.45 0.5 2.43398e+02 1.29531e+00 1.60719e+02 8.57088e-01 3.82112e+02 2.03074e+00 1.71154e+02 9.02470e-01 2.28629e+02 1.23058e+00 3.58863e+02 1.93141e+00 2.59283e+02 1.36258e+00 
0.5 0.55 0.6 2.40084e+02 1.29686e+00 1.58513e+02 8.58062e-01 3.76964e+02 2.03326e+00 1.68821e+02 9.03519e-01 2.25496e+02 1.23203e+00 3.53984e+02 1.93378e+00 2.55785e+02 1.36424e+00 
0.6 0.65 0.7 2.38037e+02 1.30513e+00 1.57078e+02 8.62648e-01 3.73991e+02 2.04886e+00 1.67363e+02 9.09238e-01 2.23478e+02 1.23867e+00 3.51012e+02 1.94625e+00 2.53732e+02 1.37462e+00 
0.7 0.75 0.8 2.36685e+02 1.31332e+00 1.56158e+02 8.68119e-01 3.71953e+02 2.06147e+00 1.66385e+02 9.14866e-01 2.22207e+02 1.24663e+00 3.49090e+02 1.95865e+00 2.52299e+02 1.38294e+00 
0.8 0.85 0.9 2.32599e+02 1.31576e+00 1.53366e+02 8.68588e-01 3.65809e+02 2.06863e+00 1.63508e+02 9.16613e-01 2.18238e+02 1.24724e+00 3.43072e+02 1.96218e+00 2.48122e+02 1.38781e+00 
0.9 0.95 1.0 2.26367e+02 1.31299e+00 1.49189e+02 8.65195e-01 3.56217e+02 2.06981e+00 1.59111e+02 9.14679e-01 2.12315e+02 1.24237e+00 3.33921e+02 1.95806e+00 2.41586e+02 1.38858e+00 
1.0 1.05 1.1 2.20853e+02 1.31565e+00 1.45462e+02 8.66094e-01 3.47817e+02 2.07619e+00 1.55219e+02 9.16503e-01 2.07030e+02 1.24367e+00 3.25826e+02 1.96210e+00 2.35858e+02 1.39278e+00 
1.1 1.15 1.2 2.13262e+02 1.29446e+00 1.40436e+02 8.52876e-01 3.35936e+02 2.04025e+00 1.49877e+02 9.01987e-01 1.99887e+02 1.22441e+00 3.14644e+02 1.92989e+00 2.27791e+02 1.36919e+00 
1.2 1.25 1.3 2.08312e+02 1.31446e+00 1.37021e+02 8.63790e-01 3.28592e+02 2.07869e+00 1.46366e+02 9.15783e-01 1.95067e+02 1.24023e+00 3.07419e+02 1.96005e+00 2.22749e+02 1.39466e+00 
1.3 1.35 1.4 2.03488e+02 1.33482e+00 1.33846e+02 8.77577e-01 3.20991e+02 2.10938e+00 1.42913e+02 9.29518e-01 1.90633e+02 1.26065e+00 3.00464e+02 1.99159e+00 2.17481e+02 1.41446e+00 
1.4 1.45 1.5 1.94406e+02 1.31491e+00 1.27729e+02 8.62670e-01 3.07091e+02 2.08375e+00 1.36537e+02 9.16048e-01 1.81916e+02 1.23870e+00 2.87045e+02 1.96086e+00 2.08066e+02 1.39798e+00 
1.5 1.55 1.6 1.86509e+02 1.30143e+00 1.22490e+02 8.53072e-01 2.94761e+02 2.06483e+00 1.30970e+02 9.06852e-01 1.74482e+02 1.22467e+00 2.75435e+02 1.94025e+00 1.99674e+02 1.38568e+00 
1.6 1.65 1.7 1.79217e+02 1.30746e+00 1.17561e+02 8.55393e-01 2.83649e+02 2.07934e+00 1.25830e+02 9.11060e-01 1.67486e+02 1.22797e+00 2.64716e+02 1.94925e+00 1.92110e+02 1.39537e+00 
1.7 1.75 1.8 1.72007e+02 1.30560e+00 1.12741e+02 8.53557e-01 2.72503e+02 2.07812e+00 1.20739e+02 9.09762e-01 1.60656e+02 1.22535e+00 2.54137e+02 1.94648e+00 1.84509e+02 1.39456e+00 
1.8 1.85 1.9 1.62396e+02 1.29571e+00 1.06333e+02 8.46257e-01 2.57591e+02 2.06498e+00 1.13974e+02 9.03137e-01 1.51548e+02 1.21454e+00 2.39980e+02 1.93106e+00 1.74379e+02 1.38629e+00 
1.9 1.95 2.0 1.55405e+02 1.32404e+00 1.01687e+02 8.62322e-01 2.46709e+02 2.11802e+00 1.09009e+02 9.22239e-01 1.45003e+02 1.23840e+00 2.29798e+02 1.97494e+00 1.66903e+02 1.42059e+00 
2.0 2.05 2.1 1.44665e+02 1.28827e+00 9.45680e+01 8.39757e-01 2.29920e+02 2.05797e+00 1.01459e+02 8.97867e-01 1.34873e+02 1.20531e+00 2.13955e+02 1.92019e+00 1.55516e+02 1.38140e+00 
2.1 2.15 2.2 1.36623e+02 1.30339e+00 8.92329e+01 8.47481e-01 2.17367e+02 2.08887e+00 9.57684e+01 9.08186e-01 1.27331e+02 1.21666e+00 2.02191e+02 1.94324e+00 1.46930e+02 1.40171e+00 
2.2 2.25 2.3 1.31777e+02 1.36539e+00 8.59270e+01 8.84171e-01 2.10078e+02 2.19968e+00 9.23195e+01 9.51093e-01 1.22682e+02 1.26970e+00 1.95151e+02 2.03645e+00 1.41905e+02 1.47546e+00 
2.3 2.35 2.4 1.18896e+02 1.29479e+00 7.74149e+01 8.38596e-01 1.89857e+02 2.08484e+00 8.32861e+01 9.02753e-01 1.10540e+02 1.20320e+00 1.76095e+02 1.92899e+00 1.28231e+02 1.40011e+00 
2.4 2.45 2.5 1.07994e+02 1.26073e+00 7.02877e+01 8.17390e-01 1.72526e+02 2.02767e+00 7.56180e+01 8.78713e-01 1.00406e+02 1.17315e+00 1.60028e+02 1.87902e+00 1.16469e+02 1.36114e+00 
2.5 2.55 2.6 1.00597e+02 1.30723e+00 6.53084e+01 8.42783e-01 1.61202e+02 2.11728e+00 7.04092e+01 9.11832e-01 9.33303e+01 1.20877e+00 1.49139e+02 1.94645e+00 1.08769e+02 1.42287e+00 
2.6 2.65 2.7 9.20878e+01 1.25488e+00 5.97171e+01 8.10043e-01 1.47760e+02 2.02961e+00 6.43952e+01 8.73699e-01 8.54160e+01 1.16375e+00 1.36673e+02 1.87263e+00 9.95875e+01 1.36056e+00 
2.7 2.75 2.8 8.41535e+01 1.30307e+00 5.44575e+01 8.36935e-01 1.35459e+02 2.12241e+00 5.88209e+01 9.07456e-01 7.79285e+01 1.20218e+00 1.24965e+02 1.94403e+00 9.12520e+01 1.42328e+00 
2.8 2.85 2.9 7.51231e+01 1.31619e+00 4.85527e+01 8.42244e-01 1.21004e+02 2.15108e+00 5.24936e+01 9.17037e-01 6.94978e+01 1.20925e+00 1.11590e+02 1.96226e+00 8.14845e+01 1.44354e+00 
2.9 2.95 3.0 6.69457e+01 1.28575e+00 4.30520e+01 8.14034e-01 1.08197e+02 2.12116e+00 4.67309e+01 8.94195e-01 6.16890e+01 1.17054e+00 9.95694e+01 1.92121e+00 7.27673e+01 1.41976e+00 
3.0 3.05 3.1 6.23369e+01 1.38599e+00 4.00737e+01 8.78219e-01 1.01061e+02 2.29366e+00 4.34775e+01 9.64783e-01 5.74679e+01 1.26211e+00 9.28082e+01 2.06866e+00 6.78991e+01 1.53756e+00 
3.1 3.15 3.2 5.09542e+01 1.19035e+00 3.26909e+01 7.58839e-01 8.30912e+01 1.97891e+00 3.55247e+01 8.28381e-01 4.68975e+01 1.09079e+00 7.58951e+01 1.77717e+00 5.58034e+01 1.32662e+00 
3.2 3.25 3.3 4.47680e+01 1.19386e+00 2.86810e+01 7.62002e-01 7.28290e+01 1.95783e+00 3.11775e+01 8.29436e-01 4.11914e+01 1.09715e+00 6.67535e+01 1.78615e+00 4.88434e+01 1.30928e+00 
3.3 3.35 3.4 3.89234e+01 1.17635e+00 2.48880e+01 7.47171e-01 6.34915e+01 1.93988e+00 2.70885e+01 8.17146e-01 3.57681e+01 1.07590e+00 5.81019e+01 1.76012e+00 4.25450e+01 1.29695e+00 
3.4 3.45 3.5 3.43387e+01 1.35105e+00 2.18053e+01 8.39198e-01 5.64775e+01 2.28948e+00 2.38751e+01 9.37468e-01 3.13662e+01 1.20959e+00 5.13165e+01 2.02412e+00 3.77998e+01 1.52842e+00 
