0.0 25.0 50.0 7.37583e-02 1.44127e-03 4.84188e-02 9.43802e-04 1.16446e-01 2.28362e-03 5.30517e-02 1.03638e-03 6.73196e-02 1.31260e-03 1.05774e-01 2.06758e-03 8.12044e-02 1.59200e-03 
50.0 75.0 100.0 3.24836e-01 2.10562e-03 2.13118e-01 1.38119e-03 5.13104e-01 3.32908e-03 2.34398e-01 1.51780e-03 2.95369e-01 1.91636e-03 4.64056e-01 3.01200e-03 3.59208e-01 2.32770e-03 
100.0 125.0 150.0 2.60963e-01 1.67322e-03 1.71263e-01 1.10014e-03 4.12074e-01 2.63810e-03 1.88596e-01 1.20654e-03 2.37004e-01 1.52588e-03 3.72136e-01 2.39248e-03 2.89009e-01 1.84534e-03 
150.0 175.0 200.0 2.30853e-01 1.61128e-03 1.51587e-01 1.05981e-03 3.64314e-01 2.53938e-03 1.66902e-01 1.16206e-03 2.09690e-01 1.46966e-03 3.29041e-01 2.30341e-03 2.55635e-01 1.77662e-03 
200.0 225.0 250.0 2.23854e-01 1.58656e-03 1.47001e-01 1.04321e-03 3.53252e-01 2.50132e-03 1.61925e-01 1.14500e-03 2.03239e-01 1.44565e-03 3.18864e-01 2.26623e-03 2.48025e-01 1.75139e-03 
250.0 275.0 300.0 2.01051e-01 1.46552e-03 1.31988e-01 9.61583e-04 3.17370e-01 2.31631e-03 1.45573e-01 1.05856e-03 1.82304e-01 1.33138e-03 2.86047e-01 2.09121e-03 2.23092e-01 1.62346e-03 
300.0 325.0 350.0 1.75633e-01 1.35226e-03 1.15229e-01 8.86579e-04 2.77529e-01 2.14421e-03 1.27291e-01 9.77255e-04 1.59004e-01 1.22694e-03 2.49676e-01 1.93302e-03 1.95310e-01 1.50378e-03 
350.0 375.0 400.0 1.44253e-01 1.19191e-03 9.45661e-02 7.78802e-04 2.28079e-01 1.89324e-03 1.04634e-01 8.61491e-04 1.30385e-01 1.07761e-03 2.04806e-01 1.69951e-03 1.60665e-01 1.32795e-03 
400.0 425.0 450.0 1.19687e-01 1.04310e-03 7.83634e-02 6.80949e-04 1.89511e-01 1.65839e-03 8.68704e-02 7.54462e-04 1.07976e-01 9.41569e-04 1.69799e-01 1.48606e-03 1.33598e-01 1.16423e-03 
450.0 475.0 500.0 1.01551e-01 9.47745e-04 6.64632e-02 6.18371e-04 1.60869e-01 1.50785e-03 7.37486e-02 6.85379e-04 9.15276e-02 8.55180e-04 1.43974e-01 1.35051e-03 1.13482e-01 1.05831e-03 
500.0 525.0 550.0 8.53993e-02 8.75241e-04 5.58077e-02 5.69682e-04 1.35521e-01 1.39635e-03 6.20280e-02 6.32680e-04 7.68421e-02 7.88169e-04 1.21055e-01 1.24782e-03 9.56159e-02 9.79551e-04 
550.0 575.0 600.0 7.24648e-02 8.15799e-04 4.72472e-02 5.27776e-04 1.15147e-01 1.30729e-03 5.26628e-02 5.89690e-04 6.50173e-02 7.30174e-04 1.02652e-01 1.16314e-03 8.12943e-02 9.16986e-04 
600.0 625.0 650.0 6.27355e-02 7.46311e-04 4.09273e-02 4.84774e-04 9.97514e-02 1.19351e-03 4.56108e-02 5.39729e-04 5.62987e-02 6.70401e-04 8.88273e-02 1.06344e-03 7.04592e-02 8.37723e-04 
650.0 675.0 700.0 5.41128e-02 7.07862e-04 3.52709e-02 4.59060e-04 8.61281e-02 1.13408e-03 3.93475e-02 5.11730e-04 4.85108e-02 6.35076e-04 7.66059e-02 1.00913e-03 6.08465e-02 7.95630e-04 
700.0 725.0 750.0 4.59794e-02 6.55462e-04 2.99361e-02 4.24288e-04 7.32790e-02 1.05257e-03 3.34462e-02 4.73845e-04 4.11573e-02 5.86960e-04 6.50619e-02 9.34419e-04 5.17919e-02 7.38418e-04 
750.0 775.0 800.0 4.04104e-02 6.19834e-04 2.61970e-02 3.98771e-04 6.44715e-02 9.95358e-04 2.93961e-02 4.48003e-04 3.61390e-02 5.55121e-04 5.71800e-02 8.83828e-04 4.55683e-02 6.98138e-04 
800.0 825.0 850.0 3.45180e-02 5.61772e-04 2.24283e-02 3.63352e-04 5.51421e-02 9.02882e-04 2.51235e-02 4.06172e-04 3.08174e-02 5.02595e-04 4.88106e-02 8.00722e-04 3.89997e-02 6.33525e-04 
850.0 875.0 900.0 2.99635e-02 5.49304e-04 1.94580e-02 3.54237e-04 4.78966e-02 8.85954e-04 2.18138e-02 3.97048e-04 2.67297e-02 4.90119e-04 4.23584e-02 7.83208e-04 3.38846e-02 6.21433e-04 
900.0 925.0 950.0 2.62247e-02 5.09353e-04 1.70189e-02 3.28943e-04 4.19532e-02 8.20171e-04 1.90926e-02 3.68169e-04 2.33783e-02 4.55131e-04 3.70719e-02 7.26248e-04 2.96809e-02 5.75303e-04 
950.0 975.0 1000.0 2.30643e-02 4.84492e-04 1.49511e-02 3.12710e-04 3.69448e-02 7.80565e-04 1.67934e-02 3.50128e-04 2.05357e-02 4.32765e-04 3.26002e-02 6.90974e-04 2.61406e-02 5.47396e-04 
1000.0 1025.0 1050.0 2.02080e-02 4.54303e-04 1.30785e-02 2.91999e-04 3.24297e-02 7.35587e-04 1.47194e-02 3.28539e-04 1.79564e-02 4.03811e-04 2.85496e-02 6.47375e-04 2.29565e-02 5.16266e-04 
1050.0 1075.0 1100.0 1.79871e-02 4.57723e-04 1.16301e-02 2.93438e-04 2.88986e-02 7.43411e-04 1.30973e-02 3.30402e-04 1.59731e-02 4.06540e-04 2.54230e-02 6.53691e-04 2.04479e-02 5.20587e-04 
1100.0 1125.0 1150.0 1.62859e-02 4.13154e-04 1.05207e-02 2.65585e-04 2.62933e-02 6.72594e-04 1.18645e-02 2.98832e-04 1.44422e-02 3.67232e-04 2.30042e-02 5.88632e-04 1.86145e-02 4.72091e-04 
1150.0 1175.0 1200.0 1.42194e-02 3.76344e-04 9.18832e-03 2.41672e-04 2.28596e-02 6.09915e-04 1.03662e-02 2.72320e-04 1.26046e-02 3.34024e-04 2.00693e-02 5.35937e-04 1.61979e-02 4.28349e-04 
1200.0 1225.0 1250.0 1.29637e-02 3.82099e-04 8.36398e-03 2.45122e-04 2.08781e-02 6.19883e-04 9.44441e-03 2.76173e-04 1.14814e-02 3.39171e-04 1.83115e-02 5.44855e-04 1.47820e-02 4.34770e-04 
1250.0 1275.0 1300.0 1.20478e-02 3.85858e-04 7.76759e-03 2.47561e-04 1.94198e-02 6.25974e-04 8.77602e-03 2.78885e-04 1.06641e-02 3.42554e-04 1.70204e-02 5.50219e-04 1.37472e-02 4.39043e-04 
1300.0 1325.0 1350.0 1.05811e-02 3.50548e-04 6.80998e-03 2.23992e-04 1.70890e-02 5.71242e-04 7.71429e-03 2.53706e-04 9.34120e-03 3.09519e-04 1.49331e-02 4.99061e-04 1.21095e-02 4.01295e-04 
1350.0 1375.0 1400.0 9.88445e-03 3.46631e-04 6.35466e-03 2.21434e-04 1.59856e-02 5.65111e-04 7.19968e-03 2.50502e-04 8.72472e-03 3.06426e-04 1.39655e-02 4.94355e-04 1.13149e-02 3.96272e-04 
1400.0 1425.0 1450.0 8.30077e-03 3.20290e-04 5.33347e-03 2.04569e-04 1.34319e-02 5.22256e-04 6.05108e-03 2.31544e-04 7.31675e-03 2.83002e-04 1.17165e-02 4.56608e-04 9.51669e-03 3.66384e-04 
1450.0 1475.0 1500.0 7.71477e-03 3.00456e-04 4.95658e-03 1.92068e-04 1.24847e-02 4.89333e-04 5.62471e-03 2.17434e-04 6.79874e-03 2.65423e-04 1.08877e-02 4.27809e-04 8.84700e-03 3.43696e-04 
1500.0 1525.0 1550.0 6.72696e-03 3.08434e-04 4.31725e-03 1.96835e-04 1.08998e-02 5.03370e-04 4.90571e-03 2.22920e-04 5.92030e-03 2.72363e-04 9.49088e-03 4.39838e-04 7.72597e-03 3.53020e-04 
1550.0 1575.0 1600.0 6.16234e-03 3.02939e-04 3.94769e-03 1.92668e-04 1.00060e-02 4.96360e-04 4.49148e-03 2.19099e-04 5.41571e-03 2.68245e-04 8.69930e-03 4.34811e-04 7.08774e-03 3.48365e-04 
1600.0 1625.0 1650.0 5.69961e-03 2.86964e-04 3.65603e-03 1.82882e-04 9.23989e-03 4.69072e-04 4.15722e-03 2.07605e-04 5.01271e-03 2.52796e-04 8.03966e-03 4.08736e-04 6.55089e-03 3.29331e-04 
1650.0 1675.0 1700.0 5.23701e-03 2.87910e-04 3.35213e-03 1.83815e-04 8.51134e-03 4.69616e-04 3.81945e-03 2.08532e-04 4.59641e-03 2.53788e-04 7.38804e-03 4.09515e-04 6.03352e-03 3.30169e-04 
1700.0 1725.0 1750.0 5.24964e-03 3.56317e-04 3.35499e-03 2.25643e-04 8.54790e-03 5.86903e-04 3.82222e-03 2.56823e-04 4.60815e-03 3.13057e-04 7.42094e-03 5.09774e-04 6.04723e-03 4.10225e-04 
1750.0 1775.0 1800.0 4.40691e-03 3.15509e-04 2.81959e-03 2.00837e-04 7.16473e-03 5.16297e-04 3.21791e-03 2.28627e-04 3.86157e-03 2.77171e-04 6.20807e-03 4.48512e-04 5.08625e-03 3.63213e-04 
1800.0 1825.0 1850.0 3.98278e-03 2.93361e-04 2.54249e-03 1.85972e-04 6.49284e-03 4.82507e-04 2.90276e-03 2.11877e-04 3.48857e-03 2.57490e-04 5.62337e-03 4.18722e-04 4.59876e-03 3.38042e-04 
1850.0 1875.0 1900.0 3.71217e-03 2.83566e-04 2.36643e-03 1.79890e-04 6.06093e-03 4.65941e-04 2.70887e-03 2.05304e-04 3.24300e-03 2.48473e-04 5.23337e-03 4.03510e-04 4.29932e-03 3.27453e-04 
1900.0 1925.0 1950.0 3.03251e-03 2.50976e-04 1.92974e-03 1.58987e-04 4.96139e-03 4.13032e-04 2.21064e-03 1.81374e-04 2.64726e-03 2.20007e-04 4.28064e-03 3.57937e-04 3.51492e-03 2.89622e-04 
1950.0 1975.0 2000.0 2.81324e-03 2.51668e-04 1.79367e-03 1.59515e-04 4.59263e-03 4.14052e-04 2.05348e-03 1.81917e-04 2.45736e-03 2.20680e-04 3.96496e-03 3.58851e-04 3.25865e-03 2.90387e-04 
2000.0 2025.0 2050.0 2.90177e-03 2.49356e-04 1.84723e-03 1.58090e-04 4.74458e-03 4.09907e-04 2.11979e-03 1.80888e-04 2.52872e-03 2.17931e-04 4.08561e-03 3.54007e-04 3.36988e-03 2.88733e-04 
2050.0 2075.0 2100.0 2.54297e-03 2.39044e-04 1.61553e-03 1.51072e-04 4.16804e-03 3.94439e-04 1.85609e-03 1.73138e-04 2.21343e-03 2.08572e-04 3.58414e-03 3.40008e-04 2.95731e-03 2.77300e-04 
2100.0 2125.0 2150.0 2.18702e-03 2.08505e-04 1.39140e-03 1.31934e-04 3.57807e-03 3.43488e-04 1.59814e-03 1.51104e-04 1.90416e-03 1.82057e-04 3.07820e-03 2.96370e-04 2.54227e-03 2.41661e-04 
2150.0 2175.0 2200.0 1.56373e-03 1.62007e-04 9.94808e-04 1.02539e-04 2.65340e-03 2.74137e-04 1.14408e-03 1.17363e-04 1.35975e-03 1.41552e-04 2.19785e-03 2.30398e-04 1.88751e-03 1.92858e-04 
2200.0 2225.0 2250.0 1.46734e-03 1.73376e-04 9.33914e-04 1.10118e-04 2.39884e-03 2.84355e-04 1.07584e-03 1.26299e-04 1.27378e-03 1.51156e-04 2.05696e-03 2.44899e-04 1.71124e-03 2.01293e-04 
2250.0 2275.0 2300.0 1.07916e-03 1.16440e-04 6.85105e-04 7.36003e-05 1.76927e-03 1.91955e-04 7.92302e-04 8.49029e-05 9.33149e-04 1.00940e-04 1.51044e-03 1.64308e-04 1.26407e-03 1.36033e-04 
2300.0 2325.0 2350.0 1.52213e-03 1.94577e-04 9.64124e-04 1.22676e-04 2.50276e-03 3.21847e-04 1.11239e-03 1.41061e-04 1.31925e-03 1.69218e-04 2.14211e-03 2.76442e-04 1.77839e-03 2.26537e-04 
2350.0 2375.0 2400.0 1.21157e-03 1.50082e-04 7.65438e-04 9.40672e-05 1.99836e-03 2.50078e-04 8.86083e-04 1.08787e-04 1.04656e-03 1.29764e-04 1.70359e-03 2.13264e-04 1.42111e-03 1.75966e-04 
2400.0 2425.0 2450.0 8.38598e-04 1.03468e-04 5.31976e-04 6.54172e-05 1.37606e-03 1.70569e-04 6.16422e-04 7.55810e-05 7.23696e-04 8.95449e-05 1.17202e-03 1.45676e-04 9.84554e-04 1.21131e-04 
2450.0 2475.0 2500.0 9.39692e-04 1.24318e-04 5.92708e-04 7.78230e-05 1.55265e-03 2.07384e-04 6.87095e-04 8.99181e-05 8.10604e-04 1.07594e-04 1.32170e-03 1.77132e-04 1.10388e-03 1.45547e-04 
2500.0 2525.0 2550.0 1.07935e-03 1.49450e-04 6.80554e-04 9.33655e-05 1.78364e-03 2.49779e-04 7.90118e-04 1.08594e-04 9.29662e-04 1.28479e-04 1.51597e-03 2.11755e-04 1.26989e-03 1.76261e-04 
2550.0 2575.0 2600.0 7.17938e-04 9.89186e-05 4.83017e-04 6.97814e-05 1.18271e-03 1.64432e-04 5.60410e-04 8.06356e-05 6.18522e-04 8.55470e-05 1.07115e-03 1.57568e-04 8.98388e-04 1.30013e-04 
2600.0 2625.0 2650.0 8.25746e-04 9.56348e-05 5.21631e-04 5.99686e-05 1.36147e-03 1.59149e-04 6.05060e-04 6.94485e-05 7.11886e-04 8.25785e-05 1.15844e-03 1.35609e-04 9.70463e-04 1.12232e-04 
2650.0 2675.0 2700.0 5.37577e-04 7.27892e-05 3.39050e-04 4.56464e-05 8.87963e-04 1.21079e-04 3.94288e-04 5.29528e-05 4.62262e-04 6.27498e-05 7.53327e-04 1.02997e-04 6.33644e-04 8.55746e-05 
2700.0 2725.0 2750.0 5.76341e-04 7.33696e-05 3.63965e-04 4.60921e-05 9.50417e-04 1.21787e-04 4.23347e-04 5.35174e-05 4.95497e-04 6.31887e-05 8.06202e-04 1.03489e-04 6.79428e-04 8.63395e-05 
2750.0 2775.0 2800.0 5.61311e-04 7.26295e-05 3.53822e-04 4.55075e-05 9.31394e-04 1.22000e-04 4.11894e-04 5.29239e-05 4.82158e-04 6.24480e-05 7.86094e-04 1.02563e-04 6.64776e-04 8.63350e-05 
2800.0 2825.0 2850.0 4.62094e-04 5.83830e-05 2.90429e-04 3.65427e-05 7.66340e-04 9.73454e-05 3.38940e-04 4.25107e-05 3.95945e-04 5.01848e-05 6.47500e-04 8.25176e-05 5.46879e-04 6.88701e-05 
2850.0 2875.0 2900.0 5.24193e-04 6.71276e-05 3.29715e-04 4.21446e-05 8.68361e-04 1.11528e-04 3.84665e-04 4.90212e-05 4.49309e-04 5.77060e-05 7.34092e-04 9.45528e-05 6.20064e-04 7.91689e-05 
2900.0 2925.0 2950.0 6.97468e-04 1.19211e-04 4.36378e-04 7.41258e-05 1.16301e-03 2.00424e-04 5.09715e-04 8.64338e-05 5.97103e-04 1.02233e-04 9.81565e-04 1.69347e-04 8.26363e-04 1.41082e-04 
2950.0 2975.0 3000.0 2.75894e-04 3.83696e-05 1.71907e-04 2.38660e-05 4.57603e-04 6.42052e-05 2.00994e-04 2.79005e-05 2.33589e-04 3.26386e-05 3.85128e-04 5.39806e-05 3.27755e-04 4.56165e-05 
3000.0 3025.0 3050.0 3.55200e-04 5.11396e-05 2.22508e-04 3.18739e-05 5.91124e-04 8.56460e-05 2.60653e-04 3.73061e-05 3.03215e-04 4.36944e-05 4.97427e-04 7.21175e-05 4.22097e-04 6.07354e-05 
3050.0 3075.0 3100.0 3.26663e-04 4.53114e-05 2.05387e-04 2.83676e-05 5.41289e-04 7.54996e-05 2.40310e-04 3.31355e-05 2.79179e-04 3.87887e-05 4.56109e-04 6.37145e-05 3.87642e-04 5.36867e-05 
3100.0 3125.0 3150.0 2.27260e-04 3.28099e-05 1.42944e-04 2.03992e-05 3.99691e-04 5.95211e-05 1.67414e-04 2.39595e-05 1.94028e-04 2.79295e-05 3.16831e-04 4.62209e-05 2.86721e-04 4.23204e-05 
3150.0 3175.0 3200.0 2.27389e-04 3.68535e-05 1.42078e-04 2.29136e-05 3.79340e-04 6.18478e-05 1.67474e-04 2.70033e-05 1.92906e-04 3.12735e-05 3.17064e-04 5.17031e-05 2.72043e-04 4.40863e-05 
3200.0 3225.0 3250.0 2.15213e-04 2.94557e-05 1.34980e-04 1.84204e-05 3.57525e-04 4.91238e-05 1.58549e-04 2.15881e-05 1.83214e-04 2.51323e-05 2.99997e-04 4.13127e-05 2.56467e-04 3.50222e-05 
3250.0 3275.0 3300.0 1.85065e-04 2.81779e-05 1.16259e-04 1.76411e-05 3.06884e-04 4.69479e-05 1.36450e-04 2.06344e-05 1.57675e-04 2.40885e-05 2.57732e-04 3.95611e-05 2.20349e-04 3.34354e-05 
3300.0 3325.0 3350.0 1.88748e-04 2.69238e-05 1.18161e-04 1.67701e-05 3.14167e-04 4.50916e-05 1.38915e-04 1.97039e-05 1.60549e-04 2.29159e-05 2.63411e-04 3.78267e-05 2.25116e-04 3.20962e-05 
3350.0 3375.0 3400.0 1.13784e-04 1.76365e-05 7.14795e-05 1.09677e-05 1.88696e-04 2.96191e-05 8.41531e-05 1.29290e-05 9.66374e-05 1.49586e-05 1.57898e-04 2.47324e-05 1.35955e-04 2.11156e-05 
3400.0 3425.0 3450.0 1.23357e-04 2.07882e-05 8.25169e-05 1.41203e-05 2.05378e-04 3.47316e-05 9.75358e-05 1.67069e-05 1.11974e-04 1.92974e-05 1.71649e-04 2.91400e-05 1.47585e-04 2.47753e-05 
3450.0 3475.0 3500.0 1.24758e-04 2.21811e-05 7.80202e-05 1.37900e-05 2.07935e-04 3.72446e-05 9.17531e-05 1.61542e-05 1.06085e-04 1.89351e-05 1.74267e-04 3.13418e-05 1.48859e-04 2.63589e-05 
3500.0 3525.0 3550.0 1.56355e-04 3.19571e-05 9.77559e-05 1.99450e-05 2.60582e-04 5.33875e-05 1.15280e-04 2.35006e-05 1.32583e-04 2.71203e-05 2.17733e-04 4.46372e-05 1.87117e-04 3.82183e-05 
3550.0 3575.0 3600.0 8.92605e-05 1.53847e-05 5.58959e-05 9.60772e-06 1.48500e-04 2.56882e-05 6.58711e-05 1.12880e-05 7.57425e-05 1.30946e-05 1.24174e-04 2.15483e-05 1.06744e-04 1.83403e-05 
3600.0 3625.0 3650.0 4.78264e-05 7.30953e-06 3.00421e-05 4.55804e-06 7.92706e-05 1.22271e-05 3.54360e-05 5.36967e-06 4.05454e-05 6.20445e-06 6.62249e-05 1.02255e-05 5.72450e-05 8.73972e-06 
3650.0 3675.0 3700.0 1.55586e-04 3.30531e-05 8.75115e-05 1.80723e-05 2.60810e-04 5.56502e-05 1.14403e-04 2.42287e-05 1.18989e-04 2.46630e-05 2.17350e-04 4.63440e-05 1.86687e-04 3.96876e-05 
3700.0 3725.0 3750.0 7.81711e-05 1.58929e-05 4.86779e-05 9.86657e-06 1.30903e-04 2.67289e-05 5.76540e-05 1.16504e-05 6.59965e-05 1.34581e-05 1.08824e-04 2.22836e-05 9.40220e-05 1.90604e-05 
3750.0 3775.0 3800.0 7.31521e-05 1.27136e-05 4.55302e-05 7.89123e-06 1.22543e-04 2.13737e-05 5.39587e-05 9.32905e-06 6.17230e-05 1.07541e-05 1.01817e-04 1.78036e-05 8.80372e-05 1.52627e-05 
3800.0 3825.0 3850.0 1.01895e-04 2.27671e-05 6.33085e-05 1.40610e-05 1.71068e-04 3.85358e-05 7.51130e-05 1.66781e-05 8.58742e-05 1.91899e-05 1.41940e-04 3.19582e-05 1.22790e-04 2.74435e-05 
3850.0 3875.0 3900.0 2.85744e-05 6.52232e-06 1.77923e-05 4.02609e-06 4.78478e-05 1.10388e-05 2.11717e-05 4.79213e-06 2.40107e-05 5.47877e-06 3.95643e-05 9.12043e-06 3.45514e-05 7.89235e-06 
3900.0 3925.0 3950.0 6.22151e-05 1.20262e-05 3.54005e-05 6.68838e-06 1.04466e-04 2.02857e-05 4.60147e-05 8.86254e-06 5.22308e-05 1.00954e-05 8.63160e-05 1.67564e-05 7.52869e-05 1.45566e-05 
3950.0 3975.0 4000.0 1.61827e-05 3.42652e-06 1.01720e-05 2.15455e-06 2.67734e-05 5.66958e-06 1.21038e-05 2.55310e-06 1.97715e-05 4.10170e-06 2.21566e-05 4.71218e-06 1.95523e-05 4.12222e-06 
