-3.5 -3.45 -3.4 2.29481e+01 6.89891e-01 1.39547e+01 4.15727e-01 3.96882e+01 1.21300e+00 1.57290e+01 4.70687e-01 2.03640e+01 6.09620e-01 3.49061e+01 1.05541e+00 2.61006e+01 7.93455e-01 
-3.4 -3.35 -3.3 3.06027e+01 7.42144e-01 1.88755e+01 4.55377e-01 5.26516e+01 1.29564e+00 2.09834e+01 5.06313e-01 2.75349e+01 6.67659e-01 4.65288e+01 1.13543e+00 3.46416e+01 8.47213e-01 
-3.3 -3.25 -3.2 4.06226e+01 8.46228e-01 2.51911e+01 5.62098e-01 6.86730e+01 1.44321e+00 2.78920e+01 5.78332e-01 3.66993e+01 8.22103e-01 6.16598e+01 1.29196e+00 4.52596e+01 9.45838e-01 
-3.2 -3.15 -3.1 5.50090e+01 1.04645e+00 3.42786e+01 6.42322e-01 9.24352e+01 1.80010e+00 3.77757e+01 7.15716e-01 4.99292e+01 9.39495e-01 8.34814e+01 1.59608e+00 6.09311e+01 1.18090e+00 
-3.1 -3.05 -3.0 6.88281e+01 1.17624e+00 4.31856e+01 7.33297e-01 1.14721e+02 1.98715e+00 4.73124e+01 8.04296e-01 6.28417e+01 1.07299e+00 1.04328e+02 1.79466e+00 7.57154e+01 1.30343e+00 
-3.0 -2.95 -2.9 8.99038e+01 1.58758e+00 5.66403e+01 9.65462e-01 1.49177e+02 2.76597e+00 6.18129e+01 1.08410e+00 8.24008e+01 1.41387e+00 1.36240e+02 2.42621e+00 9.84760e+01 1.80988e+00 
-2.9 -2.85 -2.8 1.09804e+02 1.50921e+00 6.96714e+01 9.48153e-01 1.80642e+02 2.52428e+00 7.55314e+01 1.03186e+00 1.01312e+02 1.38721e+00 1.66300e+02 2.30304e+00 1.19320e+02 1.65492e+00 
-2.8 -2.75 -2.7 1.31164e+02 1.73443e+00 8.35973e+01 1.08616e+00 2.14690e+02 2.91611e+00 9.02771e+01 1.18516e+00 1.21494e+02 1.58978e+00 1.98513e+02 2.64867e+00 1.41914e+02 1.90987e+00 
-2.7 -2.65 -2.6 1.57802e+02 1.75395e+00 1.01093e+02 1.12176e+00 2.56739e+02 2.87095e+00 1.08681e+02 1.20020e+00 1.46829e+02 1.63994e+00 2.38643e+02 2.67378e+00 1.69844e+02 1.88436e+00 
-2.6 -2.55 -2.5 1.80408e+02 1.84694e+00 1.16060e+02 1.18726e+00 2.92084e+02 3.00417e+00 1.24319e+02 1.26431e+00 1.68475e+02 1.73512e+00 2.72647e+02 2.81426e+00 1.93357e+02 1.97281e+00 
-2.5 -2.45 -2.4 2.13459e+02 2.00056e+00 1.37600e+02 1.28281e+00 3.44814e+02 3.26302e+00 1.47144e+02 1.37032e+00 1.99674e+02 1.87339e+00 3.22466e+02 3.04603e+00 2.28354e+02 2.14405e+00 
-2.4 -2.35 -2.3 2.40005e+02 2.14134e+00 1.55198e+02 1.37526e+00 3.86318e+02 3.48814e+00 1.65520e+02 1.46766e+00 2.25109e+02 2.00720e+00 3.62366e+02 3.25791e+00 2.55987e+02 2.29378e+00 
-2.3 -2.25 -2.2 2.73731e+02 2.33788e+00 1.77316e+02 1.49741e+00 4.39808e+02 3.82602e+00 1.88864e+02 1.60255e+00 2.57074e+02 2.18522e+00 4.13065e+02 3.55654e+00 2.91596e+02 2.51488e+00 
-2.2 -2.15 -2.1 3.10304e+02 2.40105e+00 2.01746e+02 1.55053e+00 4.96358e+02 3.88570e+00 2.14178e+02 1.64594e+00 2.92389e+02 2.26269e+00 4.68047e+02 3.65243e+00 3.29232e+02 2.55573e+00 
-2.1 -2.05 -2.0 3.41232e+02 2.52966e+00 2.22213e+02 1.63507e+00 5.44841e+02 4.09670e+00 2.35634e+02 1.73383e+00 3.21903e+02 2.38629e+00 5.14413e+02 3.84885e+00 3.61586e+02 2.68919e+00 
-2.0 -1.95 -1.9 3.77032e+02 2.66080e+00 2.45979e+02 1.71733e+00 6.00734e+02 4.31129e+00 2.60459e+02 1.82586e+00 3.56191e+02 2.50375e+00 5.68111e+02 4.04254e+00 3.98878e+02 2.83954e+00 
-1.9 -1.85 -1.8 4.10020e+02 2.75183e+00 2.68089e+02 1.79147e+00 6.51609e+02 4.40924e+00 2.83274e+02 1.88608e+00 3.88176e+02 2.61486e+00 6.17760e+02 4.18709e+00 4.32705e+02 2.89959e+00 
-1.8 -1.75 -1.7 4.47861e+02 2.87556e+00 2.93278e+02 1.86722e+00 7.10497e+02 4.62282e+00 3.09528e+02 1.97248e+00 4.24497e+02 2.72313e+00 6.74485e+02 4.37098e+00 4.72013e+02 3.04290e+00 
-1.7 -1.65 -1.6 4.79957e+02 2.91772e+00 3.14928e+02 1.90281e+00 7.59598e+02 4.66484e+00 3.31838e+02 2.00180e+00 4.55664e+02 2.77451e+00 7.22491e+02 4.43401e+00 5.04871e+02 3.07131e+00 
-1.6 -1.55 -1.5 5.21079e+02 3.05767e+00 3.42424e+02 1.99759e+00 8.23216e+02 4.87716e+00 3.60396e+02 2.09847e+00 4.95276e+02 2.91196e+00 7.84059e+02 4.64500e+00 5.47397e+02 3.21255e+00 
-1.5 -1.45 -1.4 5.52100e+02 3.14374e+00 3.63246e+02 2.05735e+00 8.71015e+02 5.00493e+00 3.81912e+02 2.15676e+00 5.25311e+02 3.00012e+00 8.30590e+02 4.77796e+00 5.79284e+02 3.29513e+00 
-1.4 -1.35 -1.3 5.93655e+02 3.42456e+00 3.90975e+02 2.22626e+00 9.35478e+02 5.49775e+00 4.10740e+02 2.34711e+00 5.65298e+02 3.24900e+00 8.92890e+02 5.21101e+00 6.22307e+02 3.61419e+00 
-1.3 -1.25 -1.2 6.23001e+02 3.40000e+00 4.11032e+02 2.22445e+00 9.79654e+02 5.41528e+00 4.31091e+02 2.33265e+00 5.94239e+02 3.24347e+00 9.36905e+02 5.16715e+00 6.51791e+02 3.56510e+00 
-1.2 -1.15 -1.1 6.43832e+02 3.38720e+00 4.25062e+02 2.21759e+00 1.01160e+03 5.38912e+00 4.45622e+02 2.32452e+00 6.14362e+02 3.23259e+00 9.67937e+02 5.14590e+00 6.73249e+02 3.54920e+00 
-1.1 -1.05 -1.0 6.81441e+02 3.45853e+00 4.50423e+02 2.27009e+00 1.06917e+03 5.48388e+00 4.71725e+02 2.37396e+00 6.50923e+02 3.30854e+00 1.02429e+03 5.25303e+00 7.11700e+02 3.61264e+00 
-1.0 -0.95 -0.9 7.04043e+02 3.59647e+00 4.65601e+02 2.35352e+00 1.10399e+03 5.72712e+00 4.87455e+02 2.46857e+00 6.72740e+02 3.43013e+00 1.05805e+03 5.46266e+00 7.35029e+02 3.77255e+00 
-0.9 -0.85 -0.8 7.34879e+02 3.58863e+00 4.86474e+02 2.35681e+00 1.15095e+03 5.68699e+00 5.08898e+02 2.46497e+00 7.02775e+02 3.43282e+00 1.10415e+03 5.44601e+00 7.66473e+02 3.75011e+00 
-0.8 -0.75 -0.7 7.54547e+02 3.65193e+00 4.99730e+02 2.40021e+00 1.18111e+03 5.78224e+00 5.22557e+02 2.50761e+00 7.21872e+02 3.49705e+00 1.13360e+03 5.54439e+00 7.86623e+02 3.81101e+00 
-0.7 -0.65 -0.6 7.71683e+02 3.70121e+00 5.11292e+02 2.42753e+00 1.20733e+03 5.87873e+00 5.34582e+02 2.54142e+00 7.38359e+02 3.53681e+00 1.15894e+03 5.61925e+00 8.04378e+02 3.87442e+00 
-0.6 -0.55 -0.5 7.89449e+02 3.70723e+00 5.23498e+02 2.44189e+00 1.23388e+03 5.85278e+00 5.46876e+02 2.54560e+00 7.56007e+02 3.55777e+00 1.18566e+03 5.62834e+00 8.22036e+02 3.85759e+00 
-0.5 -0.45 -0.4 8.00127e+02 3.66989e+00 5.30869e+02 2.42025e+00 1.24973e+03 5.78431e+00 5.54407e+02 2.52103e+00 7.66469e+02 3.52479e+00 1.20135e+03 5.56876e+00 8.32853e+02 3.81449e+00 
-0.4 -0.35 -0.3 8.22902e+02 3.76846e+00 5.46231e+02 2.48402e+00 1.28460e+03 5.94400e+00 5.70143e+02 2.58754e+00 7.88711e+02 3.61921e+00 1.23566e+03 5.72168e+00 8.56009e+02 3.91726e+00 
-0.3 -0.25 -0.2 8.28758e+02 3.84361e+00 5.50131e+02 2.52595e+00 1.29371e+03 6.08680e+00 5.74261e+02 2.63848e+00 7.94260e+02 3.68098e+00 1.24430e+03 5.83746e+00 8.62187e+02 4.00984e+00 
-0.2 -0.15 -0.1 8.26218e+02 3.73668e+00 5.48702e+02 2.46591e+00 1.28900e+03 5.88480e+00 5.72577e+02 2.56700e+00 7.92096e+02 3.59119e+00 1.24029e+03 5.66992e+00 8.59190e+02 3.88092e+00 
-0.1 -0.05 0.0 8.41651e+02 3.90285e+00 5.58796e+02 2.56689e+00 1.31356e+03 6.17597e+00 5.83203e+02 2.67961e+00 8.06759e+02 3.74026e+00 1.26364e+03 5.92625e+00 8.75426e+02 4.06979e+00 
0.0 0.05 0.1 8.35156e+02 3.75955e+00 5.54673e+02 2.47802e+00 1.30295e+03 5.93304e+00 5.78736e+02 2.58216e+00 8.00762e+02 3.60950e+00 1.25380e+03 5.70620e+00 8.68419e+02 3.91138e+00 
0.1 0.15 0.2 8.33582e+02 3.87558e+00 5.53656e+02 2.55153e+00 1.30030e+03 6.12365e+00 5.77570e+02 2.66160e+00 7.99400e+02 3.71700e+00 1.25164e+03 5.88295e+00 8.66518e+02 4.03679e+00 
0.2 0.25 0.3 8.27512e+02 3.77645e+00 5.49284e+02 2.48937e+00 1.29183e+03 5.95630e+00 5.73418e+02 2.59416e+00 7.93007e+02 3.62551e+00 1.24237e+03 5.73073e+00 8.60969e+02 3.92765e+00 
0.3 0.35 0.4 8.22817e+02 3.86964e+00 5.46098e+02 2.54423e+00 1.28468e+03 6.12370e+00 5.70101e+02 2.65718e+00 7.88498e+02 3.70678e+00 1.23549e+03 5.87478e+00 8.56096e+02 4.03622e+00 
0.4 0.45 0.5 8.08073e+02 3.76890e+00 5.36214e+02 2.48345e+00 1.26193e+03 5.94771e+00 5.59872e+02 2.58776e+00 7.74244e+02 3.61856e+00 1.21338e+03 5.72256e+00 8.40911e+02 3.91968e+00 
0.5 0.55 0.6 7.92524e+02 3.83988e+00 5.25765e+02 2.52344e+00 1.23802e+03 6.08059e+00 5.49006e+02 2.63530e+00 7.59286e+02 3.67838e+00 1.19028e+03 5.83348e+00 8.24803e+02 4.00492e+00 
0.6 0.65 0.7 7.73483e+02 3.72496e+00 5.12500e+02 2.43787e+00 1.20985e+03 5.91699e+00 5.35747e+02 2.55777e+00 7.40213e+02 3.55185e+00 1.16186e+03 5.65515e+00 8.05902e+02 3.89972e+00 
0.7 0.75 0.8 7.51865e+02 3.59000e+00 4.98102e+02 2.36662e+00 1.17645e+03 5.66149e+00 5.20819e+02 2.46546e+00 7.19361e+02 3.44769e+00 1.12926e+03 5.44942e+00 7.83749e+02 3.73227e+00 
0.8 0.85 0.9 7.38045e+02 3.58373e+00 4.88618e+02 2.35658e+00 1.15578e+03 5.67020e+00 5.11059e+02 2.46111e+00 7.05914e+02 3.43301e+00 1.10899e+03 5.43992e+00 7.69626e+02 3.73782e+00 
0.9 0.95 1.0 7.04610e+02 3.51359e+00 4.65875e+02 2.30680e+00 1.10423e+03 5.55984e+00 4.87876e+02 2.41172e+00 6.73557e+02 3.36717e+00 1.05883e+03 5.33679e+00 7.35248e+02 3.66261e+00 
1.0 1.05 1.1 6.77588e+02 3.44420e+00 4.47788e+02 2.25746e+00 1.06338e+03 5.47203e+00 4.69159e+02 2.36621e+00 6.46978e+02 3.28750e+00 1.01824e+03 5.22576e+00 7.08038e+02 3.60909e+00 
1.1 1.15 1.2 6.49238e+02 3.41786e+00 4.28689e+02 2.24192e+00 1.01993e+03 5.42483e+00 4.49372e+02 2.34525e+00 6.19590e+02 3.26857e+00 9.76041e+02 5.19336e+00 6.78810e+02 3.57225e+00 
1.2 1.25 1.3 6.18598e+02 3.36656e+00 4.07803e+02 2.19738e+00 9.73723e+02 5.37571e+00 4.28101e+02 2.30997e+00 5.89486e+02 3.20336e+00 9.30141e+02 5.11567e+00 6.47934e+02 3.53918e+00 
1.3 1.35 1.4 5.88784e+02 3.20026e+00 3.88028e+02 2.09881e+00 9.27037e+02 5.07999e+00 4.07363e+02 2.19671e+00 5.61051e+02 3.05902e+00 8.85582e+02 4.86068e+00 6.16689e+02 3.34689e+00 
1.4 1.45 1.5 5.54108e+02 3.12412e+00 3.64615e+02 2.04204e+00 8.74706e+02 4.99491e+00 3.83324e+02 2.14458e+00 5.27257e+02 2.97596e+00 8.33542e+02 4.74453e+00 5.81764e+02 3.29050e+00 
1.5 1.55 1.6 5.18235e+02 3.07833e+00 3.40295e+02 2.00743e+00 8.19066e+02 4.91902e+00 3.58220e+02 2.11156e+00 4.92244e+02 2.92604e+00 7.79893e+02 4.67607e+00 5.44554e+02 3.24034e+00 
1.6 1.65 1.7 4.81190e+02 2.92683e+00 3.15498e+02 1.90634e+00 7.62266e+02 4.68680e+00 3.32725e+02 2.00904e+00 4.56439e+02 2.77837e+00 7.24254e+02 4.44518e+00 5.06707e+02 3.08779e+00 
1.7 1.75 1.8 4.55583e+02 2.96583e+00 2.98378e+02 1.93069e+00 7.22635e+02 4.75331e+00 3.14802e+02 2.03260e+00 4.31964e+02 2.81818e+00 6.86283e+02 4.51306e+00 4.79958e+02 3.12537e+00 
1.8 1.85 1.9 4.12885e+02 2.73695e+00 2.70016e+02 1.77631e+00 6.55975e+02 4.40071e+00 2.85227e+02 1.87764e+00 3.90999e+02 2.59030e+00 6.22145e+02 4.15962e+00 4.35556e+02 2.89730e+00 
1.9 1.95 2.0 3.78352e+02 2.65796e+00 2.46895e+02 1.71795e+00 6.02674e+02 4.29695e+00 2.61348e+02 1.82381e+00 3.57546e+02 2.50462e+00 5.70159e+02 4.03847e+00 4.00121e+02 2.82959e+00 
2.0 2.05 2.1 3.44264e+02 2.55093e+00 2.24222e+02 1.65087e+00 5.49578e+02 4.11663e+00 2.37708e+02 1.74910e+00 3.24839e+02 2.40855e+00 5.19038e+02 3.87929e+00 3.64694e+02 2.70841e+00 
2.1 2.15 2.2 3.04399e+02 2.40506e+00 1.97794e+02 1.54637e+00 4.87230e+02 3.91304e+00 2.10153e+02 1.64949e+00 2.86591e+02 2.25542e+00 4.59003e+02 3.65620e+00 3.23272e+02 2.57518e+00 
2.2 2.25 2.3 2.74207e+02 2.26141e+00 1.77886e+02 1.46128e+00 4.39717e+02 3.65703e+00 1.89195e+02 1.54914e+00 2.57901e+02 2.13396e+00 4.13777e+02 3.44292e+00 2.91537e+02 2.40335e+00 
2.3 2.35 2.4 2.42648e+02 2.17251e+00 1.56950e+02 1.39497e+00 3.90435e+02 3.54243e+00 1.67353e+02 1.48876e+00 2.27637e+02 2.03659e+00 3.66332e+02 3.30605e+00 2.58735e+02 2.32941e+00 
2.4 2.45 2.5 2.13278e+02 2.12519e+00 1.37381e+02 1.35927e+00 3.44868e+02 3.48101e+00 1.47012e+02 1.45430e+00 1.99365e+02 1.98705e+00 3.22213e+02 3.23962e+00 2.28372e+02 2.28474e+00 
2.5 2.55 2.6 1.83476e+02 1.92563e+00 1.17835e+02 1.22137e+00 2.97962e+02 3.20162e+00 1.26424e+02 1.31904e+00 1.71061e+02 1.78362e+00 2.77307e+02 2.93175e+00 1.97224e+02 2.10372e+00 
2.6 2.65 2.7 1.57484e+02 1.72178e+00 1.00878e+02 1.09820e+00 2.56249e+02 2.82810e+00 1.08441e+02 1.17879e+00 1.46544e+02 1.60468e+00 2.38216e+02 2.62306e+00 1.69478e+02 1.85740e+00 
2.7 2.75 2.8 1.29779e+02 1.56000e+00 8.27346e+01 9.90169e-01 2.12349e+02 2.57673e+00 8.93331e+01 1.06763e+00 1.20227e+02 1.44728e+00 1.96388e+02 2.37763e+00 1.40385e+02 1.69143e+00 
2.8 2.85 2.9 1.12118e+02 1.67283e+00 7.09856e+01 1.03589e+00 1.84964e+02 2.85104e+00 7.71234e+01 1.14338e+00 1.03222e+02 1.51580e+00 1.69805e+02 2.55364e+00 1.22174e+02 1.86802e+00 
2.9 2.95 3.0 8.79439e+01 1.43218e+00 5.54385e+01 8.82469e-01 1.45795e+02 2.45654e+00 6.04734e+01 9.78156e-01 8.06426e+01 1.29221e+00 1.33248e+02 2.18820e+00 9.62609e+01 1.60800e+00 
3.0 3.05 3.1 7.13993e+01 1.17793e+00 4.48330e+01 7.34759e-01 1.18942e+02 1.98826e+00 4.90569e+01 8.05176e-01 6.52683e+01 1.07525e+00 1.08287e+02 1.79792e+00 7.84533e+01 1.30317e+00 
3.1 3.15 3.2 5.67301e+01 1.09811e+00 3.53757e+01 6.74985e-01 9.44051e+01 1.85937e+00 3.89513e+01 7.50081e-01 5.15343e+01 9.88376e-01 8.61104e+01 1.67749e+00 6.22227e+01 1.21769e+00 
3.2 3.25 3.3 3.99981e+01 8.29228e-01 2.47894e+01 5.13027e-01 6.76339e+01 1.41174e+00 2.74595e+01 5.66387e-01 3.61176e+01 7.51315e-01 6.07219e+01 1.26686e+00 4.45671e+01 9.24425e-01 
3.3 3.35 3.4 3.11399e+01 7.69554e-01 1.91170e+01 4.66006e-01 5.32544e+01 1.34525e+00 2.13600e+01 5.25223e-01 2.78758e+01 6.82942e-01 4.73228e+01 1.17682e+00 3.50540e+01 8.79957e-01 
3.4 3.45 3.5 2.16290e+01 5.83919e-01 1.31711e+01 3.53293e-01 3.73343e+01 1.02044e+00 1.48316e+01 3.98961e-01 1.92122e+01 5.17305e-01 3.28814e+01 8.91723e-01 2.45671e+01 6.68636e-01 
