0.0 25.0 50.0 0.00000e+00 0.00000e+00 0.00000e+00 0.00000e+00 0.00000e+00 0.00000e+00 0.00000e+00 0.00000e+00 0.00000e+00 0.00000e+00 0.00000e+00 0.00000e+00 0.00000e+00 0.00000e+00 
50.0 75.0 100.0 2.67527e-01 2.90782e-03 1.76543e-01 1.91061e-03 4.20127e-01 4.59559e-03 1.89500e-01 2.05891e-03 2.49243e-01 2.69853e-03 3.90796e-01 4.24987e-03 2.87621e-01 3.14461e-03 
100.0 125.0 150.0 7.31117e-01 3.93846e-03 4.82095e-01 2.59034e-03 1.14906e+00 6.21403e-03 5.20025e-01 2.79804e-03 6.77840e-01 3.64653e-03 1.06271e+00 5.73315e-03 7.90605e-01 4.26950e-03 
150.0 175.0 200.0 7.60380e-01 3.69903e-03 5.00845e-01 2.42791e-03 1.19653e+00 5.85064e-03 5.42317e-01 2.63269e-03 7.02299e-01 3.41183e-03 1.10164e+00 5.37307e-03 8.25676e-01 4.02686e-03 
200.0 225.0 250.0 6.68142e-01 3.34962e-03 4.39547e-01 2.17780e-03 1.05272e+00 5.34978e-03 4.77494e-01 2.38581e-03 6.15108e-01 3.05767e-03 9.65669e-01 4.86121e-03 7.28476e-01 3.68668e-03 
250.0 275.0 300.0 5.32076e-01 2.78039e-03 3.49553e-01 1.81422e-03 8.39769e-01 4.43011e-03 3.80920e-01 1.98225e-03 4.88318e-01 2.54504e-03 7.67416e-01 4.03064e-03 5.82333e-01 3.05650e-03 
300.0 325.0 350.0 3.97305e-01 2.26026e-03 2.60668e-01 1.47697e-03 6.27985e-01 3.59264e-03 2.84866e-01 1.61251e-03 3.63600e-01 2.07061e-03 5.72009e-01 3.27409e-03 4.36258e-01 2.48072e-03 
350.0 375.0 400.0 2.85451e-01 1.81299e-03 1.87037e-01 1.18264e-03 4.51849e-01 2.88756e-03 2.05051e-01 1.29507e-03 2.60408e-01 1.65595e-03 4.10053e-01 2.62227e-03 3.14602e-01 1.99698e-03 
400.0 425.0 450.0 1.98919e-01 1.41143e-03 1.30145e-01 9.19179e-04 3.15252e-01 2.25046e-03 1.43151e-01 1.00918e-03 1.80871e-01 1.28580e-03 2.85000e-01 2.03747e-03 2.20073e-01 1.55948e-03 
450.0 475.0 500.0 1.32535e-01 1.02517e-03 8.67030e-02 6.67949e-04 2.10133e-01 1.63440e-03 9.56857e-02 7.36095e-04 1.20108e-01 9.30490e-04 1.89240e-01 1.47362e-03 1.47192e-01 1.13740e-03 
500.0 525.0 550.0 9.14762e-02 7.76733e-04 5.98312e-02 5.05863e-04 1.45051e-01 1.23883e-03 6.62144e-02 5.59266e-04 8.26669e-02 7.02703e-04 1.30207e-01 1.11273e-03 1.01921e-01 8.64982e-04 
550.0 575.0 600.0 6.14556e-02 5.82128e-04 4.01799e-02 3.78147e-04 9.74803e-02 9.31152e-04 4.46122e-02 4.20646e-04 5.53559e-02 5.23418e-04 8.71749e-02 8.30362e-04 6.87305e-02 6.52960e-04 
600.0 625.0 650.0 4.37593e-02 4.50654e-04 2.85978e-02 2.92892e-04 6.94706e-02 7.20586e-04 3.18379e-02 3.26328e-04 3.93098e-02 4.04545e-04 6.19308e-02 6.41455e-04 4.91145e-02 5.06552e-04 
650.0 675.0 700.0 3.14002e-02 3.48120e-04 2.05136e-02 2.26521e-04 4.98410e-02 5.55508e-04 2.28989e-02 2.52808e-04 2.81322e-02 3.11972e-04 4.42978e-02 4.93616e-04 3.53340e-02 3.91851e-04 
700.0 725.0 750.0 2.21550e-02 2.78532e-04 1.44728e-02 1.80826e-04 3.51640e-02 4.45539e-04 1.61935e-02 2.02835e-04 1.98025e-02 2.48354e-04 3.11700e-02 3.93633e-04 2.49968e-02 3.15335e-04 
750.0 775.0 800.0 1.63242e-02 2.17962e-04 1.06661e-02 1.41788e-04 2.59003e-02 3.47753e-04 1.19536e-02 1.59022e-04 1.45673e-02 1.94369e-04 2.29165e-02 3.07343e-04 1.84518e-02 2.46666e-04 
800.0 825.0 850.0 1.23082e-02 1.88761e-04 8.04162e-03 1.22510e-04 1.95281e-02 3.01979e-04 9.02818e-03 1.37967e-04 1.09641e-02 1.67642e-04 1.72435e-02 2.65596e-04 1.39405e-02 2.14665e-04 
850.0 875.0 900.0 8.88823e-03 1.42173e-04 5.80744e-03 9.24524e-05 1.40999e-02 2.26892e-04 6.53042e-03 1.04094e-04 7.90485e-03 1.26290e-04 1.24278e-02 1.99632e-04 1.00852e-02 1.61616e-04 
900.0 925.0 950.0 6.94444e-03 1.23256e-04 4.53488e-03 8.00033e-05 1.10225e-02 1.97119e-04 5.11113e-03 9.04288e-05 6.16202e-03 1.09061e-04 9.68996e-03 1.72650e-04 7.90026e-03 1.40749e-04 
950.0 975.0 1000.0 5.30001e-03 1.01412e-04 3.46208e-03 6.58497e-05 8.40668e-03 1.62096e-04 3.90653e-03 7.45631e-05 4.69740e-03 8.95749e-05 7.38104e-03 1.41693e-04 6.03737e-03 1.16036e-04 
1000.0 1025.0 1050.0 4.04706e-03 8.62565e-05 2.64356e-03 5.59939e-05 6.42037e-03 1.37869e-04 2.98706e-03 6.34800e-05 3.58192e-03 7.60940e-05 5.62814e-03 1.20378e-04 4.61716e-03 9.88055e-05 
1050.0 1075.0 1100.0 3.19917e-03 7.15243e-05 2.09094e-03 4.64761e-05 5.07144e-03 1.14181e-04 2.36476e-03 5.27795e-05 2.82893e-03 6.29911e-05 4.44110e-03 9.94990e-05 3.65359e-03 8.20936e-05 
1100.0 1125.0 1150.0 2.36108e-03 5.68821e-05 1.54298e-03 3.69906e-05 3.74286e-03 9.07058e-05 1.74824e-03 4.20545e-05 2.08401e-03 5.00390e-05 3.27105e-03 7.89510e-05 2.70188e-03 6.53614e-05 
1150.0 1175.0 1200.0 1.90890e-03 5.34124e-05 1.24678e-03 3.46572e-05 3.02799e-03 8.53849e-05 1.41421e-03 3.94895e-05 1.68302e-03 4.68812e-05 2.64288e-03 7.41319e-05 2.18723e-03 6.15285e-05 
1200.0 1225.0 1250.0 1.58248e-03 4.63995e-05 1.03337e-03 3.01259e-05 2.51054e-03 7.41114e-05 1.17398e-03 3.43360e-05 1.39303e-03 4.07137e-05 2.18743e-03 6.43300e-05 1.81637e-03 5.34604e-05 
1250.0 1275.0 1300.0 1.33186e-03 4.19089e-05 8.69433e-04 2.71810e-05 2.11354e-03 6.70188e-05 9.89364e-04 3.10844e-05 1.17049e-03 3.66496e-05 1.83814e-03 5.79480e-05 1.53153e-03 4.84744e-05 
1300.0 1325.0 1350.0 9.37152e-04 3.28164e-05 6.12100e-04 2.13584e-05 1.48626e-03 5.22676e-05 6.96613e-04 2.43343e-05 8.23508e-04 2.88053e-05 1.29240e-03 4.53869e-05 1.07781e-03 3.77951e-05 
1350.0 1375.0 1400.0 8.09195e-04 3.07669e-05 5.28178e-04 1.99864e-05 1.28417e-03 4.91047e-05 6.02195e-04 2.28569e-05 7.09778e-04 2.69052e-05 1.11442e-03 4.24602e-05 9.32525e-04 3.55853e-05 
1400.0 1425.0 1450.0 6.37184e-04 2.58124e-05 4.15846e-04 1.67344e-05 1.01128e-03 4.12909e-05 4.74912e-04 1.92035e-05 5.57967e-04 2.24948e-05 8.75952e-04 3.55641e-05 7.35680e-04 2.99709e-05 
1450.0 1475.0 1500.0 4.94176e-04 2.00120e-05 3.22627e-04 1.29972e-05 7.83967e-04 3.19447e-05 3.68478e-04 1.48988e-05 4.32709e-04 1.74592e-05 6.79014e-04 2.75483e-05 5.70602e-04 2.32080e-05 
1500.0 1525.0 1550.0 3.95999e-04 1.83333e-05 2.58953e-04 1.19315e-05 6.27033e-04 2.91916e-05 2.95519e-04 1.36584e-05 3.47019e-04 1.60160e-05 5.43581e-04 2.52170e-05 4.56826e-04 2.12239e-05 
1550.0 1575.0 1600.0 3.66454e-04 2.02922e-05 2.39338e-04 1.31970e-05 5.80954e-04 3.23305e-05 2.73818e-04 1.51327e-05 3.20330e-04 1.76981e-05 5.02274e-04 2.78795e-05 4.23892e-04 2.35345e-05 
1600.0 1625.0 1650.0 2.88915e-04 1.50437e-05 1.88898e-04 9.81296e-06 4.57448e-04 2.38851e-05 2.16061e-04 1.12400e-05 2.52609e-04 1.31346e-05 3.95602e-04 2.06216e-05 3.34108e-04 1.74260e-05 
1650.0 1675.0 1700.0 2.44804e-04 1.43436e-05 1.59705e-04 9.31335e-06 3.88540e-04 2.28901e-05 1.83161e-04 1.07232e-05 2.13466e-04 1.24586e-05 3.35009e-04 1.96484e-05 2.83942e-04 1.67115e-05 
1700.0 1725.0 1750.0 2.20886e-04 1.31989e-05 1.44137e-04 8.57857e-06 3.50422e-04 2.10362e-05 1.65549e-04 9.88544e-06 1.92327e-04 1.14547e-05 3.01673e-04 1.80419e-05 2.56598e-04 1.53907e-05 
1750.0 1775.0 1800.0 1.45900e-04 9.20731e-06 9.52382e-05 5.99317e-06 2.30103e-04 1.46251e-05 1.08831e-04 6.89727e-06 1.26940e-04 7.98690e-06 1.99005e-04 1.25567e-05 1.68680e-04 1.07237e-05 
1800.0 1825.0 1850.0 1.50581e-04 1.12557e-05 9.83206e-05 7.33608e-06 2.38740e-04 1.78859e-05 1.12849e-04 8.41814e-06 1.31201e-04 9.80946e-06 2.05668e-04 1.54101e-05 1.74806e-04 1.30650e-05 
1850.0 1875.0 1900.0 1.31300e-04 9.89226e-06 8.56756e-05 6.42798e-06 2.08296e-04 1.57694e-05 9.85518e-05 7.41743e-06 1.14149e-04 8.57271e-06 1.79011e-04 1.35030e-05 1.52787e-04 1.15527e-05 
1900.0 1925.0 1950.0 8.45181e-05 6.75225e-06 5.52067e-05 4.39711e-06 1.33908e-04 1.07357e-05 6.35222e-05 5.06974e-06 7.34574e-05 5.85668e-06 1.15051e-04 9.20255e-06 9.83758e-05 7.87764e-06 
1950.0 1975.0 2000.0 7.26059e-05 5.95475e-06 4.73664e-05 3.87486e-06 1.15190e-04 9.47557e-06 5.46300e-05 4.47825e-06 6.29559e-05 5.15273e-06 9.87085e-05 8.10039e-06 8.47349e-05 6.96621e-06 
2000.0 2025.0 2050.0 8.06097e-05 7.93151e-06 5.26189e-05 5.16829e-06 1.27817e-04 1.26023e-05 6.06336e-05 5.95618e-06 6.99575e-05 6.88248e-06 1.09629e-04 1.08076e-05 9.39882e-05 9.24888e-06 
2050.0 2075.0 2100.0 6.20003e-05 6.04365e-06 4.04081e-05 3.91527e-06 9.84747e-05 9.66546e-06 4.66675e-05 4.54002e-06 5.36862e-05 5.21192e-06 8.42545e-05 8.23193e-06 7.24676e-05 7.09598e-06 
2100.0 2125.0 2150.0 5.08998e-05 5.46891e-06 3.31572e-05 3.54959e-06 8.08772e-05 8.72729e-06 3.83457e-05 4.10954e-06 4.40145e-05 4.72375e-06 6.90991e-05 7.44641e-06 5.95790e-05 6.40965e-06 
2150.0 2175.0 2200.0 4.59785e-05 4.49244e-06 2.99505e-05 2.92613e-06 7.30615e-05 7.14167e-06 3.46592e-05 3.38151e-06 3.97335e-05 3.88748e-06 6.23742e-05 6.10488e-06 5.38590e-05 5.25543e-06 
2200.0 2225.0 2250.0 3.25279e-05 3.51710e-06 2.11967e-05 2.27415e-06 5.16582e-05 5.63594e-06 2.45514e-05 2.65055e-06 2.80845e-05 3.01765e-06 4.40612e-05 4.77281e-06 3.81383e-05 4.15313e-06 
2250.0 2275.0 2300.0 3.65100e-05 4.02207e-06 2.37673e-05 2.61445e-06 5.80512e-05 6.40794e-06 2.75418e-05 3.02915e-06 3.15075e-05 3.47156e-06 4.94871e-05 5.46218e-06 4.28300e-05 4.71867e-06 
2300.0 2325.0 2350.0 1.92554e-05 2.06027e-06 1.25810e-05 1.34765e-06 3.04894e-05 3.25869e-06 1.45433e-05 1.55494e-06 1.66581e-05 1.78567e-06 2.60620e-05 2.79094e-06 2.25279e-05 2.40565e-06 
2350.0 2375.0 2400.0 1.97034e-05 2.34121e-06 1.28248e-05 1.52938e-06 3.13272e-05 3.70838e-06 1.48921e-05 1.76809e-06 1.69685e-05 2.02511e-06 2.66461e-05 3.16915e-06 2.31655e-05 2.73955e-06 
2400.0 2425.0 2450.0 1.47466e-05 1.98291e-06 9.63147e-06 1.30029e-06 2.33583e-05 3.12758e-06 1.11498e-05 1.49675e-06 1.27391e-05 1.72270e-06 1.99347e-05 2.68581e-06 1.72802e-05 2.30918e-06 
2450.0 2475.0 2500.0 1.55382e-05 1.97422e-06 1.01335e-05 1.29231e-06 2.46471e-05 3.11939e-06 1.17596e-05 1.49276e-06 1.33902e-05 1.70911e-06 2.09804e-05 2.66848e-06 1.82545e-05 2.30780e-06 
2500.0 2525.0 2550.0 1.27904e-05 1.75394e-06 8.30470e-06 1.14030e-06 2.03875e-05 2.79193e-06 9.68042e-06 1.32588e-06 1.09730e-05 1.50846e-06 1.72692e-05 2.37141e-06 1.51005e-05 2.06498e-06 
2550.0 2575.0 2600.0 1.15929e-05 1.69070e-06 7.55691e-06 1.10722e-06 1.83993e-05 2.66993e-06 8.77132e-06 1.27776e-06 9.98816e-06 1.46507e-06 1.56581e-05 2.28654e-06 1.36230e-05 1.97423e-06 
2600.0 2625.0 2650.0 8.64803e-06 1.24925e-06 5.63039e-06 8.14791e-07 1.37412e-05 1.98160e-06 6.55375e-06 9.45684e-07 7.42982e-06 1.07634e-06 1.16588e-05 1.68631e-06 1.01930e-05 1.46800e-06 
2650.0 2675.0 2700.0 6.77155e-06 1.04345e-06 4.39385e-06 6.80215e-07 1.07990e-05 1.65581e-06 5.13595e-06 7.90035e-07 5.79331e-06 8.98425e-07 9.12009e-06 1.40818e-06 8.01844e-06 1.22698e-06 
2700.0 2725.0 2750.0 5.67608e-06 9.24376e-07 3.69453e-06 6.04422e-07 9.01982e-06 1.46196e-06 4.30764e-06 7.00741e-07 4.86834e-06 7.97320e-07 7.63934e-06 1.24568e-06 6.70202e-06 1.08487e-06 
2750.0 2775.0 2800.0 3.88211e-06 6.56340e-07 2.52222e-06 4.29655e-07 6.61583e-06 1.09838e-06 2.94711e-06 4.97739e-07 3.32252e-06 5.66570e-07 5.22294e-06 8.84091e-07 4.91776e-06 8.15666e-07 
2800.0 2825.0 2850.0 3.25834e-06 5.91624e-07 2.11770e-06 3.88286e-07 5.18744e-06 9.31943e-07 2.47838e-06 4.49347e-07 2.78428e-06 5.11247e-07 4.37410e-06 7.95544e-07 3.86444e-06 6.93088e-07 
2850.0 2875.0 2900.0 2.70575e-06 4.84948e-07 1.74739e-06 3.14372e-07 4.33640e-06 7.74015e-07 2.05658e-06 3.68132e-07 2.29901e-06 4.14130e-07 3.63518e-06 6.52482e-07 3.22776e-06 5.75279e-07 
2900.0 2925.0 2950.0 3.09817e-06 5.20124e-07 2.01198e-06 3.39790e-07 4.93538e-06 8.23366e-07 2.35460e-06 3.94792e-07 2.64746e-06 4.47677e-07 4.16290e-06 6.99888e-07 3.67324e-06 6.11915e-07 
2950.0 2975.0 3000.0 3.91631e-06 6.40179e-07 2.53624e-06 4.17513e-07 6.25810e-06 1.01549e-06 2.97557e-06 4.85769e-07 3.33816e-06 5.50232e-07 5.26389e-06 8.61744e-07 4.65613e-06 7.54404e-07 
3000.0 3025.0 3050.0 2.61038e-06 4.85898e-07 1.68740e-06 3.14831e-07 4.46792e-06 8.16198e-07 1.98432e-06 3.68906e-07 2.21980e-06 4.14671e-07 3.50656e-06 6.53637e-07 3.32497e-06 6.06513e-07 
3050.0 3075.0 3100.0 1.89199e-06 3.29245e-07 1.22621e-06 2.15093e-07 3.02016e-06 5.21138e-07 1.43931e-06 2.50264e-07 1.61191e-06 2.82978e-07 2.53936e-06 4.42325e-07 2.25031e-06 3.87916e-07 
3100.0 3125.0 3150.0 1.94660e-06 3.26974e-07 1.16881e-06 2.02960e-07 3.10327e-06 5.16903e-07 1.48321e-06 2.48868e-07 1.53382e-06 2.66634e-07 2.60791e-06 4.38606e-07 2.31645e-06 3.85367e-07 
3150.0 3175.0 3200.0 2.26191e-06 3.90942e-07 1.47210e-06 2.55507e-07 3.59369e-06 6.18373e-07 1.72271e-06 2.97552e-07 1.93289e-06 3.35704e-07 3.03187e-06 5.24425e-07 2.68111e-06 4.60981e-07 
3200.0 3225.0 3250.0 1.31908e-06 2.46029e-07 8.56728e-07 1.60628e-07 2.10069e-06 3.89718e-07 1.00510e-06 1.87316e-07 1.12439e-06 2.10983e-07 1.76715e-06 3.29911e-07 1.56809e-06 2.90643e-07 
3250.0 3275.0 3300.0 9.82595e-07 2.04850e-07 6.36833e-07 1.33336e-07 1.56800e-06 3.25401e-07 7.49560e-07 1.56181e-07 8.34839e-07 1.74888e-07 1.31466e-06 2.74257e-07 1.17197e-06 2.43054e-07 
3300.0 3325.0 3350.0 9.46030e-07 1.79411e-07 6.08049e-07 1.15664e-07 1.52354e-06 2.88052e-07 7.21880e-07 1.36806e-07 7.96860e-07 1.51681e-07 1.26529e-06 2.40156e-07 1.13912e-06 2.15186e-07 
3350.0 3375.0 3400.0 9.09442e-07 1.85518e-07 5.31774e-07 1.12193e-07 1.59320e-06 3.29496e-07 6.93848e-07 1.41373e-07 6.97126e-07 1.47301e-07 1.21660e-06 2.48514e-07 1.19081e-06 2.45962e-07 
3400.0 3425.0 3450.0 1.00052e-06 2.17104e-07 6.12422e-07 1.37092e-07 1.49401e-06 3.31423e-07 7.62733e-07 1.65357e-07 8.03058e-07 1.79949e-07 1.33966e-06 2.91001e-07 1.11630e-06 2.47331e-07 
3450.0 3475.0 3500.0 4.37832e-07 1.02980e-07 2.81348e-07 6.68496e-08 7.05337e-07 1.64127e-07 3.34245e-07 7.85584e-08 3.68549e-07 8.76321e-08 5.85286e-07 1.37780e-07 5.27651e-07 1.22674e-07 
3500.0 3525.0 3550.0 4.76948e-07 1.05930e-07 3.07333e-07 6.87601e-08 7.65840e-07 1.68778e-07 3.64229e-07 8.07952e-08 4.02451e-07 9.01525e-08 6.37324e-07 1.41755e-07 5.73138e-07 1.26127e-07 
3550.0 3575.0 3600.0 4.30091e-07 9.57735e-08 2.76701e-07 6.20515e-08 6.91917e-07 1.52949e-07 3.28469e-07 7.30982e-08 3.62315e-07 8.13016e-08 5.74666e-07 1.28062e-07 5.17857e-07 1.14388e-07 
3600.0 3625.0 3650.0 5.18873e-07 1.03465e-07 3.34467e-07 6.69883e-08 8.32759e-07 1.65277e-07 3.96338e-07 7.89993e-08 4.37878e-07 8.77356e-08 6.93156e-07 1.38283e-07 6.23385e-07 1.23664e-07 
3650.0 3675.0 3700.0 3.13506e-07 7.79696e-08 2.01778e-07 5.05308e-08 5.04057e-07 1.24445e-07 2.39499e-07 5.95193e-08 2.64134e-07 6.61957e-08 4.18748e-07 1.04235e-07 3.77382e-07 9.30884e-08 
3700.0 3725.0 3750.0 1.69965e-07 3.98786e-08 1.09150e-07 2.58121e-08 2.73861e-07 6.37170e-08 1.30159e-07 3.05063e-08 1.42536e-07 3.37441e-08 2.26378e-07 5.31811e-08 2.05624e-07 4.77822e-08 
3750.0 3775.0 3800.0 1.62870e-07 4.25744e-08 1.04431e-07 2.74644e-08 2.62903e-07 6.82885e-08 1.24549e-07 3.25150e-08 1.36566e-07 3.59626e-08 2.17287e-07 5.68867e-08 1.97070e-07 5.11100e-08 
3800.0 3825.0 3850.0 2.45574e-07 5.26020e-08 1.73859e-07 3.77065e-08 3.95996e-07 8.40409e-08 1.88059e-07 4.02525e-08 2.27106e-07 4.92935e-08 3.61549e-07 7.78505e-08 2.97326e-07 6.30463e-08 
3850.0 3875.0 3900.0 1.04942e-07 2.86754e-08 6.73171e-08 1.85246e-08 1.69269e-07 4.59109e-08 8.03516e-08 2.19411e-08 8.79196e-08 2.42110e-08 1.39793e-07 3.82298e-08 1.27072e-07 3.44383e-08 
3900.0 3925.0 3950.0 2.52299e-07 6.07650e-08 1.23616e-07 3.24852e-08 3.05567e-07 7.93360e-08 1.92990e-07 4.64546e-08 1.52971e-07 4.06414e-08 3.36481e-07 8.10934e-08 2.29253e-07 5.94771e-08 
3950.0 3975.0 4000.0 1.06081e-07 2.83951e-08 6.81263e-08 1.83838e-08 1.70876e-07 4.53386e-08 8.13097e-08 2.17528e-08 8.88827e-08 2.39975e-08 1.77153e-07 4.39016e-08 1.28433e-07 3.40565e-08 
