0.0 25.0 50.0 0.00000e+00 0.00000e+00 0.00000e+00 0.00000e+00 0.00000e+00 0.00000e+00 0.00000e+00 0.00000e+00 0.00000e+00 0.00000e+00 0.00000e+00 0.00000e+00 0.00000e+00 0.00000e+00 
50.0 75.0 100.0 1.80537e-02 6.81324e-04 1.18626e-02 4.46257e-04 2.84752e-02 1.07930e-03 1.29689e-02 4.89512e-04 1.65141e-02 6.21161e-04 2.59292e-02 9.78347e-04 1.98271e-02 7.51697e-04 
100.0 125.0 150.0 1.41470e-01 1.52168e-03 9.29893e-02 9.97914e-04 2.23034e-01 2.40725e-03 1.01900e-01 1.09557e-03 1.29105e-01 1.38615e-03 2.02532e-01 2.17971e-03 1.55800e-01 1.68070e-03 
150.0 175.0 200.0 2.07790e-01 1.62169e-03 1.36494e-01 1.06130e-03 3.27818e-01 2.57207e-03 1.49980e-01 1.16952e-03 1.89118e-01 1.47178e-03 2.96744e-01 2.31839e-03 2.29569e-01 1.79940e-03 
200.0 225.0 250.0 2.13779e-01 1.50803e-03 1.40419e-01 9.87617e-04 3.37276e-01 2.38936e-03 1.54543e-01 1.08858e-03 1.94256e-01 1.36829e-03 3.04733e-01 2.15346e-03 2.36633e-01 1.67344e-03 
250.0 275.0 300.0 2.00527e-01 1.35989e-03 1.31654e-01 8.89518e-04 3.16525e-01 2.15785e-03 1.45162e-01 9.82879e-04 1.81882e-01 1.23088e-03 2.85376e-01 1.93904e-03 2.22438e-01 1.51362e-03 
300.0 325.0 350.0 1.71022e-01 1.17975e-03 1.12201e-01 7.72044e-04 2.70166e-01 1.87035e-03 1.23933e-01 8.52974e-04 1.54845e-01 1.06795e-03 2.43082e-01 1.68152e-03 1.90098e-01 1.31245e-03 
350.0 375.0 400.0 1.45347e-01 1.05654e-03 9.52713e-02 6.89931e-04 2.29839e-01 1.67915e-03 1.05426e-01 7.64335e-04 1.31359e-01 9.53836e-04 2.06360e-01 1.50490e-03 1.61903e-01 1.17912e-03 
400.0 425.0 450.0 1.23214e-01 9.73460e-04 8.06762e-02 6.33482e-04 1.95086e-01 1.55365e-03 8.94229e-02 7.04005e-04 1.11172e-01 8.76048e-04 1.74820e-01 1.38711e-03 1.37514e-01 1.09051e-03 
450.0 475.0 500.0 1.01305e-01 9.15533e-04 6.62570e-02 5.89459e-04 1.60605e-01 1.48095e-03 7.35728e-02 6.62322e-04 9.12396e-02 8.14875e-04 1.43618e-01 1.30406e-03 1.13301e-01 1.03981e-03 
500.0 525.0 550.0 8.54918e-02 7.71891e-04 5.58888e-02 5.01691e-04 1.35609e-01 1.23382e-03 6.21036e-02 5.58360e-04 7.69433e-02 6.93638e-04 1.21166e-01 1.09958e-03 9.56943e-02 8.66271e-04 
550.0 575.0 600.0 7.15173e-02 7.16981e-04 4.66983e-02 4.64094e-04 1.13598e-01 1.15174e-03 5.19760e-02 5.18620e-04 6.42608e-02 6.41674e-04 1.01306e-01 1.02140e-03 8.02044e-02 8.08596e-04 
600.0 625.0 650.0 6.16829e-02 6.74933e-04 4.02220e-02 4.36547e-04 9.81284e-02 1.08468e-03 4.48409e-02 4.88112e-04 5.53339e-02 6.03719e-04 8.73477e-02 9.61738e-04 6.93040e-02 7.61362e-04 
650.0 675.0 700.0 5.39167e-02 6.19744e-04 3.51315e-02 4.00937e-04 8.58516e-02 9.96043e-04 3.92044e-02 4.48041e-04 4.83196e-02 5.54639e-04 7.63296e-02 8.83472e-04 6.06497e-02 6.98793e-04 
700.0 725.0 750.0 4.64864e-02 5.75124e-04 3.02756e-02 3.72537e-04 7.40595e-02 9.22732e-04 3.38129e-02 4.15857e-04 4.16270e-02 5.15278e-04 6.57847e-02 8.19701e-04 5.23399e-02 6.47519e-04 
750.0 775.0 800.0 3.96230e-02 5.23400e-04 2.57907e-02 3.39422e-04 6.31666e-02 8.38512e-04 2.88321e-02 3.78649e-04 3.54465e-02 4.69243e-04 5.60453e-02 7.45521e-04 4.46628e-02 5.88796e-04 
800.0 825.0 850.0 3.48690e-02 5.07999e-04 2.26665e-02 3.28417e-04 5.56739e-02 8.16965e-04 2.53752e-02 3.67309e-04 3.11495e-02 4.54264e-04 4.93159e-02 7.24054e-04 3.93687e-02 5.73274e-04 
850.0 875.0 900.0 3.07474e-02 5.02346e-04 1.99566e-02 3.22893e-04 4.91817e-02 8.13472e-04 2.23731e-02 3.63070e-04 2.74284e-02 4.46800e-04 4.34929e-02 7.16348e-04 3.47724e-02 5.70530e-04 
900.0 925.0 950.0 2.63291e-02 4.42603e-04 1.70895e-02 2.86012e-04 4.21116e-02 7.12129e-04 1.91736e-02 3.20066e-04 2.34691e-02 3.95558e-04 3.72077e-02 6.30745e-04 2.98023e-02 4.99789e-04 
950.0 975.0 1000.0 2.33513e-02 4.57374e-04 1.51294e-02 2.94087e-04 3.74283e-02 7.40303e-04 1.69977e-02 3.30439e-04 2.07863e-02 4.07108e-04 3.30171e-02 6.52525e-04 2.64739e-02 5.18987e-04 
1000.0 1025.0 1050.0 2.03611e-02 4.15228e-04 1.31861e-02 2.66928e-04 3.26507e-02 6.72264e-04 1.48269e-02 3.00163e-04 1.81091e-02 3.69292e-04 2.87756e-02 5.91979e-04 2.31053e-02 4.71608e-04 
1050.0 1075.0 1100.0 1.80223e-02 3.96647e-04 1.16653e-02 2.55245e-04 2.89185e-02 6.41301e-04 1.31289e-02 2.86687e-04 1.60142e-02 3.53177e-04 2.54587e-02 5.65606e-04 2.04733e-02 4.49782e-04 
1100.0 1125.0 1150.0 1.64608e-02 3.97739e-04 1.06348e-02 2.55531e-04 2.64696e-02 6.44200e-04 1.19886e-02 2.87682e-04 1.46031e-02 3.53338e-04 2.32595e-02 5.66672e-04 1.87345e-02 4.52240e-04 
1150.0 1175.0 1200.0 1.43144e-02 3.58230e-04 9.24179e-03 2.29547e-04 2.30354e-02 5.82029e-04 1.04329e-02 2.59369e-04 1.26809e-02 3.17082e-04 2.02089e-02 5.09764e-04 1.63178e-02 4.09082e-04 
1200.0 1225.0 1250.0 1.29472e-02 3.47897e-04 8.35348e-03 2.23109e-04 2.08512e-02 5.64659e-04 9.43551e-03 2.51662e-04 1.14633e-02 3.08475e-04 1.82811e-02 4.95605e-04 1.47688e-02 3.96460e-04 
1250.0 1275.0 1300.0 1.24285e-02 3.86927e-04 8.00527e-03 2.47630e-04 2.00555e-02 6.29483e-04 9.05234e-03 2.79444e-04 1.09915e-02 3.42907e-04 1.75607e-02 5.52253e-04 1.41952e-02 4.41088e-04 
1300.0 1325.0 1350.0 1.10666e-02 3.64074e-04 7.11949e-03 2.31665e-04 1.78821e-02 5.96198e-04 8.06274e-03 2.63410e-04 9.77243e-03 3.20239e-04 1.56309e-02 5.18524e-04 1.26613e-02 4.18688e-04 
1350.0 1375.0 1400.0 8.94631e-03 2.96515e-04 5.76105e-03 1.89762e-04 1.44392e-02 4.82332e-04 6.52331e-03 2.14509e-04 7.90138e-03 2.62330e-04 1.26239e-02 4.22365e-04 1.02336e-02 3.38653e-04 
1400.0 1425.0 1450.0 8.64583e-03 3.14470e-04 5.55329e-03 2.00603e-04 1.39970e-02 5.13640e-04 6.29985e-03 2.27306e-04 7.62161e-03 2.77537e-04 1.22101e-02 4.48399e-04 9.91169e-03 3.60240e-04 
1450.0 1475.0 1500.0 7.56021e-03 2.91109e-04 4.85918e-03 1.86098e-04 1.22291e-02 4.74155e-04 5.51247e-03 2.10626e-04 6.66458e-03 2.57223e-04 1.06683e-02 4.14586e-04 8.66685e-03 3.32961e-04 
1500.0 1525.0 1550.0 6.58383e-03 2.72885e-04 4.22962e-03 1.74572e-04 1.06547e-02 4.44028e-04 4.80266e-03 1.97605e-04 5.79853e-03 2.41095e-04 9.28568e-03 3.88255e-04 7.55495e-03 3.12116e-04 
1550.0 1575.0 1600.0 6.36610e-03 2.92178e-04 4.07679e-03 1.85588e-04 1.03414e-02 4.79565e-04 4.64004e-03 2.11163e-04 5.59353e-03 2.56794e-04 8.98761e-03 4.16677e-04 7.32530e-03 3.36277e-04 
1600.0 1625.0 1650.0 6.15125e-03 3.59629e-04 3.94428e-03 2.28948e-04 9.97702e-03 5.88604e-04 4.48203e-03 2.59410e-04 5.41356e-03 3.17410e-04 8.68767e-03 5.14046e-04 7.06471e-03 4.11807e-04 
1650.0 1675.0 1700.0 5.25826e-03 3.02576e-04 3.36346e-03 1.91393e-04 8.55160e-03 4.98810e-04 3.83782e-03 2.19106e-04 4.60847e-03 2.64302e-04 7.41132e-03 4.30499e-04 6.06749e-03 3.50581e-04 
1700.0 1725.0 1750.0 4.45916e-03 2.77904e-04 2.85629e-03 1.76814e-04 7.24032e-03 4.55023e-04 3.25676e-03 2.01532e-04 3.91097e-03 2.43831e-04 6.28004e-03 3.94680e-04 5.14123e-03 3.20412e-04 
1750.0 1775.0 1800.0 4.32981e-03 2.72064e-04 2.76298e-03 1.72069e-04 7.06162e-03 4.48679e-04 3.15792e-03 1.97194e-04 3.78840e-03 2.37421e-04 6.10806e-03 3.86682e-04 5.00591e-03 3.15723e-04 
1800.0 1825.0 1850.0 4.32560e-03 3.46521e-04 2.75942e-03 2.19841e-04 7.05731e-03 5.69199e-04 3.15198e-03 2.50593e-04 3.78698e-03 3.04002e-04 6.10870e-03 4.93758e-04 4.99749e-03 3.99474e-04 
1850.0 1875.0 1900.0 3.25564e-03 2.11837e-04 2.07836e-03 1.34581e-04 5.30664e-03 3.47464e-04 2.37673e-03 1.53455e-04 2.84700e-03 1.85787e-04 4.58753e-03 3.01270e-04 3.76608e-03 2.44326e-04 
1900.0 1925.0 1950.0 3.25607e-03 2.41104e-04 2.07789e-03 1.53021e-04 5.30898e-03 3.95844e-04 2.37824e-03 1.75044e-04 2.84497e-03 2.10789e-04 4.58520e-03 3.41962e-04 3.77022e-03 2.79126e-04 
1950.0 1975.0 2000.0 2.62679e-03 2.26537e-04 1.67294e-03 1.43481e-04 4.29357e-03 3.72946e-04 1.91658e-03 1.63858e-04 2.29295e-03 1.98366e-04 3.70406e-03 3.22746e-04 3.04496e-03 2.61772e-04 
2000.0 2025.0 2050.0 2.35594e-03 2.35259e-04 1.50263e-03 1.48810e-04 3.84365e-03 3.87701e-04 1.72114e-03 1.70170e-04 2.05688e-03 2.05727e-04 3.31700e-03 3.35152e-04 2.73005e-03 2.72143e-04 
2050.0 2075.0 2100.0 2.64010e-03 2.43088e-04 1.68034e-03 1.54248e-04 4.31787e-03 3.99240e-04 1.92749e-03 1.75965e-04 2.30169e-03 2.13107e-04 3.71991e-03 3.46001e-04 3.06468e-03 2.80525e-04 
2100.0 2125.0 2150.0 1.85945e-03 1.85913e-04 1.17979e-03 1.16945e-04 3.05211e-03 3.08470e-04 1.35883e-03 1.34560e-04 1.61448e-03 1.61588e-04 2.61710e-03 2.64667e-04 2.16856e-03 2.16704e-04 
2150.0 2175.0 2200.0 2.13224e-03 2.49939e-04 1.35174e-03 1.57241e-04 3.50317e-03 4.14458e-04 1.55382e-03 1.80551e-04 1.85495e-03 2.17674e-04 3.01109e-03 3.56614e-04 2.48073e-03 2.90486e-04 
2200.0 2225.0 2250.0 2.00271e-03 1.96331e-04 1.26639e-03 1.23463e-04 3.29968e-03 3.25705e-04 1.46161e-03 1.42251e-04 1.73522e-03 1.70403e-04 2.82296e-03 2.79133e-04 2.34092e-03 2.29092e-04 
2250.0 2275.0 2300.0 1.39512e-03 1.62722e-04 8.88280e-04 1.03100e-04 2.27987e-03 2.67528e-04 1.02253e-03 1.18472e-04 1.21198e-03 1.41612e-04 1.95656e-03 2.30016e-04 1.62569e-03 1.89267e-04 
2300.0 2325.0 2350.0 1.46137e-03 1.51340e-04 9.26164e-04 9.54205e-05 2.40178e-03 2.50429e-04 1.06835e-03 1.10122e-04 1.26685e-03 1.31123e-04 2.05572e-03 2.14096e-04 1.70731e-03 1.76998e-04 
2350.0 2375.0 2400.0 1.70399e-03 2.03409e-04 1.07314e-03 1.27104e-04 2.82096e-03 3.39999e-04 1.24223e-03 1.47347e-04 1.47199e-03 1.75459e-04 2.40510e-03 2.89278e-04 1.99853e-03 2.39064e-04 
2400.0 2425.0 2450.0 9.30717e-04 1.23408e-04 5.49910e-04 6.98212e-05 1.52750e-03 2.02761e-04 6.34356e-04 8.01856e-05 8.06509e-04 1.07424e-04 1.30698e-03 1.74359e-04 1.08776e-03 1.43513e-04 
2450.0 2475.0 2500.0 8.95051e-04 1.02242e-04 5.68237e-04 6.47000e-05 1.46761e-03 1.68368e-04 6.56441e-04 7.45345e-05 7.74781e-04 8.87492e-05 1.25435e-03 1.44320e-04 1.04721e-03 1.19273e-04 
2500.0 2525.0 2550.0 1.29874e-03 1.68594e-04 8.21010e-04 1.06171e-04 2.13984e-03 2.79154e-04 9.49907e-04 1.22700e-04 1.12253e-03 1.45890e-04 1.82597e-03 2.38477e-04 1.52201e-03 1.97364e-04 
2550.0 2575.0 2600.0 5.78966e-04 7.83017e-05 3.67152e-04 4.92781e-05 9.50273e-04 1.29765e-04 4.25669e-04 5.70398e-05 4.99383e-04 6.76474e-05 8.09023e-04 1.10633e-04 6.80059e-04 9.18425e-05 
2600.0 2625.0 2650.0 8.67704e-04 1.39726e-04 5.46442e-04 8.76098e-05 1.43579e-03 2.32453e-04 6.34920e-04 1.01807e-04 7.46779e-04 1.20236e-04 1.21939e-03 1.97372e-04 1.02168e-03 1.64551e-04 
2650.0 2675.0 2700.0 4.45755e-04 5.92310e-05 2.67057e-04 3.57454e-05 7.33940e-04 9.82231e-05 3.27946e-04 4.32615e-05 3.63038e-04 4.89910e-05 6.22394e-04 8.34240e-05 5.25634e-04 6.97371e-05 
2700.0 2725.0 2750.0 6.23450e-04 1.11456e-04 3.92572e-04 6.95728e-05 1.03160e-03 1.86370e-04 4.56581e-04 8.09284e-05 5.36045e-04 9.58140e-05 8.75297e-04 1.58082e-04 7.34768e-04 1.31395e-04 
2750.0 2775.0 2800.0 3.73234e-04 6.19614e-05 2.35721e-04 3.91242e-05 6.72014e-04 1.19182e-04 2.74696e-04 4.53149e-05 3.50552e-04 6.26775e-05 5.20883e-04 8.71187e-05 4.40927e-04 7.27185e-05 
2800.0 2825.0 2850.0 2.48827e-04 4.01907e-05 1.57617e-04 2.53364e-05 4.08821e-04 6.64450e-05 1.83797e-04 2.94446e-05 2.13373e-04 3.45804e-05 3.45781e-04 5.63972e-05 2.94169e-04 4.73455e-05 
2850.0 2875.0 2900.0 3.49379e-04 5.51363e-05 2.20793e-04 3.46925e-05 5.75410e-04 9.13253e-05 2.57872e-04 4.04669e-05 2.99133e-04 4.72636e-05 4.85923e-04 7.71975e-05 4.13698e-04 6.52168e-05 
2900.0 2925.0 2950.0 4.95141e-04 8.99223e-05 3.10126e-04 5.58176e-05 8.24559e-04 1.51435e-04 3.62406e-04 6.53091e-05 4.23685e-04 7.68425e-05 6.95602e-04 1.27480e-04 5.86876e-04 1.06797e-04 
2950.0 2975.0 3000.0 2.10122e-04 4.05583e-05 1.32753e-04 2.56248e-05 3.46225e-04 6.68644e-05 1.54916e-04 2.97118e-05 1.80062e-04 3.49805e-05 2.92627e-04 5.69095e-05 2.48610e-04 4.76548e-05 
3000.0 3025.0 3050.0 2.06706e-04 3.98316e-05 1.29864e-04 2.47776e-05 3.42794e-04 6.68884e-05 1.52496e-04 2.92073e-05 1.76011e-04 3.37809e-05 2.87683e-04 5.58469e-05 2.46268e-04 4.76873e-05 
3050.0 3075.0 3100.0 3.35271e-04 6.67913e-05 2.11310e-04 4.19979e-05 5.08080e-04 1.03806e-04 2.46819e-04 4.89461e-05 2.87023e-04 5.73028e-05 4.29214e-04 8.79556e-05 3.64460e-04 7.40851e-05 
3100.0 3125.0 3150.0 1.54661e-04 2.57398e-05 9.74726e-05 1.61661e-05 2.79582e-04 5.00172e-05 1.25001e-04 2.20876e-05 1.31561e-04 2.19144e-05 2.14160e-04 3.58206e-05 2.01496e-04 3.57821e-05 
3150.0 3175.0 3200.0 1.59192e-04 3.51845e-05 9.96500e-05 2.19069e-05 2.35795e-04 5.09439e-05 1.17408e-04 2.57960e-05 1.35096e-04 2.98760e-05 1.97069e-04 4.25921e-05 1.90418e-04 4.20693e-05 
3200.0 3225.0 3250.0 8.74094e-05 1.72875e-05 5.49371e-05 1.08166e-05 1.44856e-04 2.88177e-05 6.46883e-05 1.27037e-05 7.42264e-05 1.47177e-05 1.21198e-04 2.41702e-05 1.04458e-04 2.06079e-05 
3250.0 3275.0 3300.0 1.17899e-04 2.36036e-05 7.41985e-05 1.47404e-05 1.95083e-04 3.94336e-05 8.70512e-05 1.72765e-05 1.00488e-04 2.01373e-05 1.63913e-04 3.31543e-05 1.40311e-04 2.80710e-05 
3300.0 3325.0 3350.0 2.42512e-04 5.63128e-05 1.51332e-04 3.50894e-05 4.05252e-04 9.42961e-05 1.77916e-04 4.11438e-05 2.06273e-04 4.80245e-05 3.39709e-04 7.92630e-05 2.89292e-04 6.69896e-05 
3350.0 3375.0 3400.0 1.04940e-04 1.94369e-05 6.57851e-05 1.21230e-05 1.74383e-04 3.25086e-05 7.76167e-05 1.42988e-05 8.89382e-05 1.64780e-05 1.45600e-04 2.71395e-05 1.25675e-04 2.32796e-05 
3400.0 3425.0 3450.0 9.01184e-05 1.59960e-05 5.66465e-05 1.00165e-05 1.49273e-04 2.66278e-05 6.67351e-05 1.17861e-05 7.64928e-05 1.35936e-05 1.24847e-04 2.22908e-05 1.07746e-04 1.91071e-05 
3450.0 3475.0 3500.0 1.05184e-04 2.26444e-05 6.55751e-05 1.41376e-05 1.75943e-04 3.78353e-05 7.75044e-05 1.65921e-05 8.89892e-05 1.92937e-05 1.46587e-04 3.17655e-05 1.14523e-04 2.44885e-05 
3500.0 3525.0 3550.0 1.03706e-04 1.92871e-05 6.49157e-05 1.20251e-05 1.72666e-04 3.22857e-05 7.66095e-05 1.41858e-05 8.78680e-05 1.63460e-05 1.44098e-04 2.69384e-05 1.24248e-04 2.31085e-05 
3550.0 3575.0 3600.0 1.81437e-04 4.50005e-05 1.12601e-04 2.78349e-05 3.05142e-04 7.60216e-05 1.33085e-04 3.28419e-05 1.53506e-04 3.81372e-05 2.54224e-04 6.34303e-05 2.17765e-04 5.39280e-05 
3600.0 3625.0 3650.0 4.11868e-05 8.37491e-06 2.57645e-05 5.23808e-06 6.85895e-05 1.39563e-05 3.05777e-05 6.19208e-06 3.46996e-05 7.08362e-06 5.68940e-05 1.16246e-05 4.96451e-05 1.00527e-05 
3650.0 3675.0 3700.0 6.61858e-05 1.46691e-05 4.12711e-05 9.11823e-06 1.10612e-04 2.46188e-05 4.88706e-05 1.07685e-05 5.58941e-05 1.24209e-05 9.20121e-05 2.05345e-05 7.95652e-05 1.75862e-05 
3700.0 3725.0 3750.0 3.44103e-05 6.27424e-06 2.15269e-05 3.91228e-06 5.72883e-05 1.04940e-05 2.55376e-05 4.63035e-06 2.90037e-05 5.30043e-06 4.75514e-05 8.72795e-06 4.14515e-05 7.54220e-06 
3750.0 3775.0 3800.0 3.54600e-05 7.73871e-06 2.21757e-05 4.82552e-06 5.90630e-05 1.29427e-05 2.94546e-05 6.20438e-06 2.98872e-05 6.53569e-06 4.90207e-05 1.07628e-05 4.27184e-05 9.30369e-06 
3800.0 3825.0 3850.0 3.33301e-05 7.32691e-06 2.08877e-05 4.57366e-06 5.53595e-05 1.22315e-05 2.47475e-05 5.39977e-06 2.81316e-05 6.20606e-06 4.60333e-05 1.02086e-05 4.00822e-05 8.77894e-06 
3850.0 3875.0 3900.0 2.25901e-05 4.48932e-06 1.41706e-05 2.80652e-06 3.74778e-05 7.48204e-06 1.68259e-05 3.32472e-06 1.90238e-05 3.78920e-06 3.10813e-05 6.21842e-06 2.72362e-05 5.40075e-06 
3900.0 3925.0 3950.0 3.04522e-05 6.24854e-06 2.11928e-05 4.43269e-06 5.78010e-05 1.22487e-05 2.53241e-05 5.29184e-06 2.86698e-05 6.03531e-06 4.75768e-05 1.00837e-05 3.70360e-05 7.60505e-06 
3950.0 3975.0 4000.0 2.19819e-05 4.68136e-06 1.36908e-05 2.91916e-06 3.67679e-05 7.82368e-06 1.63557e-05 3.47029e-06 1.83985e-05 3.93752e-06 3.02828e-05 6.47715e-06 2.66856e-05 5.65381e-06 
