0.0 0.065449846958 0.13089969392 8.85275e+01 7.96970e-01 5.81744e+01 5.21434e-01 1.39702e+02 1.26535e+00 6.30477e+01 5.65626e-01 8.16948e+01 7.34810e-01 1.28491e+02 1.16162e+00 9.62681e+01 8.68311e-01 
0.13089969392 0.19634954088 0.26179938783 9.06574e+01 8.28940e-01 5.95926e+01 5.42259e-01 1.43014e+02 1.31665e+00 6.45710e+01 5.88366e-01 8.36781e+01 7.64084e-01 1.31567e+02 1.20810e+00 9.85621e+01 9.03590e-01 
0.26179938783 0.32724923479 0.39269908175 9.11987e+01 8.72099e-01 5.99368e+01 5.68231e-01 1.43889e+02 1.39109e+00 6.49675e+01 6.19041e-01 8.41473e+01 8.00625e-01 1.32326e+02 1.27088e+00 9.91852e+01 9.54774e-01 
0.39269908175 0.45814892871 0.52359877567 9.20715e+01 8.47260e-01 6.05229e+01 5.54088e-01 1.45231e+02 1.34626e+00 6.56064e+01 6.01803e-01 8.49484e+01 7.80212e-01 1.33550e+02 1.23372e+00 1.00143e+02 9.24760e-01 
0.52359877567 0.58904862263 0.65449846958 9.50941e+01 8.75425e-01 6.24965e+01 5.72819e-01 1.50030e+02 1.38994e+00 6.77838e+01 6.21987e-01 8.76874e+01 8.06341e-01 1.37875e+02 1.27427e+00 1.03495e+02 9.55084e-01 
0.65449846958 0.71994831654 0.7853981635 1.03402e+02 9.01620e-01 6.79964e+01 5.91571e-01 1.63022e+02 1.42679e+00 7.37460e+01 6.40864e-01 9.53529e+01 8.32405e-01 1.49823e+02 1.31177e+00 1.12532e+02 9.80896e-01 
0.7853981635 0.85084801046 0.91629785742 1.16666e+02 9.45832e-01 7.67386e+01 6.20248e-01 1.83868e+02 1.49757e+00 8.32358e+01 6.72486e-01 1.07574e+02 8.72501e-01 1.68968e+02 1.37560e+00 1.26978e+02 1.02992e+00 
0.91629785742 0.98174770438 1.0471975513 1.02223e+02 8.53468e-01 6.72463e+01 5.59973e-01 1.61083e+02 1.35064e+00 7.29584e+01 6.07090e-01 9.42317e+01 7.87348e-01 1.47983e+02 1.24058e+00 1.11292e+02 9.29377e-01 
1.0471975513 1.1126473983 1.1780972453 9.21465e+01 7.88107e-01 6.06250e+01 5.17156e-01 1.45183e+02 1.24671e+00 6.57883e+01 5.60833e-01 8.49247e+01 7.26835e-01 1.33341e+02 1.14498e+00 1.00347e+02 8.58305e-01 
1.1780972453 1.2435470922 1.3089969392 8.07825e+01 7.15576e-01 5.31470e+01 4.69734e-01 1.27282e+02 1.13140e+00 5.76974e+01 5.09469e-01 7.44200e+01 6.59866e-01 1.16841e+02 1.03899e+00 8.80153e+01 7.79386e-01 
1.3089969392 1.3744467861 1.4398966331 7.09150e+01 6.62186e-01 4.66436e+01 4.34158e-01 1.11768e+02 1.04858e+00 5.06728e+01 4.71702e-01 6.52832e+01 6.09569e-01 1.02511e+02 9.60863e-01 7.73304e+01 7.22783e-01 
1.4398966331 1.50534648 1.570796327 6.34056e+01 6.10646e-01 4.17178e+01 4.00218e-01 9.98962e+01 9.67535e-01 4.53255e+01 4.35396e-01 5.83650e+01 5.61406e-01 9.16100e+01 8.85077e-01 6.91508e+01 6.67700e-01 
1.570796327 1.636246174 1.7016960209 5.58739e+01 5.61534e-01 3.67760e+01 3.68643e-01 8.79924e+01 8.87890e-01 3.99478e+01 4.00375e-01 5.14425e+01 5.17096e-01 8.07115e+01 8.13881e-01 6.09221e+01 6.12703e-01 
1.7016960209 1.7671458679 1.8325957148 4.89644e+01 5.20970e-01 3.22378e+01 3.42078e-01 7.70823e+01 8.23450e-01 3.50237e+01 3.71622e-01 4.50736e+01 4.79615e-01 7.06911e+01 7.54675e-01 5.33979e+01 5.68547e-01 
1.8325957148 1.8980455618 1.9634954088 4.35755e+01 4.91666e-01 2.86995e+01 3.22626e-01 6.85716e+01 7.77700e-01 3.11818e+01 3.50912e-01 4.01100e+01 4.52092e-01 6.28797e+01 7.11745e-01 4.75256e+01 5.37322e-01 
1.9634954088 2.0289452557 2.0943951027 3.79218e+01 4.52352e-01 2.49991e+01 2.97738e-01 5.96108e+01 7.12806e-01 2.71414e+01 3.22940e-01 3.49315e+01 4.17106e-01 5.47084e+01 6.54615e-01 4.13247e+01 4.92656e-01 
2.0943951027 2.1598449496 2.2252947966 3.36469e+01 4.34203e-01 2.21784e+01 2.85293e-01 5.28985e+01 6.85767e-01 2.40892e+01 3.10073e-01 3.09806e+01 3.99551e-01 4.85232e+01 6.28134e-01 3.66852e+01 4.74121e-01 
2.2252947966 2.2907446435 2.3561944905 2.99022e+01 4.00293e-01 1.97073e+01 2.63229e-01 4.70185e+01 6.31543e-01 2.14137e+01 2.85965e-01 2.75217e+01 3.68520e-01 4.31095e+01 5.78818e-01 3.26174e+01 4.36844e-01 
2.3561944905 2.4216443375 2.4870941844 2.71740e+01 3.86494e-01 1.79262e+01 2.53471e-01 4.26812e+01 6.11876e-01 1.94621e+01 2.76058e-01 2.50317e+01 3.54899e-01 3.91712e+01 5.58972e-01 2.96124e+01 4.23119e-01 
2.4870941844 2.5525440314 2.6179938783 2.53219e+01 3.52370e-01 1.67102e+01 2.32145e-01 3.97569e+01 5.54706e-01 1.81375e+01 2.51833e-01 2.33312e+01 3.24867e-01 3.64966e+01 5.09264e-01 2.75872e+01 3.83887e-01 
2.6179938783 2.6834437253 2.7488935723 2.36876e+01 3.41734e-01 1.55953e+01 2.23409e-01 3.72348e+01 5.40626e-01 1.69680e+01 2.44223e-01 2.17725e+01 3.12618e-01 3.41382e+01 4.93913e-01 2.58390e+01 3.74105e-01 
2.7488935723 2.8143434192 2.8797932662 2.23045e+01 3.19821e-01 1.47227e+01 2.10619e-01 3.50091e+01 5.03702e-01 1.59792e+01 2.28635e-01 2.05523e+01 2.94656e-01 3.21402e+01 4.62061e-01 2.42982e+01 3.48702e-01 
2.8797932662 2.9452431131 3.0106929601 2.13778e+01 3.04781e-01 1.41122e+01 2.00849e-01 3.35516e+01 4.79634e-01 1.53141e+01 2.17866e-01 1.97015e+01 2.81013e-01 3.08076e+01 4.40377e-01 2.32844e+01 3.32009e-01 
3.0106929601 3.076142807 3.141592654 2.13501e+01 3.08875e-01 1.40833e+01 2.02691e-01 3.35387e+01 4.88720e-01 1.52927e+01 2.20750e-01 1.96633e+01 2.83637e-01 3.07717e+01 4.46389e-01 2.32723e+01 3.38215e-01 
