0.0 25.0 50.0 5.41754e-02 1.65115e-03 3.56738e-02 1.08032e-03 8.52886e-02 2.62243e-03 3.82888e-02 1.16661e-03 5.04762e-02 1.52906e-03 7.93519e-02 2.41940e-03 5.82301e-02 1.78977e-03 
50.0 75.0 100.0 8.58046e-01 4.57389e-03 5.65529e-01 3.00941e-03 1.34917e+00 7.21302e-03 6.09666e-01 3.24642e-03 7.95990e-01 4.24052e-03 1.24880e+00 6.66578e-03 9.27111e-01 4.95029e-03 
100.0 125.0 150.0 8.51207e-01 3.96357e-03 5.60796e-01 2.60829e-03 1.33902e+00 6.25043e-03 6.06777e-01 2.81817e-03 7.86796e-01 3.66898e-03 1.23404e+00 5.76432e-03 9.23771e-01 4.29879e-03 
150.0 175.0 200.0 7.81753e-01 3.70339e-03 5.14836e-01 2.43737e-03 1.23036e+00 5.83796e-03 5.57968e-01 2.63531e-03 7.21409e-01 3.42576e-03 1.13164e+00 5.38063e-03 8.50090e-01 4.01902e-03 
200.0 225.0 250.0 7.06383e-01 3.40761e-03 4.64847e-01 2.23691e-03 1.11271e+00 5.38951e-03 5.04921e-01 2.42755e-03 6.50395e-01 3.14042e-03 1.02071e+00 4.94423e-03 7.70173e-01 3.71516e-03 
250.0 275.0 300.0 5.78092e-01 2.98920e-03 3.79892e-01 1.95747e-03 9.12082e-01 4.74000e-03 4.13850e-01 2.13086e-03 5.30719e-01 2.74631e-03 8.33816e-01 4.33388e-03 6.32456e-01 3.26987e-03 
300.0 325.0 350.0 4.61996e-01 2.60006e-03 3.03181e-01 1.69807e-03 7.30074e-01 4.13627e-03 3.31108e-01 1.85401e-03 4.23077e-01 2.38165e-03 6.65480e-01 3.76844e-03 5.06919e-01 2.85429e-03 
350.0 375.0 400.0 3.73093e-01 2.32519e-03 2.44415e-01 1.51504e-03 5.90779e-01 3.70895e-03 2.67644e-01 1.65804e-03 3.40753e-01 2.12492e-03 5.36823e-01 3.37004e-03 4.10658e-01 2.55946e-03 
400.0 425.0 450.0 2.98328e-01 2.05468e-03 1.95167e-01 1.33693e-03 4.73146e-01 3.28292e-03 2.14165e-01 1.46564e-03 2.71897e-01 1.87456e-03 4.28881e-01 2.97679e-03 3.29173e-01 2.26652e-03 
450.0 475.0 500.0 2.39889e-01 1.85727e-03 1.56702e-01 1.20521e-03 3.81123e-01 2.97696e-03 1.72311e-01 1.32397e-03 2.18183e-01 1.69090e-03 3.44638e-01 2.69292e-03 2.65328e-01 2.05353e-03 
500.0 525.0 550.0 1.93953e-01 1.66712e-03 1.26490e-01 1.08162e-03 3.08608e-01 2.67145e-03 1.39398e-01 1.18847e-03 1.76067e-01 1.51777e-03 2.78450e-01 2.41709e-03 2.14994e-01 1.84297e-03 
550.0 575.0 600.0 1.56536e-01 1.49174e-03 1.01941e-01 9.65014e-04 2.49575e-01 2.39946e-03 1.12603e-01 1.06387e-03 1.41731e-01 1.35334e-03 2.24501e-01 2.16179e-03 1.74047e-01 1.65610e-03 
600.0 625.0 650.0 1.21645e-01 1.26852e-03 7.91428e-02 8.19285e-04 1.94155e-01 2.04448e-03 8.76042e-02 9.05264e-04 1.09908e-01 1.14817e-03 1.74224e-01 1.83692e-03 1.35581e-01 1.41205e-03 
650.0 675.0 700.0 9.84046e-02 1.13311e-03 6.39452e-02 7.30356e-04 1.57277e-01 1.83045e-03 7.09420e-02 8.09174e-04 8.87085e-02 1.02288e-03 1.40761e-01 1.63950e-03 1.09965e-01 1.26530e-03 
700.0 725.0 750.0 7.52643e-02 9.32280e-04 4.88832e-02 6.01589e-04 1.20355e-01 1.50355e-03 5.43489e-02 6.66907e-04 6.77020e-02 8.41096e-04 1.07449e-01 1.34613e-03 8.43158e-02 1.04151e-03 
750.0 775.0 800.0 5.87167e-02 7.78453e-04 3.81531e-02 5.02845e-04 9.38332e-02 1.25365e-03 4.24748e-02 5.57980e-04 5.27479e-02 7.01642e-04 8.36470e-02 1.12131e-03 6.58760e-02 8.70513e-04 
800.0 825.0 850.0 4.67034e-02 6.77215e-04 3.03073e-02 4.36630e-04 7.47447e-02 1.09283e-03 3.38263e-02 4.86091e-04 4.18484e-02 6.08385e-04 6.64339e-02 9.73822e-04 5.25519e-02 7.60105e-04 
850.0 875.0 900.0 3.57342e-02 5.38349e-04 2.31883e-02 3.47166e-04 5.71877e-02 8.68521e-04 2.59292e-02 3.87331e-04 3.19592e-02 4.82583e-04 5.07183e-02 7.71929e-04 4.02965e-02 6.05811e-04 
900.0 925.0 950.0 2.78624e-02 4.54143e-04 1.80760e-02 2.92750e-04 4.45969e-02 7.32927e-04 2.02554e-02 3.27413e-04 2.48665e-02 4.06110e-04 3.94567e-02 6.49595e-04 3.14952e-02 5.12479e-04 
950.0 975.0 1000.0 2.28589e-02 4.09141e-04 1.48307e-02 2.63629e-04 3.65846e-02 6.60661e-04 1.66345e-02 2.95198e-04 2.03816e-02 3.65424e-04 3.23325e-02 5.84671e-04 2.58675e-02 4.62379e-04 
1000.0 1025.0 1050.0 1.74400e-02 3.20126e-04 1.13236e-02 2.06765e-04 2.78837e-02 5.15315e-04 1.27136e-02 2.31562e-04 1.55344e-02 2.85873e-04 2.46155e-02 4.56071e-04 1.97575e-02 3.61758e-04 
1050.0 1075.0 1100.0 1.41229e-02 2.75403e-04 9.16417e-03 1.77438e-04 2.25955e-02 4.44566e-04 1.03093e-02 1.99628e-04 1.25549e-02 2.44809e-04 1.99016e-02 3.91368e-04 1.60359e-02 3.12869e-04 
1100.0 1125.0 1150.0 1.15105e-02 2.43433e-04 7.46958e-03 1.57162e-04 1.84129e-02 3.92022e-04 8.41104e-03 1.76578e-04 1.02228e-02 2.16692e-04 1.62003e-02 3.45653e-04 1.30838e-02 2.76133e-04 
1150.0 1175.0 1200.0 9.47838e-03 2.12561e-04 6.14473e-03 1.36908e-04 1.51784e-02 3.43196e-04 6.93446e-03 1.54437e-04 8.39946e-03 1.88452e-04 1.33211e-02 3.01220e-04 1.08008e-02 2.42213e-04 
1200.0 1225.0 1250.0 8.03999e-03 1.86997e-04 5.21473e-03 1.20590e-04 1.28665e-02 3.01435e-04 5.89026e-03 1.36138e-04 7.11838e-03 1.65658e-04 1.12808e-02 2.64359e-04 9.17093e-03 2.13252e-04 
1250.0 1275.0 1300.0 6.44611e-03 1.66025e-04 4.18061e-03 1.06767e-04 1.03157e-02 2.68416e-04 4.72908e-03 1.21043e-04 5.69881e-03 1.46452e-04 9.02958e-03 2.34301e-04 7.36474e-03 1.90212e-04 
1300.0 1325.0 1350.0 5.56395e-03 1.52420e-04 3.60853e-03 9.82430e-05 8.90396e-03 2.45800e-04 4.08317e-03 1.11109e-04 4.91744e-03 1.34782e-04 7.79094e-03 2.15141e-04 6.35926e-03 1.74160e-04 
1350.0 1375.0 1400.0 4.56051e-03 1.30262e-04 2.95663e-03 8.39548e-05 7.30045e-03 2.10054e-04 3.35151e-03 9.51020e-05 4.02341e-03 1.15003e-04 6.37513e-03 1.83524e-04 5.22282e-03 1.49108e-04 
1400.0 1425.0 1450.0 3.70651e-03 1.14670e-04 2.40435e-03 7.37707e-05 5.92931e-03 1.85322e-04 2.72705e-03 8.38212e-05 3.26805e-03 1.00923e-04 5.17422e-03 1.61321e-04 4.24767e-03 1.31734e-04 
1450.0 1475.0 1500.0 3.19834e-03 9.91191e-05 2.07399e-03 6.39589e-05 5.11811e-03 1.59593e-04 2.35425e-03 7.25323e-05 2.81774e-03 8.74096e-05 4.46240e-03 1.39265e-04 3.66856e-03 1.13598e-04 
1500.0 1525.0 1550.0 2.61977e-03 8.87823e-05 1.69655e-03 5.71567e-05 4.19840e-03 1.43323e-04 1.93014e-03 6.50172e-05 2.30283e-03 7.80527e-05 3.65122e-03 1.24630e-04 3.01254e-03 1.02106e-04 
1550.0 1575.0 1600.0 2.25009e-03 8.36438e-05 1.45894e-03 5.40012e-05 3.60081e-03 1.34584e-04 1.65860e-03 6.12838e-05 1.97932e-03 7.37102e-05 3.13409e-03 1.17348e-04 2.58533e-03 9.59400e-05 
1600.0 1625.0 1650.0 1.81728e-03 7.00743e-05 1.17895e-03 4.52072e-05 2.91107e-03 1.12886e-04 1.34143e-03 5.14575e-05 1.59724e-03 6.15662e-05 2.53100e-03 9.80920e-05 2.09391e-03 8.06958e-05 
1650.0 1675.0 1700.0 1.55585e-03 6.22579e-05 1.00874e-03 4.01086e-05 2.48947e-03 1.00384e-04 1.14967e-03 4.57695e-05 1.36519e-03 5.45596e-05 2.16082e-03 8.69919e-05 1.79258e-03 7.18452e-05 
1700.0 1725.0 1750.0 1.40928e-03 6.10149e-05 9.12245e-04 3.92995e-05 2.25902e-03 9.84027e-05 1.04169e-03 4.48625e-05 1.23422e-03 5.34526e-05 1.95653e-03 8.52386e-05 1.62726e-03 7.04439e-05 
1750.0 1775.0 1800.0 1.13947e-03 4.86220e-05 7.38219e-04 3.13161e-05 1.82476e-03 7.84268e-05 8.42937e-04 3.57949e-05 9.97948e-04 4.25398e-05 1.58042e-03 6.78247e-05 1.31569e-03 5.62246e-05 
1800.0 1825.0 1850.0 9.50638e-04 4.33628e-05 6.16708e-04 2.79973e-05 1.51977e-03 6.97326e-05 7.04380e-04 3.19680e-05 8.32347e-04 3.79786e-05 1.31601e-03 6.03894e-05 1.09788e-03 5.00747e-05 
1850.0 1875.0 1900.0 7.94096e-04 3.83107e-05 5.15070e-04 2.47496e-05 1.26964e-03 6.15633e-05 5.89148e-04 2.83010e-05 6.94278e-04 3.35043e-05 1.09763e-03 5.32254e-05 9.18592e-04 4.43137e-05 
1900.0 1925.0 1950.0 7.70783e-04 4.38344e-05 4.99641e-04 2.83176e-05 1.23323e-03 7.04403e-05 5.71241e-04 3.23119e-05 6.74203e-04 3.84172e-05 1.06674e-03 6.10508e-05 8.91129e-04 5.05783e-05 
1950.0 1975.0 2000.0 5.78681e-04 3.16537e-05 3.75122e-04 2.04316e-05 9.25814e-04 5.09094e-05 4.29781e-04 2.34018e-05 5.05103e-04 2.76369e-05 7.98884e-04 4.39356e-05 6.70653e-04 3.66792e-05 
2000.0 2025.0 2050.0 5.08247e-04 3.03596e-05 3.24950e-04 1.98839e-05 8.12970e-04 4.87573e-05 3.77717e-04 2.24458e-05 4.36969e-04 2.68778e-05 7.01095e-04 4.21353e-05 5.89377e-04 3.51329e-05 
2050.0 2075.0 2100.0 5.01991e-04 3.52281e-05 3.25051e-04 2.26995e-05 8.03978e-04 5.67565e-05 3.72856e-04 2.59998e-05 4.37647e-04 3.07571e-05 6.92934e-04 4.89917e-05 5.82465e-04 4.08127e-05 
2100.0 2125.0 2150.0 3.94330e-04 2.49041e-05 2.55557e-04 1.60821e-05 6.30931e-04 4.00285e-05 2.93118e-04 1.84128e-05 3.43816e-04 2.17522e-05 5.43829e-04 3.45632e-05 4.57512e-04 2.88429e-05 
2150.0 2175.0 2200.0 3.56426e-04 2.13989e-05 2.30874e-04 1.38012e-05 5.70563e-04 3.44393e-05 2.65379e-04 1.58647e-05 3.10093e-04 1.86157e-05 4.90599e-04 2.96029e-05 4.14536e-04 2.48950e-05 
2200.0 2225.0 2250.0 3.23877e-04 2.39937e-05 2.10113e-04 1.54979e-05 5.17562e-04 3.85493e-05 2.41055e-04 1.77529e-05 2.82312e-04 2.09464e-05 4.45985e-04 3.32695e-05 3.75872e-04 2.78023e-05 
2250.0 2275.0 2300.0 2.41207e-04 1.74179e-05 1.56189e-04 1.12347e-05 3.86231e-04 2.80284e-05 1.79734e-04 1.29150e-05 2.09614e-04 1.51515e-05 3.31698e-04 2.40913e-05 2.80871e-04 2.02638e-05 
2300.0 2325.0 2350.0 2.21921e-04 1.54886e-05 1.43753e-04 1.00111e-05 3.55195e-04 2.48643e-05 1.65504e-04 1.15024e-05 1.92759e-04 1.34805e-05 3.04871e-04 2.13841e-05 2.58557e-04 1.80093e-05 
2350.0 2375.0 2400.0 1.99133e-04 1.47614e-05 1.29298e-04 9.57674e-06 3.17833e-04 2.35913e-05 1.48621e-04 1.09717e-05 1.73250e-04 1.28851e-05 2.73324e-04 2.03594e-05 2.31571e-04 1.71054e-05 
2400.0 2425.0 2450.0 1.79089e-04 1.36776e-05 1.16075e-04 8.85037e-06 2.86390e-04 2.19254e-05 1.33738e-04 1.01748e-05 1.55441e-04 1.18973e-05 2.45643e-04 1.88454e-05 2.08803e-04 1.59131e-05 
2450.0 2475.0 2500.0 1.46214e-04 1.24411e-05 9.48602e-05 8.05662e-06 2.33565e-04 1.99252e-05 1.09223e-04 9.24283e-06 1.26992e-04 1.08447e-05 2.00478e-04 1.71686e-05 1.70352e-04 1.44391e-05 
2500.0 2525.0 2550.0 1.19187e-04 1.10642e-05 7.69650e-05 7.09039e-06 1.91379e-04 1.79298e-05 8.90785e-05 8.22361e-06 1.02980e-04 9.53937e-06 1.63324e-04 1.52606e-05 1.39661e-04 1.29990e-05 
2550.0 2575.0 2600.0 1.28162e-04 1.01418e-05 8.28424e-05 6.54960e-06 2.05534e-04 1.62886e-05 9.58377e-05 7.55303e-06 1.10789e-04 8.79508e-06 1.75512e-04 1.39557e-05 1.50093e-04 1.18382e-05 
2600.0 2625.0 2650.0 1.20699e-04 1.08360e-05 7.80184e-05 6.99388e-06 1.93582e-04 1.74152e-05 9.02138e-05 8.06379e-06 1.04385e-04 9.39862e-06 1.65384e-04 1.49241e-05 1.41283e-04 1.26453e-05 
2650.0 2675.0 2700.0 7.54062e-05 6.24047e-06 4.88796e-05 4.04590e-06 1.20533e-04 9.97849e-06 5.65033e-05 4.65272e-06 6.52342e-05 5.42690e-06 1.03016e-04 8.57598e-06 8.82318e-05 7.26160e-06 
2700.0 2725.0 2750.0 8.04682e-05 7.65509e-06 5.20224e-05 4.94062e-06 1.29021e-04 1.23039e-05 6.02116e-05 5.70082e-06 6.95261e-05 6.63464e-06 1.10114e-04 1.05341e-05 9.42882e-05 8.94186e-06 
2750.0 2775.0 2800.0 6.56492e-05 5.65669e-06 4.24936e-05 3.65130e-06 1.05090e-04 9.08663e-06 4.92407e-05 4.22723e-06 5.66541e-05 4.88614e-06 8.95797e-05 7.75197e-06 7.70167e-05 6.63083e-06 
2800.0 2825.0 2850.0 4.17991e-05 4.03450e-06 2.70349e-05 2.60477e-06 6.69629e-05 6.47945e-06 3.13966e-05 3.01818e-06 3.59931e-05 3.48204e-06 5.69432e-05 5.52255e-06 4.91552e-05 4.73383e-06 
2850.0 2875.0 2900.0 4.92542e-05 5.08893e-06 3.17528e-05 3.26147e-06 7.92099e-05 8.24422e-06 3.69333e-05 3.79647e-06 4.23455e-05 4.37173e-06 6.72327e-05 6.98826e-06 5.80283e-05 6.00338e-06 
2900.0 2925.0 2950.0 4.94232e-05 4.72301e-06 3.19024e-05 3.04184e-06 7.93528e-05 7.60402e-06 3.70962e-05 3.53700e-06 4.25044e-05 4.06197e-06 6.73851e-05 6.45657e-06 5.82024e-05 5.56263e-06 
2950.0 2975.0 3000.0 4.28811e-05 4.20543e-06 2.76838e-05 2.70365e-06 6.88361e-05 6.78556e-06 3.21917e-05 3.14601e-06 3.68770e-05 3.61426e-06 5.84538e-05 5.75642e-06 5.04985e-05 4.95755e-06 
3000.0 3025.0 3050.0 3.44737e-05 3.60253e-06 2.22815e-05 2.32852e-06 5.52723e-05 5.77875e-06 2.58790e-05 2.69104e-06 2.96822e-05 3.11731e-06 4.69950e-05 4.93939e-06 4.05468e-05 4.21487e-06 
3050.0 3075.0 3100.0 4.58165e-05 4.92082e-06 2.96007e-05 3.16465e-06 7.34780e-05 7.93402e-06 3.44089e-05 3.68334e-06 3.94151e-05 4.22795e-06 6.24242e-05 6.73036e-06 5.39308e-05 5.80098e-06 
3100.0 3125.0 3150.0 2.23666e-05 2.50831e-06 1.44291e-05 1.61896e-06 3.59295e-05 4.02907e-06 1.68086e-05 1.87623e-06 1.92008e-05 2.16447e-06 3.04519e-05 3.43378e-06 2.63907e-05 2.94334e-06 
3150.0 3175.0 3200.0 2.35847e-05 2.48605e-06 1.52071e-05 1.60013e-06 3.79031e-05 4.00513e-06 1.77429e-05 1.86363e-06 2.02144e-05 2.13469e-06 3.20697e-05 3.39460e-06 2.78755e-05 2.93343e-06 
3200.0 3225.0 3250.0 2.09730e-05 2.11955e-06 1.35475e-05 1.36377e-06 3.36360e-05 3.41608e-06 1.57951e-05 1.58997e-06 1.79887e-05 1.81800e-06 2.84827e-05 2.89193e-06 2.47676e-05 2.50368e-06 
3250.0 3275.0 3300.0 2.30455e-05 2.90663e-06 1.48755e-05 1.87021e-06 3.69904e-05 4.68335e-06 1.73402e-05 2.18132e-06 1.97704e-05 2.49215e-06 3.13307e-05 3.96376e-06 2.72094e-05 3.43445e-06 
3300.0 3325.0 3350.0 1.47849e-05 1.73952e-06 9.52103e-06 1.11691e-06 2.37915e-05 2.80975e-06 1.11322e-05 1.30416e-06 1.26452e-05 1.48980e-06 2.00841e-05 2.37487e-06 1.75143e-05 2.05812e-06 
3350.0 3375.0 3400.0 1.67737e-05 1.96873e-06 1.08213e-05 1.26640e-06 2.69348e-05 3.17258e-06 1.26430e-05 1.48098e-06 1.43571e-05 1.68348e-06 2.27574e-05 2.67723e-06 1.98531e-05 2.33300e-06 
3400.0 3425.0 3450.0 1.70983e-05 2.07667e-06 1.10112e-05 1.33848e-06 2.75143e-05 3.33991e-06 1.28689e-05 1.55805e-06 1.46302e-05 1.78408e-06 2.32373e-05 2.83276e-06 2.02458e-05 2.44859e-06 
3450.0 3475.0 3500.0 1.50733e-05 1.87252e-06 9.71288e-06 1.20450e-06 2.42371e-05 3.01801e-06 1.13459e-05 1.40339e-06 1.29042e-05 1.60724e-06 2.04829e-05 2.55745e-06 1.78367e-05 2.20989e-06 
3500.0 3525.0 3550.0 1.38076e-05 1.98145e-06 8.87676e-06 1.26957e-06 2.22584e-05 3.20693e-06 1.04061e-05 1.48997e-06 1.17783e-05 1.68833e-06 1.87363e-05 2.69578e-06 1.64031e-05 2.35712e-06 
3550.0 3575.0 3600.0 8.26693e-06 1.18620e-06 5.32049e-06 7.62520e-07 1.33077e-05 1.91274e-06 6.23822e-06 8.92192e-07 7.05099e-06 1.01384e-06 1.12012e-05 1.61336e-06 9.82201e-06 1.40639e-06 
3600.0 3625.0 3650.0 7.76650e-06 1.14463e-06 4.99120e-06 7.33160e-07 1.25226e-05 1.85332e-06 5.86183e-06 8.60704e-07 6.61290e-06 9.74975e-07 1.05205e-05 1.55729e-06 9.24435e-06 1.36214e-06 
3650.0 3675.0 3700.0 8.35274e-06 1.19419e-06 5.36293e-06 7.62381e-07 1.34825e-05 1.94055e-06 6.29680e-06 8.97338e-07 7.11395e-06 1.01455e-06 1.13306e-05 1.62606e-06 9.93909e-06 1.42509e-06 
3700.0 3725.0 3750.0 5.99447e-06 9.56245e-07 3.85071e-06 6.13437e-07 9.66850e-06 1.54529e-06 4.52923e-06 7.20140e-07 4.78428e-06 7.72669e-07 8.11015e-06 1.29869e-06 7.14634e-06 1.13782e-06 
3750.0 3775.0 3800.0 4.44451e-06 6.26090e-07 2.86172e-06 4.02446e-07 7.61255e-06 1.08012e-06 3.36468e-06 4.72618e-07 3.78015e-06 5.33120e-07 5.99947e-06 8.47979e-07 5.63667e-06 7.96842e-07 
3800.0 3825.0 3850.0 5.08462e-06 7.72343e-07 3.26717e-06 4.96298e-07 8.19832e-06 1.24578e-06 3.84413e-06 5.82208e-07 4.32145e-06 6.58355e-07 6.87420e-06 1.04774e-06 6.06396e-06 9.18285e-07 
3850.0 3875.0 3900.0 3.57578e-06 5.40237e-07 2.29279e-06 3.47558e-07 5.77783e-06 8.69979e-07 2.70588e-06 4.07884e-07 3.02995e-06 4.60342e-07 4.82907e-06 7.31515e-07 4.27841e-06 6.42505e-07 
3900.0 3925.0 3950.0 3.29067e-06 4.94362e-07 2.27234e-06 3.56227e-07 5.29054e-06 7.92518e-07 2.67125e-06 4.16697e-07 2.79925e-06 4.23248e-07 4.44066e-06 6.69806e-07 3.92062e-06 5.84973e-07 
3950.0 3975.0 4000.0 2.76106e-06 3.90340e-07 1.77742e-06 2.51541e-07 4.44031e-06 6.27175e-07 2.09507e-06 2.95494e-07 2.34245e-06 3.32285e-07 3.71691e-06 5.26898e-07 3.29847e-06 4.64638e-07 
