-3.5 -3.45 -3.4 9.73147e+01 1.81962e+00 6.30937e+01 1.17633e+00 1.56239e+02 2.93869e+00 6.67031e+01 1.24610e+00 9.20665e+01 1.71811e+00 1.48019e+02 2.77110e+00 1.02748e+02 1.93026e+00 
-3.4 -3.35 -3.3 1.16485e+02 1.96996e+00 7.56639e+01 1.27320e+00 1.86595e+02 3.18234e+00 7.99014e+01 1.35027e+00 1.10329e+02 1.85809e+00 1.77018e+02 2.99680e+00 1.22822e+02 2.09287e+00 
-3.3 -3.25 -3.2 1.26958e+02 1.91722e+00 8.25533e+01 1.24241e+00 2.03134e+02 3.08763e+00 8.71513e+01 1.31457e+00 1.20284e+02 1.81248e+00 1.92759e+02 2.91550e+00 1.33832e+02 2.03120e+00 
-3.2 -3.15 -3.1 1.44198e+02 1.99471e+00 9.39453e+01 1.29456e+00 2.30191e+02 3.20674e+00 9.90108e+01 1.36744e+00 1.36848e+02 1.88893e+00 2.18868e+02 3.03405e+00 1.51704e+02 2.10908e+00 
-3.1 -3.05 -3.0 1.59395e+02 2.04757e+00 1.03962e+02 1.33099e+00 2.54114e+02 3.28505e+00 1.09511e+02 1.40326e+00 1.51353e+02 1.94265e+00 2.41765e+02 3.11569e+00 1.67592e+02 2.15972e+00 
-3.0 -2.95 -2.9 1.78348e+02 2.09184e+00 1.16463e+02 1.36002e+00 2.83931e+02 3.35559e+00 1.22631e+02 1.43512e+00 1.69415e+02 1.98297e+00 2.70244e+02 3.17901e+00 1.87443e+02 2.20897e+00 
-2.9 -2.85 -2.8 1.94375e+02 2.14673e+00 1.27001e+02 1.39631e+00 3.09384e+02 3.44563e+00 1.33711e+02 1.47228e+00 1.84660e+02 2.03653e+00 2.94467e+02 3.26558e+00 2.04355e+02 2.26730e+00 
-2.8 -2.75 -2.7 2.13213e+02 2.13814e+00 1.39667e+02 1.39778e+00 3.38170e+02 3.40622e+00 1.46780e+02 1.46743e+00 2.02931e+02 2.03741e+00 3.22608e+02 3.24793e+00 2.23581e+02 2.24357e+00 
-2.7 -2.65 -2.6 2.30238e+02 2.21145e+00 1.50904e+02 1.44323e+00 3.65097e+02 3.53199e+00 1.58517e+02 1.51699e+00 2.19235e+02 2.10458e+00 3.48328e+02 3.36135e+00 2.41301e+02 2.32389e+00 
-2.6 -2.55 -2.5 2.47041e+02 2.21013e+00 1.62174e+02 1.44820e+00 3.90796e+02 3.50977e+00 1.70212e+02 1.51678e+00 2.35437e+02 2.11101e+00 3.73418e+02 3.35753e+00 2.58640e+02 2.31166e+00 
-2.5 -2.45 -2.4 2.65482e+02 2.25652e+00 1.74418e+02 1.47838e+00 4.19606e+02 3.58693e+00 1.82996e+02 1.54835e+00 2.53104e+02 2.15531e+00 4.01083e+02 3.42873e+00 2.77850e+02 2.36186e+00 
-2.4 -2.35 -2.3 2.88702e+02 2.30717e+00 1.89836e+02 1.51130e+00 4.55823e+02 3.66779e+00 1.99065e+02 1.58319e+00 2.75392e+02 2.20314e+00 4.35999e+02 3.50545e+00 3.01951e+02 2.41517e+00 
-2.3 -2.25 -2.2 3.07544e+02 2.32036e+00 2.02422e+02 1.52342e+00 4.84999e+02 3.67710e+00 2.12172e+02 1.59230e+00 2.93494e+02 2.22078e+00 4.64149e+02 3.52542e+00 3.21493e+02 2.42144e+00 
-2.2 -2.15 -2.1 3.22686e+02 2.34441e+00 2.12599e+02 1.54199e+00 5.08259e+02 3.70660e+00 2.22558e+02 1.60738e+00 3.08145e+02 2.24792e+00 4.86799e+02 3.56192e+00 3.36834e+02 2.43872e+00 
-2.1 -2.05 -2.0 3.44137e+02 2.40123e+00 2.26904e+02 1.57932e+00 5.41563e+02 3.79732e+00 2.37562e+02 1.64727e+00 3.28795e+02 2.30294e+00 5.19003e+02 3.64966e+00 3.59252e+02 2.49958e+00 
-2.0 -1.95 -1.9 3.65603e+02 2.44853e+00 2.41249e+02 1.61342e+00 5.74777e+02 3.86329e+00 2.52475e+02 1.67985e+00 3.49455e+02 2.35262e+00 5.51129e+02 3.72126e+00 3.81463e+02 2.54343e+00 
-1.9 -1.85 -1.8 3.81766e+02 2.45491e+00 2.52069e+02 1.61474e+00 6.00051e+02 3.89111e+00 2.63756e+02 1.68451e+00 3.64963e+02 2.35400e+00 5.75178e+02 3.73020e+00 3.98451e+02 2.56181e+00 
-1.8 -1.75 -1.7 4.01830e+02 2.47321e+00 2.65494e+02 1.63441e+00 6.30725e+02 3.88674e+00 2.77668e+02 1.69712e+00 3.84333e+02 2.38279e+00 6.05276e+02 3.75786e+00 4.18920e+02 2.55958e+00 
-1.7 -1.65 -1.6 4.19811e+02 2.49249e+00 2.77583e+02 1.64792e+00 6.58337e+02 3.91538e+00 2.90183e+02 1.71041e+00 4.01714e+02 2.40240e+00 6.32127e+02 3.78698e+00 4.37428e+02 2.57854e+00 
-1.6 -1.55 -1.5 4.34624e+02 2.52178e+00 2.87577e+02 1.66666e+00 6.80952e+02 3.96417e+00 3.00524e+02 1.73056e+00 4.16039e+02 2.42958e+00 6.54163e+02 3.83131e+00 4.52645e+02 2.61068e+00 
-1.5 -1.45 -1.4 4.53648e+02 2.53354e+00 3.00388e+02 1.67937e+00 7.10157e+02 3.96682e+00 3.13712e+02 1.73869e+00 4.34529e+02 2.44812e+00 6.82714e+02 3.84905e+00 4.72121e+02 2.61266e+00 
-1.4 -1.35 -1.3 4.78468e+02 2.61178e+00 3.16977e+02 1.73293e+00 7.48567e+02 4.08437e+00 3.30913e+02 1.79224e+00 4.58475e+02 2.52646e+00 7.19966e+02 3.96831e+00 4.97727e+02 2.68990e+00 
-1.3 -1.25 -1.2 4.91255e+02 2.62410e+00 3.25572e+02 1.74292e+00 7.68202e+02 4.09832e+00 3.39808e+02 1.80024e+00 4.70838e+02 2.54166e+00 7.39079e+02 3.98827e+00 5.10875e+02 2.69825e+00 
-1.2 -1.15 -1.1 5.00084e+02 2.62501e+00 3.31700e+02 1.74513e+00 7.81300e+02 4.09583e+00 3.45972e+02 1.80090e+00 4.79626e+02 2.54485e+00 7.52291e+02 3.99037e+00 5.19695e+02 2.69667e+00 
-1.1 -1.05 -1.0 5.13828e+02 2.63338e+00 3.40861e+02 1.74941e+00 8.02555e+02 4.11258e+00 3.55548e+02 1.80697e+00 4.92781e+02 2.55055e+00 7.72715e+02 4.00138e+00 5.33954e+02 2.70822e+00 
-1.0 -0.95 -0.9 5.28867e+02 2.65217e+00 3.51057e+02 1.76443e+00 8.25406e+02 4.13417e+00 3.66031e+02 1.81990e+00 5.07416e+02 2.57245e+00 7.95123e+02 4.02984e+00 5.49303e+02 2.72258e+00 
-0.9 -0.85 -0.8 5.41987e+02 2.71365e+00 3.59871e+02 1.80653e+00 8.45575e+02 4.22661e+00 3.75135e+02 1.86134e+00 5.20125e+02 2.63486e+00 8.14792e+02 4.12530e+00 5.62766e+02 2.78201e+00 
-0.8 -0.75 -0.7 5.51694e+02 2.67893e+00 3.66480e+02 1.78491e+00 8.60247e+02 4.16777e+00 3.81886e+02 1.83815e+00 5.29634e+02 2.60246e+00 8.29297e+02 4.07078e+00 5.72596e+02 2.74452e+00 
-0.7 -0.65 -0.6 5.55967e+02 2.65202e+00 3.69325e+02 1.76655e+00 8.66871e+02 4.12722e+00 3.84947e+02 1.82025e+00 5.33601e+02 2.57486e+00 8.35446e+02 4.02838e+00 5.77192e+02 2.71878e+00 
-0.6 -0.55 -0.5 5.71682e+02 2.68365e+00 3.79895e+02 1.78774e+00 8.91016e+02 4.17629e+00 3.95854e+02 1.84206e+00 5.48837e+02 2.60558e+00 8.58992e+02 4.07617e+00 5.93316e+02 2.75121e+00 
-0.5 -0.45 -0.4 5.77055e+02 2.74355e+00 3.83604e+02 1.83014e+00 8.98988e+02 4.26225e+00 3.99523e+02 1.88215e+00 5.54270e+02 2.66886e+00 8.67210e+02 4.16993e+00 5.98530e+02 2.80601e+00 
-0.4 -0.35 -0.3 5.82551e+02 2.72023e+00 3.87219e+02 1.81391e+00 9.07668e+02 4.22819e+00 4.03487e+02 1.86708e+00 5.59270e+02 2.64387e+00 8.75041e+02 4.13195e+00 6.04601e+02 2.78528e+00 
-0.3 -0.25 -0.2 5.85986e+02 2.71688e+00 3.89657e+02 1.81339e+00 9.12569e+02 4.21805e+00 4.05841e+02 1.86464e+00 5.62832e+02 2.64334e+00 8.80271e+02 4.12723e+00 6.07827e+02 2.77842e+00 
-0.2 -0.15 -0.1 5.92370e+02 2.73265e+00 3.93928e+02 1.82425e+00 9.22436e+02 4.24138e+00 4.10242e+02 1.87534e+00 5.69030e+02 2.65939e+00 8.89916e+02 4.15157e+00 6.14361e+02 2.79359e+00 
-0.1 -0.05 0.0 5.94442e+02 2.74406e+00 3.95286e+02 1.83137e+00 9.25714e+02 4.26046e+00 4.11671e+02 1.88315e+00 5.70998e+02 2.66977e+00 8.93044e+02 4.16892e+00 6.16530e+02 2.80610e+00 
0.0 0.05 0.1 5.89266e+02 2.71480e+00 3.91906e+02 1.81170e+00 9.17947e+02 4.21989e+00 4.08110e+02 1.86321e+00 5.66084e+02 2.64087e+00 8.85207e+02 4.12408e+00 6.11087e+02 2.77682e+00 
0.1 0.15 0.2 5.87250e+02 2.69746e+00 3.90410e+02 1.79930e+00 9.14779e+02 4.19097e+00 4.06738e+02 1.85150e+00 5.63885e+02 2.62252e+00 8.82110e+02 4.09726e+00 6.09333e+02 2.76087e+00 
0.2 0.25 0.3 5.84446e+02 2.70706e+00 3.88733e+02 1.80748e+00 9.10228e+02 4.20464e+00 4.04772e+02 1.85797e+00 5.61507e+02 2.63472e+00 8.78247e+02 4.11522e+00 6.06259e+02 2.76968e+00 
0.3 0.35 0.4 5.80849e+02 2.71941e+00 3.86303e+02 1.81606e+00 9.04396e+02 4.21899e+00 4.02247e+02 1.86617e+00 5.58039e+02 2.64759e+00 8.72651e+02 4.13168e+00 6.02317e+02 2.77873e+00 
0.4 0.45 0.5 5.75763e+02 2.71510e+00 3.82738e+02 1.81038e+00 8.96995e+02 4.22091e+00 3.98685e+02 1.86323e+00 5.52941e+02 2.63920e+00 8.65110e+02 4.12504e+00 5.97313e+02 2.77993e+00 
0.5 0.55 0.6 5.73492e+02 2.72942e+00 3.81081e+02 1.82045e+00 8.93869e+02 4.24095e+00 3.97087e+02 1.87287e+00 5.50581e+02 2.65418e+00 8.61771e+02 4.14732e+00 5.95178e+02 2.79284e+00 
0.6 0.65 0.7 5.62507e+02 2.70312e+00 3.73697e+02 1.79942e+00 8.77011e+02 4.21076e+00 3.89436e+02 1.85501e+00 5.39971e+02 2.62313e+00 8.45379e+02 4.10682e+00 5.83869e+02 2.77308e+00 
0.7 0.75 0.8 5.52965e+02 2.69877e+00 3.67248e+02 1.79787e+00 8.62430e+02 4.19931e+00 3.82803e+02 1.85156e+00 5.30690e+02 2.62162e+00 8.31108e+02 4.10152e+00 5.74115e+02 2.76485e+00 
0.8 0.85 0.9 5.45977e+02 2.69231e+00 3.62526e+02 1.79321e+00 8.51772e+02 4.19041e+00 3.77908e+02 1.84736e+00 5.23946e+02 2.61457e+00 8.20758e+02 4.09109e+00 5.66915e+02 2.75950e+00 
0.9 0.95 1.0 5.28918e+02 2.64522e+00 3.51032e+02 1.75905e+00 8.25655e+02 4.12645e+00 3.66112e+02 1.81533e+00 5.07316e+02 2.56432e+00 7.95080e+02 4.01877e+00 5.49551e+02 2.71784e+00 
1.0 1.05 1.1 5.16817e+02 2.63142e+00 3.42932e+02 1.74999e+00 8.06950e+02 4.10298e+00 3.57646e+02 1.80579e+00 4.95732e+02 2.55117e+00 7.77126e+02 3.99796e+00 5.36935e+02 2.70219e+00 
1.1 1.15 1.2 5.01192e+02 2.61802e+00 3.32357e+02 1.73918e+00 7.83167e+02 4.08818e+00 3.46766e+02 1.79643e+00 4.80533e+02 2.53564e+00 7.53805e+02 3.97808e+00 5.20982e+02 2.69212e+00 
1.2 1.25 1.3 4.89488e+02 2.60254e+00 3.24406e+02 1.72772e+00 7.65428e+02 4.06745e+00 3.38621e+02 1.78600e+00 4.69100e+02 2.51864e+00 7.36323e+02 3.95398e+00 5.09094e+02 2.67881e+00 
1.3 1.35 1.4 4.72901e+02 2.58410e+00 3.13247e+02 1.71330e+00 7.39984e+02 4.04553e+00 3.27076e+02 1.77327e+00 4.53063e+02 2.49775e+00 7.11559e+02 3.92618e+00 4.92041e+02 2.66428e+00 
1.4 1.45 1.5 4.56960e+02 2.56181e+00 3.02591e+02 1.69819e+00 7.15311e+02 4.01089e+00 3.15990e+02 1.75783e+00 4.37732e+02 2.47593e+00 6.87730e+02 3.89275e+00 4.75524e+02 2.64118e+00 
1.5 1.55 1.6 4.37233e+02 2.53383e+00 2.89240e+02 1.67488e+00 6.85292e+02 3.98290e+00 3.02241e+02 1.73851e+00 4.18562e+02 2.44200e+00 6.58325e+02 3.85048e+00 4.55363e+02 2.62237e+00 
1.6 1.65 1.7 4.19993e+02 2.48721e+00 2.77722e+02 1.64434e+00 6.58570e+02 3.90681e+00 2.90303e+02 1.70712e+00 4.01922e+02 2.39666e+00 6.32417e+02 3.77802e+00 4.37570e+02 2.57347e+00 
1.7 1.75 1.8 3.99544e+02 2.46629e+00 2.64044e+02 1.62953e+00 6.27300e+02 3.88254e+00 2.76050e+02 1.69210e+00 3.82289e+02 2.37605e+00 6.01936e+02 3.74808e+00 4.16570e+02 2.55612e+00 
1.8 1.85 1.9 3.83972e+02 2.46150e+00 2.53470e+02 1.61871e+00 6.03392e+02 3.89515e+00 2.65236e+02 1.68896e+00 3.67051e+02 2.35988e+00 5.78621e+02 3.74034e+00 4.00590e+02 2.56456e+00 
1.9 1.95 2.0 3.64228e+02 2.39263e+00 2.40372e+02 1.57731e+00 5.72523e+02 3.77168e+00 2.51534e+02 1.64207e+00 3.48171e+02 2.29916e+00 5.49030e+02 3.63470e+00 3.79984e+02 2.48421e+00 
2.0 2.05 2.1 3.52081e+02 2.44766e+00 2.32141e+02 1.61275e+00 5.54063e+02 3.86171e+00 2.43016e+02 1.67907e+00 3.36423e+02 2.35192e+00 5.31057e+02 3.72038e+00 3.67492e+02 2.54213e+00 
2.1 2.15 2.2 3.30593e+02 2.39827e+00 2.17706e+02 1.57517e+00 5.21033e+02 3.79988e+00 2.28160e+02 1.64580e+00 3.15535e+02 2.29620e+00 4.98706e+02 3.64366e+00 3.45537e+02 2.50245e+00 
2.2 2.25 2.3 3.03689e+02 2.29130e+00 1.99845e+02 1.50381e+00 4.79036e+02 3.63317e+00 2.09501e+02 1.57224e+00 2.89774e+02 2.19238e+00 4.58366e+02 3.48156e+00 3.17519e+02 2.39237e+00 
2.3 2.35 2.4 2.90171e+02 2.29890e+00 1.90794e+02 1.50776e+00 4.58161e+02 3.64747e+00 2.00082e+02 1.57742e+00 2.76779e+02 2.19821e+00 4.38208e+02 3.49318e+00 3.03509e+02 2.40177e+00 
2.4 2.45 2.5 2.64929e+02 2.21795e+00 1.74030e+02 1.45130e+00 4.18802e+02 3.53027e+00 1.82640e+02 1.52216e+00 2.52508e+02 2.11543e+00 4.00181e+02 3.36940e+00 2.77365e+02 2.32502e+00 
2.5 2.55 2.6 2.48292e+02 2.21677e+00 1.62991e+02 1.45219e+00 3.92807e+02 3.52265e+00 1.71039e+02 1.52045e+00 2.36672e+02 2.11808e+00 3.75402e+02 3.37007e+00 2.59906e+02 2.31850e+00 
2.6 2.65 2.7 2.31982e+02 2.19131e+00 1.52092e+02 1.43158e+00 3.67561e+02 3.49341e+00 1.59762e+02 1.50377e+00 2.20900e+02 2.08682e+00 3.50850e+02 3.32919e+00 2.43121e+02 2.30054e+00 
2.7 2.75 2.8 2.11069e+02 2.14071e+00 1.38219e+02 1.39699e+00 3.34909e+02 3.41927e+00 1.45287e+02 1.46820e+00 2.00850e+02 2.03750e+00 3.19413e+02 3.25452e+00 2.21388e+02 2.25006e+00 
2.8 2.85 2.9 1.95440e+02 2.09614e+00 1.27880e+02 1.36673e+00 3.10391e+02 3.35015e+00 1.34442e+02 1.43809e+00 1.85943e+02 1.99276e+00 2.95985e+02 3.18542e+00 2.05022e+02 2.20558e+00 
2.9 2.95 3.0 1.76611e+02 2.05424e+00 1.15335e+02 1.33693e+00 2.81139e+02 3.29034e+00 1.21417e+02 1.40886e+00 1.67802e+02 1.94988e+00 2.67666e+02 3.12303e+00 1.85559e+02 2.16513e+00 
3.0 3.05 3.1 1.57550e+02 2.01729e+00 1.02757e+02 1.30753e+00 2.51198e+02 3.25140e+00 1.08276e+02 1.38358e+00 1.49552e+02 1.90694e+00 2.38878e+02 3.06673e+00 1.65730e+02 2.13961e+00 
3.1 3.15 3.2 1.46119e+02 2.02336e+00 9.52467e+01 1.31327e+00 2.33110e+02 3.25221e+00 1.00331e+02 1.38709e+00 1.38743e+02 1.91613e+00 2.21783e+02 3.07758e+00 1.53627e+02 2.13888e+00 
3.2 3.25 3.3 1.23954e+02 1.88635e+00 8.06234e+01 1.22405e+00 1.98248e+02 3.03198e+00 8.50726e+01 1.29251e+00 1.17495e+02 1.78687e+00 1.88243e+02 2.87093e+00 1.30581e+02 1.99288e+00 
3.3 3.35 3.4 1.16240e+02 1.91832e+00 7.54588e+01 1.23857e+00 1.86347e+02 3.10403e+00 7.97404e+01 1.31468e+00 1.10021e+02 1.80778e+00 1.76629e+02 2.91887e+00 1.22667e+02 2.04101e+00 
3.4 3.45 3.5 1.00742e+02 1.86918e+00 6.52709e+01 1.20263e+00 1.61860e+02 3.03704e+00 6.90586e+01 1.27978e+00 9.52345e+01 1.75682e+00 1.53216e+02 2.84731e+00 1.06455e+02 1.99425e+00 
