-3.5 -3.45 -3.4 2.04098e+01 6.10772e-01 1.24476e+01 3.66023e-01 3.51748e+01 1.08186e+00 1.39857e+01 4.16350e-01 1.81693e+01 5.37089e-01 3.10550e+01 9.35363e-01 2.31252e+01 7.06687e-01 
-3.4 -3.35 -3.3 2.88802e+01 8.28459e-01 1.77575e+01 4.94390e-01 4.93052e+01 1.47198e+00 1.98099e+01 5.65666e-01 2.58944e+01 7.24283e-01 4.38892e+01 1.26617e+00 3.24557e+01 9.63525e-01 
-3.3 -3.25 -3.2 3.61492e+01 7.93746e-01 2.24088e+01 4.87131e-01 6.00678e+01 1.29260e+00 2.48121e+01 5.41178e-01 3.26552e+01 7.14621e-01 5.40313e+01 1.15759e+00 3.95837e+01 8.45329e-01 
-3.2 -3.15 -3.1 4.91617e+01 1.08040e+00 3.06449e+01 6.53743e-01 8.25793e+01 1.88900e+00 3.37606e+01 7.38509e-01 4.46363e+01 9.56719e-01 7.46076e+01 1.64902e+00 5.44355e+01 1.23824e+00 
-3.1 -3.05 -3.0 6.23167e+01 1.11320e+00 3.90789e+01 6.89129e-01 1.03939e+02 1.89708e+00 4.28167e+01 7.60960e-01 5.68915e+01 1.00875e+00 9.45117e+01 1.69905e+00 6.85590e+01 1.24409e+00 
-3.0 -2.95 -2.9 7.89454e+01 1.35570e+00 4.98171e+01 8.33603e-01 1.30741e+02 2.32937e+00 5.42890e+01 9.27646e-01 7.25116e+01 1.21304e+00 1.19605e+02 2.06660e+00 8.63307e+01 1.52915e+00 
-2.9 -2.85 -2.8 9.82699e+01 1.46378e+00 6.23338e+01 9.14109e-01 1.61752e+02 2.46981e+00 6.75913e+01 9.99782e-01 9.06513e+01 1.33897e+00 1.48850e+02 2.23659e+00 1.06831e+02 1.61746e+00 
-2.8 -2.75 -2.7 1.15619e+02 1.45518e+00 7.37118e+01 9.18720e-01 1.89183e+02 2.42282e+00 7.95670e+01 9.94752e-01 1.07143e+02 1.34441e+00 1.75017e+02 2.22118e+00 1.25033e+02 1.58802e+00 
-2.7 -2.65 -2.6 1.40168e+02 1.63596e+00 8.96753e+01 1.03045e+00 2.28461e+02 2.73289e+00 9.65085e+01 1.11887e+00 1.30281e+02 1.50702e+00 2.12050e+02 2.49555e+00 1.51078e+02 1.79205e+00 
-2.6 -2.55 -2.5 1.61335e+02 1.73364e+00 1.03645e+02 1.10556e+00 2.61692e+02 2.85257e+00 1.11148e+02 1.18693e+00 1.50491e+02 1.61583e+00 2.43898e+02 2.64139e+00 1.73183e+02 1.87407e+00 
-2.5 -2.45 -2.4 1.85789e+02 1.79979e+00 1.19658e+02 1.14505e+00 3.00478e+02 2.96628e+00 1.28068e+02 1.23326e+00 1.73641e+02 1.67167e+00 2.80672e+02 2.73907e+00 1.98987e+02 1.95009e+00 
-2.4 -2.35 -2.3 2.15270e+02 1.97133e+00 1.38982e+02 1.25703e+00 3.47206e+02 3.24194e+00 1.48443e+02 1.35100e+00 2.01614e+02 1.83497e+00 3.25075e+02 2.99966e+00 2.30033e+02 2.13188e+00 
-2.3 -2.25 -2.2 2.45357e+02 2.21718e+00 1.58655e+02 1.40068e+00 3.94900e+02 3.68645e+00 1.69216e+02 1.51705e+00 2.30203e+02 2.04942e+00 3.70446e+02 3.38052e+00 2.60798e+02 2.36457e+00 
-2.2 -2.15 -2.1 2.73239e+02 2.18842e+00 1.77325e+02 1.40206e+00 4.38090e+02 3.57844e+00 1.88547e+02 1.50048e+00 2.57060e+02 2.04573e+00 4.12272e+02 3.32813e+00 2.90488e+02 2.35443e+00 
-2.1 -2.05 -2.0 3.00255e+02 2.23851e+00 1.95325e+02 1.44187e+00 4.80015e+02 3.63448e+00 2.07292e+02 1.53400e+00 2.83013e+02 2.10474e+00 4.52763e+02 3.40666e+00 3.18477e+02 2.38931e+00 
-2.0 -1.95 -1.9 3.29381e+02 2.39751e+00 2.14781e+02 1.54200e+00 5.25169e+02 3.90117e+00 2.27445e+02 1.64216e+00 3.11147e+02 2.25189e+00 4.96573e+02 3.65075e+00 3.48519e+02 2.56293e+00 
-1.9 -1.85 -1.8 3.59434e+02 2.45528e+00 2.34716e+02 1.58485e+00 5.72152e+02 3.97793e+00 2.48253e+02 1.68339e+00 3.39950e+02 2.31252e+00 5.41737e+02 3.73432e+00 3.79801e+02 2.61703e+00 
-1.8 -1.75 -1.7 3.96116e+02 2.63960e+00 2.59030e+02 1.69994e+00 6.29542e+02 4.29004e+00 2.73656e+02 1.81019e+00 3.75073e+02 2.47989e+00 5.96850e+02 4.01343e+00 4.18021e+02 2.82327e+00 
-1.7 -1.65 -1.6 4.23712e+02 2.70328e+00 2.77651e+02 1.75081e+00 6.71715e+02 4.35921e+00 2.92866e+02 1.85583e+00 4.01844e+02 2.55164e+00 6.38049e+02 4.10507e+00 4.46304e+02 2.87282e+00 
-1.6 -1.55 -1.5 4.53869e+02 2.64654e+00 2.98055e+02 1.72725e+00 7.17662e+02 4.22653e+00 3.13805e+02 1.81545e+00 4.31246e+02 2.51900e+00 6.83215e+02 4.02278e+00 4.77006e+02 2.78225e+00 
-1.5 -1.45 -1.4 4.79042e+02 2.74684e+00 3.14907e+02 1.79438e+00 7.56602e+02 4.38337e+00 3.31274e+02 1.88416e+00 4.55541e+02 2.61713e+00 7.20945e+02 4.17552e+00 5.03004e+02 2.88547e+00 
-1.4 -1.35 -1.3 5.18692e+02 2.89086e+00 3.41237e+02 1.88750e+00 8.18487e+02 4.61497e+00 3.58720e+02 1.98257e+00 4.93593e+02 2.75329e+00 7.80551e+02 4.39540e+00 5.44190e+02 3.03693e+00 
-1.3 -1.25 -1.2 5.43102e+02 2.97136e+00 3.57735e+02 1.93983e+00 8.55673e+02 4.74442e+00 3.75610e+02 2.03816e+00 5.17396e+02 2.82881e+00 8.17170e+02 4.51620e+00 5.68999e+02 3.12330e+00 
-1.2 -1.15 -1.1 5.67534e+02 3.04761e+00 3.74307e+02 1.99402e+00 8.92879e+02 4.85224e+00 3.92608e+02 2.09006e+00 5.41283e+02 2.90871e+00 8.53776e+02 4.63386e+00 5.93853e+02 3.19305e+00 
-1.1 -1.05 -1.0 5.91787e+02 3.03164e+00 3.90782e+02 1.98688e+00 9.29692e+02 4.81715e+00 4.09484e+02 2.08035e+00 5.64977e+02 2.89676e+00 8.90009e+02 4.60630e+00 6.18521e+02 3.17257e+00 
-1.0 -0.95 -0.9 6.11528e+02 3.11474e+00 4.04034e+02 2.04013e+00 9.60085e+02 4.95447e+00 4.23280e+02 2.13745e+00 5.83950e+02 2.97423e+00 9.19344e+02 4.73233e+00 6.38990e+02 3.26303e+00 
-0.9 -0.85 -0.8 6.38336e+02 3.14252e+00 4.22195e+02 2.06407e+00 1.00087e+03 4.97934e+00 4.41856e+02 2.15670e+00 6.10169e+02 3.00891e+00 9.59591e+02 4.77402e+00 6.66177e+02 3.27983e+00 
-0.8 -0.75 -0.7 6.59077e+02 3.28545e+00 4.36045e+02 2.14701e+00 1.03303e+03 5.24042e+00 4.56263e+02 2.25709e+00 6.30118e+02 3.12692e+00 9.90645e+02 4.98483e+00 6.87667e+02 3.45667e+00 
-0.7 -0.65 -0.6 6.73026e+02 3.22373e+00 4.45497e+02 2.11616e+00 1.05427e+03 5.11245e+00 4.66036e+02 2.21312e+00 6.43618e+02 3.08384e+00 1.01130e+03 4.89553e+00 7.02027e+02 3.36874e+00 
-0.6 -0.55 -0.5 6.86159e+02 3.28144e+00 4.54462e+02 2.15411e+00 1.07407e+03 5.20247e+00 4.75145e+02 2.25267e+00 6.56551e+02 3.13916e+00 1.03101e+03 4.98335e+00 7.15232e+02 3.42778e+00 
-0.5 -0.45 -0.4 6.99434e+02 3.28346e+00 4.63698e+02 2.15955e+00 1.09354e+03 5.19421e+00 4.84371e+02 2.25427e+00 6.69855e+02 3.14701e+00 1.05087e+03 4.98587e+00 7.28271e+02 3.42308e+00 
-0.4 -0.35 -0.3 7.12840e+02 3.31163e+00 4.72637e+02 2.17978e+00 1.11471e+03 5.23943e+00 4.93680e+02 2.27327e+00 6.82732e+02 3.17700e+00 1.07095e+03 5.02967e+00 7.42396e+02 3.45197e+00 
-0.3 -0.25 -0.2 7.17050e+02 3.36280e+00 4.75587e+02 2.20806e+00 1.12052e+03 5.33232e+00 4.96678e+02 2.30788e+00 6.86878e+02 3.21852e+00 1.07705e+03 5.10869e+00 7.46433e+02 3.51178e+00 
-0.2 -0.15 -0.1 7.20309e+02 3.31680e+00 4.77902e+02 2.18744e+00 1.12516e+03 5.22778e+00 4.98958e+02 2.27699e+00 6.90193e+02 3.18786e+00 1.08189e+03 5.03701e+00 7.49566e+02 3.44479e+00 
-0.1 -0.05 0.0 7.29717e+02 3.38331e+00 4.84074e+02 2.22721e+00 1.14007e+03 5.34757e+00 5.05440e+02 2.32316e+00 6.99155e+02 3.24527e+00 1.09611e+03 5.13660e+00 7.59435e+02 3.52499e+00 
0.0 0.05 0.1 7.27014e+02 3.36461e+00 4.82296e+02 2.21268e+00 1.13578e+03 5.32343e+00 5.03535e+02 2.31015e+00 6.96632e+02 3.22425e+00 1.09214e+03 5.10866e+00 7.56513e+02 3.50863e+00 
0.1 0.15 0.2 7.25121e+02 3.45386e+00 4.81089e+02 2.26919e+00 1.13269e+03 5.47148e+00 5.02152e+02 2.37055e+00 6.94991e+02 3.30781e+00 1.08950e+03 5.24654e+00 7.54323e+02 3.60456e+00 
0.2 0.25 0.3 7.17851e+02 3.34850e+00 4.76033e+02 2.20311e+00 1.12200e+03 5.29364e+00 4.97198e+02 2.29976e+00 6.87571e+02 3.20936e+00 1.07835e+03 5.08249e+00 7.47352e+02 3.49014e+00 
0.3 0.35 0.4 7.15026e+02 3.49019e+00 4.73975e+02 2.28031e+00 1.11810e+03 5.57157e+00 4.95192e+02 2.39508e+00 6.84668e+02 3.32439e+00 1.07424e+03 5.30290e+00 7.44665e+02 3.66934e+00 
0.4 0.45 0.5 7.04506e+02 3.39005e+00 4.66982e+02 2.22338e+00 1.10172e+03 5.38556e+00 4.87877e+02 2.32767e+00 6.74603e+02 3.23982e+00 1.05850e+03 5.14706e+00 7.33705e+02 3.54980e+00 
0.5 0.55 0.6 6.85294e+02 3.23647e+00 4.54166e+02 2.13373e+00 1.07191e+03 5.10410e+00 4.74560e+02 2.22125e+00 6.56110e+02 3.11036e+00 1.02967e+03 4.91661e+00 7.13826e+02 3.36211e+00 
0.6 0.65 0.7 6.75123e+02 3.24742e+00 4.46920e+02 2.13201e+00 1.05725e+03 5.14469e+00 4.67439e+02 2.22980e+00 6.45738e+02 3.10641e+00 1.01458e+03 4.93044e+00 7.03919e+02 3.39085e+00 
0.7 0.75 0.8 6.54142e+02 3.18149e+00 4.32959e+02 2.09138e+00 1.02476e+03 5.03596e+00 4.52916e+02 2.18435e+00 6.25571e+02 3.04766e+00 9.83046e+02 4.83086e+00 6.82299e+02 3.31910e+00 
0.8 0.85 0.9 6.40754e+02 3.15083e+00 4.23853e+02 2.07282e+00 1.00450e+03 4.98293e+00 4.43522e+02 2.16248e+00 6.12578e+02 3.02152e+00 9.63244e+02 4.78639e+00 6.68583e+02 3.28234e+00 
0.9 0.95 1.0 6.14301e+02 3.13771e+00 4.05948e+02 2.05797e+00 9.64193e+02 4.98134e+00 4.25162e+02 2.15278e+00 5.86768e+02 3.00093e+00 9.23609e+02 4.76844e+00 6.41662e+02 3.28008e+00 
1.0 1.05 1.1 5.91174e+02 3.04548e+00 3.90337e+02 1.99630e+00 9.28806e+02 4.83807e+00 4.09156e+02 2.09147e+00 5.64203e+02 2.90846e+00 8.88829e+02 4.62290e+00 6.18116e+02 3.18978e+00 
1.1 1.15 1.2 5.67354e+02 3.05604e+00 3.74208e+02 1.99847e+00 8.92547e+02 4.86689e+00 3.92573e+02 2.09635e+00 5.41015e+02 2.91449e+00 8.53267e+02 4.64537e+00 5.93796e+02 3.20369e+00 
1.2 1.25 1.3 5.35432e+02 2.96161e+00 3.52720e+02 1.93173e+00 8.43521e+02 4.73343e+00 3.70416e+02 2.03255e+00 5.10039e+02 2.81580e+00 8.05433e+02 4.49905e+00 5.61053e+02 3.11764e+00 
1.3 1.35 1.4 5.13393e+02 2.86851e+00 3.37941e+02 1.87399e+00 8.09556e+02 4.57597e+00 3.55075e+02 1.96819e+00 4.88802e+02 2.73238e+00 7.72525e+02 4.35890e+00 5.38298e+02 3.01326e+00 
1.4 1.45 1.5 4.85864e+02 2.96469e+00 3.19274e+02 1.91877e+00 7.67762e+02 4.79110e+00 3.35948e+02 2.03297e+00 4.61915e+02 2.79908e+00 7.31328e+02 4.50816e+00 5.10336e+02 3.15219e+00 
1.5 1.55 1.6 4.49161e+02 2.68088e+00 2.94815e+02 1.74890e+00 7.10689e+02 4.28541e+00 3.10521e+02 1.83858e+00 4.26595e+02 2.55114e+00 6.76204e+02 4.07613e+00 4.72314e+02 2.82016e+00 
1.6 1.65 1.7 4.22746e+02 2.72568e+00 2.76830e+02 1.76123e+00 6.70345e+02 4.42217e+00 2.92195e+02 1.86975e+00 4.00655e+02 2.56854e+00 6.36601e+02 4.14291e+00 4.45386e+02 2.91112e+00 
1.7 1.75 1.8 3.95307e+02 2.62049e+00 2.58807e+02 1.70589e+00 6.27329e+02 4.19955e+00 2.73085e+02 1.79545e+00 3.74769e+02 2.49072e+00 5.95661e+02 3.98888e+00 4.16535e+02 2.76038e+00 
1.8 1.85 1.9 3.65350e+02 2.59399e+00 2.38540e+02 1.67055e+00 5.81678e+02 4.21303e+00 2.52312e+02 1.77741e+00 3.45526e+02 2.43885e+00 5.50725e+02 3.94820e+00 3.86079e+02 2.76932e+00 
1.9 1.95 2.0 3.29641e+02 2.31723e+00 2.15066e+02 1.50197e+00 5.25230e+02 3.73291e+00 2.27626e+02 1.58845e+00 3.11557e+02 2.19180e+00 4.96962e+02 3.52513e+00 3.48561e+02 2.45498e+00 
2.0 2.05 2.1 3.04107e+02 2.36909e+00 1.97727e+02 1.52345e+00 4.86542e+02 3.85755e+00 2.09919e+02 1.62286e+00 2.86538e+02 2.22492e+00 4.58656e+02 3.60702e+00 3.22750e+02 2.53520e+00 
2.1 2.15 2.2 2.67667e+02 2.13841e+00 1.73742e+02 1.37356e+00 4.29032e+02 3.48371e+00 1.84738e+02 1.46577e+00 2.51817e+02 2.00453e+00 4.03768e+02 3.25318e+00 2.84548e+02 2.29098e+00 
2.2 2.25 2.3 2.42896e+02 2.05059e+00 1.57403e+02 1.32180e+00 3.90053e+02 3.32748e+00 1.67540e+02 1.40469e+00 2.28272e+02 1.93042e+00 3.66668e+02 3.12207e+00 2.58507e+02 2.18685e+00 
2.3 2.35 2.4 2.14371e+02 1.94003e+00 1.38502e+02 1.24443e+00 3.45444e+02 3.16601e+00 1.47819e+02 1.32914e+00 2.00922e+02 1.81718e+00 3.23726e+02 2.95315e+00 2.28857e+02 2.08119e+00 
2.4 2.45 2.5 1.91059e+02 2.09037e+00 1.22882e+02 1.32284e+00 3.09541e+02 3.47413e+00 1.31663e+02 1.42989e+00 1.78368e+02 1.93464e+00 2.88737e+02 3.18800e+00 2.04910e+02 2.27931e+00 
2.5 2.55 2.6 1.61963e+02 1.79188e+00 1.03983e+02 1.13147e+00 2.62905e+02 2.98094e+00 1.11581e+02 1.22747e+00 1.50981e+02 1.65249e+00 2.44848e+02 2.72806e+00 1.73986e+02 1.95929e+00 
2.6 2.65 2.7 1.38740e+02 1.60055e+00 8.87701e+01 1.01011e+00 2.26096e+02 2.66582e+00 9.55223e+01 1.09648e+00 1.28971e+02 1.47529e+00 2.09898e+02 2.43656e+00 1.49511e+02 1.75262e+00 
2.7 2.75 2.8 1.18508e+02 1.52006e+00 7.62045e+01 1.00764e+00 1.94182e+02 2.53913e+00 8.15572e+01 1.03982e+00 1.10768e+02 1.47404e+00 1.79383e+02 2.31822e+00 1.28339e+02 1.66577e+00 
2.8 2.85 2.9 9.79034e+01 1.40866e+00 6.20817e+01 8.78318e-01 1.61212e+02 2.38040e+00 6.73330e+01 9.62819e-01 9.02918e+01 1.28536e+00 1.48311e+02 2.15040e+00 1.06461e+02 1.55988e+00 
2.9 2.95 3.0 7.89930e+01 1.24579e+00 4.97861e+01 7.72083e-01 1.31000e+02 2.11898e+00 5.43217e+01 8.52726e-01 7.24171e+01 1.12845e+00 1.19677e+02 1.89832e+00 8.65011e+01 1.39144e+00 
3.0 3.05 3.1 6.47677e+01 1.16214e+00 4.06449e+01 7.18106e-01 1.07935e+02 1.98141e+00 4.44892e+01 7.93528e-01 5.91861e+01 1.05192e+00 9.82611e+01 1.77618e+00 7.11710e+01 1.29683e+00 
3.1 3.15 3.2 4.99834e+01 9.98043e-01 3.11507e+01 6.13279e-01 8.47630e+01 1.75499e+00 3.43220e+01 6.81755e-01 4.53764e+01 8.98094e-01 7.58619e+01 1.52456e+00 5.58616e+01 1.14943e+00 
3.2 3.25 3.3 3.72266e+01 8.14267e-01 2.30878e+01 4.97004e-01 6.29028e+01 1.40987e+00 2.55440e+01 5.56540e-01 3.36549e+01 7.27447e-01 5.65497e+01 1.24304e+00 4.14231e+01 9.24053e-01 
3.3 3.35 3.4 2.81137e+01 6.87882e-01 1.72973e+01 4.16774e-01 4.82171e+01 1.22235e+00 1.92879e+01 4.69747e-01 2.52184e+01 6.10499e-01 4.27143e+01 1.05117e+00 3.17450e+01 8.00084e-01 
3.4 3.45 3.5 2.01171e+01 5.91485e-01 1.22566e+01 3.51879e-01 3.47181e+01 1.05707e+00 1.37862e+01 4.03728e-01 1.78892e+01 5.15800e-01 3.06068e+01 9.04405e-01 2.28269e+01 6.91920e-01 
