0.0 0.05 0.1 3.97564e+01 4.38844e-01 2.61294e+01 2.88564e-01 6.26637e+01 6.91777e-01 2.88281e+01 3.16912e-01 3.60391e+01 3.99648e-01 5.64681e+01 6.26387e-01 4.41258e+01 4.84755e-01 
0.1 0.15 0.2 4.15479e+01 4.51611e-01 2.72976e+01 2.96597e-01 6.55141e+01 7.12997e-01 3.01247e+01 3.26112e-01 3.76533e+01 4.10796e-01 5.90184e+01 6.44654e-01 4.61283e+01 4.99586e-01 
0.2 0.25 0.3 4.22878e+01 4.57328e-01 2.77793e+01 3.00301e-01 6.66947e+01 7.22322e-01 3.06607e+01 3.30228e-01 3.83182e+01 4.15931e-01 6.00705e+01 6.52847e-01 4.69585e+01 5.06074e-01 
0.3 0.35 0.4 4.50158e+01 4.83293e-01 2.95737e+01 3.17699e-01 7.09889e+01 7.62129e-01 3.26295e+01 3.48878e-01 4.08050e+01 4.40162e-01 6.39672e+01 6.90144e-01 4.99654e+01 5.33802e-01 
0.4 0.45 0.5 5.11726e+01 5.16836e-01 3.35926e+01 3.39308e-01 8.07687e+01 8.16234e-01 3.70833e+01 3.73058e-01 4.63612e+01 4.70138e-01 7.27368e+01 7.38127e-01 5.68324e+01 5.71626e-01 
0.5 0.55 0.6 5.90546e+01 5.66754e-01 3.87728e+01 3.71922e-01 9.31953e+01 8.95598e-01 4.27813e+01 4.09071e-01 5.35278e+01 5.15360e-01 8.39726e+01 8.09464e-01 6.55515e+01 6.27187e-01 
0.6 0.65 0.7 5.34238e+01 5.09575e-01 3.50782e+01 3.34758e-01 8.43044e+01 8.04183e-01 3.87122e+01 3.67928e-01 4.84148e+01 4.63702e-01 7.59428e+01 7.27496e-01 5.93160e+01 5.63402e-01 
0.7 0.75 0.8 4.98051e+01 4.88805e-01 3.27123e+01 3.21290e-01 7.85686e+01 7.71006e-01 3.60844e+01 3.52911e-01 4.51564e+01 4.45079e-01 7.08114e+01 6.97890e-01 5.52703e+01 5.40136e-01 
0.8 0.85 0.9 4.51710e+01 4.51930e-01 2.96510e+01 2.96613e-01 7.13074e+01 7.14085e-01 3.27435e+01 3.26430e-01 4.09097e+01 4.10712e-01 6.41843e+01 6.44911e-01 5.01924e+01 5.00508e-01 
0.9 0.95 1.0 4.25645e+01 4.53465e-01 2.79480e+01 2.97286e-01 6.72289e+01 7.20929e-01 3.08508e+01 3.27453e-01 3.85641e+01 4.11749e-01 6.04880e+01 6.47302e-01 4.73148e+01 5.05106e-01 
1.0 1.05 1.1 4.00612e+01 4.35555e-01 2.62906e+01 2.85531e-01 6.32606e+01 6.89191e-01 2.90383e+01 3.14496e-01 3.62747e+01 3.95488e-01 5.69264e+01 6.21788e-01 4.45259e+01 4.82848e-01 
1.1 1.15 1.2 3.81160e+01 4.20078e-01 2.50171e+01 2.75531e-01 6.01804e+01 6.64276e-01 2.76263e+01 3.03288e-01 3.45202e+01 3.81684e-01 5.41668e+01 5.99770e-01 4.23545e+01 4.65344e-01 
1.2 1.25 1.3 3.57445e+01 3.99438e-01 2.34645e+01 2.62274e-01 5.64258e+01 6.30774e-01 2.59114e+01 2.88481e-01 3.23727e+01 3.63201e-01 5.07873e+01 5.70077e-01 3.97193e+01 4.42050e-01 
1.3 1.35 1.4 3.37757e+01 3.89002e-01 2.21551e+01 2.54958e-01 5.33656e+01 6.15667e-01 2.44863e+01 2.80909e-01 3.05637e+01 3.53114e-01 4.79853e+01 5.55266e-01 3.75688e+01 4.31398e-01 
1.4 1.45 1.5 3.23704e+01 3.87362e-01 2.12221e+01 2.53396e-01 5.11778e+01 6.14486e-01 2.34674e+01 2.79761e-01 2.92765e+01 3.50896e-01 4.59886e+01 5.52828e-01 3.60284e+01 4.30631e-01 
1.5 1.55 1.6 3.13071e+01 3.85396e-01 2.05160e+01 2.51489e-01 4.95218e+01 6.13315e-01 2.26952e+01 2.78170e-01 2.83043e+01 3.48459e-01 4.44818e+01 5.50442e-01 3.48599e+01 4.29462e-01 
1.6 1.65 1.7 2.94258e+01 3.65600e-01 1.92806e+01 2.39228e-01 4.65532e+01 5.79724e-01 2.13334e+01 2.64033e-01 2.65974e+01 3.31301e-01 4.18040e+01 5.21805e-01 3.27741e+01 4.06260e-01 
1.7 1.75 1.8 2.85472e+01 3.63890e-01 1.86955e+01 2.37816e-01 4.51895e+01 5.77844e-01 2.06972e+01 2.62792e-01 2.57893e+01 3.29345e-01 4.05538e+01 5.19375e-01 3.18154e+01 4.04921e-01 
1.8 1.85 1.9 2.65911e+01 3.51116e-01 1.74084e+01 2.29324e-01 4.21110e+01 5.57968e-01 1.92781e+01 2.53521e-01 2.40148e+01 3.17638e-01 3.77769e+01 5.01255e-01 2.96464e+01 3.90896e-01 
1.9 1.95 2.0 2.60852e+01 3.50218e-01 1.70671e+01 2.28719e-01 4.13397e+01 5.56605e-01 1.89101e+01 2.52915e-01 2.35455e+01 3.16751e-01 3.70611e+01 4.99871e-01 2.91011e+01 3.90029e-01 
2.0 2.05 2.1 2.41557e+01 3.30713e-01 1.58026e+01 2.16158e-01 3.82876e+01 5.25078e-01 1.75125e+01 2.38864e-01 2.17998e+01 2.99321e-01 3.43172e+01 4.71954e-01 2.69548e+01 3.68015e-01 
2.1 2.15 2.2 2.30105e+01 3.38480e-01 1.50299e+01 2.20219e-01 3.65538e+01 5.41122e-01 1.66817e+01 2.44366e-01 2.07343e+01 3.05068e-01 3.26913e+01 4.83287e-01 2.57320e+01 3.79012e-01 
2.2 2.25 2.3 2.18902e+01 3.18816e-01 1.42935e+01 2.07705e-01 3.47730e+01 5.08112e-01 1.58698e+01 2.30266e-01 1.97182e+01 2.87619e-01 3.10992e+01 4.54983e-01 2.44799e+01 3.56111e-01 
2.3 2.35 2.4 2.02868e+01 3.05667e-01 1.32435e+01 1.99284e-01 3.22347e+01 4.86702e-01 1.47073e+01 2.20736e-01 1.82698e+01 2.75996e-01 2.88216e+01 4.36299e-01 2.26927e+01 3.41035e-01 
2.4 2.45 2.5 1.98782e+01 3.15997e-01 1.29656e+01 2.05233e-01 3.16182e+01 5.05502e-01 1.44066e+01 2.28043e-01 1.78918e+01 2.84417e-01 2.82515e+01 4.51406e-01 2.22503e+01 3.53911e-01 
2.5 2.55 2.6 1.86934e+01 2.98757e-01 1.21861e+01 1.94462e-01 2.97531e+01 4.76640e-01 1.35486e+01 2.15702e-01 1.68154e+01 2.69379e-01 2.65659e+01 4.26539e-01 2.09393e+01 3.33917e-01 
2.6 2.65 2.7 1.78801e+01 3.04013e-01 1.16455e+01 1.96732e-01 2.84889e+01 4.88595e-01 1.29605e+01 2.19476e-01 1.60676e+01 2.72532e-01 2.54069e+01 4.34088e-01 2.00519e+01 3.42224e-01 
2.7 2.75 2.8 1.66827e+01 2.96584e-01 1.08486e+01 1.91607e-01 2.66297e+01 4.77535e-01 1.20922e+01 2.14152e-01 1.49686e+01 2.65390e-01 2.37064e+01 4.23391e-01 1.87424e+01 3.34559e-01 
2.8 2.85 2.9 1.52547e+01 2.71516e-01 9.92082e+00 1.76240e-01 2.43476e+01 4.34596e-01 1.10560e+01 1.96014e-01 1.36899e+01 2.44157e-01 2.16799e+01 3.87697e-01 1.71343e+01 3.04413e-01 
2.9 2.95 3.0 1.46709e+01 2.70903e-01 9.53672e+00 1.75813e-01 2.34295e+01 4.33766e-01 1.06313e+01 1.95531e-01 1.31617e+01 2.43610e-01 2.08536e+01 3.86915e-01 1.64854e+01 3.03749e-01 
3.0 3.05 3.1 1.39700e+01 2.73228e-01 9.07395e+00 1.76986e-01 2.23298e+01 4.38362e-01 1.01256e+01 1.97216e-01 1.25204e+01 2.45231e-01 1.98524e+01 3.90219e-01 1.57156e+01 3.06987e-01 
3.1 3.15 3.2 1.26364e+01 2.49057e-01 8.20827e+00 1.61801e-01 2.01964e+01 3.98226e-01 9.16000e+00 1.79892e-01 1.13247e+01 2.24046e-01 1.79546e+01 3.55411e-01 1.42162e+01 2.79121e-01 
3.2 3.25 3.3 1.20290e+01 2.63089e-01 7.79593e+00 1.69741e-01 1.92774e+01 4.24240e-01 8.71487e+00 1.89789e-01 1.07616e+01 2.35311e-01 1.71029e+01 3.75996e-01 1.35601e+01 2.96865e-01 
3.3 3.35 3.4 1.09559e+01 2.41890e-01 7.09885e+00 1.56584e-01 1.75622e+01 3.88407e-01 7.94068e+00 1.74646e-01 9.79538e+00 2.16896e-01 1.55696e+01 3.45339e-01 1.23597e+01 2.72094e-01 
3.4 3.45 3.5 1.02889e+01 2.42287e-01 6.65775e+00 1.56274e-01 1.65181e+01 3.90712e-01 7.45741e+00 1.74882e-01 9.18644e+00 2.16524e-01 1.46213e+01 3.46033e-01 1.16250e+01 2.73598e-01 
3.5 3.55 3.6 9.49473e+00 2.35945e-01 6.14152e+00 1.52598e-01 1.52506e+01 3.79227e-01 6.87668e+00 1.70257e-01 8.48049e+00 2.11496e-01 1.35047e+01 3.37081e-01 1.07236e+01 2.65486e-01 
3.6 3.65 3.7 8.80807e+00 2.26667e-01 5.68977e+00 1.46284e-01 1.41693e+01 3.65265e-01 6.38233e+00 1.63671e-01 7.85308e+00 2.02616e-01 1.25211e+01 3.23575e-01 9.96889e+00 2.55918e-01 
3.7 3.75 3.8 8.52333e+00 2.32931e-01 5.49839e+00 1.50133e-01 1.37330e+01 3.75885e-01 6.17275e+00 1.68045e-01 7.59290e+00 2.08126e-01 1.21239e+01 3.32866e-01 9.65577e+00 2.63077e-01 
3.8 3.85 3.9 7.83353e+00 2.26921e-01 5.04999e+00 1.46036e-01 1.26317e+01 3.66874e-01 5.67276e+00 1.63755e-01 6.97414e+00 2.02388e-01 1.11437e+01 3.24168e-01 8.88056e+00 2.56851e-01 
3.9 3.95 4.0 6.96093e+00 2.13017e-01 4.47930e+00 1.37083e-01 1.12487e+01 3.44418e-01 5.04008e+00 1.53692e-01 6.18698e+00 1.90017e-01 9.90422e+00 3.04375e-01 7.90678e+00 2.41074e-01 
4.0 4.05 4.1 6.36246e+00 2.02291e-01 4.09295e+00 1.30254e-01 1.02851e+01 3.26859e-01 4.60631e+00 1.45976e-01 5.65386e+00 1.80523e-01 9.05371e+00 2.88999e-01 7.22866e+00 2.28826e-01 
4.1 4.15 4.2 6.15979e+00 2.13512e-01 3.95321e+00 1.36771e-01 9.98465e+00 3.47061e-01 4.46038e+00 1.54116e-01 5.45979e+00 1.89498e-01 8.76341e+00 3.04928e-01 7.01888e+00 2.43040e-01 
4.2 4.25 4.3 5.00816e+00 1.86739e-01 3.21630e+00 1.20169e-01 8.11114e+00 3.01867e-01 3.62786e+00 1.34876e-01 4.44046e+00 1.66404e-01 7.12182e+00 2.66501e-01 5.70463e+00 2.11566e-01 
4.3 4.35 4.4 4.74819e+00 1.97106e-01 3.04326e+00 1.26290e-01 7.70855e+00 3.20358e-01 3.43871e+00 1.42346e-01 4.20246e+00 1.74890e-01 6.75397e+00 2.81327e-01 5.41981e+00 2.24481e-01 
4.4 4.45 4.5 4.62298e+00 2.00764e-01 2.95499e+00 1.28267e-01 7.52885e+00 3.27355e-01 3.34347e+00 1.44842e-01 4.08616e+00 1.77805e-01 6.58660e+00 2.86892e-01 5.28489e+00 2.29107e-01 
4.5 4.55 4.6 4.17037e+00 1.99371e-01 2.66040e+00 1.27048e-01 6.80697e+00 3.26035e-01 3.01710e+00 1.43787e-01 3.67755e+00 1.76172e-01 5.93946e+00 2.85019e-01 4.77988e+00 2.28079e-01 
4.6 4.65 4.7 3.77031e+00 1.89180e-01 2.40604e+00 1.20819e-01 6.15099e+00 3.08540e-01 2.72940e+00 1.36619e-01 3.32390e+00 1.67317e-01 5.36564e+00 2.70024e-01 4.32261e+00 2.16194e-01 
4.7 4.75 4.8 3.00800e+00 1.82654e-01 1.91300e+00 1.16475e-01 4.92686e+00 2.98407e-01 2.17583e+00 1.31738e-01 2.64481e+00 1.61503e-01 4.28479e+00 2.61104e-01 3.45903e+00 2.08768e-01 
4.8 4.85 4.9 2.37388e+00 1.55543e-01 1.50961e+00 9.89296e-02 3.88883e+00 2.55062e-01 1.71898e+00 1.12355e-01 2.08489e+00 1.36962e-01 3.37719e+00 2.21948e-01 2.73377e+00 1.78755e-01 
4.9 4.95 5.0 2.63284e+00 1.81332e-01 1.67166e+00 1.15458e-01 4.32055e+00 2.96728e-01 1.90433e+00 1.30908e-01 2.31131e+00 1.59942e-01 3.75062e+00 2.58909e-01 3.03319e+00 2.07838e-01 
5.0 5.05 5.1 2.14642e+00 1.70750e-01 1.36063e+00 1.08678e-01 3.52909e+00 2.79559e-01 1.55293e+00 1.23365e-01 1.88074e+00 1.50429e-01 3.05674e+00 2.43588e-01 2.47830e+00 1.95979e-01 
5.1 5.15 5.2 2.10114e+00 1.83180e-01 1.32767e+00 1.15715e-01 3.46716e+00 3.02658e-01 1.51940e+00 1.32235e-01 1.83612e+00 1.60301e-01 2.99411e+00 2.61582e-01 2.43329e+00 2.11950e-01 
5.2 5.25 5.3 1.77151e+00 1.70936e-01 1.11670e+00 1.08062e-01 2.93096e+00 2.82025e-01 1.28174e+00 1.23514e-01 1.54349e+00 1.49558e-01 2.52263e+00 2.43809e-01 2.05839e+00 1.97739e-01 
5.3 5.35 5.4 1.16623e+00 1.43200e-01 7.33523e-01 9.04213e-02 1.93436e+00 2.36503e-01 8.43306e-01 1.03471e-01 1.01448e+00 1.25152e-01 1.66194e+00 2.04267e-01 1.35753e+00 1.65819e-01 
5.4 5.45 5.5 1.29962e+00 1.62905e-01 8.16830e-01 1.02652e-01 2.15728e+00 2.69726e-01 9.40053e-01 1.17656e-01 1.12934e+00 1.42142e-01 1.85131e+00 2.32487e-01 1.51455e+00 1.89018e-01 
5.5 5.55 5.6 1.07736e+00 1.66632e-01 6.78156e-01 1.05470e-01 1.78562e+00 2.74533e-01 7.78429e-01 1.20208e-01 9.38650e-01 1.46217e-01 1.53667e+00 2.38126e-01 1.25202e+00 1.92134e-01 
5.6 5.65 5.7 7.56039e-01 1.25332e-01 4.72652e-01 7.87510e-02 1.26261e+00 2.08234e-01 5.46952e-01 9.04504e-02 6.53380e-01 1.09123e-01 1.07676e+00 1.79017e-01 8.86611e-01 1.45791e-01 
5.7 5.75 5.8 4.62217e-01 8.51293e-02 2.85943e-01 5.29599e-02 7.80916e-01 1.42963e-01 3.34497e-01 6.15920e-02 3.95152e-01 7.32080e-02 6.58030e-01 1.21237e-01 5.48588e-01 1.00401e-01 
5.8 5.85 5.9 3.84372e-01 8.44023e-02 2.37324e-01 5.23222e-02 6.51015e-01 1.42401e-01 2.77884e-01 6.08390e-02 3.28281e-01 7.25880e-02 5.47879e-01 1.20735e-01 4.56749e-01 9.95498e-02 
5.9 5.95 6.0 2.70566e-01 5.34370e-02 1.65983e-01 3.29265e-02 4.61277e-01 9.06800e-02 1.96060e-01 3.87092e-02 2.29063e-01 4.54535e-02 3.84568e-01 7.59845e-02 3.24542e-01 6.37706e-02 
6.0 6.05 6.1 1.45835e-01 4.45109e-02 8.92425e-02 2.74226e-02 2.49480e-01 7.56245e-02 1.05611e-01 3.21861e-02 1.23231e-01 3.79195e-02 2.07438e-01 6.34250e-02 1.75388e-01 5.30644e-02 
6.1 6.15 6.2 1.83840e-01 5.27660e-02 9.82157e-02 2.90239e-02 2.79591e-01 8.20600e-02 1.33003e-01 3.81272e-02 1.35596e-01 4.01008e-02 2.30255e-01 6.78820e-02 1.96625e-01 5.76592e-02 
6.2 6.25 6.3 2.32843e-02 8.08298e-03 1.38223e-02 4.83678e-03 4.12060e-02 1.41902e-02 1.68421e-02 5.82922e-03 1.91111e-02 6.70770e-03 3.31679e-02 1.15553e-02 2.89305e-02 9.92776e-03 
6.3 6.35 6.4 2.07268e-03 7.80378e-04 1.20634e-03 4.55727e-04 3.75064e-03 1.40872e-03 1.50713e-03 5.66914e-04 1.65902e-03 6.27334e-04 2.93384e-03 1.10589e-03 2.64970e-03 9.94064e-04 
6.4 6.45 6.5 4.93210e-10 3.72660e-10 2.52638e-10 1.93158e-10 1.01991e-09 7.59180e-10 3.68922e-10 2.80349e-10 3.37698e-10 2.56733e-10 6.75370e-10 5.06843e-10 7.44635e-10 5.58093e-10 
6.5 6.55 6.6 0.00000e+00 0.00000e+00 0.00000e+00 0.00000e+00 0.00000e+00 0.00000e+00 0.00000e+00 0.00000e+00 0.00000e+00 0.00000e+00 0.00000e+00 0.00000e+00 0.00000e+00 0.00000e+00 
6.6 6.65 6.7 7.84403e-08 5.37216e-08 4.15702e-08 2.85144e-08 1.56752e-07 1.07161e-07 5.75239e-08 3.93922e-08 5.66859e-08 3.88872e-08 1.09906e-07 7.52816e-08 1.11875e-07 7.64718e-08 
6.7 6.75 6.8 0.00000e+00 0.00000e+00 0.00000e+00 0.00000e+00 0.00000e+00 0.00000e+00 0.00000e+00 0.00000e+00 0.00000e+00 0.00000e+00 0.00000e+00 0.00000e+00 0.00000e+00 0.00000e+00 
6.8 6.85 6.9 0.00000e+00 0.00000e+00 0.00000e+00 0.00000e+00 0.00000e+00 0.00000e+00 0.00000e+00 0.00000e+00 0.00000e+00 0.00000e+00 0.00000e+00 0.00000e+00 0.00000e+00 0.00000e+00 
6.9 6.95 7.0 0.00000e+00 0.00000e+00 0.00000e+00 0.00000e+00 0.00000e+00 0.00000e+00 0.00000e+00 0.00000e+00 0.00000e+00 0.00000e+00 0.00000e+00 0.00000e+00 0.00000e+00 0.00000e+00 
7.0 7.05 7.1 0.00000e+00 0.00000e+00 0.00000e+00 0.00000e+00 0.00000e+00 0.00000e+00 0.00000e+00 0.00000e+00 0.00000e+00 0.00000e+00 0.00000e+00 0.00000e+00 0.00000e+00 0.00000e+00 
7.1 7.15 7.2 0.00000e+00 0.00000e+00 0.00000e+00 0.00000e+00 0.00000e+00 0.00000e+00 0.00000e+00 0.00000e+00 0.00000e+00 0.00000e+00 0.00000e+00 0.00000e+00 0.00000e+00 0.00000e+00 
7.2 7.25 7.3 0.00000e+00 0.00000e+00 0.00000e+00 0.00000e+00 0.00000e+00 0.00000e+00 0.00000e+00 0.00000e+00 0.00000e+00 0.00000e+00 0.00000e+00 0.00000e+00 0.00000e+00 0.00000e+00 
7.3 7.35 7.4 0.00000e+00 0.00000e+00 0.00000e+00 0.00000e+00 0.00000e+00 0.00000e+00 0.00000e+00 0.00000e+00 0.00000e+00 0.00000e+00 0.00000e+00 0.00000e+00 0.00000e+00 0.00000e+00 
7.4 7.45 7.5 0.00000e+00 0.00000e+00 0.00000e+00 0.00000e+00 0.00000e+00 0.00000e+00 0.00000e+00 0.00000e+00 0.00000e+00 0.00000e+00 0.00000e+00 0.00000e+00 0.00000e+00 0.00000e+00 
7.5 7.55 7.6 0.00000e+00 0.00000e+00 0.00000e+00 0.00000e+00 0.00000e+00 0.00000e+00 0.00000e+00 0.00000e+00 0.00000e+00 0.00000e+00 0.00000e+00 0.00000e+00 0.00000e+00 0.00000e+00 
7.6 7.65 7.7 0.00000e+00 0.00000e+00 0.00000e+00 0.00000e+00 0.00000e+00 0.00000e+00 0.00000e+00 0.00000e+00 0.00000e+00 0.00000e+00 0.00000e+00 0.00000e+00 0.00000e+00 0.00000e+00 
7.7 7.75 7.8 0.00000e+00 0.00000e+00 0.00000e+00 0.00000e+00 0.00000e+00 0.00000e+00 0.00000e+00 0.00000e+00 0.00000e+00 0.00000e+00 0.00000e+00 0.00000e+00 0.00000e+00 0.00000e+00 
7.8 7.85 7.9 0.00000e+00 0.00000e+00 0.00000e+00 0.00000e+00 0.00000e+00 0.00000e+00 0.00000e+00 0.00000e+00 0.00000e+00 0.00000e+00 0.00000e+00 0.00000e+00 0.00000e+00 0.00000e+00 
7.9 7.95 8.0 0.00000e+00 0.00000e+00 0.00000e+00 0.00000e+00 0.00000e+00 0.00000e+00 0.00000e+00 0.00000e+00 0.00000e+00 0.00000e+00 0.00000e+00 0.00000e+00 0.00000e+00 0.00000e+00 
8.0 8.05 8.1 0.00000e+00 0.00000e+00 0.00000e+00 0.00000e+00 0.00000e+00 0.00000e+00 0.00000e+00 0.00000e+00 0.00000e+00 0.00000e+00 0.00000e+00 0.00000e+00 0.00000e+00 0.00000e+00 
8.1 8.15 8.2 0.00000e+00 0.00000e+00 0.00000e+00 0.00000e+00 0.00000e+00 0.00000e+00 0.00000e+00 0.00000e+00 0.00000e+00 0.00000e+00 0.00000e+00 0.00000e+00 0.00000e+00 0.00000e+00 
8.2 8.25 8.3 0.00000e+00 0.00000e+00 0.00000e+00 0.00000e+00 0.00000e+00 0.00000e+00 0.00000e+00 0.00000e+00 0.00000e+00 0.00000e+00 0.00000e+00 0.00000e+00 0.00000e+00 0.00000e+00 
8.3 8.35 8.4 0.00000e+00 0.00000e+00 0.00000e+00 0.00000e+00 0.00000e+00 0.00000e+00 0.00000e+00 0.00000e+00 0.00000e+00 0.00000e+00 0.00000e+00 0.00000e+00 0.00000e+00 0.00000e+00 
8.4 8.45 8.5 0.00000e+00 0.00000e+00 0.00000e+00 0.00000e+00 0.00000e+00 0.00000e+00 0.00000e+00 0.00000e+00 0.00000e+00 0.00000e+00 0.00000e+00 0.00000e+00 0.00000e+00 0.00000e+00 
8.5 8.55 8.6 0.00000e+00 0.00000e+00 0.00000e+00 0.00000e+00 0.00000e+00 0.00000e+00 0.00000e+00 0.00000e+00 0.00000e+00 0.00000e+00 0.00000e+00 0.00000e+00 0.00000e+00 0.00000e+00 
8.6 8.65 8.7 0.00000e+00 0.00000e+00 0.00000e+00 0.00000e+00 0.00000e+00 0.00000e+00 0.00000e+00 0.00000e+00 0.00000e+00 0.00000e+00 0.00000e+00 0.00000e+00 0.00000e+00 0.00000e+00 
8.7 8.75 8.8 0.00000e+00 0.00000e+00 0.00000e+00 0.00000e+00 0.00000e+00 0.00000e+00 0.00000e+00 0.00000e+00 0.00000e+00 0.00000e+00 0.00000e+00 0.00000e+00 0.00000e+00 0.00000e+00 
8.8 8.85 8.9 0.00000e+00 0.00000e+00 0.00000e+00 0.00000e+00 0.00000e+00 0.00000e+00 0.00000e+00 0.00000e+00 0.00000e+00 0.00000e+00 0.00000e+00 0.00000e+00 0.00000e+00 0.00000e+00 
8.9 8.95 9.0 0.00000e+00 0.00000e+00 0.00000e+00 0.00000e+00 0.00000e+00 0.00000e+00 0.00000e+00 0.00000e+00 0.00000e+00 0.00000e+00 0.00000e+00 0.00000e+00 0.00000e+00 0.00000e+00 
9.0 9.05 9.1 0.00000e+00 0.00000e+00 0.00000e+00 0.00000e+00 0.00000e+00 0.00000e+00 0.00000e+00 0.00000e+00 0.00000e+00 0.00000e+00 0.00000e+00 0.00000e+00 0.00000e+00 0.00000e+00 
9.1 9.15 9.2 0.00000e+00 0.00000e+00 0.00000e+00 0.00000e+00 0.00000e+00 0.00000e+00 0.00000e+00 0.00000e+00 0.00000e+00 0.00000e+00 0.00000e+00 0.00000e+00 0.00000e+00 0.00000e+00 
9.2 9.25 9.3 0.00000e+00 0.00000e+00 0.00000e+00 0.00000e+00 0.00000e+00 0.00000e+00 0.00000e+00 0.00000e+00 0.00000e+00 0.00000e+00 0.00000e+00 0.00000e+00 0.00000e+00 0.00000e+00 
9.3 9.35 9.4 0.00000e+00 0.00000e+00 0.00000e+00 0.00000e+00 0.00000e+00 0.00000e+00 0.00000e+00 0.00000e+00 0.00000e+00 0.00000e+00 0.00000e+00 0.00000e+00 0.00000e+00 0.00000e+00 
9.4 9.45 9.5 0.00000e+00 0.00000e+00 0.00000e+00 0.00000e+00 0.00000e+00 0.00000e+00 0.00000e+00 0.00000e+00 0.00000e+00 0.00000e+00 0.00000e+00 0.00000e+00 0.00000e+00 0.00000e+00 
9.5 9.55 9.6 0.00000e+00 0.00000e+00 0.00000e+00 0.00000e+00 0.00000e+00 0.00000e+00 0.00000e+00 0.00000e+00 0.00000e+00 0.00000e+00 0.00000e+00 0.00000e+00 0.00000e+00 0.00000e+00 
9.6 9.65 9.7 0.00000e+00 0.00000e+00 0.00000e+00 0.00000e+00 0.00000e+00 0.00000e+00 0.00000e+00 0.00000e+00 0.00000e+00 0.00000e+00 0.00000e+00 0.00000e+00 0.00000e+00 0.00000e+00 
9.7 9.75 9.8 0.00000e+00 0.00000e+00 0.00000e+00 0.00000e+00 0.00000e+00 0.00000e+00 0.00000e+00 0.00000e+00 0.00000e+00 0.00000e+00 0.00000e+00 0.00000e+00 0.00000e+00 0.00000e+00 
9.8 9.85 9.9 0.00000e+00 0.00000e+00 0.00000e+00 0.00000e+00 0.00000e+00 0.00000e+00 0.00000e+00 0.00000e+00 0.00000e+00 0.00000e+00 0.00000e+00 0.00000e+00 0.00000e+00 0.00000e+00 
9.9 9.95 10.0 0.00000e+00 0.00000e+00 0.00000e+00 0.00000e+00 0.00000e+00 0.00000e+00 0.00000e+00 0.00000e+00 0.00000e+00 0.00000e+00 0.00000e+00 0.00000e+00 0.00000e+00 0.00000e+00 
