-3.5 -3.45 -3.4 0.00000e+00 0.00000e+00 0.00000e+00 0.00000e+00 0.00000e+00 0.00000e+00 0.00000e+00 0.00000e+00 0.00000e+00 0.00000e+00 0.00000e+00 0.00000e+00 0.00000e+00 0.00000e+00 
-3.4 -3.35 -3.3 1.59162e-04 7.72213e-05 9.38522e-05 4.62698e-05 2.83613e-04 1.35204e-04 1.15737e-04 5.61210e-05 1.29083e-04 6.36806e-05 2.25269e-04 1.09367e-04 2.00420e-04 9.54941e-05 
-3.3 -3.25 -3.2 4.82939e-03 1.56157e-03 2.90929e-03 9.40690e-04 8.40410e-03 2.72057e-03 3.51787e-03 1.13715e-03 3.99398e-03 1.29178e-03 6.82127e-03 2.20649e-03 5.95008e-03 1.92533e-03 
-3.2 -3.15 -3.1 3.72413e-02 1.06369e-02 2.78824e-02 7.75418e-03 6.29730e-02 1.78305e-02 2.70673e-02 7.73175e-03 3.83628e-02 1.06657e-02 5.27400e-02 1.50622e-02 4.44701e-02 1.25934e-02 
-3.1 -3.05 -3.0 7.19506e-02 1.35659e-02 4.42882e-02 8.38262e-03 1.32118e-01 2.47704e-02 5.23460e-02 9.86782e-03 6.08756e-02 1.15242e-02 1.01776e-01 1.91937e-02 9.33588e-02 1.74884e-02 
-3.0 -2.95 -2.9 1.51625e-01 2.60939e-02 8.78422e-02 1.45144e-02 2.52653e-01 4.32714e-02 1.10144e-01 1.89398e-02 1.20886e-01 1.99796e-02 1.99026e-01 3.27657e-02 1.78300e-01 3.05072e-02 
-2.9 -2.85 -2.8 3.33227e-01 4.06542e-02 2.08277e-01 2.54351e-02 5.55869e-01 6.77619e-02 2.42242e-01 2.95295e-02 2.86516e-01 3.50193e-02 4.71791e-01 5.76156e-02 3.92630e-01 4.78171e-02 
-2.8 -2.75 -2.7 5.12375e-01 5.75026e-02 3.22866e-01 3.65225e-02 8.46770e-01 9.41586e-02 3.72595e-01 4.17709e-02 4.44014e-01 5.02800e-02 7.25157e-01 8.14852e-02 5.98345e-01 6.64503e-02 
-2.7 -2.65 -2.6 8.10138e-01 8.10030e-02 5.12013e-01 5.15404e-02 1.33431e+00 1.32351e-01 5.89562e-01 5.88983e-02 7.03609e-01 7.08871e-02 1.14558e+00 1.14658e-01 9.43666e-01 9.35086e-02 
-2.6 -2.55 -2.5 1.35010e+00 9.76894e-02 8.57192e-01 6.22877e-02 2.21240e+00 1.59360e-01 9.82281e-01 7.09644e-02 1.17824e+00 8.57500e-02 1.90964e+00 1.38431e-01 1.56427e+00 1.12468e-01 
-2.5 -2.45 -2.4 1.63895e+00 9.33754e-02 1.04123e+00 5.95751e-02 2.68447e+00 1.52284e-01 1.19323e+00 6.79200e-02 1.43024e+00 8.19083e-02 2.31637e+00 1.32113e-01 1.89952e+00 1.07640e-01 
-2.4 -2.35 -2.3 2.38091e+00 1.19021e-01 1.52179e+00 7.63167e-02 3.87204e+00 1.92928e-01 1.73409e+00 8.65794e-02 2.08956e+00 1.04921e-01 3.36350e+00 1.68391e-01 2.74113e+00 1.36378e-01 
-2.3 -2.25 -2.2 2.96960e+00 1.22146e-01 1.90456e+00 7.86267e-02 4.82189e+00 1.97849e-01 2.16471e+00 8.89364e-02 2.61289e+00 1.07998e-01 4.19089e+00 1.72621e-01 3.41702e+00 1.40025e-01 
-2.2 -2.15 -2.1 3.69541e+00 1.40590e-01 2.37481e+00 9.02859e-02 5.97359e+00 2.27583e-01 2.69430e+00 1.02314e-01 3.25743e+00 1.24069e-01 5.21404e+00 1.98803e-01 4.23411e+00 1.60955e-01 
-2.1 -2.05 -2.0 4.41970e+00 1.33601e-01 2.84929e+00 8.64113e-02 7.11858e+00 2.14521e-01 3.22384e+00 9.73115e-02 3.90646e+00 1.18646e-01 6.23266e+00 1.88730e-01 5.04837e+00 1.51876e-01 
-2.0 -1.95 -1.9 5.30130e+00 1.44045e-01 3.42844e+00 9.35167e-02 8.50876e+00 2.30327e-01 3.86796e+00 1.04921e-01 4.69927e+00 1.28403e-01 7.47350e+00 2.03482e-01 6.03627e+00 1.63072e-01 
-1.9 -1.85 -1.8 5.81599e+00 1.40878e-01 3.76837e+00 9.16132e-02 9.31509e+00 2.24871e-01 4.24574e+00 1.02672e-01 5.16252e+00 1.25721e-01 8.19397e+00 1.98878e-01 6.61251e+00 1.59318e-01 
-1.8 -1.75 -1.7 6.86478e+00 1.44936e-01 4.45451e+00 9.44151e-02 1.09764e+01 2.30870e-01 5.01215e+00 1.05642e-01 6.10154e+00 1.29550e-01 9.66984e+00 2.04578e-01 7.79320e+00 1.63592e-01 
-1.7 -1.65 -1.6 7.81933e+00 1.55595e-01 5.08256e+00 1.01450e-01 1.24789e+01 2.47628e-01 5.71105e+00 1.13419e-01 6.95944e+00 1.39192e-01 1.10100e+01 2.19608e-01 8.86352e+00 1.75474e-01 
-1.6 -1.55 -1.5 8.57645e+00 1.52142e-01 5.58655e+00 9.93513e-02 1.36533e+01 2.41705e-01 6.26618e+00 1.10945e-01 7.64697e+00 1.36259e-01 1.20713e+01 2.14634e-01 9.70166e+00 1.71359e-01 
-1.5 -1.45 -1.4 9.66424e+00 1.55467e-01 6.29831e+00 1.01596e-01 1.53760e+01 2.46760e-01 7.06354e+00 1.13397e-01 8.61804e+00 1.39307e-01 1.35965e+01 2.19266e-01 1.09304e+01 1.74991e-01 
-1.4 -1.35 -1.3 1.03374e+01 1.61695e-01 6.74441e+00 1.05686e-01 1.64267e+01 2.56603e-01 7.55806e+00 1.18010e-01 9.22544e+00 1.44829e-01 1.45380e+01 2.27892e-01 1.16819e+01 1.82099e-01 
-1.3 -1.25 -1.2 1.12379e+01 1.59268e-01 7.34098e+00 1.04254e-01 1.78324e+01 2.52317e-01 8.21582e+00 1.16153e-01 1.00422e+01 1.42968e-01 1.58057e+01 2.24665e-01 1.26804e+01 1.78898e-01 
-1.2 -1.15 -1.1 1.14666e+01 1.56435e-01 7.49868e+00 1.02410e-01 1.81497e+01 2.48263e-01 8.38402e+00 1.14112e-01 1.02567e+01 1.40408e-01 1.61253e+01 2.20609e-01 1.29077e+01 1.76078e-01 
-1.1 -1.05 -1.0 1.24932e+01 1.53707e-01 8.17358e+00 1.00817e-01 1.97886e+01 2.42916e-01 9.13645e+00 1.12105e-01 1.11776e+01 1.38247e-01 1.75646e+01 2.16804e-01 1.40768e+01 1.72247e-01 
-1.0 -0.95 -0.9 1.28501e+01 1.53603e-01 8.41796e+00 1.00823e-01 2.03240e+01 2.42521e-01 9.39803e+00 1.12016e-01 1.15112e+01 1.38271e-01 1.80654e+01 2.16686e-01 1.44586e+01 1.71943e-01 
-0.9 -0.85 -0.8 1.32568e+01 1.49770e-01 8.68187e+00 9.82751e-02 2.09736e+01 2.36587e-01 9.69852e+00 1.09236e-01 1.18684e+01 1.34758e-01 1.86302e+01 2.11246e-01 1.49263e+01 1.67765e-01 
-0.8 -0.75 -0.7 1.39935e+01 1.51250e-01 9.16856e+00 9.93081e-02 2.21273e+01 2.38716e-01 1.02386e+01 1.10335e-01 1.25323e+01 1.36151e-01 1.96630e+01 2.13290e-01 1.57494e+01 1.69310e-01 
-0.7 -0.65 -0.6 1.44870e+01 1.50983e-01 9.48901e+00 9.90443e-02 2.29153e+01 2.38539e-01 1.06014e+01 1.10167e-01 1.29681e+01 1.35756e-01 2.03526e+01 2.12853e-01 1.63133e+01 1.69230e-01 
-0.6 -0.55 -0.5 1.47216e+01 1.47912e-01 9.65069e+00 9.71879e-02 2.32636e+01 2.33216e-01 1.07724e+01 1.07875e-01 1.31900e+01 1.33275e-01 2.06838e+01 2.08639e-01 1.65600e+01 1.65363e-01 
-0.5 -0.45 -0.4 1.51098e+01 1.49354e-01 9.90911e+00 9.81872e-02 2.38661e+01 2.35344e-01 1.10563e+01 1.08913e-01 1.35434e+01 1.34663e-01 2.12297e+01 2.10705e-01 1.69885e+01 1.66848e-01 
-0.4 -0.35 -0.3 1.52599e+01 1.48339e-01 1.00038e+01 9.74254e-02 2.41133e+01 2.34013e-01 1.11656e+01 1.08167e-01 1.36733e+01 1.33623e-01 2.14414e+01 2.09283e-01 1.71637e+01 1.65893e-01 
-0.3 -0.25 -0.2 1.57650e+01 1.52202e-01 1.03372e+01 1.00024e-01 2.49049e+01 2.39919e-01 1.15367e+01 1.10991e-01 1.41272e+01 1.37180e-01 2.21480e+01 2.14721e-01 1.77299e+01 1.70091e-01 
-0.2 -0.15 -0.1 1.59595e+01 1.50472e-01 1.04664e+01 9.89321e-02 2.52077e+01 2.37072e-01 1.16790e+01 1.09730e-01 1.43040e+01 1.35681e-01 2.24214e+01 2.12276e-01 1.79452e+01 1.68076e-01 
-0.1 -0.05 0.0 1.59397e+01 1.50103e-01 1.04537e+01 9.86777e-02 2.51756e+01 2.36516e-01 1.16643e+01 1.09451e-01 1.42867e+01 1.35345e-01 2.23938e+01 2.11779e-01 1.79222e+01 1.67663e-01 
0.0 0.05 0.1 1.58212e+01 1.48585e-01 1.03785e+01 9.76614e-02 2.49814e+01 2.34183e-01 1.15780e+01 1.08356e-01 1.41835e+01 1.33936e-01 2.22265e+01 2.09610e-01 1.77846e+01 1.66031e-01 
0.1 0.15 0.2 1.57404e+01 1.50329e-01 1.03227e+01 9.88405e-02 2.48614e+01 2.36838e-01 1.15186e+01 1.09631e-01 1.41076e+01 1.35548e-01 2.21136e+01 2.12061e-01 1.76986e+01 1.67920e-01 
0.2 0.25 0.3 1.57860e+01 1.48819e-01 1.03517e+01 9.78074e-02 2.49359e+01 2.34572e-01 1.15501e+01 1.08504e-01 1.41495e+01 1.34164e-01 2.21817e+01 2.09992e-01 1.77484e+01 1.66264e-01 
0.3 0.35 0.4 1.55478e+01 1.50097e-01 1.01942e+01 9.86666e-02 2.45636e+01 2.36538e-01 1.13762e+01 1.09442e-01 1.39337e+01 1.35336e-01 2.18462e+01 2.11781e-01 1.74842e+01 1.67672e-01 
0.4 0.45 0.5 1.50661e+01 1.49484e-01 9.87826e+00 9.82359e-02 2.38035e+01 2.35661e-01 1.10234e+01 1.08985e-01 1.35024e+01 1.34755e-01 2.11703e+01 2.10937e-01 1.69423e+01 1.67031e-01 
0.5 0.55 0.6 1.50297e+01 1.51516e-01 9.85253e+00 9.95305e-02 2.37515e+01 2.38979e-01 1.09963e+01 1.10506e-01 1.34677e+01 1.36483e-01 2.11202e+01 2.13715e-01 1.69044e+01 1.69453e-01 
0.6 0.65 0.7 1.45849e+01 1.51404e-01 9.55906e+00 9.94742e-02 2.30537e+01 2.38773e-01 1.06716e+01 1.10437e-01 1.30656e+01 1.36391e-01 2.04932e+01 2.13530e-01 1.64094e+01 1.69329e-01 
0.7 0.75 0.8 1.41917e+01 1.50360e-01 9.29720e+00 9.87461e-02 2.24440e+01 2.37263e-01 1.03840e+01 1.09678e-01 1.27076e+01 1.35391e-01 1.99405e+01 2.12054e-01 1.59755e+01 1.68263e-01 
0.8 0.85 0.9 1.37401e+01 1.53008e-01 8.99422e+00 1.00354e-01 2.17498e+01 2.41811e-01 1.00515e+01 1.11610e-01 1.22961e+01 1.37593e-01 1.93109e+01 2.15784e-01 1.54774e+01 1.71490e-01 
0.9 0.95 1.0 1.29464e+01 1.52388e-01 8.47471e+00 1.00008e-01 2.04938e+01 2.40670e-01 9.46957e+00 1.11134e-01 1.15873e+01 1.37148e-01 1.81981e+01 2.14965e-01 1.45814e+01 1.70635e-01 
1.0 1.05 1.1 1.23835e+01 1.51004e-01 8.10366e+00 9.91058e-02 1.96100e+01 2.38491e-01 9.05748e+00 1.10143e-01 1.10805e+01 1.35889e-01 1.74078e+01 2.12971e-01 1.39519e+01 1.69127e-01 
1.1 1.15 1.2 1.16695e+01 1.49327e-01 7.62953e+00 9.79174e-02 1.84987e+01 2.36090e-01 8.53396e+00 1.08943e-01 1.04338e+01 1.34232e-01 1.64070e+01 2.10554e-01 1.31590e+01 1.67467e-01 
1.2 1.25 1.3 1.09979e+01 1.51693e-01 7.18637e+00 9.94419e-02 1.74453e+01 2.39888e-01 8.04158e+00 1.10676e-01 9.82926e+00 1.36313e-01 1.54656e+01 2.13872e-01 1.24074e+01 1.70174e-01 
1.3 1.35 1.4 1.00323e+01 1.51280e-01 6.54246e+00 9.88265e-02 1.59501e+01 2.40253e-01 7.33390e+00 1.10340e-01 8.95049e+00 1.35507e-01 1.41113e+01 2.13367e-01 1.13409e+01 1.70364e-01 
1.4 1.45 1.5 9.67602e+00 1.56362e-01 6.30972e+00 1.02255e-01 1.53846e+01 2.47993e-01 7.07210e+00 1.14056e-01 8.63374e+00 1.40202e-01 1.36132e+01 2.20515e-01 1.09365e+01 1.75877e-01 
1.5 1.55 1.6 8.74998e+00 1.53834e-01 5.69707e+00 1.00432e-01 1.39370e+01 2.44502e-01 6.39222e+00 1.12157e-01 7.79911e+00 1.37767e-01 1.23172e+01 2.17073e-01 9.90187e+00 1.73296e-01 
1.6 1.65 1.7 7.89168e+00 1.54996e-01 5.13356e+00 1.01184e-01 1.25825e+01 2.46314e-01 5.76438e+00 1.13031e-01 7.02867e+00 1.38767e-01 1.11108e+01 2.18651e-01 8.93801e+00 1.74632e-01 
1.7 1.75 1.8 7.02767e+00 1.49713e-01 4.56518e+00 9.77512e-02 1.12225e+01 2.37836e-01 5.13212e+00 1.09184e-01 6.25189e+00 1.34055e-01 9.89698e+00 2.11185e-01 7.96985e+00 1.68637e-01 
1.8 1.85 1.9 6.11907e+00 1.48425e-01 3.95893e+00 9.62756e-02 9.81693e+00 2.37620e-01 4.46597e+00 1.08173e-01 5.42477e+00 1.32115e-01 8.62332e+00 2.09527e-01 6.96678e+00 1.68350e-01 
1.9 1.95 2.0 5.11913e+00 1.47987e-01 3.30698e+00 9.59030e-02 8.22725e+00 2.37176e-01 3.73361e+00 1.07753e-01 4.53456e+00 1.31725e-01 7.21999e+00 2.09138e-01 5.83395e+00 1.67848e-01 
2.0 2.05 2.1 4.32286e+00 1.36667e-01 2.78909e+00 8.85212e-02 6.95644e+00 2.19096e-01 3.15358e+00 9.95318e-02 3.82352e+00 1.21561e-01 6.09525e+00 1.93094e-01 4.93415e+00 1.55091e-01 
2.1 2.15 2.2 3.79315e+00 1.45178e-01 2.44253e+00 9.37958e-02 6.11809e+00 2.33415e-01 2.76518e+00 1.05676e-01 3.35079e+00 1.28869e-01 5.35282e+00 2.05238e-01 4.33583e+00 1.65129e-01 
2.2 2.25 2.3 3.06797e+00 1.30268e-01 1.96865e+00 8.38780e-02 4.96778e+00 2.10231e-01 2.23576e+00 9.48339e-02 2.70163e+00 1.15229e-01 4.33121e+00 1.84134e-01 3.51921e+00 1.48749e-01 
2.3 2.35 2.4 2.30313e+00 1.20235e-01 1.47238e+00 7.72058e-02 3.74500e+00 1.94627e-01 1.67740e+00 8.74096e-02 2.02177e+00 1.06210e-01 3.25370e+00 1.70232e-01 2.65114e+00 1.37483e-01 
2.4 2.45 2.5 1.90931e+00 1.14621e-01 1.21711e+00 7.33984e-02 3.11420e+00 1.86034e-01 1.39002e+00 8.33789e-02 1.67190e+00 1.00908e-01 2.69862e+00 1.62165e-01 2.20350e+00 1.31504e-01 
2.5 2.55 2.6 1.14225e+00 8.23856e-02 7.23224e-01 5.23865e-02 1.87791e+00 1.34841e-01 8.31797e-01 5.99364e-02 9.93217e-01 7.20144e-02 1.61397e+00 1.16542e-01 1.32916e+00 9.53322e-02 
2.6 2.65 2.7 8.71748e-01 7.71256e-02 5.50619e-01 4.88752e-02 1.43656e+00 1.26622e-01 6.34340e-01 5.60893e-02 7.56727e-01 6.72105e-02 1.23284e+00 1.09148e-01 1.01586e+00 8.94815e-02 
2.7 2.75 2.8 5.33105e-01 5.71620e-02 3.35045e-01 3.62276e-02 8.83863e-01 9.39370e-02 3.87372e-01 4.14793e-02 4.61109e-01 4.99275e-02 7.55180e-01 8.11047e-02 6.23977e-01 6.62111e-02 
2.8 2.85 2.9 3.99726e-01 5.65892e-02 2.49451e-01 3.53613e-02 6.30649e-01 8.53190e-02 2.90471e-01 4.10757e-02 3.24894e-01 4.44090e-02 5.35238e-01 7.28514e-02 4.71519e-01 6.65760e-02 
2.9 2.95 3.0 1.42274e-01 2.38486e-02 8.84812e-02 1.49617e-02 2.54524e-01 4.29625e-02 1.03594e-01 1.73562e-02 1.21523e-01 2.05594e-02 2.01053e-01 3.37217e-02 1.80032e-01 3.03529e-02 
3.0 3.05 3.1 1.00617e-01 2.08595e-02 6.27059e-02 1.30606e-02 1.68273e-01 3.47066e-02 7.30480e-02 1.51338e-02 8.63741e-02 1.80026e-02 1.42675e-01 2.96025e-02 1.18673e-01 2.44574e-02 
3.1 3.15 3.2 2.02527e-02 5.74616e-03 1.23784e-02 3.51729e-03 3.46068e-02 9.80227e-03 1.47476e-02 4.18431e-03 1.69994e-02 4.83015e-03 2.86177e-02 8.11952e-03 2.44915e-02 6.93697e-03 
3.2 3.25 3.3 6.90632e-03 2.28146e-03 4.20371e-03 1.40101e-03 1.18535e-02 3.87475e-03 5.02779e-03 1.65907e-03 5.77479e-03 1.92684e-03 9.76160e-03 3.22890e-03 8.38722e-03 2.73828e-03 
3.3 3.35 3.4 4.24273e-03 1.30264e-03 2.52500e-03 7.76422e-04 7.48543e-03 2.29543e-03 3.07918e-03 9.44927e-04 3.47931e-03 1.07045e-03 6.01871e-03 1.84904e-03 5.27701e-03 1.61735e-03 
3.4 3.45 3.5 0.00000e+00 0.00000e+00 0.00000e+00 0.00000e+00 0.00000e+00 0.00000e+00 0.00000e+00 0.00000e+00 0.00000e+00 0.00000e+00 0.00000e+00 0.00000e+00 0.00000e+00 0.00000e+00 
