0.0 15.0 30.0 7.77017e+00 2.04536e-02 5.15642e+00 1.34445e-02 1.21393e+01 3.24313e-02 5.28074e+00 1.38507e-02 7.58764e+00 1.98553e-02 1.19433e+01 3.15788e-02 7.89830e+00 2.10079e-02 
30.0 45.0 60.0 1.46079e+01 3.92603e-02 9.67240e+00 2.58605e-02 2.28813e+01 6.21003e-02 9.96881e+00 2.66627e-02 1.41744e+01 3.80826e-02 2.23387e+01 6.03998e-02 1.49640e+01 4.03710e-02 
60.0 75.0 90.0 1.94530e+01 5.31360e-02 1.28578e+01 3.48632e-02 3.05298e+01 8.43836e-02 1.33218e+01 3.62333e-02 1.87767e+01 5.11301e-02 2.96192e+01 8.13336e-02 2.00529e+01 5.51340e-02 
90.0 105.0 120.0 1.38991e+01 3.83102e-02 9.17103e+00 2.50535e-02 2.18548e+01 6.10493e-02 9.59674e+00 2.63712e-02 1.32831e+01 3.63971e-02 2.09487e+01 5.79571e-02 1.45012e+01 4.03559e-02 
120.0 135.0 150.0 8.48230e+00 2.51417e-02 5.59207e+00 1.64585e-02 1.33482e+01 3.99794e-02 5.90432e+00 1.74616e-02 8.03394e+00 2.36981e-02 1.26575e+01 3.76197e-02 8.94558e+00 2.67197e-02 
150.0 165.0 180.0 5.14116e+00 1.70494e-02 3.38693e+00 1.11547e-02 8.09515e+00 2.71116e-02 3.60393e+00 1.19303e-02 4.83171e+00 1.59412e-02 7.60570e+00 2.52768e-02 5.47218e+00 1.82874e-02 
180.0 195.0 210.0 3.20008e+00 1.18835e-02 2.10710e+00 7.78296e-03 5.04065e+00 1.88603e-02 2.25699e+00 8.36925e-03 2.98760e+00 1.10512e-02 4.69905e+00 1.74806e-02 3.43278e+00 1.28217e-02 
210.0 225.0 240.0 2.04018e+00 8.72948e-03 1.34245e+00 5.67623e-03 3.21490e+00 1.39377e-02 1.44655e+00 6.18172e-03 1.89338e+00 8.01547e-03 2.97662e+00 1.27557e-02 2.20353e+00 9.53830e-03 
240.0 255.0 270.0 1.33896e+00 6.33933e-03 8.80772e-01 4.15057e-03 2.11054e+00 1.00578e-02 9.53753e-01 4.51128e-03 1.23652e+00 5.83252e-03 1.94261e+00 9.20776e-03 1.45473e+00 6.92469e-03 
270.0 285.0 300.0 8.90102e-01 4.75671e-03 5.85232e-01 3.11468e-03 1.40354e+00 7.54302e-03 6.36662e-01 3.39942e-03 8.18203e-01 4.35828e-03 1.28495e+00 6.87381e-03 9.72258e-01 5.21980e-03 
300.0 315.0 330.0 6.02888e-01 3.60376e-03 3.96088e-01 2.35962e-03 9.51362e-01 5.71332e-03 4.32829e-01 2.58549e-03 5.51714e-01 3.28896e-03 8.66496e-01 5.18371e-03 6.61941e-01 3.97198e-03 
330.0 345.0 360.0 4.31009e-01 2.95284e-03 2.83144e-01 1.92992e-03 6.80066e-01 4.69106e-03 3.10455e-01 2.12566e-03 3.93094e-01 2.68095e-03 6.17002e-01 4.23017e-03 4.75065e-01 3.27459e-03 
360.0 375.0 390.0 3.03001e-01 2.32604e-03 1.98886e-01 1.51885e-03 4.78447e-01 3.69898e-03 2.18900e-01 1.67955e-03 2.75298e-01 2.10349e-03 4.32194e-01 3.31991e-03 3.35429e-01 2.59164e-03 
390.0 405.0 420.0 2.17388e-01 1.84493e-03 1.42666e-01 1.20703e-03 3.43264e-01 2.92552e-03 1.57482e-01 1.33592e-03 1.96936e-01 1.66694e-03 3.09049e-01 2.62425e-03 2.41456e-01 2.05674e-03 
420.0 435.0 450.0 1.57586e-01 1.51084e-03 1.03366e-01 9.87851e-04 2.48946e-01 2.39695e-03 1.14454e-01 1.09687e-03 1.42320e-01 1.36068e-03 2.23347e-01 2.14236e-03 1.75648e-01 1.69039e-03 
450.0 465.0 480.0 1.16083e-01 1.26241e-03 7.60836e-02 8.22073e-04 1.83549e-01 2.01422e-03 8.45101e-02 9.18745e-04 1.04508e-01 1.12958e-03 1.64073e-01 1.78502e-03 1.29862e-01 1.42451e-03 
480.0 495.0 510.0 8.57952e-02 1.03659e-03 5.62053e-02 6.75459e-04 1.35718e-01 1.65148e-03 6.25976e-02 7.56045e-04 7.70340e-02 9.26101e-04 1.20953e-01 1.46199e-03 9.62688e-02 1.17094e-03 
510.0 525.0 540.0 6.43936e-02 8.45558e-04 4.21837e-02 5.52721e-04 1.01839e-01 1.34117e-03 4.70784e-02 6.18018e-04 5.76988e-02 7.56223e-04 9.05608e-02 1.18956e-03 7.24132e-02 9.53324e-04 
540.0 555.0 570.0 4.85340e-02 7.37928e-04 3.17715e-02 4.81415e-04 7.68137e-02 1.17326e-03 3.55487e-02 5.40373e-04 4.33772e-02 6.57418e-04 6.81046e-02 1.03577e-03 5.47406e-02 8.35889e-04 
570.0 585.0 600.0 3.88417e-02 6.53024e-04 2.54230e-02 4.26362e-04 6.14713e-02 1.03681e-03 2.85000e-02 4.79026e-04 3.46482e-02 5.81230e-04 5.43865e-02 9.14669e-04 4.39015e-02 7.40226e-04 
600.0 615.0 630.0 2.93619e-02 5.37400e-04 1.92041e-02 3.50857e-04 4.65019e-02 8.53272e-04 2.15797e-02 3.94888e-04 2.61295e-02 4.77479e-04 4.10308e-02 7.51149e-04 3.32770e-02 6.10462e-04 
630.0 645.0 660.0 2.18964e-02 4.40734e-04 1.43238e-02 2.88283e-04 3.46497e-02 6.97979e-04 1.61188e-02 3.24383e-04 1.94580e-02 3.91686e-04 3.05399e-02 6.14840e-04 2.48431e-02 5.00331e-04 
660.0 675.0 690.0 1.76129e-02 4.24717e-04 1.15101e-02 2.75811e-04 2.79149e-02 6.78406e-04 1.29851e-02 3.13067e-04 1.56122e-02 3.74174e-04 2.45221e-02 5.91448e-04 2.00498e-02 4.87160e-04 
690.0 705.0 720.0 1.35457e-02 3.47765e-04 8.85216e-03 2.26710e-04 2.14673e-02 5.52850e-04 1.00014e-02 2.56736e-04 1.19892e-02 3.07094e-04 1.88274e-02 4.83439e-04 1.54450e-02 3.97697e-04 
720.0 735.0 750.0 1.08459e-02 2.90086e-04 7.08891e-03 1.89736e-04 1.71853e-02 4.59411e-04 8.01906e-03 2.14452e-04 9.58789e-03 2.56653e-04 1.50513e-02 4.02621e-04 1.23837e-02 3.31004e-04 
750.0 765.0 780.0 8.30763e-03 2.49629e-04 5.42119e-03 1.62497e-04 1.31866e-02 3.97554e-04 6.15077e-03 1.84815e-04 7.32222e-03 2.19485e-04 1.15106e-02 3.45883e-04 9.51724e-03 2.86921e-04 
780.0 795.0 810.0 7.19355e-03 2.54499e-04 4.69062e-03 1.65023e-04 1.14276e-02 4.07054e-04 5.33222e-03 1.88633e-04 6.32799e-03 2.22646e-04 9.95329e-03 3.52166e-04 8.25908e-03 2.94166e-04 
810.0 825.0 840.0 5.69238e-03 2.11474e-04 3.71200e-03 1.37739e-04 9.04054e-03 3.36383e-04 4.22460e-03 1.56931e-04 5.00169e-03 1.85612e-04 7.86490e-03 2.92217e-04 6.54328e-03 2.43436e-04 
840.0 855.0 870.0 4.52370e-03 1.81549e-04 2.94414e-03 1.17793e-04 7.19979e-03 2.90075e-04 3.36105e-03 1.34875e-04 3.96258e-03 1.58555e-04 6.24176e-03 2.50529e-04 5.21803e-03 2.10206e-04 
870.0 885.0 900.0 3.66143e-03 1.64090e-04 2.38514e-03 1.06608e-04 5.82052e-03 2.61763e-04 2.72317e-03 1.22033e-04 3.20693e-03 1.43350e-04 5.04572e-03 2.26150e-04 4.22366e-03 1.89930e-04 
900.0 915.0 930.0 2.85125e-03 1.38814e-04 1.85718e-03 9.03941e-05 4.53214e-03 2.20758e-04 2.12279e-03 1.03341e-04 2.49449e-03 1.21424e-04 3.92429e-03 1.91075e-04 3.29289e-03 1.60379e-04 
930.0 945.0 960.0 2.30811e-03 1.55222e-04 1.49940e-03 9.99767e-05 3.67936e-03 2.49864e-04 1.72017e-03 1.15690e-04 2.01188e-03 1.34140e-04 3.17278e-03 2.13356e-04 2.67663e-03 1.81783e-04 
960.0 975.0 990.0 1.79884e-03 1.08688e-04 1.17142e-03 7.07119e-05 2.85934e-03 1.72961e-04 1.34188e-03 8.10675e-05 1.57032e-03 9.48040e-05 2.46994e-03 1.49261e-04 2.08243e-03 1.25945e-04 
990.0 1005.0 1020.0 1.69678e-03 1.28457e-04 1.10054e-03 8.29662e-05 2.70907e-03 2.06130e-04 1.26704e-03 9.59407e-05 1.47381e-03 1.11085e-04 2.32700e-03 1.76129e-04 1.97537e-03 1.50339e-04 
1020.0 1035.0 1050.0 1.35124e-03 1.00083e-04 8.77404e-04 6.45886e-05 2.15461e-03 1.60753e-04 1.00985e-03 7.48010e-05 1.17402e-03 8.64191e-05 1.85134e-03 1.37115e-04 1.57259e-03 1.17337e-04 
1050.0 1065.0 1080.0 1.09547e-03 9.14926e-05 7.11680e-04 5.95174e-05 1.74551e-03 1.45581e-04 8.19469e-04 6.84397e-05 9.51382e-04 7.95650e-05 1.49929e-03 1.25221e-04 1.27538e-03 1.06368e-04 
1080.0 1095.0 1110.0 7.36158e-04 6.53396e-05 5.00503e-04 4.88603e-05 1.17370e-03 1.04119e-04 5.51081e-04 4.89067e-05 6.68599e-04 6.52750e-05 1.00670e-03 8.93640e-05 8.58277e-04 7.61273e-05 
1110.0 1125.0 1140.0 6.29086e-04 6.15476e-05 4.07806e-04 3.99650e-05 1.00487e-03 9.81573e-05 4.71348e-04 4.61117e-05 5.44280e-04 5.33432e-05 8.59418e-04 8.40892e-05 7.35558e-04 7.18445e-05 
1140.0 1155.0 1170.0 5.06185e-04 5.89079e-05 3.28643e-04 3.83711e-05 8.07133e-04 9.36031e-05 3.79603e-04 4.41744e-05 4.38231e-04 5.11690e-05 6.90821e-04 8.04001e-05 5.91409e-04 6.85816e-05 
1170.0 1185.0 1200.0 5.07481e-04 5.79179e-05 3.28013e-04 3.75439e-05 8.13150e-04 9.25152e-05 3.80837e-04 4.34609e-05 4.37090e-04 5.00327e-05 6.92052e-04 7.89895e-05 5.96283e-04 6.78355e-05 
1200.0 1215.0 1230.0 3.60505e-04 5.04733e-05 2.33361e-04 3.27894e-05 5.76716e-04 8.04218e-05 2.70744e-04 3.79007e-05 3.10729e-04 4.36665e-05 4.91199e-04 6.87824e-05 4.23269e-04 5.90145e-05 
1230.0 1245.0 1260.0 3.71136e-04 5.26492e-05 2.41031e-04 3.43683e-05 5.91542e-04 8.34436e-05 2.78948e-04 3.95712e-05 3.20688e-04 4.57269e-05 5.05225e-04 7.16713e-05 4.34544e-04 6.12971e-05 
1260.0 1275.0 1290.0 2.64777e-04 3.83997e-05 1.71582e-04 2.49858e-05 4.22988e-04 6.10718e-05 1.99149e-04 2.88812e-05 2.28126e-04 3.32204e-05 3.60142e-04 5.22315e-05 3.10981e-04 4.48990e-05 
1290.0 1305.0 1320.0 1.91857e-04 3.15771e-05 1.24052e-04 2.04723e-05 3.07260e-04 5.04273e-05 1.44398e-04 2.37658e-05 1.64824e-04 2.72012e-05 2.60757e-04 4.29177e-05 2.26072e-04 3.71025e-05 
1320.0 1335.0 1350.0 1.18434e-04 2.32413e-05 7.65852e-05 1.50724e-05 1.89623e-04 3.70923e-05 8.92050e-05 1.75058e-05 1.01679e-04 2.00106e-05 1.60822e-04 3.15588e-05 1.39644e-04 2.73164e-05 
1350.0 1365.0 1380.0 1.17606e-04 2.13764e-05 7.60538e-05 1.38770e-05 1.88273e-04 3.40735e-05 8.86333e-05 1.61106e-05 1.00915e-04 1.84128e-05 1.59587e-04 2.90061e-05 1.38746e-04 2.51108e-05 
1380.0 1395.0 1410.0 1.07373e-04 1.99729e-05 6.45431e-05 1.18363e-05 1.71830e-04 3.18225e-05 8.09788e-05 1.50633e-05 8.55797e-05 1.56937e-05 1.45577e-04 2.70790e-05 1.26737e-04 2.34716e-05 
1410.0 1425.0 1440.0 7.29563e-05 1.55739e-05 4.71987e-05 1.01320e-05 1.07687e-04 2.28170e-05 5.50520e-05 1.17519e-05 6.25491e-05 1.34272e-05 9.88491e-05 2.11012e-05 7.94816e-05 1.68415e-05 
1440.0 1455.0 1470.0 4.09083e-05 9.35268e-06 2.62293e-05 6.04818e-06 6.61233e-05 1.49762e-05 3.08837e-05 7.06084e-06 3.47431e-05 8.01132e-06 5.53945e-05 1.26645e-05 4.88314e-05 1.10598e-05 
1470.0 1485.0 1500.0 9.18479e-07 5.21877e-07 5.53331e-07 3.14886e-07 1.59067e-06 9.02308e-07 6.93859e-07 3.94252e-07 7.32457e-07 4.16818e-07 1.24273e-06 7.06110e-07 1.17563e-06 6.66882e-07 
1500.0 1515.0 1530.0 0.00000e+00 0.00000e+00 0.00000e+00 0.00000e+00 0.00000e+00 0.00000e+00 0.00000e+00 0.00000e+00 0.00000e+00 0.00000e+00 0.00000e+00 0.00000e+00 0.00000e+00 0.00000e+00 
1530.0 1545.0 1560.0 0.00000e+00 0.00000e+00 0.00000e+00 0.00000e+00 0.00000e+00 0.00000e+00 0.00000e+00 0.00000e+00 0.00000e+00 0.00000e+00 0.00000e+00 0.00000e+00 0.00000e+00 0.00000e+00 
1560.0 1575.0 1590.0 0.00000e+00 0.00000e+00 0.00000e+00 0.00000e+00 0.00000e+00 0.00000e+00 0.00000e+00 0.00000e+00 0.00000e+00 0.00000e+00 0.00000e+00 0.00000e+00 0.00000e+00 0.00000e+00 
1590.0 1605.0 1620.0 0.00000e+00 0.00000e+00 0.00000e+00 0.00000e+00 0.00000e+00 0.00000e+00 0.00000e+00 0.00000e+00 0.00000e+00 0.00000e+00 0.00000e+00 0.00000e+00 0.00000e+00 0.00000e+00 
1620.0 1635.0 1650.0 0.00000e+00 0.00000e+00 0.00000e+00 0.00000e+00 0.00000e+00 0.00000e+00 0.00000e+00 0.00000e+00 0.00000e+00 0.00000e+00 0.00000e+00 0.00000e+00 0.00000e+00 0.00000e+00 
1650.0 1665.0 1680.0 0.00000e+00 0.00000e+00 0.00000e+00 0.00000e+00 0.00000e+00 0.00000e+00 0.00000e+00 0.00000e+00 0.00000e+00 0.00000e+00 0.00000e+00 0.00000e+00 0.00000e+00 0.00000e+00 
1680.0 1695.0 1710.0 0.00000e+00 0.00000e+00 0.00000e+00 0.00000e+00 0.00000e+00 0.00000e+00 0.00000e+00 0.00000e+00 0.00000e+00 0.00000e+00 0.00000e+00 0.00000e+00 0.00000e+00 0.00000e+00 
1710.0 1725.0 1740.0 0.00000e+00 0.00000e+00 0.00000e+00 0.00000e+00 0.00000e+00 0.00000e+00 0.00000e+00 0.00000e+00 0.00000e+00 0.00000e+00 0.00000e+00 0.00000e+00 0.00000e+00 0.00000e+00 
1740.0 1755.0 1770.0 0.00000e+00 0.00000e+00 0.00000e+00 0.00000e+00 0.00000e+00 0.00000e+00 0.00000e+00 0.00000e+00 0.00000e+00 0.00000e+00 0.00000e+00 0.00000e+00 0.00000e+00 0.00000e+00 
1770.0 1785.0 1800.0 0.00000e+00 0.00000e+00 0.00000e+00 0.00000e+00 0.00000e+00 0.00000e+00 0.00000e+00 0.00000e+00 0.00000e+00 0.00000e+00 0.00000e+00 0.00000e+00 0.00000e+00 0.00000e+00 
1800.0 1815.0 1830.0 0.00000e+00 0.00000e+00 0.00000e+00 0.00000e+00 0.00000e+00 0.00000e+00 0.00000e+00 0.00000e+00 0.00000e+00 0.00000e+00 0.00000e+00 0.00000e+00 0.00000e+00 0.00000e+00 
1830.0 1845.0 1860.0 0.00000e+00 0.00000e+00 0.00000e+00 0.00000e+00 0.00000e+00 0.00000e+00 0.00000e+00 0.00000e+00 0.00000e+00 0.00000e+00 0.00000e+00 0.00000e+00 0.00000e+00 0.00000e+00 
1860.0 1875.0 1890.0 0.00000e+00 0.00000e+00 0.00000e+00 0.00000e+00 0.00000e+00 0.00000e+00 0.00000e+00 0.00000e+00 0.00000e+00 0.00000e+00 0.00000e+00 0.00000e+00 0.00000e+00 0.00000e+00 
1890.0 1905.0 1920.0 0.00000e+00 0.00000e+00 0.00000e+00 0.00000e+00 0.00000e+00 0.00000e+00 0.00000e+00 0.00000e+00 0.00000e+00 0.00000e+00 0.00000e+00 0.00000e+00 0.00000e+00 0.00000e+00 
1920.0 1935.0 1950.0 0.00000e+00 0.00000e+00 0.00000e+00 0.00000e+00 0.00000e+00 0.00000e+00 0.00000e+00 0.00000e+00 0.00000e+00 0.00000e+00 0.00000e+00 0.00000e+00 0.00000e+00 0.00000e+00 
1950.0 1965.0 1980.0 0.00000e+00 0.00000e+00 0.00000e+00 0.00000e+00 0.00000e+00 0.00000e+00 0.00000e+00 0.00000e+00 0.00000e+00 0.00000e+00 0.00000e+00 0.00000e+00 0.00000e+00 0.00000e+00 
1980.0 1995.0 2010.0 0.00000e+00 0.00000e+00 0.00000e+00 0.00000e+00 0.00000e+00 0.00000e+00 0.00000e+00 0.00000e+00 0.00000e+00 0.00000e+00 0.00000e+00 0.00000e+00 0.00000e+00 0.00000e+00 
2010.0 2025.0 2040.0 0.00000e+00 0.00000e+00 0.00000e+00 0.00000e+00 0.00000e+00 0.00000e+00 0.00000e+00 0.00000e+00 0.00000e+00 0.00000e+00 0.00000e+00 0.00000e+00 0.00000e+00 0.00000e+00 
2040.0 2055.0 2070.0 0.00000e+00 0.00000e+00 0.00000e+00 0.00000e+00 0.00000e+00 0.00000e+00 0.00000e+00 0.00000e+00 0.00000e+00 0.00000e+00 0.00000e+00 0.00000e+00 0.00000e+00 0.00000e+00 
2070.0 2085.0 2100.0 0.00000e+00 0.00000e+00 0.00000e+00 0.00000e+00 0.00000e+00 0.00000e+00 0.00000e+00 0.00000e+00 0.00000e+00 0.00000e+00 0.00000e+00 0.00000e+00 0.00000e+00 0.00000e+00 
2100.0 2115.0 2130.0 0.00000e+00 0.00000e+00 0.00000e+00 0.00000e+00 0.00000e+00 0.00000e+00 0.00000e+00 0.00000e+00 0.00000e+00 0.00000e+00 0.00000e+00 0.00000e+00 0.00000e+00 0.00000e+00 
2130.0 2145.0 2160.0 0.00000e+00 0.00000e+00 0.00000e+00 0.00000e+00 0.00000e+00 0.00000e+00 0.00000e+00 0.00000e+00 0.00000e+00 0.00000e+00 0.00000e+00 0.00000e+00 0.00000e+00 0.00000e+00 
2160.0 2175.0 2190.0 0.00000e+00 0.00000e+00 0.00000e+00 0.00000e+00 0.00000e+00 0.00000e+00 0.00000e+00 0.00000e+00 0.00000e+00 0.00000e+00 0.00000e+00 0.00000e+00 0.00000e+00 0.00000e+00 
2190.0 2205.0 2220.0 0.00000e+00 0.00000e+00 0.00000e+00 0.00000e+00 0.00000e+00 0.00000e+00 0.00000e+00 0.00000e+00 0.00000e+00 0.00000e+00 0.00000e+00 0.00000e+00 0.00000e+00 0.00000e+00 
2220.0 2235.0 2250.0 0.00000e+00 0.00000e+00 0.00000e+00 0.00000e+00 0.00000e+00 0.00000e+00 0.00000e+00 0.00000e+00 0.00000e+00 0.00000e+00 0.00000e+00 0.00000e+00 0.00000e+00 0.00000e+00 
2250.0 2265.0 2280.0 0.00000e+00 0.00000e+00 0.00000e+00 0.00000e+00 0.00000e+00 0.00000e+00 0.00000e+00 0.00000e+00 0.00000e+00 0.00000e+00 0.00000e+00 0.00000e+00 0.00000e+00 0.00000e+00 
2280.0 2295.0 2310.0 0.00000e+00 0.00000e+00 0.00000e+00 0.00000e+00 0.00000e+00 0.00000e+00 0.00000e+00 0.00000e+00 0.00000e+00 0.00000e+00 0.00000e+00 0.00000e+00 0.00000e+00 0.00000e+00 
2310.0 2325.0 2340.0 0.00000e+00 0.00000e+00 0.00000e+00 0.00000e+00 0.00000e+00 0.00000e+00 0.00000e+00 0.00000e+00 0.00000e+00 0.00000e+00 0.00000e+00 0.00000e+00 0.00000e+00 0.00000e+00 
2340.0 2355.0 2370.0 0.00000e+00 0.00000e+00 0.00000e+00 0.00000e+00 0.00000e+00 0.00000e+00 0.00000e+00 0.00000e+00 0.00000e+00 0.00000e+00 0.00000e+00 0.00000e+00 0.00000e+00 0.00000e+00 
2370.0 2385.0 2400.0 0.00000e+00 0.00000e+00 0.00000e+00 0.00000e+00 0.00000e+00 0.00000e+00 0.00000e+00 0.00000e+00 0.00000e+00 0.00000e+00 0.00000e+00 0.00000e+00 0.00000e+00 0.00000e+00 
2400.0 2415.0 2430.0 0.00000e+00 0.00000e+00 0.00000e+00 0.00000e+00 0.00000e+00 0.00000e+00 0.00000e+00 0.00000e+00 0.00000e+00 0.00000e+00 0.00000e+00 0.00000e+00 0.00000e+00 0.00000e+00 
2430.0 2445.0 2460.0 0.00000e+00 0.00000e+00 0.00000e+00 0.00000e+00 0.00000e+00 0.00000e+00 0.00000e+00 0.00000e+00 0.00000e+00 0.00000e+00 0.00000e+00 0.00000e+00 0.00000e+00 0.00000e+00 
2460.0 2475.0 2490.0 0.00000e+00 0.00000e+00 0.00000e+00 0.00000e+00 0.00000e+00 0.00000e+00 0.00000e+00 0.00000e+00 0.00000e+00 0.00000e+00 0.00000e+00 0.00000e+00 0.00000e+00 0.00000e+00 
2490.0 2505.0 2520.0 0.00000e+00 0.00000e+00 0.00000e+00 0.00000e+00 0.00000e+00 0.00000e+00 0.00000e+00 0.00000e+00 0.00000e+00 0.00000e+00 0.00000e+00 0.00000e+00 0.00000e+00 0.00000e+00 
2520.0 2535.0 2550.0 0.00000e+00 0.00000e+00 0.00000e+00 0.00000e+00 0.00000e+00 0.00000e+00 0.00000e+00 0.00000e+00 0.00000e+00 0.00000e+00 0.00000e+00 0.00000e+00 0.00000e+00 0.00000e+00 
2550.0 2565.0 2580.0 0.00000e+00 0.00000e+00 0.00000e+00 0.00000e+00 0.00000e+00 0.00000e+00 0.00000e+00 0.00000e+00 0.00000e+00 0.00000e+00 0.00000e+00 0.00000e+00 0.00000e+00 0.00000e+00 
2580.0 2595.0 2610.0 0.00000e+00 0.00000e+00 0.00000e+00 0.00000e+00 0.00000e+00 0.00000e+00 0.00000e+00 0.00000e+00 0.00000e+00 0.00000e+00 0.00000e+00 0.00000e+00 0.00000e+00 0.00000e+00 
2610.0 2625.0 2640.0 0.00000e+00 0.00000e+00 0.00000e+00 0.00000e+00 0.00000e+00 0.00000e+00 0.00000e+00 0.00000e+00 0.00000e+00 0.00000e+00 0.00000e+00 0.00000e+00 0.00000e+00 0.00000e+00 
2640.0 2655.0 2670.0 0.00000e+00 0.00000e+00 0.00000e+00 0.00000e+00 0.00000e+00 0.00000e+00 0.00000e+00 0.00000e+00 0.00000e+00 0.00000e+00 0.00000e+00 0.00000e+00 0.00000e+00 0.00000e+00 
2670.0 2685.0 2700.0 0.00000e+00 0.00000e+00 0.00000e+00 0.00000e+00 0.00000e+00 0.00000e+00 0.00000e+00 0.00000e+00 0.00000e+00 0.00000e+00 0.00000e+00 0.00000e+00 0.00000e+00 0.00000e+00 
2700.0 2715.0 2730.0 0.00000e+00 0.00000e+00 0.00000e+00 0.00000e+00 0.00000e+00 0.00000e+00 0.00000e+00 0.00000e+00 0.00000e+00 0.00000e+00 0.00000e+00 0.00000e+00 0.00000e+00 0.00000e+00 
2730.0 2745.0 2760.0 0.00000e+00 0.00000e+00 0.00000e+00 0.00000e+00 0.00000e+00 0.00000e+00 0.00000e+00 0.00000e+00 0.00000e+00 0.00000e+00 0.00000e+00 0.00000e+00 0.00000e+00 0.00000e+00 
2760.0 2775.0 2790.0 0.00000e+00 0.00000e+00 0.00000e+00 0.00000e+00 0.00000e+00 0.00000e+00 0.00000e+00 0.00000e+00 0.00000e+00 0.00000e+00 0.00000e+00 0.00000e+00 0.00000e+00 0.00000e+00 
2790.0 2805.0 2820.0 0.00000e+00 0.00000e+00 0.00000e+00 0.00000e+00 0.00000e+00 0.00000e+00 0.00000e+00 0.00000e+00 0.00000e+00 0.00000e+00 0.00000e+00 0.00000e+00 0.00000e+00 0.00000e+00 
2820.0 2835.0 2850.0 0.00000e+00 0.00000e+00 0.00000e+00 0.00000e+00 0.00000e+00 0.00000e+00 0.00000e+00 0.00000e+00 0.00000e+00 0.00000e+00 0.00000e+00 0.00000e+00 0.00000e+00 0.00000e+00 
2850.0 2865.0 2880.0 0.00000e+00 0.00000e+00 0.00000e+00 0.00000e+00 0.00000e+00 0.00000e+00 0.00000e+00 0.00000e+00 0.00000e+00 0.00000e+00 0.00000e+00 0.00000e+00 0.00000e+00 0.00000e+00 
2880.0 2895.0 2910.0 0.00000e+00 0.00000e+00 0.00000e+00 0.00000e+00 0.00000e+00 0.00000e+00 0.00000e+00 0.00000e+00 0.00000e+00 0.00000e+00 0.00000e+00 0.00000e+00 0.00000e+00 0.00000e+00 
2910.0 2925.0 2940.0 0.00000e+00 0.00000e+00 0.00000e+00 0.00000e+00 0.00000e+00 0.00000e+00 0.00000e+00 0.00000e+00 0.00000e+00 0.00000e+00 0.00000e+00 0.00000e+00 0.00000e+00 0.00000e+00 
2940.0 2955.0 2970.0 0.00000e+00 0.00000e+00 0.00000e+00 0.00000e+00 0.00000e+00 0.00000e+00 0.00000e+00 0.00000e+00 0.00000e+00 0.00000e+00 0.00000e+00 0.00000e+00 0.00000e+00 0.00000e+00 
2970.0 2985.0 3000.0 0.00000e+00 0.00000e+00 0.00000e+00 0.00000e+00 0.00000e+00 0.00000e+00 0.00000e+00 0.00000e+00 0.00000e+00 0.00000e+00 0.00000e+00 0.00000e+00 0.00000e+00 0.00000e+00 
