0.0 0.065449846958 0.13089969392 1.07048e+03 5.72439e+00 7.08241e+02 3.76769e+00 1.67700e+03 9.04903e+00 7.41439e+02 3.92849e+00 1.02289e+03 5.49167e+00 1.60787e+03 8.69590e+00 1.11705e+03 5.95929e+00 
0.13089969392 0.19634954088 0.26179938783 1.13805e+03 6.00763e+00 7.53131e+02 3.95951e+00 1.78299e+03 9.48705e+00 7.88361e+02 4.12440e+00 1.08756e+03 5.76938e+00 1.70902e+03 9.12209e+00 1.18788e+03 6.25086e+00 
0.26179938783 0.32724923479 0.39269908175 1.34104e+03 6.81647e+00 8.87822e+02 4.48983e+00 2.09913e+03 1.07677e+01 9.28967e+02 4.67776e+00 1.28210e+03 6.54474e+00 2.01393e+03 1.03557e+01 1.39850e+03 7.09088e+00 
0.39269908175 0.45814892871 0.52359877567 1.11162e+03 5.90463e+00 7.35846e+02 3.89860e+00 1.74038e+03 9.29643e+00 7.69896e+02 4.05134e+00 1.06281e+03 5.68385e+00 1.66977e+03 8.97220e+00 1.15920e+03 6.12083e+00 
0.52359877567 0.58904862263 0.65449846958 9.46013e+02 5.38784e+00 6.26132e+02 3.56034e+00 1.48146e+03 8.47569e+00 6.54819e+02 3.69601e+00 9.04871e+02 5.19202e+00 1.42200e+03 8.18884e+00 9.86046e+02 5.57969e+00 
0.65449846958 0.71994831654 0.7853981635 8.37905e+02 5.03945e+00 5.54341e+02 3.32853e+00 1.31284e+03 7.93114e+00 5.79783e+02 3.45563e+00 8.01390e+02 4.85577e+00 1.26004e+03 7.66319e+00 8.73429e+02 5.21829e+00 
0.7853981635 0.85084801046 0.91629785742 7.64070e+02 4.68249e+00 5.05635e+02 3.09614e+00 1.19682e+03 7.35676e+00 5.28467e+02 3.21161e+00 7.31312e+02 4.51591e+00 1.14964e+03 7.11882e+00 7.95791e+02 4.84124e+00 
0.91629785742 0.98174770438 1.0471975513 7.11603e+02 4.48764e+00 4.70472e+02 2.96258e+00 1.11593e+03 7.06575e+00 4.92009e+02 3.07752e+00 6.80652e+02 4.32146e+00 1.07110e+03 6.82332e+00 7.41700e+02 4.64930e+00 
1.0471975513 1.1126473983 1.1780972453 6.75812e+02 4.33238e+00 4.47001e+02 2.86490e+00 1.05924e+03 6.80493e+00 4.67020e+02 2.97006e+00 6.47033e+02 4.18045e+00 1.01787e+03 6.58992e+00 7.03584e+02 4.47602e+00 
1.1780972453 1.2435470922 1.3089969392 6.44516e+02 4.23641e+00 4.26412e+02 2.80210e+00 1.00992e+03 6.65371e+00 4.45114e+02 2.90205e+00 6.17613e+02 4.09199e+00 9.71478e+02 6.45007e+00 6.70304e+02 4.37250e+00 
1.3089969392 1.3744467861 1.4398966331 6.17599e+02 4.05985e+00 4.08333e+02 2.67840e+00 9.68562e+02 6.39796e+00 4.26356e+02 2.78125e+00 5.91652e+02 3.91099e+00 9.31351e+02 6.18081e+00 6.42529e+02 4.20447e+00 
1.4398966331 1.50534648 1.570796327 6.05926e+02 3.91723e+00 4.00718e+02 2.58408e+00 9.49972e+02 6.17333e+00 4.18035e+02 2.68293e+00 5.80977e+02 3.77403e+00 9.14442e+02 5.96538e+00 6.29710e+02 4.05553e+00 
1.570796327 1.636246174 1.7016960209 5.88726e+02 3.75992e+00 3.89553e+02 2.48453e+00 9.22430e+02 5.91213e+00 4.06021e+02 2.57487e+00 5.64991e+02 3.62920e+00 8.88873e+02 5.72675e+00 6.11182e+02 3.88350e+00 
1.7016960209 1.7671458679 1.8325957148 5.93930e+02 3.80064e+00 3.92869e+02 2.50663e+00 9.31048e+02 5.99528e+00 4.09263e+02 2.60056e+00 5.70277e+02 3.66469e+00 8.97658e+02 5.79479e+00 6.16243e+02 3.93420e+00 
1.8325957148 1.8980455618 1.9634954088 5.95127e+02 3.68035e+00 3.94106e+02 2.43349e+00 9.31657e+02 5.78546e+00 4.09907e+02 2.51742e+00 5.72319e+02 3.55879e+00 8.99945e+02 5.61368e+00 6.16311e+02 3.79470e+00 
1.9634954088 2.0289452557 2.0943951027 6.02697e+02 3.56068e+00 3.99356e+02 2.35321e+00 9.42899e+02 5.60098e+00 4.14825e+02 2.43528e+00 5.80353e+02 3.44182e+00 9.12187e+02 5.43191e+00 6.23198e+02 3.67328e+00 
2.0943951027 2.1598449496 2.2252947966 6.11527e+02 3.45588e+00 4.05438e+02 2.28297e+00 9.56112e+02 5.43887e+00 4.20678e+02 2.36340e+00 5.89500e+02 3.33927e+00 9.26144e+02 5.27258e+00 6.31516e+02 3.56644e+00 
2.2252947966 2.2907446435 2.3561944905 6.30530e+02 3.38458e+00 4.18269e+02 2.23588e+00 9.85214e+02 5.32764e+00 4.33487e+02 2.31360e+00 6.08520e+02 3.27184e+00 9.55631e+02 5.16664e+00 6.50248e+02 3.49151e+00 
2.3561944905 2.4216443375 2.4870941844 6.41697e+02 3.21595e+00 4.25942e+02 2.12499e+00 1.00198e+03 5.06032e+00 4.40944e+02 2.19878e+00 6.19990e+02 3.10894e+00 9.73147e+02 4.90799e+00 6.60905e+02 3.31718e+00 
2.4870941844 2.5525440314 2.6179938783 6.53704e+02 3.06906e+00 4.34461e+02 2.02963e+00 1.01922e+03 4.82469e+00 4.49003e+02 2.09834e+00 6.32655e+02 2.96947e+00 9.91868e+02 4.68384e+00 6.71925e+02 3.16276e+00 
2.6179938783 2.6834437253 2.7488935723 6.73348e+02 2.89479e+00 4.47844e+02 1.91521e+00 1.04894e+03 4.54674e+00 4.62331e+02 1.98013e+00 6.52372e+02 2.80076e+00 1.02212e+03 4.41533e+00 6.91215e+02 2.98233e+00 
2.7488935723 2.8143434192 2.8797932662 6.89261e+02 2.71216e+00 4.58603e+02 1.79193e+00 1.07330e+03 4.26840e+00 4.73060e+02 1.85545e+00 6.68319e+02 2.62002e+00 1.04680e+03 4.13613e+00 7.06902e+02 2.79998e+00 
2.8797932662 2.9452431131 3.0106929601 6.93860e+02 2.49164e+00 4.61978e+02 1.64547e+00 1.07957e+03 3.92343e+00 4.76136e+02 1.70592e+00 6.73352e+02 2.40402e+00 1.05400e+03 3.79615e+00 7.10885e+02 2.57626e+00 
3.0106929601 3.076142807 3.141592654 6.96143e+02 2.27983e+00 4.63641e+02 1.50638e+00 1.08273e+03 3.58627e+00 4.77617e+02 1.56273e+00 6.75895e+02 2.19822e+00 1.05770e+03 3.46845e+00 7.12807e+02 2.35820e+00 
