0.0 15.0 30.0 5.16844e+00 1.64767e-02 3.45611e+00 1.09669e-02 7.99968e+00 2.57285e-02 3.50677e+00 1.11495e-02 5.09392e+00 1.62080e-02 7.96023e+00 2.54614e-02 5.19428e+00 1.66512e-02 
30.0 45.0 60.0 1.00319e+01 3.45527e-02 6.68271e+00 2.29808e-02 1.55985e+01 5.39820e-02 6.83170e+00 2.34448e-02 9.81340e+00 3.38711e-02 1.53802e+01 5.32151e-02 1.01747e+01 3.50541e-02 
60.0 75.0 90.0 1.57022e+01 5.09592e-02 1.04371e+01 3.37149e-02 2.44744e+01 8.00813e-02 1.07282e+01 3.47168e-02 1.52768e+01 4.94913e-02 2.39761e+01 7.80900e-02 1.60295e+01 5.22630e-02 
90.0 105.0 120.0 1.11329e+01 3.54921e-02 7.38246e+00 2.33923e-02 1.73930e+01 5.59954e-02 7.66972e+00 2.44126e-02 1.07162e+01 3.40095e-02 1.68248e+01 5.37435e-02 1.15092e+01 3.69805e-02 
120.0 135.0 150.0 6.46821e+00 2.28739e-02 4.28431e+00 1.50782e-02 1.01210e+01 3.60626e-02 4.49279e+00 1.58729e-02 6.16814e+00 2.17290e-02 9.67694e+00 3.42621e-02 6.76513e+00 2.40764e-02 
150.0 165.0 180.0 3.67274e+00 1.50137e-02 2.42954e+00 9.89954e-03 5.75423e+00 2.36425e-02 2.56916e+00 1.04958e-02 3.47318e+00 1.41608e-02 5.44715e+00 2.22843e-02 3.87984e+00 1.59289e-02 
180.0 195.0 210.0 2.16221e+00 1.03958e-02 1.42821e+00 6.84138e-03 3.39293e+00 1.64060e-02 1.52189e+00 7.31409e-03 2.02912e+00 9.72395e-03 3.18285e+00 1.53110e-02 2.30494e+00 1.11393e-02 
210.0 225.0 240.0 1.28906e+00 7.28476e-03 8.50769e-01 4.79868e-03 2.02511e+00 1.14810e-02 9.12211e-01 5.15369e-03 1.20224e+00 6.78297e-03 1.88516e+00 1.06570e-02 1.38477e+00 7.84805e-03 
240.0 255.0 270.0 8.05972e-01 5.33315e-03 5.31135e-01 3.50692e-03 1.26758e+00 8.41732e-03 5.73037e-01 3.79110e-03 7.47040e-01 4.93338e-03 1.17193e+00 7.75646e-03 8.71761e-01 5.78754e-03 
270.0 285.0 300.0 4.97806e-01 3.88125e-03 3.27793e-01 2.55140e-03 7.83496e-01 6.12533e-03 3.55432e-01 2.77078e-03 4.59096e-01 3.57396e-03 7.20151e-01 5.61585e-03 5.41595e-01 4.23338e-03 
300.0 315.0 330.0 3.25367e-01 2.93871e-03 2.14070e-01 1.93091e-03 5.12516e-01 4.63942e-03 2.33201e-01 2.10599e-03 2.98675e-01 2.69439e-03 4.68565e-01 4.23275e-03 3.55887e-01 3.22105e-03 
330.0 345.0 360.0 2.21708e-01 2.36224e-03 1.45700e-01 1.54910e-03 3.49658e-01 3.73744e-03 1.59449e-01 1.69871e-03 2.02590e-01 2.15419e-03 3.17977e-01 3.38842e-03 2.43797e-01 2.60557e-03 
360.0 375.0 390.0 1.46458e-01 1.76444e-03 9.62086e-02 1.15828e-03 2.31031e-01 2.78711e-03 1.05654e-01 1.27278e-03 1.33364e-01 1.60571e-03 2.09268e-01 2.52135e-03 1.61689e-01 1.95042e-03 
390.0 405.0 420.0 1.03289e-01 1.45262e-03 6.77540e-02 9.51515e-04 1.63178e-01 2.30016e-03 7.47234e-02 1.05081e-03 9.36558e-02 1.31536e-03 1.47082e-01 2.06868e-03 1.14593e-01 1.61517e-03 
420.0 435.0 450.0 7.02692e-02 1.14504e-03 4.60696e-02 7.49597e-04 1.11059e-01 1.81392e-03 5.09693e-02 8.30488e-04 6.35143e-02 1.03351e-03 9.97457e-02 1.62548e-03 7.82395e-02 1.27778e-03 
450.0 465.0 480.0 5.01713e-02 9.26007e-04 3.28515e-02 6.04852e-04 7.94065e-02 1.47080e-03 3.64808e-02 6.73275e-04 4.51800e-02 8.31901e-04 7.10139e-02 1.31080e-03 5.61008e-02 1.03904e-03 
480.0 495.0 510.0 3.55238e-02 7.40265e-04 2.32555e-02 4.83730e-04 5.62367e-02 1.17534e-03 2.58899e-02 5.39481e-04 3.19093e-02 6.63765e-04 5.01470e-02 1.04505e-03 3.98377e-02 8.32556e-04 
510.0 525.0 540.0 2.55642e-02 6.28982e-04 1.67252e-02 4.10797e-04 4.04913e-02 9.98716e-04 1.86701e-02 4.59332e-04 2.29012e-02 5.62520e-04 3.59989e-02 8.85780e-04 2.87545e-02 7.09176e-04 
540.0 555.0 570.0 1.86325e-02 5.10092e-04 1.21975e-02 3.34200e-04 2.94866e-02 8.06768e-04 1.36343e-02 3.73249e-04 1.66690e-02 4.56727e-04 2.61762e-02 7.16637e-04 2.09888e-02 5.74247e-04 
570.0 585.0 600.0 1.34378e-02 4.34150e-04 8.77846e-03 2.83486e-04 2.13135e-02 6.89293e-04 9.85103e-03 3.18248e-04 1.19747e-02 3.86728e-04 1.88366e-02 6.08620e-04 1.52049e-02 4.91696e-04 
600.0 615.0 630.0 1.08543e-02 3.81207e-04 7.09405e-03 2.48837e-04 1.72038e-02 6.05408e-04 7.97065e-03 2.79907e-04 9.66060e-03 3.38891e-04 1.51837e-02 5.33310e-04 1.22985e-02 4.32738e-04 
630.0 645.0 660.0 7.61337e-03 3.04413e-04 4.97053e-03 1.98739e-04 1.20799e-02 4.83201e-04 5.60001e-03 2.23900e-04 6.75758e-03 2.70204e-04 1.06287e-02 4.24999e-04 8.65293e-03 3.46101e-04 
660.0 675.0 690.0 5.64827e-03 2.54998e-04 3.68947e-03 1.66690e-04 8.95554e-03 4.04085e-04 4.16111e-03 1.87851e-04 5.00807e-03 2.26273e-04 7.87067e-03 3.55349e-04 6.42681e-03 2.89971e-04 
690.0 705.0 720.0 4.27723e-03 2.19185e-04 2.79054e-03 1.43340e-04 6.79055e-03 3.47138e-04 3.15574e-03 1.61711e-04 3.78224e-03 1.94284e-04 5.94999e-03 3.04910e-04 4.88148e-03 2.49540e-04 
720.0 735.0 750.0 3.24357e-03 1.98109e-04 2.11384e-03 1.29042e-04 5.01422e-03 2.87005e-04 2.39665e-03 1.46386e-04 2.86083e-03 1.74638e-04 4.50452e-03 2.75114e-04 3.61055e-03 2.06650e-04 
750.0 765.0 780.0 2.80577e-03 1.85411e-04 1.83116e-03 1.21033e-04 4.45270e-03 2.94294e-04 2.07589e-03 1.37178e-04 2.47499e-03 1.63589e-04 3.89065e-03 2.57105e-04 3.21110e-03 2.12231e-04 
780.0 795.0 810.0 2.02186e-03 1.48208e-04 1.31494e-03 9.62702e-05 3.22123e-03 2.36558e-04 1.49774e-03 1.09785e-04 1.77510e-03 1.29963e-04 2.79965e-03 2.05228e-04 2.32632e-03 1.70834e-04 
810.0 825.0 840.0 1.55933e-03 1.24377e-04 1.01589e-03 8.11762e-05 2.47923e-03 1.97405e-04 1.15652e-03 9.22445e-05 1.36972e-03 1.09453e-04 2.15610e-03 1.71983e-04 1.79302e-03 1.42762e-04 
840.0 855.0 870.0 1.17309e-03 1.04878e-04 7.64114e-04 6.85707e-05 1.86521e-03 1.66089e-04 8.71061e-04 7.78742e-05 1.02906e-03 9.23487e-05 1.61980e-03 1.44819e-04 1.35082e-03 1.20282e-04 
870.0 885.0 900.0 7.80520e-04 8.56418e-05 5.07987e-04 5.59343e-05 1.24199e-03 1.35761e-04 5.80191e-04 6.36568e-05 6.83386e-04 7.52523e-05 1.07633e-03 1.18109e-04 9.00648e-04 9.84417e-05 
900.0 915.0 930.0 6.89737e-04 8.07795e-05 4.48684e-04 5.26501e-05 1.09801e-03 1.28333e-04 5.13267e-04 6.01092e-05 6.02949e-04 7.07552e-05 9.49879e-04 1.11253e-04 7.97297e-04 9.31808e-05 
930.0 945.0 960.0 7.07108e-04 8.45536e-05 4.59429e-04 5.50448e-05 1.12703e-03 1.34489e-04 5.26747e-04 6.29883e-05 6.16740e-04 7.38905e-05 9.72551e-04 1.16291e-04 8.19423e-04 9.77853e-05 
960.0 975.0 990.0 4.71504e-04 6.21344e-05 3.07145e-04 4.05536e-05 7.49149e-04 9.85194e-05 3.51568e-04 4.63284e-05 4.11927e-04 5.43894e-05 6.47767e-04 8.53640e-05 5.45300e-04 7.17098e-05 
990.0 1005.0 1020.0 3.62591e-04 5.13739e-05 2.35368e-04 3.34809e-05 5.78423e-04 8.16093e-05 2.70601e-04 3.83393e-05 3.15381e-04 4.48637e-05 4.97607e-04 7.05057e-05 4.21479e-04 5.94644e-05 
1020.0 1035.0 1050.0 2.17927e-04 4.24025e-05 1.40865e-04 2.74743e-05 3.74119e-04 7.01024e-05 1.62802e-04 3.16776e-05 1.88561e-04 3.67761e-05 2.98719e-04 5.81208e-05 2.72929e-04 5.11424e-05 
1050.0 1065.0 1080.0 2.39329e-04 4.08544e-05 1.55469e-04 2.65499e-05 3.81387e-04 6.50977e-05 1.78963e-04 3.05500e-05 2.07911e-04 3.55052e-05 3.27692e-04 5.59376e-05 2.78545e-04 4.75446e-05 
1080.0 1095.0 1110.0 1.38165e-04 2.72857e-05 8.96077e-05 1.77618e-05 2.20561e-04 4.33883e-05 1.03407e-04 2.04212e-05 1.19728e-04 2.37323e-05 1.88987e-04 3.73226e-05 1.61249e-04 3.17202e-05 
1110.0 1125.0 1140.0 0.00000e+00 0.00000e+00 0.00000e+00 0.00000e+00 0.00000e+00 0.00000e+00 0.00000e+00 0.00000e+00 0.00000e+00 0.00000e+00 0.00000e+00 0.00000e+00 0.00000e+00 0.00000e+00 
1140.0 1155.0 1170.0 0.00000e+00 0.00000e+00 0.00000e+00 0.00000e+00 0.00000e+00 0.00000e+00 0.00000e+00 0.00000e+00 0.00000e+00 0.00000e+00 0.00000e+00 0.00000e+00 0.00000e+00 0.00000e+00 
1170.0 1185.0 1200.0 0.00000e+00 0.00000e+00 0.00000e+00 0.00000e+00 0.00000e+00 0.00000e+00 0.00000e+00 0.00000e+00 0.00000e+00 0.00000e+00 0.00000e+00 0.00000e+00 0.00000e+00 0.00000e+00 
1200.0 1215.0 1230.0 0.00000e+00 0.00000e+00 0.00000e+00 0.00000e+00 0.00000e+00 0.00000e+00 0.00000e+00 0.00000e+00 0.00000e+00 0.00000e+00 0.00000e+00 0.00000e+00 0.00000e+00 0.00000e+00 
1230.0 1245.0 1260.0 0.00000e+00 0.00000e+00 0.00000e+00 0.00000e+00 0.00000e+00 0.00000e+00 0.00000e+00 0.00000e+00 0.00000e+00 0.00000e+00 0.00000e+00 0.00000e+00 0.00000e+00 0.00000e+00 
1260.0 1275.0 1290.0 0.00000e+00 0.00000e+00 0.00000e+00 0.00000e+00 0.00000e+00 0.00000e+00 0.00000e+00 0.00000e+00 0.00000e+00 0.00000e+00 0.00000e+00 0.00000e+00 0.00000e+00 0.00000e+00 
1290.0 1305.0 1320.0 0.00000e+00 0.00000e+00 0.00000e+00 0.00000e+00 0.00000e+00 0.00000e+00 0.00000e+00 0.00000e+00 0.00000e+00 0.00000e+00 0.00000e+00 0.00000e+00 0.00000e+00 0.00000e+00 
1320.0 1335.0 1350.0 0.00000e+00 0.00000e+00 0.00000e+00 0.00000e+00 0.00000e+00 0.00000e+00 0.00000e+00 0.00000e+00 0.00000e+00 0.00000e+00 0.00000e+00 0.00000e+00 0.00000e+00 0.00000e+00 
1350.0 1365.0 1380.0 0.00000e+00 0.00000e+00 0.00000e+00 0.00000e+00 0.00000e+00 0.00000e+00 0.00000e+00 0.00000e+00 0.00000e+00 0.00000e+00 0.00000e+00 0.00000e+00 0.00000e+00 0.00000e+00 
1380.0 1395.0 1410.0 0.00000e+00 0.00000e+00 0.00000e+00 0.00000e+00 0.00000e+00 0.00000e+00 0.00000e+00 0.00000e+00 0.00000e+00 0.00000e+00 0.00000e+00 0.00000e+00 0.00000e+00 0.00000e+00 
1410.0 1425.0 1440.0 0.00000e+00 0.00000e+00 0.00000e+00 0.00000e+00 0.00000e+00 0.00000e+00 0.00000e+00 0.00000e+00 0.00000e+00 0.00000e+00 0.00000e+00 0.00000e+00 0.00000e+00 0.00000e+00 
1440.0 1455.0 1470.0 0.00000e+00 0.00000e+00 0.00000e+00 0.00000e+00 0.00000e+00 0.00000e+00 0.00000e+00 0.00000e+00 0.00000e+00 0.00000e+00 0.00000e+00 0.00000e+00 0.00000e+00 0.00000e+00 
1470.0 1485.0 1500.0 0.00000e+00 0.00000e+00 0.00000e+00 0.00000e+00 0.00000e+00 0.00000e+00 0.00000e+00 0.00000e+00 0.00000e+00 0.00000e+00 0.00000e+00 0.00000e+00 0.00000e+00 0.00000e+00 
1500.0 1515.0 1530.0 0.00000e+00 0.00000e+00 0.00000e+00 0.00000e+00 0.00000e+00 0.00000e+00 0.00000e+00 0.00000e+00 0.00000e+00 0.00000e+00 0.00000e+00 0.00000e+00 0.00000e+00 0.00000e+00 
1530.0 1545.0 1560.0 0.00000e+00 0.00000e+00 0.00000e+00 0.00000e+00 0.00000e+00 0.00000e+00 0.00000e+00 0.00000e+00 0.00000e+00 0.00000e+00 0.00000e+00 0.00000e+00 0.00000e+00 0.00000e+00 
1560.0 1575.0 1590.0 0.00000e+00 0.00000e+00 0.00000e+00 0.00000e+00 0.00000e+00 0.00000e+00 0.00000e+00 0.00000e+00 0.00000e+00 0.00000e+00 0.00000e+00 0.00000e+00 0.00000e+00 0.00000e+00 
1590.0 1605.0 1620.0 0.00000e+00 0.00000e+00 0.00000e+00 0.00000e+00 0.00000e+00 0.00000e+00 0.00000e+00 0.00000e+00 0.00000e+00 0.00000e+00 0.00000e+00 0.00000e+00 0.00000e+00 0.00000e+00 
1620.0 1635.0 1650.0 0.00000e+00 0.00000e+00 0.00000e+00 0.00000e+00 0.00000e+00 0.00000e+00 0.00000e+00 0.00000e+00 0.00000e+00 0.00000e+00 0.00000e+00 0.00000e+00 0.00000e+00 0.00000e+00 
1650.0 1665.0 1680.0 0.00000e+00 0.00000e+00 0.00000e+00 0.00000e+00 0.00000e+00 0.00000e+00 0.00000e+00 0.00000e+00 0.00000e+00 0.00000e+00 0.00000e+00 0.00000e+00 0.00000e+00 0.00000e+00 
1680.0 1695.0 1710.0 0.00000e+00 0.00000e+00 0.00000e+00 0.00000e+00 0.00000e+00 0.00000e+00 0.00000e+00 0.00000e+00 0.00000e+00 0.00000e+00 0.00000e+00 0.00000e+00 0.00000e+00 0.00000e+00 
1710.0 1725.0 1740.0 0.00000e+00 0.00000e+00 0.00000e+00 0.00000e+00 0.00000e+00 0.00000e+00 0.00000e+00 0.00000e+00 0.00000e+00 0.00000e+00 0.00000e+00 0.00000e+00 0.00000e+00 0.00000e+00 
1740.0 1755.0 1770.0 0.00000e+00 0.00000e+00 0.00000e+00 0.00000e+00 0.00000e+00 0.00000e+00 0.00000e+00 0.00000e+00 0.00000e+00 0.00000e+00 0.00000e+00 0.00000e+00 0.00000e+00 0.00000e+00 
1770.0 1785.0 1800.0 0.00000e+00 0.00000e+00 0.00000e+00 0.00000e+00 0.00000e+00 0.00000e+00 0.00000e+00 0.00000e+00 0.00000e+00 0.00000e+00 0.00000e+00 0.00000e+00 0.00000e+00 0.00000e+00 
1800.0 1815.0 1830.0 0.00000e+00 0.00000e+00 0.00000e+00 0.00000e+00 0.00000e+00 0.00000e+00 0.00000e+00 0.00000e+00 0.00000e+00 0.00000e+00 0.00000e+00 0.00000e+00 0.00000e+00 0.00000e+00 
1830.0 1845.0 1860.0 0.00000e+00 0.00000e+00 0.00000e+00 0.00000e+00 0.00000e+00 0.00000e+00 0.00000e+00 0.00000e+00 0.00000e+00 0.00000e+00 0.00000e+00 0.00000e+00 0.00000e+00 0.00000e+00 
1860.0 1875.0 1890.0 0.00000e+00 0.00000e+00 0.00000e+00 0.00000e+00 0.00000e+00 0.00000e+00 0.00000e+00 0.00000e+00 0.00000e+00 0.00000e+00 0.00000e+00 0.00000e+00 0.00000e+00 0.00000e+00 
1890.0 1905.0 1920.0 0.00000e+00 0.00000e+00 0.00000e+00 0.00000e+00 0.00000e+00 0.00000e+00 0.00000e+00 0.00000e+00 0.00000e+00 0.00000e+00 0.00000e+00 0.00000e+00 0.00000e+00 0.00000e+00 
1920.0 1935.0 1950.0 0.00000e+00 0.00000e+00 0.00000e+00 0.00000e+00 0.00000e+00 0.00000e+00 0.00000e+00 0.00000e+00 0.00000e+00 0.00000e+00 0.00000e+00 0.00000e+00 0.00000e+00 0.00000e+00 
1950.0 1965.0 1980.0 0.00000e+00 0.00000e+00 0.00000e+00 0.00000e+00 0.00000e+00 0.00000e+00 0.00000e+00 0.00000e+00 0.00000e+00 0.00000e+00 0.00000e+00 0.00000e+00 0.00000e+00 0.00000e+00 
1980.0 1995.0 2010.0 0.00000e+00 0.00000e+00 0.00000e+00 0.00000e+00 0.00000e+00 0.00000e+00 0.00000e+00 0.00000e+00 0.00000e+00 0.00000e+00 0.00000e+00 0.00000e+00 0.00000e+00 0.00000e+00 
2010.0 2025.0 2040.0 0.00000e+00 0.00000e+00 0.00000e+00 0.00000e+00 0.00000e+00 0.00000e+00 0.00000e+00 0.00000e+00 0.00000e+00 0.00000e+00 0.00000e+00 0.00000e+00 0.00000e+00 0.00000e+00 
2040.0 2055.0 2070.0 0.00000e+00 0.00000e+00 0.00000e+00 0.00000e+00 0.00000e+00 0.00000e+00 0.00000e+00 0.00000e+00 0.00000e+00 0.00000e+00 0.00000e+00 0.00000e+00 0.00000e+00 0.00000e+00 
2070.0 2085.0 2100.0 0.00000e+00 0.00000e+00 0.00000e+00 0.00000e+00 0.00000e+00 0.00000e+00 0.00000e+00 0.00000e+00 0.00000e+00 0.00000e+00 0.00000e+00 0.00000e+00 0.00000e+00 0.00000e+00 
2100.0 2115.0 2130.0 0.00000e+00 0.00000e+00 0.00000e+00 0.00000e+00 0.00000e+00 0.00000e+00 0.00000e+00 0.00000e+00 0.00000e+00 0.00000e+00 0.00000e+00 0.00000e+00 0.00000e+00 0.00000e+00 
2130.0 2145.0 2160.0 0.00000e+00 0.00000e+00 0.00000e+00 0.00000e+00 0.00000e+00 0.00000e+00 0.00000e+00 0.00000e+00 0.00000e+00 0.00000e+00 0.00000e+00 0.00000e+00 0.00000e+00 0.00000e+00 
2160.0 2175.0 2190.0 0.00000e+00 0.00000e+00 0.00000e+00 0.00000e+00 0.00000e+00 0.00000e+00 0.00000e+00 0.00000e+00 0.00000e+00 0.00000e+00 0.00000e+00 0.00000e+00 0.00000e+00 0.00000e+00 
2190.0 2205.0 2220.0 0.00000e+00 0.00000e+00 0.00000e+00 0.00000e+00 0.00000e+00 0.00000e+00 0.00000e+00 0.00000e+00 0.00000e+00 0.00000e+00 0.00000e+00 0.00000e+00 0.00000e+00 0.00000e+00 
2220.0 2235.0 2250.0 0.00000e+00 0.00000e+00 0.00000e+00 0.00000e+00 0.00000e+00 0.00000e+00 0.00000e+00 0.00000e+00 0.00000e+00 0.00000e+00 0.00000e+00 0.00000e+00 0.00000e+00 0.00000e+00 
2250.0 2265.0 2280.0 0.00000e+00 0.00000e+00 0.00000e+00 0.00000e+00 0.00000e+00 0.00000e+00 0.00000e+00 0.00000e+00 0.00000e+00 0.00000e+00 0.00000e+00 0.00000e+00 0.00000e+00 0.00000e+00 
2280.0 2295.0 2310.0 0.00000e+00 0.00000e+00 0.00000e+00 0.00000e+00 0.00000e+00 0.00000e+00 0.00000e+00 0.00000e+00 0.00000e+00 0.00000e+00 0.00000e+00 0.00000e+00 0.00000e+00 0.00000e+00 
2310.0 2325.0 2340.0 0.00000e+00 0.00000e+00 0.00000e+00 0.00000e+00 0.00000e+00 0.00000e+00 0.00000e+00 0.00000e+00 0.00000e+00 0.00000e+00 0.00000e+00 0.00000e+00 0.00000e+00 0.00000e+00 
2340.0 2355.0 2370.0 0.00000e+00 0.00000e+00 0.00000e+00 0.00000e+00 0.00000e+00 0.00000e+00 0.00000e+00 0.00000e+00 0.00000e+00 0.00000e+00 0.00000e+00 0.00000e+00 0.00000e+00 0.00000e+00 
2370.0 2385.0 2400.0 0.00000e+00 0.00000e+00 0.00000e+00 0.00000e+00 0.00000e+00 0.00000e+00 0.00000e+00 0.00000e+00 0.00000e+00 0.00000e+00 0.00000e+00 0.00000e+00 0.00000e+00 0.00000e+00 
2400.0 2415.0 2430.0 0.00000e+00 0.00000e+00 0.00000e+00 0.00000e+00 0.00000e+00 0.00000e+00 0.00000e+00 0.00000e+00 0.00000e+00 0.00000e+00 0.00000e+00 0.00000e+00 0.00000e+00 0.00000e+00 
2430.0 2445.0 2460.0 0.00000e+00 0.00000e+00 0.00000e+00 0.00000e+00 0.00000e+00 0.00000e+00 0.00000e+00 0.00000e+00 0.00000e+00 0.00000e+00 0.00000e+00 0.00000e+00 0.00000e+00 0.00000e+00 
2460.0 2475.0 2490.0 0.00000e+00 0.00000e+00 0.00000e+00 0.00000e+00 0.00000e+00 0.00000e+00 0.00000e+00 0.00000e+00 0.00000e+00 0.00000e+00 0.00000e+00 0.00000e+00 0.00000e+00 0.00000e+00 
2490.0 2505.0 2520.0 0.00000e+00 0.00000e+00 0.00000e+00 0.00000e+00 0.00000e+00 0.00000e+00 0.00000e+00 0.00000e+00 0.00000e+00 0.00000e+00 0.00000e+00 0.00000e+00 0.00000e+00 0.00000e+00 
2520.0 2535.0 2550.0 0.00000e+00 0.00000e+00 0.00000e+00 0.00000e+00 0.00000e+00 0.00000e+00 0.00000e+00 0.00000e+00 0.00000e+00 0.00000e+00 0.00000e+00 0.00000e+00 0.00000e+00 0.00000e+00 
2550.0 2565.0 2580.0 0.00000e+00 0.00000e+00 0.00000e+00 0.00000e+00 0.00000e+00 0.00000e+00 0.00000e+00 0.00000e+00 0.00000e+00 0.00000e+00 0.00000e+00 0.00000e+00 0.00000e+00 0.00000e+00 
2580.0 2595.0 2610.0 0.00000e+00 0.00000e+00 0.00000e+00 0.00000e+00 0.00000e+00 0.00000e+00 0.00000e+00 0.00000e+00 0.00000e+00 0.00000e+00 0.00000e+00 0.00000e+00 0.00000e+00 0.00000e+00 
2610.0 2625.0 2640.0 0.00000e+00 0.00000e+00 0.00000e+00 0.00000e+00 0.00000e+00 0.00000e+00 0.00000e+00 0.00000e+00 0.00000e+00 0.00000e+00 0.00000e+00 0.00000e+00 0.00000e+00 0.00000e+00 
2640.0 2655.0 2670.0 0.00000e+00 0.00000e+00 0.00000e+00 0.00000e+00 0.00000e+00 0.00000e+00 0.00000e+00 0.00000e+00 0.00000e+00 0.00000e+00 0.00000e+00 0.00000e+00 0.00000e+00 0.00000e+00 
2670.0 2685.0 2700.0 0.00000e+00 0.00000e+00 0.00000e+00 0.00000e+00 0.00000e+00 0.00000e+00 0.00000e+00 0.00000e+00 0.00000e+00 0.00000e+00 0.00000e+00 0.00000e+00 0.00000e+00 0.00000e+00 
2700.0 2715.0 2730.0 0.00000e+00 0.00000e+00 0.00000e+00 0.00000e+00 0.00000e+00 0.00000e+00 0.00000e+00 0.00000e+00 0.00000e+00 0.00000e+00 0.00000e+00 0.00000e+00 0.00000e+00 0.00000e+00 
2730.0 2745.0 2760.0 0.00000e+00 0.00000e+00 0.00000e+00 0.00000e+00 0.00000e+00 0.00000e+00 0.00000e+00 0.00000e+00 0.00000e+00 0.00000e+00 0.00000e+00 0.00000e+00 0.00000e+00 0.00000e+00 
2760.0 2775.0 2790.0 0.00000e+00 0.00000e+00 0.00000e+00 0.00000e+00 0.00000e+00 0.00000e+00 0.00000e+00 0.00000e+00 0.00000e+00 0.00000e+00 0.00000e+00 0.00000e+00 0.00000e+00 0.00000e+00 
2790.0 2805.0 2820.0 0.00000e+00 0.00000e+00 0.00000e+00 0.00000e+00 0.00000e+00 0.00000e+00 0.00000e+00 0.00000e+00 0.00000e+00 0.00000e+00 0.00000e+00 0.00000e+00 0.00000e+00 0.00000e+00 
2820.0 2835.0 2850.0 0.00000e+00 0.00000e+00 0.00000e+00 0.00000e+00 0.00000e+00 0.00000e+00 0.00000e+00 0.00000e+00 0.00000e+00 0.00000e+00 0.00000e+00 0.00000e+00 0.00000e+00 0.00000e+00 
2850.0 2865.0 2880.0 0.00000e+00 0.00000e+00 0.00000e+00 0.00000e+00 0.00000e+00 0.00000e+00 0.00000e+00 0.00000e+00 0.00000e+00 0.00000e+00 0.00000e+00 0.00000e+00 0.00000e+00 0.00000e+00 
2880.0 2895.0 2910.0 0.00000e+00 0.00000e+00 0.00000e+00 0.00000e+00 0.00000e+00 0.00000e+00 0.00000e+00 0.00000e+00 0.00000e+00 0.00000e+00 0.00000e+00 0.00000e+00 0.00000e+00 0.00000e+00 
2910.0 2925.0 2940.0 0.00000e+00 0.00000e+00 0.00000e+00 0.00000e+00 0.00000e+00 0.00000e+00 0.00000e+00 0.00000e+00 0.00000e+00 0.00000e+00 0.00000e+00 0.00000e+00 0.00000e+00 0.00000e+00 
2940.0 2955.0 2970.0 0.00000e+00 0.00000e+00 0.00000e+00 0.00000e+00 0.00000e+00 0.00000e+00 0.00000e+00 0.00000e+00 0.00000e+00 0.00000e+00 0.00000e+00 0.00000e+00 0.00000e+00 0.00000e+00 
2970.0 2985.0 3000.0 0.00000e+00 0.00000e+00 0.00000e+00 0.00000e+00 0.00000e+00 0.00000e+00 0.00000e+00 0.00000e+00 0.00000e+00 0.00000e+00 0.00000e+00 0.00000e+00 0.00000e+00 0.00000e+00 
