0.0 25.0 50.0 5.40835e-02 1.66038e-03 3.56041e-02 1.08251e-03 8.51306e-02 2.64639e-03 3.82241e-02 1.17302e-03 5.03768e-02 1.53221e-03 7.91705e-02 2.42763e-03 5.81225e-02 1.80581e-03 
50.0 75.0 100.0 8.58174e-01 4.57406e-03 5.65602e-01 3.00945e-03 1.34940e+00 7.21353e-03 6.09752e-01 3.24653e-03 7.96098e-01 4.24059e-03 1.24899e+00 6.66605e-03 9.27266e-01 4.95062e-03 
100.0 125.0 150.0 8.51091e-01 3.96181e-03 5.60729e-01 2.60729e-03 1.33880e+00 6.24700e-03 6.06700e-01 2.81696e-03 7.86695e-01 3.66752e-03 1.23386e+00 5.76165e-03 9.23631e-01 4.29651e-03 
150.0 175.0 200.0 7.81682e-01 3.70336e-03 5.14788e-01 2.43733e-03 1.23024e+00 5.83796e-03 5.57917e-01 2.63528e-03 7.21343e-01 3.42571e-03 1.13154e+00 5.38060e-03 8.50012e-01 4.01901e-03 
200.0 225.0 250.0 7.06493e-01 3.40783e-03 4.64911e-01 2.23705e-03 1.11291e+00 5.38994e-03 5.04997e-01 2.42770e-03 6.50487e-01 3.14061e-03 1.02088e+00 4.94457e-03 7.70308e-01 3.71543e-03 
250.0 275.0 300.0 5.77828e-01 2.98775e-03 3.79731e-01 1.95654e-03 9.11625e-01 4.73771e-03 4.13662e-01 2.12983e-03 5.30493e-01 2.74501e-03 8.33431e-01 4.33179e-03 6.32142e-01 3.26829e-03 
300.0 325.0 350.0 4.62087e-01 2.59987e-03 3.03256e-01 1.69798e-03 7.30164e-01 4.13588e-03 3.31176e-01 1.85388e-03 4.23180e-01 2.38152e-03 6.65604e-01 3.76815e-03 5.06987e-01 2.85404e-03 
350.0 375.0 400.0 3.74477e-01 2.33148e-03 2.45323e-01 1.51923e-03 5.92967e-01 3.71864e-03 2.68625e-01 1.66247e-03 3.42033e-01 2.13087e-03 5.38841e-01 3.37927e-03 4.12159e-01 2.56606e-03 
400.0 425.0 450.0 3.02068e-01 2.07147e-03 1.97630e-01 1.34804e-03 4.79030e-01 3.30913e-03 2.16831e-01 1.47756e-03 2.75352e-01 1.89021e-03 4.34302e-01 3.00123e-03 3.33232e-01 2.28451e-03 
450.0 475.0 500.0 2.47358e-01 1.89610e-03 1.61596e-01 1.23080e-03 3.92949e-01 3.03795e-03 1.77637e-01 1.35161e-03 2.25047e-01 1.72684e-03 3.55458e-01 2.74927e-03 2.73490e-01 2.09556e-03 
500.0 525.0 550.0 2.04578e-01 1.72679e-03 1.33463e-01 1.12059e-03 3.25510e-01 2.76695e-03 1.46974e-01 1.23087e-03 1.85793e-01 1.57232e-03 2.93846e-01 2.50392e-03 2.26659e-01 1.90859e-03 
550.0 575.0 600.0 1.72634e-01 1.64375e-03 1.12398e-01 1.05806e-03 2.75324e-01 2.66238e-03 1.24074e-01 1.17130e-03 1.56406e-01 1.48495e-03 2.47847e-01 2.38443e-03 1.91801e-01 1.83553e-03 
600.0 625.0 650.0 1.42317e-01 1.46453e-03 9.25638e-02 9.45001e-04 2.27247e-01 2.36328e-03 1.02335e-01 1.04392e-03 1.28743e-01 1.32589e-03 2.04206e-01 2.12367e-03 1.58398e-01 1.62998e-03 
650.0 675.0 700.0 1.22045e-01 1.37645e-03 7.92579e-02 8.86484e-04 1.95226e-01 2.22584e-03 8.77847e-02 9.80945e-04 1.10202e-01 1.24403e-03 1.75056e-01 1.99640e-03 1.36127e-01 1.53486e-03 
700.0 725.0 750.0 1.03867e-01 1.26276e-03 6.73852e-02 8.13276e-04 1.66340e-01 2.04164e-03 7.47440e-02 9.00265e-04 9.36511e-02 1.14087e-03 1.48902e-01 1.83069e-03 1.16048e-01 1.40846e-03 
750.0 775.0 800.0 8.80656e-02 1.17692e-03 5.70844e-02 7.56962e-04 1.41174e-01 1.90575e-03 6.33959e-02 8.39118e-04 7.93064e-02 1.06181e-03 1.26195e-01 1.70611e-03 9.85319e-02 1.31483e-03 
800.0 825.0 850.0 7.67409e-02 1.12860e-03 4.96396e-02 7.23119e-04 1.23319e-01 1.83596e-03 5.52476e-02 8.04626e-04 6.89576e-02 1.01436e-03 1.09958e-01 1.63615e-03 8.60764e-02 1.26657e-03 
850.0 875.0 900.0 6.72596e-02 1.06850e-03 4.34319e-02 6.83929e-04 1.08305e-01 1.74002e-03 4.84229e-02 7.61536e-04 6.03320e-02 9.59703e-04 9.63710e-02 1.54964e-03 7.55964e-02 1.19992e-03 
900.0 925.0 950.0 5.63827e-02 1.00079e-03 3.64009e-02 6.41547e-04 9.08054e-02 1.62654e-03 4.06186e-02 7.13301e-04 5.05330e-02 9.00241e-04 8.07243e-02 1.45139e-03 6.34322e-02 1.12178e-03 
950.0 975.0 1000.0 5.11956e-02 9.83758e-04 3.30005e-02 6.29753e-04 8.26054e-02 1.60158e-03 3.68683e-02 7.00943e-04 4.58286e-02 8.83934e-04 7.33302e-02 1.42720e-03 5.76774e-02 1.10411e-03 
1000.0 1025.0 1050.0 4.31329e-02 8.68757e-04 2.77739e-02 5.55426e-04 6.96810e-02 1.41650e-03 3.10818e-02 6.19699e-04 3.85452e-02 7.78702e-04 6.17341e-02 1.25863e-03 4.86897e-02 9.77805e-04 
1050.0 1075.0 1100.0 3.95936e-02 8.79152e-04 2.54554e-02 5.61176e-04 6.40778e-02 1.43595e-03 2.85215e-02 6.26617e-04 3.53398e-02 7.87409e-04 5.66923e-02 1.27493e-03 4.47557e-02 9.90303e-04 
1100.0 1125.0 1150.0 3.37856e-02 8.31586e-04 2.17039e-02 5.29875e-04 5.47275e-02 1.36104e-03 2.43483e-02 5.92572e-04 3.01183e-02 7.43653e-04 4.83514e-02 1.20631e-03 3.82444e-02 9.38344e-04 
1150.0 1175.0 1200.0 3.04422e-02 8.41121e-04 1.95046e-02 5.30837e-04 4.94664e-02 1.39290e-03 2.19374e-02 5.98814e-04 2.70675e-02 7.45632e-04 4.35706e-02 1.22150e-03 3.45637e-02 9.59133e-04 
1200.0 1225.0 1250.0 2.78540e-02 7.97731e-04 1.78579e-02 5.07724e-04 4.52249e-02 1.30739e-03 2.00753e-02 5.68203e-04 2.47793e-02 7.12887e-04 3.98588e-02 1.15781e-03 3.16071e-02 9.00899e-04 
1250.0 1275.0 1300.0 2.34066e-02 7.14330e-04 1.49940e-02 4.53666e-04 3.80373e-02 1.17348e-03 1.68835e-02 5.09197e-04 2.07885e-02 6.36466e-04 3.34627e-02 1.03580e-03 2.66087e-02 8.09348e-04 
1300.0 1325.0 1350.0 2.21893e-02 7.36924e-04 1.41852e-02 4.66441e-04 3.61472e-02 1.21551e-03 1.59976e-02 5.24977e-04 1.96763e-02 6.54766e-04 3.17413e-02 1.06937e-03 2.52707e-02 8.37650e-04 
1350.0 1375.0 1400.0 2.00416e-02 7.15170e-04 1.28011e-02 4.52858e-04 3.26807e-02 1.17907e-03 1.44491e-02 5.09002e-04 1.77568e-02 6.36354e-04 2.86696e-02 1.03899e-03 2.28473e-02 8.11712e-04 
1400.0 1425.0 1450.0 1.78369e-02 6.73912e-04 1.13766e-02 4.26490e-04 2.91333e-02 1.11162e-03 1.28588e-02 4.80069e-04 1.57817e-02 5.98747e-04 2.55176e-02 9.77952e-04 2.03657e-02 7.66107e-04 
1450.0 1475.0 1500.0 1.56679e-02 6.63400e-04 9.98689e-03 4.18994e-04 2.56077e-02 1.09693e-03 1.13036e-02 4.72829e-04 1.38436e-02 5.87918e-04 2.23944e-02 9.62057e-04 1.79173e-02 7.56491e-04 
1500.0 1525.0 1550.0 1.43346e-02 6.56790e-04 9.10722e-03 4.12330e-04 2.35201e-02 1.09385e-03 1.03366e-02 4.67653e-04 1.26301e-02 5.79102e-04 2.05012e-02 9.53632e-04 1.64460e-02 7.53373e-04 
1550.0 1575.0 1600.0 1.19032e-02 5.12350e-04 7.57192e-03 3.22872e-04 1.94994e-02 8.49258e-04 8.59836e-03 3.65964e-04 1.04825e-02 4.52032e-04 1.69876e-02 7.41098e-04 1.36635e-02 5.87143e-04 
1600.0 1625.0 1650.0 1.05329e-02 5.05977e-04 6.69566e-03 3.18087e-04 1.72677e-02 8.40987e-04 7.60655e-03 3.60717e-04 9.27194e-03 4.46202e-04 1.50373e-02 7.33631e-04 1.20957e-02 5.80058e-04 
1650.0 1675.0 1700.0 9.27800e-03 4.86120e-04 5.89511e-03 3.05207e-04 1.52185e-02 8.09248e-04 6.70487e-03 3.47509e-04 8.15761e-03 4.26951e-04 1.32342e-02 7.02431e-04 1.06693e-02 5.60053e-04 
1700.0 1725.0 1750.0 9.26986e-03 5.01587e-04 5.88444e-03 3.15458e-04 1.52217e-02 8.33191e-04 6.69529e-03 3.58353e-04 8.14738e-03 4.41543e-04 1.32316e-02 7.25335e-04 1.06643e-02 5.76165e-04 
1750.0 1775.0 1800.0 7.15692e-03 3.90503e-04 4.54326e-03 2.45924e-04 1.17510e-02 6.47718e-04 5.17834e-03 2.79109e-04 6.27933e-03 3.44089e-04 1.01942e-02 5.64464e-04 8.25010e-03 4.48122e-04 
1800.0 1825.0 1850.0 7.16867e-03 4.69291e-04 4.54425e-03 2.94309e-04 1.17890e-02 7.81966e-04 5.18422e-03 3.35593e-04 6.28385e-03 4.11563e-04 1.02170e-02 6.77852e-04 7.99060e-03 5.20069e-04 
1850.0 1875.0 1900.0 5.83960e-03 3.84839e-04 3.70048e-03 2.41189e-04 9.60636e-03 6.41636e-04 4.23010e-03 2.75918e-04 5.10845e-03 3.36390e-04 8.30623e-03 5.54160e-04 6.75357e-03 4.45566e-04 
1900.0 1925.0 1950.0 5.48365e-03 3.79749e-04 3.46896e-03 2.38021e-04 9.03856e-03 6.33157e-04 3.97077e-03 2.71879e-04 4.79065e-03 3.32470e-04 7.80342e-03 5.47793e-04 6.35158e-03 4.38944e-04 
1950.0 1975.0 2000.0 4.51015e-03 3.58372e-04 2.85320e-03 2.24593e-04 7.43276e-03 5.97577e-04 3.26873e-03 2.56699e-04 3.93686e-03 3.13548e-04 6.41128e-03 5.16616e-04 5.22880e-03 4.14530e-04 
2000.0 2025.0 2050.0 4.01057e-03 3.09632e-04 2.63896e-03 2.22125e-04 6.59266e-03 5.14182e-04 2.91005e-03 2.22423e-04 3.64028e-03 3.10097e-04 5.69318e-03 4.44844e-04 4.64424e-03 3.57888e-04 
2050.0 2075.0 2100.0 3.90246e-03 3.10668e-04 2.46930e-03 1.94955e-04 6.42871e-03 5.17090e-04 2.83558e-03 2.23824e-04 3.39835e-03 2.70589e-04 5.53030e-03 4.44803e-04 4.53637e-03 3.61136e-04 
2100.0 2125.0 2150.0 3.35363e-03 2.81447e-04 2.12259e-03 1.76768e-04 5.52282e-03 4.67992e-04 2.43536e-03 2.02221e-04 2.92299e-03 2.46033e-04 4.75603e-03 4.04294e-04 3.89443e-03 3.25807e-04 
2150.0 2175.0 2200.0 3.30556e-03 3.04222e-04 2.08523e-03 1.89908e-04 5.46543e-03 5.09810e-04 2.39776e-03 2.18084e-04 2.87467e-03 2.64895e-04 4.69426e-03 4.38199e-04 3.84848e-03 3.53894e-04 
2200.0 2225.0 2250.0 2.29286e-03 1.98992e-04 1.45007e-03 1.24866e-04 3.77852e-03 3.31140e-04 1.66946e-03 1.43426e-04 1.99156e-03 1.73248e-04 3.24131e-03 2.84734e-04 2.67287e-03 2.31434e-04 
2250.0 2275.0 2300.0 2.42779e-03 2.60128e-04 1.53291e-03 1.62882e-04 4.00851e-03 4.33958e-04 1.76579e-03 1.87607e-04 2.10757e-03 2.25834e-04 3.43647e-03 3.71937e-04 2.83185e-03 3.03481e-04 
2300.0 2325.0 2350.0 1.41667e-03 1.33536e-04 8.96137e-04 8.38018e-05 2.33349e-03 2.22139e-04 1.03411e-03 9.65934e-05 1.22765e-03 1.15854e-04 1.99668e-03 1.90277e-04 1.65561e-03 1.55898e-04 
2350.0 2375.0 2400.0 1.80324e-03 1.86586e-04 1.13963e-03 1.17377e-04 2.97329e-03 3.09462e-04 1.31454e-03 1.34925e-04 1.56330e-03 1.62320e-04 2.54532e-03 2.65903e-04 2.10640e-03 2.17151e-04 
2400.0 2425.0 2450.0 1.46359e-03 1.50009e-04 9.24809e-04 9.43926e-05 2.50911e-03 2.62684e-04 1.06758e-03 1.08588e-04 1.26786e-03 1.30399e-04 2.06449e-03 2.13512e-04 1.71119e-03 1.74753e-04 
2450.0 2475.0 2500.0 1.09477e-03 1.15651e-04 7.24775e-04 7.86789e-05 1.80332e-03 1.91706e-04 8.01250e-04 8.41329e-05 9.90685e-04 1.08222e-04 1.53800e-03 1.63651e-04 1.28355e-03 1.35455e-04 
2500.0 2525.0 2550.0 1.18897e-03 1.50835e-04 7.46682e-04 9.40361e-05 1.97463e-03 2.52755e-04 8.66201e-04 1.08921e-04 1.02490e-03 1.30222e-04 1.67960e-03 2.15318e-04 1.39779e-03 1.77059e-04 
2550.0 2575.0 2600.0 1.17967e-03 1.39590e-04 7.44888e-04 8.76766e-05 1.94663e-03 2.31886e-04 8.62160e-04 1.01258e-04 1.01919e-03 1.20859e-04 1.66011e-03 1.98187e-04 1.38323e-03 1.63311e-04 
2600.0 2625.0 2650.0 9.47699e-04 1.12320e-04 5.97863e-04 7.00170e-05 1.65111e-03 2.07371e-04 6.93290e-04 8.13220e-05 8.17239e-04 9.66962e-05 1.26355e-03 1.46645e-04 1.11358e-03 1.32304e-04 
2650.0 2675.0 2700.0 6.88903e-04 7.99561e-05 4.34281e-04 5.00724e-05 1.13860e-03 1.33207e-04 5.04733e-04 5.81593e-05 5.92735e-04 6.88408e-05 9.66609e-04 1.13155e-04 8.11462e-04 9.41292e-05 
2700.0 2725.0 2750.0 6.94221e-04 7.83886e-05 4.38588e-04 4.93804e-05 1.14451e-03 1.29722e-04 5.08756e-04 5.70841e-05 5.98478e-04 6.78111e-05 9.73761e-04 1.10779e-04 8.15956e-04 9.17945e-05 
2750.0 2775.0 2800.0 7.45633e-04 8.43897e-05 4.68557e-04 5.26951e-05 1.23707e-03 1.41122e-04 5.45286e-04 6.12314e-05 6.40693e-04 7.26214e-05 1.04852e-03 1.19783e-04 8.79670e-04 9.94158e-05 
2800.0 2825.0 2850.0 5.19270e-04 5.58864e-05 3.42829e-04 3.88757e-05 9.45885e-04 1.08654e-04 3.99244e-04 4.51475e-05 4.45697e-04 4.80503e-05 7.28128e-04 7.89842e-05 6.73906e-04 7.67745e-05 
2850.0 2875.0 2900.0 5.53074e-04 6.11149e-05 3.49097e-04 3.86083e-05 9.12639e-04 1.00788e-04 4.06136e-04 4.47342e-05 4.75388e-04 5.27441e-05 7.73905e-04 8.58430e-05 6.52196e-04 7.17506e-05 
2900.0 2925.0 2950.0 6.14316e-04 7.66260e-05 3.84768e-04 4.73678e-05 9.68034e-04 1.13595e-04 4.49843e-04 5.57125e-05 5.25430e-04 6.51427e-05 8.62470e-04 1.08484e-04 6.90090e-04 8.03562e-05 
2950.0 2975.0 3000.0 3.97889e-04 4.60413e-05 2.50273e-04 2.88087e-05 6.59255e-04 7.67922e-05 2.91634e-04 3.34960e-05 3.41452e-04 3.95974e-05 5.58040e-04 6.51461e-05 4.70043e-04 5.42698e-05 
3000.0 3025.0 3050.0 3.49701e-04 4.28328e-05 2.19272e-04 2.66609e-05 5.81414e-04 7.18465e-05 2.56309e-04 3.11762e-05 2.99164e-04 3.66308e-05 4.90451e-04 6.05695e-05 4.14549e-04 5.08102e-05 
3050.0 3075.0 3100.0 4.27149e-04 5.44575e-05 2.68708e-04 3.39622e-05 6.69152e-04 8.11357e-05 3.13507e-04 3.96199e-05 3.66107e-04 4.66796e-05 5.98086e-04 7.70502e-05 5.05269e-04 6.44330e-05 
3100.0 3125.0 3150.0 2.83459e-04 3.69160e-05 1.77951e-04 2.30317e-05 4.70483e-04 6.17190e-05 2.08201e-04 2.69900e-05 2.42268e-04 3.15026e-05 3.96526e-04 5.19236e-05 3.36311e-04 4.38809e-05 
3150.0 3175.0 3200.0 1.82536e-04 2.28291e-05 1.14791e-04 1.42733e-05 3.02255e-04 3.80722e-05 1.67744e-04 2.21304e-05 1.74748e-04 2.12193e-05 2.85126e-04 3.48326e-05 2.17096e-04 2.71434e-05 
3200.0 3225.0 3250.0 2.83326e-04 4.05431e-05 1.78188e-04 2.53923e-05 4.43723e-04 6.14540e-05 2.08301e-04 2.96020e-05 2.42369e-04 3.47767e-05 3.74372e-04 5.20297e-05 3.35833e-04 4.79207e-05 
3250.0 3275.0 3300.0 2.34246e-04 2.95548e-05 1.47106e-04 1.84705e-05 3.88596e-04 4.93279e-05 1.72282e-04 2.16001e-05 2.00013e-04 2.52728e-05 3.27182e-04 4.15913e-05 2.78209e-04 3.50525e-05 
3300.0 3325.0 3350.0 1.71857e-04 2.25543e-05 1.07609e-04 1.40128e-05 2.86043e-04 3.78993e-05 1.26474e-04 1.64672e-05 1.46223e-04 1.91934e-05 2.39876e-04 3.17798e-05 2.04932e-04 2.68985e-05 
3350.0 3375.0 3400.0 1.42775e-04 2.36690e-05 8.99612e-05 1.48203e-05 2.35915e-04 3.94087e-05 1.05313e-04 1.73279e-05 1.21963e-04 2.02441e-05 1.98738e-04 3.32382e-05 1.69482e-04 2.80636e-05 
3400.0 3425.0 3450.0 1.26148e-04 1.62446e-05 7.90284e-05 1.01149e-05 2.09815e-04 2.72237e-05 9.29856e-05 1.18869e-05 1.07210e-04 1.38227e-05 1.75726e-04 2.28245e-05 1.50613e-04 1.93751e-05 
3450.0 3475.0 3500.0 1.55741e-04 2.52466e-05 9.70990e-05 1.56036e-05 2.80135e-04 4.76931e-05 1.14434e-04 1.84429e-05 1.32144e-04 2.13598e-05 2.17777e-04 3.55445e-05 1.86297e-04 3.03050e-05 
3500.0 3525.0 3550.0 1.21337e-04 1.80699e-05 7.59070e-05 1.12513e-05 2.02158e-04 3.02874e-05 8.93823e-05 1.32198e-05 1.03043e-04 1.53793e-05 1.69167e-04 2.53995e-05 1.44996e-04 2.15470e-05 
3550.0 3575.0 3600.0 7.27673e-05 1.08772e-05 4.55398e-05 6.75652e-06 1.21163e-04 1.82776e-05 5.36520e-05 7.95817e-06 6.17629e-05 9.23436e-06 1.01343e-04 1.52869e-05 8.69940e-05 1.30043e-05 
3600.0 3625.0 3650.0 9.87127e-05 1.59381e-05 6.17078e-05 9.90605e-06 1.64562e-04 2.67615e-05 7.27709e-05 1.16878e-05 8.37020e-05 1.35070e-05 1.37488e-04 2.23383e-05 1.18144e-04 1.90911e-05 
3650.0 3675.0 3700.0 7.84662e-05 1.29970e-05 4.88263e-05 8.02883e-06 1.31517e-04 2.19834e-05 5.77779e-05 9.51139e-06 6.63059e-05 1.09704e-05 1.09442e-04 1.82591e-05 9.42862e-05 1.56465e-05 
3700.0 3725.0 3750.0 5.77378e-05 1.01946e-05 3.60496e-05 6.30129e-06 9.63698e-05 1.72217e-05 4.26284e-05 7.47442e-06 4.88249e-05 8.59369e-06 8.02778e-05 1.42908e-05 6.93068e-05 1.22838e-05 
3750.0 3775.0 3800.0 8.76156e-05 1.34997e-05 5.48594e-05 8.44540e-06 1.45708e-04 2.24788e-05 6.49030e-05 9.97216e-06 7.40547e-05 1.14325e-05 1.21331e-04 1.87560e-05 1.05213e-04 1.61784e-05 
3800.0 3825.0 3850.0 4.09214e-05 7.97534e-06 2.55396e-05 4.95022e-06 6.83451e-05 1.34146e-05 3.02364e-05 5.84631e-06 3.45634e-05 6.75230e-06 5.68480e-05 1.11830e-05 4.91941e-05 9.56556e-06 
3850.0 3875.0 3900.0 4.13777e-05 7.99078e-06 2.59833e-05 4.99245e-06 6.85685e-05 1.33254e-05 3.07193e-05 5.90223e-06 3.49973e-05 6.75858e-06 5.71520e-05 1.11037e-05 4.96406e-05 9.58861e-06 
3900.0 3925.0 3950.0 4.18800e-05 7.75584e-06 2.61740e-05 4.83502e-06 6.97945e-05 1.29672e-05 3.10394e-05 5.72246e-06 3.53141e-05 6.55289e-06 5.79599e-05 1.07899e-05 5.04286e-05 9.32053e-06 
3950.0 3975.0 4000.0 3.80386e-05 7.27307e-06 2.36750e-05 4.50964e-06 6.37007e-05 1.22358e-05 2.81621e-05 5.35605e-06 3.19757e-05 6.12364e-06 5.27157e-05 1.01429e-05 4.59605e-05 8.77350e-06 
