0.0 15.0 30.0 7.31180e+00 1.96267e-02 4.86096e+00 1.29297e-02 1.13981e+01 3.10424e-02 4.96795e+00 1.32886e-02 7.15466e+00 1.90978e-02 1.12422e+01 3.03078e-02 7.41368e+00 2.01043e-02 
30.0 45.0 60.0 1.38594e+01 3.84952e-02 9.18928e+00 2.53877e-02 2.16729e+01 6.08022e-02 9.45479e+00 2.61382e-02 1.34709e+01 3.73930e-02 2.12028e+01 5.92361e-02 1.41677e+01 3.95176e-02 
60.0 75.0 90.0 1.85895e+01 5.20389e-02 1.23013e+01 3.41849e-02 2.91332e+01 8.25166e-02 1.27268e+01 3.54833e-02 1.79691e+01 5.01379e-02 2.83143e+01 7.96596e-02 1.91287e+01 5.39106e-02 
90.0 105.0 120.0 1.31556e+01 3.72301e-02 8.69071e+00 2.43809e-02 2.06557e+01 5.92242e-02 9.08096e+00 2.56268e-02 1.25907e+01 3.54211e-02 1.98342e+01 5.63252e-02 1.37011e+01 3.91479e-02 
120.0 135.0 150.0 7.94270e+00 2.43372e-02 5.24190e+00 1.59497e-02 1.24831e+01 3.86487e-02 5.52724e+00 1.69022e-02 7.53284e+00 2.29663e-02 1.18560e+01 3.64175e-02 8.36309e+00 2.58292e-02 
150.0 165.0 180.0 4.75018e+00 1.63938e-02 3.13260e+00 1.07432e-02 7.47028e+00 2.60151e-02 3.32895e+00 1.14711e-02 4.47008e+00 1.53539e-02 7.02954e+00 2.43061e-02 5.04813e+00 1.75469e-02 
180.0 195.0 210.0 2.91787e+00 1.13764e-02 1.92324e+00 7.46163e-03 4.59052e+00 1.80230e-02 2.05738e+00 8.01162e-03 2.72766e+00 1.05955e-02 4.28608e+00 1.67358e-02 3.12518e+00 1.22515e-02 
210.0 225.0 240.0 1.83435e+00 8.27690e-03 1.20836e+00 5.41292e-03 2.88713e+00 1.31538e-02 1.30025e+00 5.86103e-03 1.70473e+00 7.64409e-03 2.67720e+00 1.20948e-02 1.97821e+00 9.00164e-03 
240.0 255.0 270.0 1.19109e+00 6.04436e-03 7.84146e-01 3.96109e-03 1.87557e+00 9.57898e-03 8.48182e-01 4.30098e-03 1.10117e+00 5.56674e-03 1.72864e+00 8.78024e-03 1.29234e+00 6.59430e-03 
270.0 285.0 300.0 7.81600e-01 4.50855e-03 5.14263e-01 2.95541e-03 1.23139e+00 7.14002e-03 5.58898e-01 3.22178e-03 7.19182e-01 4.13579e-03 1.12869e+00 6.51589e-03 8.52722e-01 4.94040e-03 
300.0 315.0 330.0 5.22100e-01 3.40814e-03 3.43213e-01 2.23374e-03 8.23321e-01 5.39730e-03 3.74722e-01 2.44489e-03 4.78200e-01 3.11381e-03 7.50644e-01 4.90292e-03 5.72653e-01 3.75182e-03 
330.0 345.0 360.0 3.66390e-01 2.73120e-03 2.40862e-01 1.79115e-03 5.77762e-01 4.32162e-03 2.63837e-01 1.96583e-03 3.34485e-01 2.48851e-03 5.24675e-01 3.91329e-03 4.03463e-01 3.01618e-03 
360.0 375.0 390.0 2.53547e-01 2.17021e-03 1.66511e-01 1.41871e-03 4.00107e-01 3.44593e-03 1.83122e-01 1.56681e-03 2.30549e-01 1.96507e-03 3.61773e-01 3.09799e-03 2.80414e-01 2.41394e-03 
390.0 405.0 420.0 1.81857e-01 1.72873e-03 1.19388e-01 1.13192e-03 2.87043e-01 2.73848e-03 1.31707e-01 1.25161e-03 1.64848e-01 1.56341e-03 2.58619e-01 2.45934e-03 2.01844e-01 1.92494e-03 
420.0 435.0 450.0 1.28110e-01 1.40832e-03 8.40603e-02 9.21146e-04 2.02302e-01 2.23346e-03 9.30205e-02 1.02230e-03 1.15770e-01 1.26897e-03 1.81630e-01 1.99731e-03 1.42691e-01 1.57484e-03 
450.0 465.0 480.0 9.31611e-02 1.15774e-03 6.10944e-02 7.55233e-04 1.47201e-01 1.84274e-03 6.78054e-02 8.42439e-04 8.39406e-02 1.03790e-03 1.31715e-01 1.63732e-03 1.04114e-01 1.30299e-03 
480.0 495.0 510.0 6.81674e-02 9.67314e-04 4.46670e-02 6.29999e-04 1.07805e-01 1.54226e-03 4.97237e-02 7.05424e-04 6.12352e-02 8.63886e-04 9.61299e-02 1.36450e-03 7.64462e-02 1.09333e-03 
510.0 525.0 540.0 5.05204e-02 7.78140e-04 3.31016e-02 5.09118e-04 7.98886e-02 1.23308e-03 3.69267e-02 5.68663e-04 4.52872e-02 6.96661e-04 7.10708e-02 1.09490e-03 5.67886e-02 8.76349e-04 
540.0 555.0 570.0 3.75390e-02 6.75085e-04 2.45827e-02 4.40850e-04 5.93870e-02 1.07211e-03 2.74891e-02 4.94288e-04 3.35701e-02 6.02103e-04 5.26908e-02 9.47717e-04 4.23097e-02 7.63694e-04 
570.0 585.0 600.0 2.99037e-02 6.01384e-04 1.95845e-02 3.92942e-04 4.72935e-02 9.53983e-04 2.19368e-02 4.41082e-04 2.66970e-02 5.35750e-04 4.18829e-02 8.42486e-04 3.37669e-02 6.80974e-04 
600.0 615.0 630.0 2.21604e-02 4.88639e-04 1.44940e-02 3.19153e-04 3.50955e-02 7.75447e-04 1.62835e-02 3.59014e-04 1.97251e-02 4.34387e-04 3.09753e-02 6.83096e-04 2.51082e-02 5.54701e-04 
630.0 645.0 660.0 1.61230e-02 3.95161e-04 1.05491e-02 2.58671e-04 2.55193e-02 6.25345e-04 1.18663e-02 2.90807e-04 1.43334e-02 3.51494e-04 2.24928e-02 5.51338e-04 1.82925e-02 4.48205e-04 
660.0 675.0 690.0 1.27128e-02 3.60182e-04 8.30666e-03 2.34958e-04 2.01514e-02 5.72307e-04 9.37052e-03 2.65465e-04 1.12695e-02 3.18789e-04 1.77040e-02 5.01645e-04 1.44702e-02 4.10916e-04 
690.0 705.0 720.0 1.00291e-02 3.21543e-04 6.55268e-03 2.09554e-04 1.58975e-02 5.11318e-04 7.40342e-03 2.37349e-04 8.87663e-03 2.83889e-04 1.39428e-02 4.47050e-04 1.14350e-02 3.67769e-04 
720.0 735.0 750.0 7.62888e-03 2.60270e-04 4.98774e-03 1.70296e-04 1.20837e-02 4.12018e-04 5.63935e-03 1.92387e-04 6.74739e-03 2.30386e-04 1.05894e-02 3.61290e-04 8.70544e-03 2.96815e-04 
750.0 765.0 780.0 5.66936e-03 2.18506e-04 3.69703e-03 1.42094e-04 9.00583e-03 3.48423e-04 4.19657e-03 1.61747e-04 4.99450e-03 1.91958e-04 7.85710e-03 3.02817e-04 6.49825e-03 2.51416e-04 
780.0 795.0 810.0 5.10921e-03 2.18694e-04 3.33205e-03 1.42261e-04 8.11461e-03 3.48495e-04 3.78653e-03 1.62058e-04 4.49598e-03 1.91977e-04 7.07079e-03 3.02700e-04 5.86346e-03 2.51779e-04 
810.0 825.0 840.0 3.89052e-03 1.86386e-04 2.53744e-03 1.21503e-04 6.17759e-03 2.96180e-04 2.88687e-03 1.38300e-04 3.41960e-03 1.63749e-04 5.37642e-03 2.57580e-04 4.47026e-03 2.14316e-04 
840.0 855.0 870.0 3.03566e-03 1.58923e-04 1.97496e-03 1.03258e-04 4.83326e-03 2.53481e-04 2.25502e-03 1.18047e-04 2.65865e-03 1.39014e-04 4.18955e-03 2.19350e-04 3.50209e-03 1.83652e-04 
870.0 885.0 900.0 2.41911e-03 1.41250e-04 1.57435e-03 9.16077e-05 3.84986e-03 2.25808e-04 1.79891e-03 1.05033e-04 2.11713e-03 1.23195e-04 3.33438e-03 1.94702e-04 2.79309e-03 1.63816e-04 
900.0 915.0 930.0 1.86856e-03 1.19494e-04 1.21586e-03 7.77689e-05 2.97353e-03 1.90170e-04 1.39090e-03 8.89453e-05 1.63341e-03 1.04479e-04 2.57236e-03 1.64510e-04 2.15996e-03 1.38133e-04 
930.0 945.0 960.0 1.37014e-03 9.95403e-05 8.91788e-04 6.48175e-05 2.17946e-03 1.58285e-04 1.02097e-03 7.41733e-05 1.19678e-03 8.69849e-05 1.88380e-03 1.36856e-04 1.58518e-03 1.15126e-04 
960.0 975.0 990.0 1.09736e-03 9.04201e-05 7.14719e-04 5.88737e-05 1.74399e-03 1.43763e-04 8.18518e-04 6.74398e-05 9.58199e-04 7.89350e-05 1.50693e-03 1.24178e-04 1.26999e-03 1.04681e-04 
990.0 1005.0 1020.0 9.35998e-04 8.50520e-05 6.07831e-04 5.52433e-05 1.49245e-03 1.35658e-04 6.98796e-04 6.34992e-05 8.14156e-04 7.39938e-05 1.28396e-03 1.16668e-04 1.08799e-03 9.88957e-05 
1020.0 1035.0 1050.0 8.22445e-04 8.59810e-05 5.34693e-04 5.54808e-05 1.23499e-03 1.26461e-04 6.14576e-04 6.42566e-05 7.15544e-04 7.42384e-05 1.12700e-03 1.17805e-04 9.01265e-04 9.23032e-05 
1050.0 1065.0 1080.0 5.49615e-04 6.39305e-05 3.56384e-04 4.14932e-05 8.77619e-04 1.01992e-04 4.11078e-04 4.78166e-05 4.76489e-04 5.54762e-05 7.52344e-04 8.75104e-05 6.41134e-04 7.45102e-05 
1080.0 1095.0 1110.0 3.87438e-04 4.65084e-05 2.51397e-04 3.02570e-05 6.18228e-04 7.40028e-05 2.89997e-04 3.48085e-05 3.35869e-04 4.04270e-05 5.29895e-04 6.36153e-05 4.52023e-04 5.41026e-05 
1110.0 1125.0 1140.0 4.02444e-04 5.15907e-05 2.60689e-04 3.34677e-05 6.43439e-04 8.23849e-05 3.01495e-04 3.86475e-05 3.47975e-04 4.46762e-05 5.49874e-04 7.04947e-05 4.70923e-04 6.02924e-05 
1140.0 1155.0 1170.0 3.39573e-04 5.18303e-05 2.20560e-04 3.37766e-05 5.41236e-04 8.23173e-05 2.54622e-04 3.88625e-05 2.94146e-04 4.50474e-05 4.63505e-04 7.07495e-05 3.96520e-04 6.03047e-05 
1170.0 1185.0 1200.0 3.10228e-04 4.84177e-05 2.00602e-04 3.13784e-05 4.96840e-04 7.73600e-05 2.32781e-04 3.63285e-05 2.67343e-04 4.18203e-05 4.23117e-04 6.60405e-05 3.64281e-04 5.67166e-05 
1200.0 1215.0 1230.0 1.73947e-04 3.02096e-05 1.12274e-04 1.95787e-05 2.79187e-04 4.82779e-05 1.30638e-04 2.26877e-05 1.49495e-04 2.60699e-05 2.37004e-04 4.11615e-05 2.04908e-04 3.54327e-05 
1230.0 1245.0 1260.0 1.50235e-04 2.98066e-05 9.70359e-05 1.93473e-05 2.58940e-04 5.13285e-05 1.12903e-04 2.24015e-05 1.29121e-04 2.57428e-05 2.04543e-04 4.05782e-05 1.90188e-04 3.77025e-05 
1260.0 1275.0 1290.0 1.58661e-04 3.01157e-05 1.02588e-04 1.95288e-05 2.54090e-04 4.80773e-05 1.19334e-04 2.26521e-05 1.36396e-04 2.59632e-05 2.15809e-04 4.09604e-05 1.86805e-04 3.53483e-05 
1290.0 1305.0 1320.0 5.45171e-08 4.43116e-08 3.12560e-08 2.54708e-08 9.99467e-08 8.09888e-08 4.10218e-08 3.33432e-08 4.15385e-08 3.38495e-08 7.41160e-08 6.02402e-08 7.35173e-08 5.95739e-08 
1320.0 1335.0 1350.0 0.00000e+00 0.00000e+00 0.00000e+00 0.00000e+00 0.00000e+00 0.00000e+00 0.00000e+00 0.00000e+00 0.00000e+00 0.00000e+00 0.00000e+00 0.00000e+00 0.00000e+00 0.00000e+00 
1350.0 1365.0 1380.0 0.00000e+00 0.00000e+00 0.00000e+00 0.00000e+00 0.00000e+00 0.00000e+00 0.00000e+00 0.00000e+00 0.00000e+00 0.00000e+00 0.00000e+00 0.00000e+00 0.00000e+00 0.00000e+00 
1380.0 1395.0 1410.0 0.00000e+00 0.00000e+00 0.00000e+00 0.00000e+00 0.00000e+00 0.00000e+00 0.00000e+00 0.00000e+00 0.00000e+00 0.00000e+00 0.00000e+00 0.00000e+00 0.00000e+00 0.00000e+00 
1410.0 1425.0 1440.0 0.00000e+00 0.00000e+00 0.00000e+00 0.00000e+00 0.00000e+00 0.00000e+00 0.00000e+00 0.00000e+00 0.00000e+00 0.00000e+00 0.00000e+00 0.00000e+00 0.00000e+00 0.00000e+00 
1440.0 1455.0 1470.0 0.00000e+00 0.00000e+00 0.00000e+00 0.00000e+00 0.00000e+00 0.00000e+00 0.00000e+00 0.00000e+00 0.00000e+00 0.00000e+00 0.00000e+00 0.00000e+00 0.00000e+00 0.00000e+00 
1470.0 1485.0 1500.0 0.00000e+00 0.00000e+00 0.00000e+00 0.00000e+00 0.00000e+00 0.00000e+00 0.00000e+00 0.00000e+00 0.00000e+00 0.00000e+00 0.00000e+00 0.00000e+00 0.00000e+00 0.00000e+00 
1500.0 1515.0 1530.0 0.00000e+00 0.00000e+00 0.00000e+00 0.00000e+00 0.00000e+00 0.00000e+00 0.00000e+00 0.00000e+00 0.00000e+00 0.00000e+00 0.00000e+00 0.00000e+00 0.00000e+00 0.00000e+00 
1530.0 1545.0 1560.0 0.00000e+00 0.00000e+00 0.00000e+00 0.00000e+00 0.00000e+00 0.00000e+00 0.00000e+00 0.00000e+00 0.00000e+00 0.00000e+00 0.00000e+00 0.00000e+00 0.00000e+00 0.00000e+00 
1560.0 1575.0 1590.0 0.00000e+00 0.00000e+00 0.00000e+00 0.00000e+00 0.00000e+00 0.00000e+00 0.00000e+00 0.00000e+00 0.00000e+00 0.00000e+00 0.00000e+00 0.00000e+00 0.00000e+00 0.00000e+00 
1590.0 1605.0 1620.0 0.00000e+00 0.00000e+00 0.00000e+00 0.00000e+00 0.00000e+00 0.00000e+00 0.00000e+00 0.00000e+00 0.00000e+00 0.00000e+00 0.00000e+00 0.00000e+00 0.00000e+00 0.00000e+00 
1620.0 1635.0 1650.0 0.00000e+00 0.00000e+00 0.00000e+00 0.00000e+00 0.00000e+00 0.00000e+00 0.00000e+00 0.00000e+00 0.00000e+00 0.00000e+00 0.00000e+00 0.00000e+00 0.00000e+00 0.00000e+00 
1650.0 1665.0 1680.0 0.00000e+00 0.00000e+00 0.00000e+00 0.00000e+00 0.00000e+00 0.00000e+00 0.00000e+00 0.00000e+00 0.00000e+00 0.00000e+00 0.00000e+00 0.00000e+00 0.00000e+00 0.00000e+00 
1680.0 1695.0 1710.0 0.00000e+00 0.00000e+00 0.00000e+00 0.00000e+00 0.00000e+00 0.00000e+00 0.00000e+00 0.00000e+00 0.00000e+00 0.00000e+00 0.00000e+00 0.00000e+00 0.00000e+00 0.00000e+00 
1710.0 1725.0 1740.0 0.00000e+00 0.00000e+00 0.00000e+00 0.00000e+00 0.00000e+00 0.00000e+00 0.00000e+00 0.00000e+00 0.00000e+00 0.00000e+00 0.00000e+00 0.00000e+00 0.00000e+00 0.00000e+00 
1740.0 1755.0 1770.0 0.00000e+00 0.00000e+00 0.00000e+00 0.00000e+00 0.00000e+00 0.00000e+00 0.00000e+00 0.00000e+00 0.00000e+00 0.00000e+00 0.00000e+00 0.00000e+00 0.00000e+00 0.00000e+00 
1770.0 1785.0 1800.0 0.00000e+00 0.00000e+00 0.00000e+00 0.00000e+00 0.00000e+00 0.00000e+00 0.00000e+00 0.00000e+00 0.00000e+00 0.00000e+00 0.00000e+00 0.00000e+00 0.00000e+00 0.00000e+00 
1800.0 1815.0 1830.0 0.00000e+00 0.00000e+00 0.00000e+00 0.00000e+00 0.00000e+00 0.00000e+00 0.00000e+00 0.00000e+00 0.00000e+00 0.00000e+00 0.00000e+00 0.00000e+00 0.00000e+00 0.00000e+00 
1830.0 1845.0 1860.0 0.00000e+00 0.00000e+00 0.00000e+00 0.00000e+00 0.00000e+00 0.00000e+00 0.00000e+00 0.00000e+00 0.00000e+00 0.00000e+00 0.00000e+00 0.00000e+00 0.00000e+00 0.00000e+00 
1860.0 1875.0 1890.0 0.00000e+00 0.00000e+00 0.00000e+00 0.00000e+00 0.00000e+00 0.00000e+00 0.00000e+00 0.00000e+00 0.00000e+00 0.00000e+00 0.00000e+00 0.00000e+00 0.00000e+00 0.00000e+00 
1890.0 1905.0 1920.0 0.00000e+00 0.00000e+00 0.00000e+00 0.00000e+00 0.00000e+00 0.00000e+00 0.00000e+00 0.00000e+00 0.00000e+00 0.00000e+00 0.00000e+00 0.00000e+00 0.00000e+00 0.00000e+00 
1920.0 1935.0 1950.0 0.00000e+00 0.00000e+00 0.00000e+00 0.00000e+00 0.00000e+00 0.00000e+00 0.00000e+00 0.00000e+00 0.00000e+00 0.00000e+00 0.00000e+00 0.00000e+00 0.00000e+00 0.00000e+00 
1950.0 1965.0 1980.0 0.00000e+00 0.00000e+00 0.00000e+00 0.00000e+00 0.00000e+00 0.00000e+00 0.00000e+00 0.00000e+00 0.00000e+00 0.00000e+00 0.00000e+00 0.00000e+00 0.00000e+00 0.00000e+00 
1980.0 1995.0 2010.0 0.00000e+00 0.00000e+00 0.00000e+00 0.00000e+00 0.00000e+00 0.00000e+00 0.00000e+00 0.00000e+00 0.00000e+00 0.00000e+00 0.00000e+00 0.00000e+00 0.00000e+00 0.00000e+00 
2010.0 2025.0 2040.0 0.00000e+00 0.00000e+00 0.00000e+00 0.00000e+00 0.00000e+00 0.00000e+00 0.00000e+00 0.00000e+00 0.00000e+00 0.00000e+00 0.00000e+00 0.00000e+00 0.00000e+00 0.00000e+00 
2040.0 2055.0 2070.0 0.00000e+00 0.00000e+00 0.00000e+00 0.00000e+00 0.00000e+00 0.00000e+00 0.00000e+00 0.00000e+00 0.00000e+00 0.00000e+00 0.00000e+00 0.00000e+00 0.00000e+00 0.00000e+00 
2070.0 2085.0 2100.0 0.00000e+00 0.00000e+00 0.00000e+00 0.00000e+00 0.00000e+00 0.00000e+00 0.00000e+00 0.00000e+00 0.00000e+00 0.00000e+00 0.00000e+00 0.00000e+00 0.00000e+00 0.00000e+00 
2100.0 2115.0 2130.0 0.00000e+00 0.00000e+00 0.00000e+00 0.00000e+00 0.00000e+00 0.00000e+00 0.00000e+00 0.00000e+00 0.00000e+00 0.00000e+00 0.00000e+00 0.00000e+00 0.00000e+00 0.00000e+00 
2130.0 2145.0 2160.0 0.00000e+00 0.00000e+00 0.00000e+00 0.00000e+00 0.00000e+00 0.00000e+00 0.00000e+00 0.00000e+00 0.00000e+00 0.00000e+00 0.00000e+00 0.00000e+00 0.00000e+00 0.00000e+00 
2160.0 2175.0 2190.0 0.00000e+00 0.00000e+00 0.00000e+00 0.00000e+00 0.00000e+00 0.00000e+00 0.00000e+00 0.00000e+00 0.00000e+00 0.00000e+00 0.00000e+00 0.00000e+00 0.00000e+00 0.00000e+00 
2190.0 2205.0 2220.0 0.00000e+00 0.00000e+00 0.00000e+00 0.00000e+00 0.00000e+00 0.00000e+00 0.00000e+00 0.00000e+00 0.00000e+00 0.00000e+00 0.00000e+00 0.00000e+00 0.00000e+00 0.00000e+00 
2220.0 2235.0 2250.0 0.00000e+00 0.00000e+00 0.00000e+00 0.00000e+00 0.00000e+00 0.00000e+00 0.00000e+00 0.00000e+00 0.00000e+00 0.00000e+00 0.00000e+00 0.00000e+00 0.00000e+00 0.00000e+00 
2250.0 2265.0 2280.0 0.00000e+00 0.00000e+00 0.00000e+00 0.00000e+00 0.00000e+00 0.00000e+00 0.00000e+00 0.00000e+00 0.00000e+00 0.00000e+00 0.00000e+00 0.00000e+00 0.00000e+00 0.00000e+00 
2280.0 2295.0 2310.0 0.00000e+00 0.00000e+00 0.00000e+00 0.00000e+00 0.00000e+00 0.00000e+00 0.00000e+00 0.00000e+00 0.00000e+00 0.00000e+00 0.00000e+00 0.00000e+00 0.00000e+00 0.00000e+00 
2310.0 2325.0 2340.0 0.00000e+00 0.00000e+00 0.00000e+00 0.00000e+00 0.00000e+00 0.00000e+00 0.00000e+00 0.00000e+00 0.00000e+00 0.00000e+00 0.00000e+00 0.00000e+00 0.00000e+00 0.00000e+00 
2340.0 2355.0 2370.0 0.00000e+00 0.00000e+00 0.00000e+00 0.00000e+00 0.00000e+00 0.00000e+00 0.00000e+00 0.00000e+00 0.00000e+00 0.00000e+00 0.00000e+00 0.00000e+00 0.00000e+00 0.00000e+00 
2370.0 2385.0 2400.0 0.00000e+00 0.00000e+00 0.00000e+00 0.00000e+00 0.00000e+00 0.00000e+00 0.00000e+00 0.00000e+00 0.00000e+00 0.00000e+00 0.00000e+00 0.00000e+00 0.00000e+00 0.00000e+00 
2400.0 2415.0 2430.0 0.00000e+00 0.00000e+00 0.00000e+00 0.00000e+00 0.00000e+00 0.00000e+00 0.00000e+00 0.00000e+00 0.00000e+00 0.00000e+00 0.00000e+00 0.00000e+00 0.00000e+00 0.00000e+00 
2430.0 2445.0 2460.0 0.00000e+00 0.00000e+00 0.00000e+00 0.00000e+00 0.00000e+00 0.00000e+00 0.00000e+00 0.00000e+00 0.00000e+00 0.00000e+00 0.00000e+00 0.00000e+00 0.00000e+00 0.00000e+00 
2460.0 2475.0 2490.0 0.00000e+00 0.00000e+00 0.00000e+00 0.00000e+00 0.00000e+00 0.00000e+00 0.00000e+00 0.00000e+00 0.00000e+00 0.00000e+00 0.00000e+00 0.00000e+00 0.00000e+00 0.00000e+00 
2490.0 2505.0 2520.0 0.00000e+00 0.00000e+00 0.00000e+00 0.00000e+00 0.00000e+00 0.00000e+00 0.00000e+00 0.00000e+00 0.00000e+00 0.00000e+00 0.00000e+00 0.00000e+00 0.00000e+00 0.00000e+00 
2520.0 2535.0 2550.0 0.00000e+00 0.00000e+00 0.00000e+00 0.00000e+00 0.00000e+00 0.00000e+00 0.00000e+00 0.00000e+00 0.00000e+00 0.00000e+00 0.00000e+00 0.00000e+00 0.00000e+00 0.00000e+00 
2550.0 2565.0 2580.0 0.00000e+00 0.00000e+00 0.00000e+00 0.00000e+00 0.00000e+00 0.00000e+00 0.00000e+00 0.00000e+00 0.00000e+00 0.00000e+00 0.00000e+00 0.00000e+00 0.00000e+00 0.00000e+00 
2580.0 2595.0 2610.0 0.00000e+00 0.00000e+00 0.00000e+00 0.00000e+00 0.00000e+00 0.00000e+00 0.00000e+00 0.00000e+00 0.00000e+00 0.00000e+00 0.00000e+00 0.00000e+00 0.00000e+00 0.00000e+00 
2610.0 2625.0 2640.0 0.00000e+00 0.00000e+00 0.00000e+00 0.00000e+00 0.00000e+00 0.00000e+00 0.00000e+00 0.00000e+00 0.00000e+00 0.00000e+00 0.00000e+00 0.00000e+00 0.00000e+00 0.00000e+00 
2640.0 2655.0 2670.0 0.00000e+00 0.00000e+00 0.00000e+00 0.00000e+00 0.00000e+00 0.00000e+00 0.00000e+00 0.00000e+00 0.00000e+00 0.00000e+00 0.00000e+00 0.00000e+00 0.00000e+00 0.00000e+00 
2670.0 2685.0 2700.0 0.00000e+00 0.00000e+00 0.00000e+00 0.00000e+00 0.00000e+00 0.00000e+00 0.00000e+00 0.00000e+00 0.00000e+00 0.00000e+00 0.00000e+00 0.00000e+00 0.00000e+00 0.00000e+00 
2700.0 2715.0 2730.0 0.00000e+00 0.00000e+00 0.00000e+00 0.00000e+00 0.00000e+00 0.00000e+00 0.00000e+00 0.00000e+00 0.00000e+00 0.00000e+00 0.00000e+00 0.00000e+00 0.00000e+00 0.00000e+00 
2730.0 2745.0 2760.0 0.00000e+00 0.00000e+00 0.00000e+00 0.00000e+00 0.00000e+00 0.00000e+00 0.00000e+00 0.00000e+00 0.00000e+00 0.00000e+00 0.00000e+00 0.00000e+00 0.00000e+00 0.00000e+00 
2760.0 2775.0 2790.0 0.00000e+00 0.00000e+00 0.00000e+00 0.00000e+00 0.00000e+00 0.00000e+00 0.00000e+00 0.00000e+00 0.00000e+00 0.00000e+00 0.00000e+00 0.00000e+00 0.00000e+00 0.00000e+00 
2790.0 2805.0 2820.0 0.00000e+00 0.00000e+00 0.00000e+00 0.00000e+00 0.00000e+00 0.00000e+00 0.00000e+00 0.00000e+00 0.00000e+00 0.00000e+00 0.00000e+00 0.00000e+00 0.00000e+00 0.00000e+00 
2820.0 2835.0 2850.0 0.00000e+00 0.00000e+00 0.00000e+00 0.00000e+00 0.00000e+00 0.00000e+00 0.00000e+00 0.00000e+00 0.00000e+00 0.00000e+00 0.00000e+00 0.00000e+00 0.00000e+00 0.00000e+00 
2850.0 2865.0 2880.0 0.00000e+00 0.00000e+00 0.00000e+00 0.00000e+00 0.00000e+00 0.00000e+00 0.00000e+00 0.00000e+00 0.00000e+00 0.00000e+00 0.00000e+00 0.00000e+00 0.00000e+00 0.00000e+00 
2880.0 2895.0 2910.0 0.00000e+00 0.00000e+00 0.00000e+00 0.00000e+00 0.00000e+00 0.00000e+00 0.00000e+00 0.00000e+00 0.00000e+00 0.00000e+00 0.00000e+00 0.00000e+00 0.00000e+00 0.00000e+00 
2910.0 2925.0 2940.0 0.00000e+00 0.00000e+00 0.00000e+00 0.00000e+00 0.00000e+00 0.00000e+00 0.00000e+00 0.00000e+00 0.00000e+00 0.00000e+00 0.00000e+00 0.00000e+00 0.00000e+00 0.00000e+00 
2940.0 2955.0 2970.0 0.00000e+00 0.00000e+00 0.00000e+00 0.00000e+00 0.00000e+00 0.00000e+00 0.00000e+00 0.00000e+00 0.00000e+00 0.00000e+00 0.00000e+00 0.00000e+00 0.00000e+00 0.00000e+00 
2970.0 2985.0 3000.0 0.00000e+00 0.00000e+00 0.00000e+00 0.00000e+00 0.00000e+00 0.00000e+00 0.00000e+00 0.00000e+00 0.00000e+00 0.00000e+00 0.00000e+00 0.00000e+00 0.00000e+00 0.00000e+00 
