0.0 0.05 0.1 1.15645e+03 5.98866e+00 7.69440e+02 3.97822e+00 1.79958e+03 9.35547e+00 8.00731e+02 4.11014e+00 1.11168e+03 5.79910e+00 1.73772e+03 9.09739e+00 1.19829e+03 6.16269e+00 
0.1 0.15 0.2 1.19870e+03 6.24825e+00 7.97287e+02 4.14140e+00 1.86608e+03 9.79476e+00 8.30083e+02 4.28736e+00 1.15178e+03 6.03824e+00 1.80094e+03 9.49431e+00 1.24275e+03 6.45017e+00 
0.2 0.25 0.3 1.31567e+03 6.64127e+00 8.74907e+02 4.40785e+00 2.04862e+03 1.03905e+01 9.11201e+02 4.55758e+00 1.26376e+03 6.42634e+00 1.97638e+03 1.00900e+01 1.36454e+03 6.84416e+00 
0.3 0.35 0.4 1.45847e+03 6.85078e+00 9.69724e+02 4.54504e+00 2.27127e+03 1.07233e+01 1.01019e+03 4.70157e+00 1.40059e+03 6.62581e+00 2.19063e+03 1.04078e+01 1.51303e+03 7.06333e+00 
0.4 0.45 0.5 1.25644e+03 5.96131e+00 8.35387e+02 3.96231e+00 1.95684e+03 9.30912e+00 8.69965e+02 4.09055e+00 1.20696e+03 5.77706e+00 1.88797e+03 9.05810e+00 1.30301e+03 6.13064e+00 
0.5 0.55 0.6 1.12114e+03 5.44484e+00 7.45572e+02 3.61881e+00 1.74582e+03 8.50530e+00 7.76144e+02 3.73626e+00 1.07739e+03 5.27602e+00 1.68503e+03 8.27315e+00 1.16224e+03 5.60124e+00 
0.6 0.65 0.7 1.04130e+03 5.19613e+00 6.92686e+02 3.45897e+00 1.62065e+03 8.09732e+00 7.20620e+02 3.56483e+00 1.00130e+03 5.04408e+00 1.56567e+03 7.89733e+00 1.07845e+03 5.33128e+00 
0.7 0.75 0.8 9.69930e+02 4.94626e+00 6.45087e+02 3.29134e+00 1.51026e+03 7.71444e+00 6.71105e+02 3.39466e+00 9.32663e+02 4.79774e+00 1.45869e+03 7.51406e+00 1.00476e+03 5.08126e+00 
0.8 0.85 0.9 9.10879e+02 4.77335e+00 6.05971e+02 3.18326e+00 1.41790e+03 7.42031e+00 6.30054e+02 3.27615e+00 8.76375e+02 4.64016e+00 1.37038e+03 7.25097e+00 9.42576e+02 4.88536e+00 
0.9 0.95 1.0 8.76466e+02 4.71568e+00 5.82792e+02 3.14145e+00 1.36519e+03 7.34223e+00 6.06121e+02 3.23655e+00 8.43026e+02 4.57918e+00 1.31894e+03 7.16343e+00 9.07666e+02 4.83657e+00 
1.0 1.05 1.1 8.27366e+02 4.57149e+00 5.49753e+02 3.03784e+00 1.28982e+03 7.13947e+00 5.72109e+02 3.13859e+00 7.95302e+02 4.42660e+00 1.24519e+03 6.94163e+00 8.57448e+02 4.70467e+00 
1.1 1.15 1.2 8.04930e+02 4.64613e+00 5.35037e+02 3.08705e+00 1.25427e+03 7.25823e+00 5.56206e+02 3.18849e+00 7.74550e+02 4.50033e+00 1.21245e+03 7.05849e+00 8.33098e+02 4.78076e+00 
1.2 1.25 1.3 7.63866e+02 4.54421e+00 5.07177e+02 3.01790e+00 1.19196e+03 7.10208e+00 5.27682e+02 3.11781e+00 7.34413e+02 4.40042e+00 1.15098e+03 6.90567e+00 7.91429e+02 4.67629e+00 
1.3 1.35 1.4 7.34299e+02 4.45616e+00 4.87312e+02 2.95397e+00 1.14651e+03 6.97977e+00 5.07211e+02 3.05886e+00 7.05704e+02 4.30502e+00 1.10654e+03 6.76789e+00 7.61162e+02 4.59825e+00 
1.4 1.45 1.5 7.10368e+02 4.46281e+00 4.71070e+02 2.95284e+00 1.11018e+03 7.00838e+00 4.90520e+02 3.06345e+00 6.82400e+02 4.30329e+00 1.07089e+03 6.77776e+00 7.36748e+02 4.61719e+00 
1.5 1.55 1.6 6.89506e+02 4.46371e+00 4.57079e+02 2.95587e+00 1.07802e+03 6.99898e+00 4.75823e+02 3.06340e+00 6.62532e+02 4.30879e+00 1.04021e+03 6.78090e+00 7.14868e+02 4.61007e+00 
1.6 1.65 1.7 6.55544e+02 4.40273e+00 4.34227e+02 2.90338e+00 1.02592e+03 6.94551e+00 4.52153e+02 3.02116e+00 6.29720e+02 4.23255e+00 9.89591e+02 6.68918e+00 6.79875e+02 4.57371e+00 
1.7 1.75 1.8 6.27120e+02 4.34745e+00 4.15206e+02 2.87129e+00 9.81973e+02 6.83888e+00 4.32424e+02 2.98292e+00 6.02308e+02 4.18636e+00 9.47002e+02 6.60610e+00 6.50531e+02 4.50318e+00 
1.8 1.85 1.9 6.00342e+02 4.30286e+00 3.97329e+02 2.84079e+00 9.40468e+02 6.77151e+00 4.13689e+02 2.95194e+00 5.76740e+02 4.14233e+00 9.07273e+02 6.53917e+00 6.22531e+02 4.45808e+00 
1.9 1.95 2.0 5.68443e+02 4.23654e+00 3.75844e+02 2.79293e+00 8.91557e+02 6.67874e+00 3.91546e+02 2.90609e+00 5.45770e+02 4.07294e+00 8.59489e+02 6.43923e+00 5.89849e+02 4.39626e+00 
2.0 2.05 2.1 5.45587e+02 4.24671e+00 3.60538e+02 2.79569e+00 8.56263e+02 6.70735e+00 3.75574e+02 2.91276e+00 5.23858e+02 4.07742e+00 8.25535e+02 6.45542e+00 5.66078e+02 4.41465e+00 
2.1 2.15 2.2 5.03500e+02 4.12769e+00 3.32328e+02 2.71222e+00 7.91637e+02 6.53966e+00 3.46340e+02 2.83022e+00 4.83225e+02 3.95685e+00 7.62547e+02 6.27677e+00 5.22868e+02 4.30282e+00 
2.2 2.25 2.3 4.82351e+02 4.12512e+00 3.18147e+02 2.70943e+00 7.58783e+02 6.53350e+00 3.31638e+02 2.82774e+00 4.62812e+02 3.95364e+00 7.30923e+02 6.27476e+00 5.00872e+02 4.29700e+00 
2.3 2.35 2.4 4.53298e+02 4.00766e+00 2.98776e+02 2.63329e+00 7.13662e+02 6.34174e+00 3.11391e+02 2.74638e+00 4.35008e+02 3.84378e+00 6.87623e+02 6.09834e+00 4.70584e+02 4.16947e+00 
2.4 2.45 2.5 4.21050e+02 3.95320e+00 2.77221e+02 2.59128e+00 6.63784e+02 6.27626e+00 2.89058e+02 2.70792e+00 4.03870e+02 3.78392e+00 6.39190e+02 6.01853e+00 4.37350e+02 4.12408e+00 
2.5 2.55 2.6 3.91800e+02 4.03199e+00 2.57667e+02 2.62055e+00 6.18445e+02 6.47024e+00 2.68751e+02 2.75866e+00 3.75692e+02 3.83078e+00 5.95393e+02 6.14718e+00 4.07054e+02 4.24503e+00 
2.6 2.65 2.7 3.62926e+02 3.87885e+00 2.38281e+02 2.52769e+00 5.73887e+02 6.20448e+00 2.48772e+02 2.65495e+00 3.47663e+02 3.69361e+00 5.51977e+02 5.91056e+00 3.77401e+02 4.07283e+00 
2.7 2.75 2.8 3.26823e+02 3.79022e+00 2.14218e+02 2.45547e+00 5.18017e+02 6.10826e+00 2.23866e+02 2.59280e+00 3.12771e+02 3.59004e+00 4.97494e+02 5.77949e+00 3.40362e+02 4.00679e+00 
2.8 2.85 2.9 3.06008e+02 3.66534e+00 2.00618e+02 2.38989e+00 4.84900e+02 5.85682e+00 2.09366e+02 2.50537e+00 2.93252e+02 3.49702e+00 4.66473e+02 5.59449e+00 3.18145e+02 3.83823e+00 
2.9 2.95 3.0 2.65452e+02 3.41267e+00 1.73977e+02 2.22350e+00 4.20779e+02 5.45814e+00 1.81488e+02 2.33262e+00 2.54490e+02 3.25372e+00 4.05002e+02 5.20886e+00 2.75831e+02 3.57713e+00 
3.0 3.05 3.1 2.37385e+02 3.26710e+00 1.55373e+02 2.13133e+00 3.76898e+02 5.21477e+00 1.62167e+02 2.23123e+00 2.27459e+02 3.12128e+00 3.62539e+02 4.99177e+00 2.46817e+02 3.41380e+00 
3.1 3.15 3.2 2.14334e+02 3.22602e+00 1.40134e+02 2.09872e+00 3.40739e+02 5.16691e+00 1.46233e+02 2.20043e+00 2.05409e+02 3.07726e+00 3.27853e+02 4.93651e+00 2.22782e+02 3.37720e+00 
3.2 3.25 3.3 1.80226e+02 3.06856e+00 1.17681e+02 1.98610e+00 2.86973e+02 4.94906e+00 1.22892e+02 2.09285e+00 1.72594e+02 2.91234e+00 2.75873e+02 4.69603e+00 1.87494e+02 3.23437e+00 
3.3 3.35 3.4 1.62128e+02 2.90398e+00 1.05782e+02 1.88723e+00 2.58381e+02 4.65704e+00 1.10454e+02 1.97870e+00 1.55278e+02 2.76990e+00 2.48440e+02 4.44931e+00 1.68628e+02 3.03982e+00 
3.4 3.45 3.5 1.35623e+02 2.68747e+00 8.84644e+01 1.74713e+00 2.16216e+02 4.30838e+00 9.23173e+01 1.83018e+00 1.29967e+02 2.56564e+00 2.08042e+02 4.12031e+00 1.40960e+02 2.81034e+00 
3.5 3.55 3.6 1.16903e+02 2.54072e+00 7.61518e+01 1.64891e+00 1.86658e+02 4.07994e+00 7.94927e+01 1.72867e+00 1.11993e+02 2.42359e+00 1.79555e+02 3.89969e+00 1.21533e+02 2.65830e+00 
3.6 3.65 3.7 9.08837e+01 2.29474e+00 5.90975e+01 1.48541e+00 1.45442e+02 3.69783e+00 6.17393e+01 1.56000e+00 8.69976e+01 2.18510e+00 1.39762e+02 3.52577e+00 9.45820e+01 2.40685e+00 
3.7 3.75 3.8 7.03819e+01 2.00373e+00 4.58371e+01 1.30302e+00 1.12400e+02 3.20901e+00 4.77678e+01 1.36100e+00 6.75387e+01 1.91839e+00 1.08358e+02 3.08190e+00 7.30097e+01 2.08641e+00 
3.8 3.85 3.9 5.80466e+01 1.89822e+00 3.76782e+01 1.22838e+00 9.30839e+01 3.05995e+00 3.93706e+01 1.28874e+00 5.55521e+01 1.80931e+00 8.94383e+01 2.92128e+00 6.04140e+01 1.98833e+00 
3.9 3.95 4.0 4.55695e+01 1.69195e+00 2.95768e+01 1.09843e+00 7.30736e+01 2.71486e+00 3.08742e+01 1.14735e+00 4.36552e+01 1.61983e+00 7.03088e+01 2.60763e+00 4.73627e+01 1.76158e+00 
4.0 4.05 4.1 2.96223e+01 1.39845e+00 1.91914e+01 9.02910e-01 4.76086e+01 2.26020e+00 2.00543e+01 9.47630e-01 2.83482e+01 1.33248e+00 4.57477e+01 2.15724e+00 3.08280e+01 1.46524e+00 
4.1 4.15 4.2 2.21612e+01 1.28593e+00 1.43557e+01 8.31747e-01 3.56228e+01 2.07421e+00 1.49931e+01 8.70725e-01 2.12193e+01 1.22837e+00 3.42535e+01 1.98553e+00 2.30475e+01 1.34338e+00 
4.2 4.25 4.3 1.34289e+01 9.58439e-01 8.71063e+00 6.20828e-01 2.15462e+01 1.54174e+00 9.07663e+00 6.48476e-01 1.28875e+01 9.17573e-01 2.07809e+01 1.48128e+00 1.39236e+01 9.97555e-01 
4.3 4.35 4.4 7.37420e+00 8.12437e-01 4.72469e+00 5.15617e-01 1.20140e+01 1.34208e+00 4.98054e+00 5.49237e-01 6.99541e+00 7.62697e-01 1.14218e+01 1.25692e+00 7.75653e+00 8.67475e-01 
4.4 4.45 4.5 1.69956e+00 3.66940e-01 1.09479e+00 2.35832e-01 2.74690e+00 5.94958e-01 1.14756e+00 2.47910e-01 1.75679e+00 3.64558e-01 2.63330e+00 5.68123e-01 1.77288e+00 3.84276e-01 
4.5 4.55 4.6 0.00000e+00 0.00000e+00 0.00000e+00 0.00000e+00 0.00000e+00 0.00000e+00 0.00000e+00 0.00000e+00 0.00000e+00 0.00000e+00 0.00000e+00 0.00000e+00 0.00000e+00 0.00000e+00 
4.6 4.65 4.7 0.00000e+00 0.00000e+00 0.00000e+00 0.00000e+00 0.00000e+00 0.00000e+00 0.00000e+00 0.00000e+00 0.00000e+00 0.00000e+00 0.00000e+00 0.00000e+00 0.00000e+00 0.00000e+00 
4.7 4.75 4.8 0.00000e+00 0.00000e+00 0.00000e+00 0.00000e+00 0.00000e+00 0.00000e+00 0.00000e+00 0.00000e+00 0.00000e+00 0.00000e+00 0.00000e+00 0.00000e+00 0.00000e+00 0.00000e+00 
4.8 4.85 4.9 0.00000e+00 0.00000e+00 0.00000e+00 0.00000e+00 0.00000e+00 0.00000e+00 0.00000e+00 0.00000e+00 0.00000e+00 0.00000e+00 0.00000e+00 0.00000e+00 0.00000e+00 0.00000e+00 
4.9 4.95 5.0 0.00000e+00 0.00000e+00 0.00000e+00 0.00000e+00 0.00000e+00 0.00000e+00 0.00000e+00 0.00000e+00 0.00000e+00 0.00000e+00 0.00000e+00 0.00000e+00 0.00000e+00 0.00000e+00 
5.0 5.05 5.1 0.00000e+00 0.00000e+00 0.00000e+00 0.00000e+00 0.00000e+00 0.00000e+00 0.00000e+00 0.00000e+00 0.00000e+00 0.00000e+00 0.00000e+00 0.00000e+00 0.00000e+00 0.00000e+00 
5.1 5.15 5.2 0.00000e+00 0.00000e+00 0.00000e+00 0.00000e+00 0.00000e+00 0.00000e+00 0.00000e+00 0.00000e+00 0.00000e+00 0.00000e+00 0.00000e+00 0.00000e+00 0.00000e+00 0.00000e+00 
5.2 5.25 5.3 0.00000e+00 0.00000e+00 0.00000e+00 0.00000e+00 0.00000e+00 0.00000e+00 0.00000e+00 0.00000e+00 0.00000e+00 0.00000e+00 0.00000e+00 0.00000e+00 0.00000e+00 0.00000e+00 
5.3 5.35 5.4 0.00000e+00 0.00000e+00 0.00000e+00 0.00000e+00 0.00000e+00 0.00000e+00 0.00000e+00 0.00000e+00 0.00000e+00 0.00000e+00 0.00000e+00 0.00000e+00 0.00000e+00 0.00000e+00 
5.4 5.45 5.5 0.00000e+00 0.00000e+00 0.00000e+00 0.00000e+00 0.00000e+00 0.00000e+00 0.00000e+00 0.00000e+00 0.00000e+00 0.00000e+00 0.00000e+00 0.00000e+00 0.00000e+00 0.00000e+00 
5.5 5.55 5.6 0.00000e+00 0.00000e+00 0.00000e+00 0.00000e+00 0.00000e+00 0.00000e+00 0.00000e+00 0.00000e+00 0.00000e+00 0.00000e+00 0.00000e+00 0.00000e+00 0.00000e+00 0.00000e+00 
5.6 5.65 5.7 0.00000e+00 0.00000e+00 0.00000e+00 0.00000e+00 0.00000e+00 0.00000e+00 0.00000e+00 0.00000e+00 0.00000e+00 0.00000e+00 0.00000e+00 0.00000e+00 0.00000e+00 0.00000e+00 
5.7 5.75 5.8 0.00000e+00 0.00000e+00 0.00000e+00 0.00000e+00 0.00000e+00 0.00000e+00 0.00000e+00 0.00000e+00 0.00000e+00 0.00000e+00 0.00000e+00 0.00000e+00 0.00000e+00 0.00000e+00 
5.8 5.85 5.9 0.00000e+00 0.00000e+00 0.00000e+00 0.00000e+00 0.00000e+00 0.00000e+00 0.00000e+00 0.00000e+00 0.00000e+00 0.00000e+00 0.00000e+00 0.00000e+00 0.00000e+00 0.00000e+00 
5.9 5.95 6.0 0.00000e+00 0.00000e+00 0.00000e+00 0.00000e+00 0.00000e+00 0.00000e+00 0.00000e+00 0.00000e+00 0.00000e+00 0.00000e+00 0.00000e+00 0.00000e+00 0.00000e+00 0.00000e+00 
6.0 6.05 6.1 0.00000e+00 0.00000e+00 0.00000e+00 0.00000e+00 0.00000e+00 0.00000e+00 0.00000e+00 0.00000e+00 0.00000e+00 0.00000e+00 0.00000e+00 0.00000e+00 0.00000e+00 0.00000e+00 
6.1 6.15 6.2 0.00000e+00 0.00000e+00 0.00000e+00 0.00000e+00 0.00000e+00 0.00000e+00 0.00000e+00 0.00000e+00 0.00000e+00 0.00000e+00 0.00000e+00 0.00000e+00 0.00000e+00 0.00000e+00 
6.2 6.25 6.3 0.00000e+00 0.00000e+00 0.00000e+00 0.00000e+00 0.00000e+00 0.00000e+00 0.00000e+00 0.00000e+00 0.00000e+00 0.00000e+00 0.00000e+00 0.00000e+00 0.00000e+00 0.00000e+00 
6.3 6.35 6.4 0.00000e+00 0.00000e+00 0.00000e+00 0.00000e+00 0.00000e+00 0.00000e+00 0.00000e+00 0.00000e+00 0.00000e+00 0.00000e+00 0.00000e+00 0.00000e+00 0.00000e+00 0.00000e+00 
6.4 6.45 6.5 0.00000e+00 0.00000e+00 0.00000e+00 0.00000e+00 0.00000e+00 0.00000e+00 0.00000e+00 0.00000e+00 0.00000e+00 0.00000e+00 0.00000e+00 0.00000e+00 0.00000e+00 0.00000e+00 
6.5 6.55 6.6 0.00000e+00 0.00000e+00 0.00000e+00 0.00000e+00 0.00000e+00 0.00000e+00 0.00000e+00 0.00000e+00 0.00000e+00 0.00000e+00 0.00000e+00 0.00000e+00 0.00000e+00 0.00000e+00 
6.6 6.65 6.7 0.00000e+00 0.00000e+00 0.00000e+00 0.00000e+00 0.00000e+00 0.00000e+00 0.00000e+00 0.00000e+00 0.00000e+00 0.00000e+00 0.00000e+00 0.00000e+00 0.00000e+00 0.00000e+00 
6.7 6.75 6.8 0.00000e+00 0.00000e+00 0.00000e+00 0.00000e+00 0.00000e+00 0.00000e+00 0.00000e+00 0.00000e+00 0.00000e+00 0.00000e+00 0.00000e+00 0.00000e+00 0.00000e+00 0.00000e+00 
6.8 6.85 6.9 0.00000e+00 0.00000e+00 0.00000e+00 0.00000e+00 0.00000e+00 0.00000e+00 0.00000e+00 0.00000e+00 0.00000e+00 0.00000e+00 0.00000e+00 0.00000e+00 0.00000e+00 0.00000e+00 
6.9 6.95 7.0 0.00000e+00 0.00000e+00 0.00000e+00 0.00000e+00 0.00000e+00 0.00000e+00 0.00000e+00 0.00000e+00 0.00000e+00 0.00000e+00 0.00000e+00 0.00000e+00 0.00000e+00 0.00000e+00 
7.0 7.05 7.1 0.00000e+00 0.00000e+00 0.00000e+00 0.00000e+00 0.00000e+00 0.00000e+00 0.00000e+00 0.00000e+00 0.00000e+00 0.00000e+00 0.00000e+00 0.00000e+00 0.00000e+00 0.00000e+00 
7.1 7.15 7.2 0.00000e+00 0.00000e+00 0.00000e+00 0.00000e+00 0.00000e+00 0.00000e+00 0.00000e+00 0.00000e+00 0.00000e+00 0.00000e+00 0.00000e+00 0.00000e+00 0.00000e+00 0.00000e+00 
7.2 7.25 7.3 0.00000e+00 0.00000e+00 0.00000e+00 0.00000e+00 0.00000e+00 0.00000e+00 0.00000e+00 0.00000e+00 0.00000e+00 0.00000e+00 0.00000e+00 0.00000e+00 0.00000e+00 0.00000e+00 
7.3 7.35 7.4 0.00000e+00 0.00000e+00 0.00000e+00 0.00000e+00 0.00000e+00 0.00000e+00 0.00000e+00 0.00000e+00 0.00000e+00 0.00000e+00 0.00000e+00 0.00000e+00 0.00000e+00 0.00000e+00 
7.4 7.45 7.5 0.00000e+00 0.00000e+00 0.00000e+00 0.00000e+00 0.00000e+00 0.00000e+00 0.00000e+00 0.00000e+00 0.00000e+00 0.00000e+00 0.00000e+00 0.00000e+00 0.00000e+00 0.00000e+00 
7.5 7.55 7.6 0.00000e+00 0.00000e+00 0.00000e+00 0.00000e+00 0.00000e+00 0.00000e+00 0.00000e+00 0.00000e+00 0.00000e+00 0.00000e+00 0.00000e+00 0.00000e+00 0.00000e+00 0.00000e+00 
7.6 7.65 7.7 0.00000e+00 0.00000e+00 0.00000e+00 0.00000e+00 0.00000e+00 0.00000e+00 0.00000e+00 0.00000e+00 0.00000e+00 0.00000e+00 0.00000e+00 0.00000e+00 0.00000e+00 0.00000e+00 
7.7 7.75 7.8 0.00000e+00 0.00000e+00 0.00000e+00 0.00000e+00 0.00000e+00 0.00000e+00 0.00000e+00 0.00000e+00 0.00000e+00 0.00000e+00 0.00000e+00 0.00000e+00 0.00000e+00 0.00000e+00 
7.8 7.85 7.9 0.00000e+00 0.00000e+00 0.00000e+00 0.00000e+00 0.00000e+00 0.00000e+00 0.00000e+00 0.00000e+00 0.00000e+00 0.00000e+00 0.00000e+00 0.00000e+00 0.00000e+00 0.00000e+00 
7.9 7.95 8.0 0.00000e+00 0.00000e+00 0.00000e+00 0.00000e+00 0.00000e+00 0.00000e+00 0.00000e+00 0.00000e+00 0.00000e+00 0.00000e+00 0.00000e+00 0.00000e+00 0.00000e+00 0.00000e+00 
8.0 8.05 8.1 0.00000e+00 0.00000e+00 0.00000e+00 0.00000e+00 0.00000e+00 0.00000e+00 0.00000e+00 0.00000e+00 0.00000e+00 0.00000e+00 0.00000e+00 0.00000e+00 0.00000e+00 0.00000e+00 
8.1 8.15 8.2 0.00000e+00 0.00000e+00 0.00000e+00 0.00000e+00 0.00000e+00 0.00000e+00 0.00000e+00 0.00000e+00 0.00000e+00 0.00000e+00 0.00000e+00 0.00000e+00 0.00000e+00 0.00000e+00 
8.2 8.25 8.3 0.00000e+00 0.00000e+00 0.00000e+00 0.00000e+00 0.00000e+00 0.00000e+00 0.00000e+00 0.00000e+00 0.00000e+00 0.00000e+00 0.00000e+00 0.00000e+00 0.00000e+00 0.00000e+00 
8.3 8.35 8.4 0.00000e+00 0.00000e+00 0.00000e+00 0.00000e+00 0.00000e+00 0.00000e+00 0.00000e+00 0.00000e+00 0.00000e+00 0.00000e+00 0.00000e+00 0.00000e+00 0.00000e+00 0.00000e+00 
8.4 8.45 8.5 0.00000e+00 0.00000e+00 0.00000e+00 0.00000e+00 0.00000e+00 0.00000e+00 0.00000e+00 0.00000e+00 0.00000e+00 0.00000e+00 0.00000e+00 0.00000e+00 0.00000e+00 0.00000e+00 
8.5 8.55 8.6 0.00000e+00 0.00000e+00 0.00000e+00 0.00000e+00 0.00000e+00 0.00000e+00 0.00000e+00 0.00000e+00 0.00000e+00 0.00000e+00 0.00000e+00 0.00000e+00 0.00000e+00 0.00000e+00 
8.6 8.65 8.7 0.00000e+00 0.00000e+00 0.00000e+00 0.00000e+00 0.00000e+00 0.00000e+00 0.00000e+00 0.00000e+00 0.00000e+00 0.00000e+00 0.00000e+00 0.00000e+00 0.00000e+00 0.00000e+00 
8.7 8.75 8.8 0.00000e+00 0.00000e+00 0.00000e+00 0.00000e+00 0.00000e+00 0.00000e+00 0.00000e+00 0.00000e+00 0.00000e+00 0.00000e+00 0.00000e+00 0.00000e+00 0.00000e+00 0.00000e+00 
8.8 8.85 8.9 0.00000e+00 0.00000e+00 0.00000e+00 0.00000e+00 0.00000e+00 0.00000e+00 0.00000e+00 0.00000e+00 0.00000e+00 0.00000e+00 0.00000e+00 0.00000e+00 0.00000e+00 0.00000e+00 
8.9 8.95 9.0 0.00000e+00 0.00000e+00 0.00000e+00 0.00000e+00 0.00000e+00 0.00000e+00 0.00000e+00 0.00000e+00 0.00000e+00 0.00000e+00 0.00000e+00 0.00000e+00 0.00000e+00 0.00000e+00 
9.0 9.05 9.1 0.00000e+00 0.00000e+00 0.00000e+00 0.00000e+00 0.00000e+00 0.00000e+00 0.00000e+00 0.00000e+00 0.00000e+00 0.00000e+00 0.00000e+00 0.00000e+00 0.00000e+00 0.00000e+00 
9.1 9.15 9.2 0.00000e+00 0.00000e+00 0.00000e+00 0.00000e+00 0.00000e+00 0.00000e+00 0.00000e+00 0.00000e+00 0.00000e+00 0.00000e+00 0.00000e+00 0.00000e+00 0.00000e+00 0.00000e+00 
9.2 9.25 9.3 0.00000e+00 0.00000e+00 0.00000e+00 0.00000e+00 0.00000e+00 0.00000e+00 0.00000e+00 0.00000e+00 0.00000e+00 0.00000e+00 0.00000e+00 0.00000e+00 0.00000e+00 0.00000e+00 
9.3 9.35 9.4 0.00000e+00 0.00000e+00 0.00000e+00 0.00000e+00 0.00000e+00 0.00000e+00 0.00000e+00 0.00000e+00 0.00000e+00 0.00000e+00 0.00000e+00 0.00000e+00 0.00000e+00 0.00000e+00 
9.4 9.45 9.5 0.00000e+00 0.00000e+00 0.00000e+00 0.00000e+00 0.00000e+00 0.00000e+00 0.00000e+00 0.00000e+00 0.00000e+00 0.00000e+00 0.00000e+00 0.00000e+00 0.00000e+00 0.00000e+00 
9.5 9.55 9.6 0.00000e+00 0.00000e+00 0.00000e+00 0.00000e+00 0.00000e+00 0.00000e+00 0.00000e+00 0.00000e+00 0.00000e+00 0.00000e+00 0.00000e+00 0.00000e+00 0.00000e+00 0.00000e+00 
9.6 9.65 9.7 0.00000e+00 0.00000e+00 0.00000e+00 0.00000e+00 0.00000e+00 0.00000e+00 0.00000e+00 0.00000e+00 0.00000e+00 0.00000e+00 0.00000e+00 0.00000e+00 0.00000e+00 0.00000e+00 
9.7 9.75 9.8 0.00000e+00 0.00000e+00 0.00000e+00 0.00000e+00 0.00000e+00 0.00000e+00 0.00000e+00 0.00000e+00 0.00000e+00 0.00000e+00 0.00000e+00 0.00000e+00 0.00000e+00 0.00000e+00 
9.8 9.85 9.9 0.00000e+00 0.00000e+00 0.00000e+00 0.00000e+00 0.00000e+00 0.00000e+00 0.00000e+00 0.00000e+00 0.00000e+00 0.00000e+00 0.00000e+00 0.00000e+00 0.00000e+00 0.00000e+00 
9.9 9.95 10.0 0.00000e+00 0.00000e+00 0.00000e+00 0.00000e+00 0.00000e+00 0.00000e+00 0.00000e+00 0.00000e+00 0.00000e+00 0.00000e+00 0.00000e+00 0.00000e+00 0.00000e+00 0.00000e+00 
