-3.5 -3.45 -3.4 5.19292e+01 1.40521e+00 3.38728e+01 8.99599e-01 8.27433e+01 2.29703e+00 3.55327e+01 9.61812e-01 4.95116e+01 1.31468e+00 7.91533e+01 2.14128e+00 5.42977e+01 1.50800e+00 
-3.4 -3.35 -3.3 6.16423e+01 1.46005e+00 4.02995e+01 9.43498e-01 9.79824e+01 2.35927e+00 4.22040e+01 9.98318e-01 5.88709e+01 1.38013e+00 9.38897e+01 2.22775e+00 6.43461e+01 1.54667e+00 
-3.3 -3.25 -3.2 6.77735e+01 1.41947e+00 4.43131e+01 9.16027e-01 1.07797e+02 2.30375e+00 4.64163e+01 9.71477e-01 6.47142e+01 1.33885e+00 1.03189e+02 2.16338e+00 7.08226e+01 1.51235e+00 
-3.2 -3.15 -3.1 7.69700e+01 1.45383e+00 5.05192e+01 9.48640e-01 1.21793e+02 2.32281e+00 5.27490e+01 9.95396e-01 7.37310e+01 1.38597e+00 1.17101e+02 2.21475e+00 8.00776e+01 1.52545e+00 
-3.1 -3.05 -3.0 8.49833e+01 1.46894e+00 5.57867e+01 9.58128e-01 1.34449e+02 2.34839e+00 5.82627e+01 1.00535e+00 8.13879e+01 1.40028e+00 1.29233e+02 2.23885e+00 8.84394e+01 1.54134e+00 
-3.0 -2.95 -2.9 9.56957e+01 1.52449e+00 6.28926e+01 9.97074e-01 1.51179e+02 2.42786e+00 6.56191e+01 1.04330e+00 9.17378e+01 1.45743e+00 1.45490e+02 2.32370e+00 9.94672e+01 1.59363e+00 
-2.9 -2.85 -2.8 1.04479e+02 1.67485e+00 6.86431e+01 1.07178e+00 1.65316e+02 2.72708e+00 7.16793e+01 1.14535e+00 1.00071e+02 1.56697e+00 1.58745e+02 2.55522e+00 1.08833e+02 1.78760e+00 
-2.8 -2.75 -2.7 1.15848e+02 1.59298e+00 7.63068e+01 1.04472e+00 1.82556e+02 2.52977e+00 7.95196e+01 1.09052e+00 1.11190e+02 1.52654e+00 1.75907e+02 2.42720e+00 1.20263e+02 1.66105e+00 
-2.7 -2.65 -2.6 1.25915e+02 1.65944e+00 8.29053e+01 1.08268e+00 1.98524e+02 2.65250e+00 8.64652e+01 1.13653e+00 1.20756e+02 1.58129e+00 1.91099e+02 2.52703e+00 1.30848e+02 1.74260e+00 
-2.6 -2.55 -2.5 1.37255e+02 1.65083e+00 9.05056e+01 1.08326e+00 2.15993e+02 2.61857e+00 9.42866e+01 1.13076e+00 1.31781e+02 1.58205e+00 2.08221e+02 2.51367e+00 1.42426e+02 1.72065e+00 
-2.5 -2.45 -2.4 1.48371e+02 1.68485e+00 9.79766e+01 1.10591e+00 2.33097e+02 2.67378e+00 1.01942e+02 1.15431e+00 1.42631e+02 1.61482e+00 2.25030e+02 2.56475e+00 1.53741e+02 1.75750e+00 
-2.4 -2.35 -2.3 1.59029e+02 1.73229e+00 1.04971e+02 1.13205e+00 2.49985e+02 2.76577e+00 1.09287e+02 1.18628e+00 1.52780e+02 1.65348e+00 2.41136e+02 2.63836e+00 1.64914e+02 1.81653e+00 
-2.3 -2.25 -2.2 1.72167e+02 1.76893e+00 1.13903e+02 1.16608e+00 2.69873e+02 2.79090e+00 1.18316e+02 1.21069e+00 1.65781e+02 1.70428e+00 2.61057e+02 2.69610e+00 1.78039e+02 1.83198e+00 
-2.2 -2.15 -2.1 1.78556e+02 1.75752e+00 1.18152e+02 1.15552e+00 2.79839e+02 2.78504e+00 1.22779e+02 1.20364e+00 1.71865e+02 1.68776e+00 2.70550e+02 2.67662e+00 1.84746e+02 1.82950e+00 
-2.1 -2.05 -2.0 1.92192e+02 1.78253e+00 1.27264e+02 1.17400e+00 3.00937e+02 2.81565e+00 1.32159e+02 1.22062e+00 1.85113e+02 1.71492e+00 2.91203e+02 2.71512e+00 1.98681e+02 1.84926e+00 
-2.0 -1.95 -1.9 1.99925e+02 1.79193e+00 1.32628e+02 1.18549e+00 3.12336e+02 2.81498e+00 1.37523e+02 1.22729e+00 1.92853e+02 1.73144e+00 3.02796e+02 2.72881e+00 2.06296e+02 1.84938e+00 
-1.9 -1.85 -1.8 2.16153e+02 1.87851e+00 1.43351e+02 1.23977e+00 3.37888e+02 2.95948e+00 1.48686e+02 1.28588e+00 2.08445e+02 1.81162e+00 3.27372e+02 2.86257e+00 2.23170e+02 1.94288e+00 
-1.8 -1.75 -1.7 2.23890e+02 1.84697e+00 1.48649e+02 1.22466e+00 3.49399e+02 2.89100e+00 1.54040e+02 1.26501e+00 2.16105e+02 1.78863e+00 3.39006e+02 2.81252e+00 2.30836e+02 1.89944e+00 
-1.7 -1.65 -1.6 2.36195e+02 1.89693e+00 1.56868e+02 1.25841e+00 3.68476e+02 2.96839e+00 1.62507e+02 1.29866e+00 2.28052e+02 1.83874e+00 3.57639e+02 2.89022e+00 2.43437e+02 1.94917e+00 
-1.6 -1.55 -1.5 2.45850e+02 1.93335e+00 1.63368e+02 1.27931e+00 3.83295e+02 3.03846e+00 1.69185e+02 1.32334e+00 2.37451e+02 1.86952e+00 3.72163e+02 2.94639e+00 2.53290e+02 1.99452e+00 
-1.5 -1.45 -1.4 2.56542e+02 1.95996e+00 1.70642e+02 1.30222e+00 3.99476e+02 3.06191e+00 1.76533e+02 1.34147e+00 2.48083e+02 1.90418e+00 3.88381e+02 2.98716e+00 2.63966e+02 2.00994e+00 
-1.4 -1.35 -1.3 2.66028e+02 1.97773e+00 1.77081e+02 1.31802e+00 4.13864e+02 3.07650e+00 1.83076e+02 1.35364e+00 2.57380e+02 1.92638e+00 4.02699e+02 3.01422e+00 2.73504e+02 2.01967e+00 
-1.3 -1.25 -1.2 2.75916e+02 2.02760e+00 1.83751e+02 1.35325e+00 4.28990e+02 3.14833e+00 1.89914e+02 1.38760e+00 2.67028e+02 1.97810e+00 4.17574e+02 3.09066e+00 2.83564e+02 2.06653e+00 
-1.2 -1.15 -1.1 2.82313e+02 2.02257e+00 1.88066e+02 1.34803e+00 4.38779e+02 3.14675e+00 1.94301e+02 1.38402e+00 2.73319e+02 1.97061e+00 4.27301e+02 3.08338e+00 2.90001e+02 2.06511e+00 
-1.1 -1.05 -1.0 2.90096e+02 2.02452e+00 1.93407e+02 1.35304e+00 4.50426e+02 3.13832e+00 1.99688e+02 1.38545e+00 2.81041e+02 1.97788e+00 4.39001e+02 3.08615e+00 2.97756e+02 2.05985e+00 
-1.0 -0.95 -0.9 2.92539e+02 1.97616e+00 1.95079e+02 1.31962e+00 4.54071e+02 3.06606e+00 2.01437e+02 1.35314e+00 2.83377e+02 1.92784e+00 4.42515e+02 3.01028e+00 3.00292e+02 2.01377e+00 
-0.9 -0.85 -0.8 3.07954e+02 2.05303e+00 2.05508e+02 1.37351e+00 4.77576e+02 3.17792e+00 2.11986e+02 1.40520e+00 2.98618e+02 2.00740e+00 4.66008e+02 3.12890e+00 3.15717e+02 2.08624e+00 
-0.8 -0.75 -0.7 3.08032e+02 2.04079e+00 2.05545e+02 1.36544e+00 4.77523e+02 3.15674e+00 2.11995e+02 1.39582e+00 2.98603e+02 1.99563e+00 4.65996e+02 3.11029e+00 3.15774e+02 2.07237e+00 
-0.7 -0.65 -0.6 3.11574e+02 2.03719e+00 2.08013e+02 1.36338e+00 4.82934e+02 3.15264e+00 2.14530e+02 1.39443e+00 3.02186e+02 1.99247e+00 4.71354e+02 3.10462e+00 3.19349e+02 2.06966e+00 
-0.6 -0.55 -0.5 3.16272e+02 2.04086e+00 2.11206e+02 1.36841e+00 4.90039e+02 3.14975e+00 2.17796e+02 1.39706e+00 3.06781e+02 1.99973e+00 4.78375e+02 3.10987e+00 3.24109e+02 2.06816e+00 
-0.5 -0.45 -0.4 3.19339e+02 2.05615e+00 2.13261e+02 1.37733e+00 4.94784e+02 3.17837e+00 2.19936e+02 1.40743e+00 3.09726e+02 2.01285e+00 4.82939e+02 3.13345e+00 3.27297e+02 2.08664e+00 
-0.4 -0.35 -0.3 3.23029e+02 2.03448e+00 2.15798e+02 1.36365e+00 5.00288e+02 3.14204e+00 2.22477e+02 1.39297e+00 3.13411e+02 1.99236e+00 4.88518e+02 3.09940e+00 3.30887e+02 2.06293e+00 
-0.3 -0.25 -0.2 3.26239e+02 2.06932e+00 2.17973e+02 1.38737e+00 5.05163e+02 3.19478e+00 2.24679e+02 1.41652e+00 3.16583e+02 2.02742e+00 4.93398e+02 3.15329e+00 3.34146e+02 2.09759e+00 
-0.2 -0.15 -0.1 3.29564e+02 2.08630e+00 2.20244e+02 1.40011e+00 5.10173e+02 3.21684e+00 2.26933e+02 1.42762e+00 3.19934e+02 2.04683e+00 4.98525e+02 3.18062e+00 3.37396e+02 2.11118e+00 
-0.1 -0.05 0.0 3.28631e+02 2.04369e+00 2.19617e+02 1.37034e+00 5.08739e+02 3.15445e+00 2.26327e+02 1.39931e+00 3.18969e+02 2.00205e+00 4.97013e+02 3.11333e+00 3.36513e+02 2.07170e+00 
0.0 0.05 0.1 3.27707e+02 2.07277e+00 2.18949e+02 1.39056e+00 5.07447e+02 3.19711e+00 2.25681e+02 1.41867e+00 3.18014e+02 2.03239e+00 4.95643e+02 3.15912e+00 3.35640e+02 2.09877e+00 
0.1 0.15 0.2 3.27385e+02 2.08589e+00 2.18705e+02 1.39994e+00 5.07033e+02 3.21600e+00 2.25463e+02 1.42736e+00 3.17654e+02 2.04656e+00 4.95146e+02 3.17995e+00 3.35373e+02 2.11068e+00 
0.2 0.25 0.3 3.26615e+02 2.06554e+00 2.18203e+02 1.38552e+00 5.05808e+02 3.18672e+00 2.24940e+02 1.41372e+00 3.16914e+02 2.02506e+00 4.93962e+02 3.14815e+00 3.34577e+02 2.09194e+00 
0.3 0.35 0.4 3.27470e+02 2.12625e+00 2.18808e+02 1.42745e+00 5.07036e+02 3.27698e+00 2.25470e+02 1.45444e+00 3.17877e+02 2.08753e+00 4.95413e+02 3.24295e+00 3.35282e+02 2.14970e+00 
0.4 0.45 0.5 3.19628e+02 2.04004e+00 2.13442e+02 1.36684e+00 4.95254e+02 3.15177e+00 2.20143e+02 1.39683e+00 3.09977e+02 1.99692e+00 4.83350e+02 3.10771e+00 3.27623e+02 2.07000e+00 
0.5 0.55 0.6 3.17233e+02 2.05779e+00 2.11856e+02 1.37917e+00 4.91516e+02 3.17848e+00 2.18445e+02 1.40838e+00 3.07742e+02 2.01582e+00 4.79861e+02 3.13641e+00 3.25062e+02 2.08648e+00 
0.6 0.65 0.7 3.11031e+02 2.03759e+00 2.07627e+02 1.36498e+00 4.82154e+02 3.14880e+00 2.14178e+02 1.39469e+00 3.01595e+02 1.99489e+00 4.70471e+02 3.10525e+00 3.18877e+02 2.06727e+00 
0.7 0.75 0.8 3.07120e+02 2.01074e+00 2.05020e+02 1.34672e+00 4.76080e+02 3.10759e+00 2.11484e+02 1.37681e+00 2.97808e+02 1.96749e+00 4.64554e+02 3.06296e+00 3.14858e+02 2.04111e+00 
0.8 0.85 0.9 3.03300e+02 2.02069e+00 2.02350e+02 1.35220e+00 4.70498e+02 3.12646e+00 2.08830e+02 1.38343e+00 2.93962e+02 1.97577e+00 4.58838e+02 3.07864e+00 3.11123e+02 2.05316e+00 
0.9 0.95 1.0 2.97241e+02 2.08434e+00 1.98238e+02 1.39500e+00 4.61314e+02 3.22588e+00 2.04635e+02 1.42576e+00 2.88021e+02 2.04011e+00 4.49735e+02 3.17908e+00 3.05008e+02 2.11616e+00 
1.0 1.05 1.1 2.87457e+02 1.97846e+00 1.91569e+02 1.31883e+00 4.46558e+02 3.07728e+00 1.97912e+02 1.35482e+00 2.78312e+02 1.92646e+00 4.34899e+02 3.01346e+00 2.95270e+02 2.02124e+00 
1.1 1.15 1.2 2.82300e+02 2.00839e+00 1.88191e+02 1.34182e+00 4.38377e+02 3.11471e+00 1.94312e+02 1.37457e+00 2.73477e+02 1.96124e+00 4.27230e+02 3.06112e+00 2.89776e+02 2.04463e+00 
1.2 1.25 1.3 2.76669e+02 2.06087e+00 1.84143e+02 1.36583e+00 4.30706e+02 3.27549e+00 1.90424e+02 1.40990e+00 2.67608e+02 1.99702e+00 4.18739e+02 3.14269e+00 2.84667e+02 2.14768e+00 
1.3 1.35 1.4 2.68810e+02 1.97194e+00 1.78904e+02 1.31350e+00 4.18272e+02 3.06964e+00 1.85018e+02 1.35038e+00 2.59988e+02 1.91873e+00 4.06828e+02 3.00344e+00 2.76470e+02 2.01641e+00 
1.4 1.45 1.5 2.54181e+02 1.97683e+00 1.69038e+02 1.31388e+00 3.95896e+02 3.08773e+00 1.74923e+02 1.35274e+00 2.45688e+02 1.92068e+00 3.84762e+02 3.01366e+00 2.61629e+02 2.02639e+00 
1.5 1.55 1.6 2.43490e+02 1.91070e+00 1.61934e+02 1.27028e+00 3.79221e+02 2.98199e+00 1.67558e+02 1.30812e+00 2.35373e+02 1.85604e+00 3.68596e+02 2.91109e+00 2.50596e+02 1.95817e+00 
1.6 1.65 1.7 2.36822e+02 1.90498e+00 1.57321e+02 1.26342e+00 3.69361e+02 2.98285e+00 1.62933e+02 1.30426e+00 2.28721e+02 1.84591e+00 3.58606e+02 2.90221e+00 2.44012e+02 1.95882e+00 
1.7 1.75 1.8 2.24282e+02 1.89313e+00 1.48847e+02 1.25477e+00 3.50218e+02 2.96673e+00 1.54293e+02 1.29576e+00 2.16414e+02 1.83385e+00 3.39646e+02 2.88522e+00 2.31342e+02 1.94754e+00 
1.8 1.85 1.9 2.12500e+02 1.82012e+00 1.40983e+02 1.20563e+00 3.31945e+02 2.85374e+00 1.46197e+02 1.24672e+00 2.04969e+02 1.76073e+00 3.21777e+02 2.77138e+00 2.19292e+02 1.87517e+00 
1.9 1.95 2.0 2.05516e+02 1.86129e+00 1.36197e+02 1.22797e+00 3.21497e+02 2.93492e+00 1.41333e+02 1.27418e+00 1.98092e+02 1.79431e+00 3.11360e+02 2.83610e+00 2.12276e+02 1.92697e+00 
2.0 2.05 2.1 1.94981e+02 1.89843e+00 1.29162e+02 1.24855e+00 3.05124e+02 3.00452e+00 1.34052e+02 1.29886e+00 1.87913e+02 1.82538e+00 2.95498e+02 2.89474e+00 2.01403e+02 1.97123e+00 
2.1 2.15 2.2 1.78228e+02 1.75499e+00 1.17989e+02 1.15802e+00 2.79153e+02 2.76506e+00 1.22577e+02 1.20228e+00 1.71596e+02 1.69098e+00 2.69990e+02 2.67178e+00 1.84339e+02 1.81720e+00 
2.2 2.25 2.3 1.71239e+02 1.75593e+00 1.13310e+02 1.15852e+00 2.68358e+02 2.76696e+00 1.17722e+02 1.20265e+00 1.64858e+02 1.69205e+00 2.59533e+02 2.67395e+00 1.77121e+02 1.81791e+00 
2.3 2.35 2.4 1.59081e+02 1.71619e+00 1.05127e+02 1.12917e+00 2.49694e+02 2.71379e+00 1.09320e+02 1.17509e+00 1.53015e+02 1.64969e+00 2.41224e+02 2.61436e+00 1.64722e+02 1.78240e+00 
2.4 2.45 2.5 1.46243e+02 1.69027e+00 9.65899e+01 1.11013e+00 2.29710e+02 2.68011e+00 1.00481e+02 1.15750e+00 1.40610e+02 1.62161e+00 2.21799e+02 2.57448e+00 1.51507e+02 1.76043e+00 
2.5 2.55 2.6 1.34541e+02 1.64386e+00 8.87474e+01 1.07740e+00 2.11892e+02 2.61661e+00 9.24055e+01 1.12558e+00 1.29242e+02 1.57393e+00 2.04145e+02 2.50407e+00 1.39688e+02 1.71842e+00 
2.6 2.65 2.7 1.28042e+02 1.63698e+00 8.43547e+01 1.07173e+00 2.01766e+02 2.60712e+00 8.78996e+01 1.12070e+00 1.22902e+02 1.56593e+00 1.94396e+02 2.49408e+00 1.32905e+02 1.71107e+00 
2.7 2.75 2.8 1.15943e+02 1.61024e+00 7.63029e+01 1.04886e+00 1.82914e+02 2.58109e+00 7.95614e+01 1.10218e+00 1.11216e+02 1.53267e+00 1.76117e+02 2.45388e+00 1.20453e+02 1.69422e+00 
2.8 2.85 2.9 1.05784e+02 1.60024e+00 6.95810e+01 1.04442e+00 1.66963e+02 2.55702e+00 7.25923e+01 1.09580e+00 1.01416e+02 1.52565e+00 1.60676e+02 2.43739e+00 1.09956e+02 1.67950e+00 
2.9 2.95 3.0 9.52496e+01 1.54709e+00 6.26034e+01 1.00327e+00 1.50480e+02 2.49508e+00 6.53166e+01 1.05943e+00 9.13109e+01 1.46545e+00 1.44802e+02 2.35625e+00 9.90132e+01 1.63885e+00 
3.0 3.05 3.1 8.64147e+01 1.52593e+00 5.66423e+01 9.85583e-01 1.36974e+02 2.47192e+00 5.92400e+01 1.04467e+00 8.26398e+01 1.43991e+00 1.31420e+02 2.32479e+00 9.00902e+01 1.62297e+00 
3.1 3.15 3.2 7.67265e+01 1.52702e+00 5.01915e+01 9.81185e-01 1.21920e+02 2.49042e+00 5.25690e+01 1.04451e+00 7.32698e+01 1.43468e+00 1.16765e+02 2.32886e+00 8.01352e+01 1.63336e+00 
3.2 3.25 3.3 6.93118e+01 1.41947e+00 4.53534e+01 9.23615e-01 1.10089e+02 2.27663e+00 4.74660e+01 9.70773e-01 6.62381e+01 1.35078e+00 1.05542e+02 2.16529e+00 7.23158e+01 1.49289e+00 
3.3 3.35 3.4 6.25167e+01 1.43240e+00 4.08424e+01 9.24901e-01 9.94673e+01 2.31994e+00 4.28078e+01 9.79814e-01 5.96571e+01 1.35235e+00 9.52089e+01 2.18454e+00 6.53301e+01 1.52152e+00 
3.4 3.45 3.5 5.47913e+01 1.37734e+00 3.56720e+01 8.88285e-01 8.75399e+01 2.23290e+00 3.75070e+01 9.42904e-01 5.21215e+01 1.29805e+00 8.34725e+01 2.09845e+00 5.74788e+01 1.46645e+00 
