0.0 0.05 0.1 0.00000e+00 0.00000e+00 0.00000e+00 0.00000e+00 0.00000e+00 0.00000e+00 0.00000e+00 0.00000e+00 0.00000e+00 0.00000e+00 0.00000e+00 0.00000e+00 0.00000e+00 0.00000e+00 
0.1 0.15 0.2 0.00000e+00 0.00000e+00 0.00000e+00 0.00000e+00 0.00000e+00 0.00000e+00 0.00000e+00 0.00000e+00 0.00000e+00 0.00000e+00 0.00000e+00 0.00000e+00 0.00000e+00 0.00000e+00 
0.2 0.25 0.3 0.00000e+00 0.00000e+00 0.00000e+00 0.00000e+00 0.00000e+00 0.00000e+00 0.00000e+00 0.00000e+00 0.00000e+00 0.00000e+00 0.00000e+00 0.00000e+00 0.00000e+00 0.00000e+00 
0.3 0.35 0.4 5.92848e-01 3.19120e-02 3.83197e-01 2.06594e-02 9.49882e-01 5.10479e-02 4.44744e-01 2.39234e-02 5.10825e-01 2.75594e-02 8.08762e-01 4.35695e-02 6.96328e-01 3.73917e-02 
0.4 0.45 0.5 4.67525e-01 2.31106e-02 3.02369e-01 1.49983e-02 7.48650e-01 3.68713e-02 3.50742e-01 1.73201e-02 4.03063e-01 2.00136e-02 6.37767e-01 3.15637e-02 5.48841e-01 2.69983e-02 
0.5 0.55 0.6 4.24172e-01 2.19576e-02 2.74218e-01 1.42321e-02 6.79521e-01 3.50781e-02 3.18325e-01 1.64738e-02 3.65413e-01 1.89704e-02 5.78402e-01 2.99518e-02 4.98354e-01 2.57166e-02 
0.6 0.65 0.7 4.07623e-01 2.19567e-02 2.63941e-01 1.42600e-02 6.51840e-01 3.49959e-02 3.05889e-01 1.64627e-02 3.51738e-01 1.90197e-02 5.55874e-01 2.99723e-02 4.78021e-01 2.56380e-02 
0.7 0.75 0.8 3.72623e-01 1.93507e-02 2.41236e-01 1.25736e-02 5.96034e-01 3.08286e-02 2.79648e-01 1.45078e-02 3.21453e-01 1.67713e-02 5.08094e-01 2.64166e-02 4.37138e-01 2.25834e-02 
0.8 0.85 0.9 3.60914e-01 1.84897e-02 2.33410e-01 1.19748e-02 5.77976e-01 2.95663e-02 2.70772e-01 1.38564e-02 3.11123e-01 1.59790e-02 4.92314e-01 2.52537e-02 4.23730e-01 2.16474e-02 
0.9 0.95 1.0 3.42956e-01 1.93733e-02 2.21898e-01 1.25491e-02 5.48923e-01 3.09683e-02 2.57404e-01 1.45248e-02 2.95659e-01 1.67385e-02 4.67595e-01 2.64474e-02 4.02623e-01 2.26857e-02 
1.0 1.05 1.1 3.09296e-01 1.62213e-02 2.00285e-01 1.05485e-02 4.94579e-01 2.58198e-02 2.32165e-01 1.21643e-02 2.66836e-01 1.40672e-02 4.21654e-01 2.21389e-02 3.62809e-01 1.89194e-02 
1.1 1.15 1.2 3.39501e-01 1.84126e-02 2.19922e-01 1.19515e-02 5.42668e-01 2.93677e-02 2.54803e-01 1.38031e-02 2.93036e-01 1.59432e-02 4.62904e-01 2.51392e-02 3.98020e-01 2.15106e-02 
1.2 1.25 1.3 3.33738e-01 1.94693e-02 2.16435e-01 1.26540e-02 5.32792e-01 3.10058e-02 2.50494e-01 1.45863e-02 2.88371e-01 1.68906e-02 4.55010e-01 2.66005e-02 3.90809e-01 2.26944e-02 
1.3 1.35 1.4 3.03157e-01 1.69501e-02 1.96668e-01 1.10481e-02 4.83811e-01 2.69103e-02 2.27566e-01 1.27024e-02 2.62010e-01 1.47434e-02 4.13266e-01 2.31512e-02 3.54931e-01 1.97036e-02 
1.4 1.45 1.5 3.27634e-01 1.91453e-02 2.12340e-01 1.24405e-02 5.23399e-01 3.04964e-02 2.45993e-01 1.43593e-02 2.82822e-01 1.65873e-02 4.46523e-01 2.61249e-02 3.84059e-01 2.23496e-02 
1.5 1.55 1.6 3.24510e-01 1.80100e-02 2.10260e-01 1.17030e-02 5.18573e-01 2.86891e-02 2.43694e-01 1.35050e-02 2.80001e-01 1.56077e-02 4.42167e-01 2.45817e-02 3.80606e-01 2.10207e-02 
1.6 1.65 1.7 3.00732e-01 1.61659e-02 1.94994e-01 1.05134e-02 4.80195e-01 2.57307e-02 2.25835e-01 1.21251e-02 2.59672e-01 1.40176e-02 4.09774e-01 2.20585e-02 3.52430e-01 1.88580e-02 
1.7 1.75 1.8 3.01777e-01 1.73853e-02 1.95684e-01 1.13131e-02 4.81845e-01 2.76527e-02 2.26629e-01 1.30403e-02 2.60581e-01 1.50830e-02 4.11179e-01 2.37213e-02 3.53658e-01 2.02674e-02 
1.8 1.85 1.9 2.99492e-01 1.74691e-02 1.94034e-01 1.13489e-02 4.78663e-01 2.78383e-02 2.24881e-01 1.30941e-02 2.58421e-01 1.51413e-02 4.08131e-01 2.38545e-02 3.51269e-01 2.03873e-02 
1.9 1.95 2.0 2.84239e-01 1.80406e-02 1.84308e-01 1.17497e-02 4.53865e-01 2.86657e-02 2.13435e-01 1.35260e-02 2.45460e-01 1.56717e-02 3.87330e-01 2.46273e-02 3.33083e-01 2.09995e-02 
2.0 2.05 2.1 2.73340e-01 1.75172e-02 1.76807e-01 1.13615e-02 4.37657e-01 2.79662e-02 2.05224e-01 1.31271e-02 2.35500e-01 1.51613e-02 3.72534e-01 2.39266e-02 3.21137e-01 2.04750e-02 
2.1 2.15 2.2 2.94841e-01 1.83101e-02 1.91082e-01 1.19227e-02 4.71040e-01 2.91016e-02 2.21507e-01 1.37349e-02 2.54355e-01 1.58948e-02 4.01545e-01 2.49812e-02 3.45888e-01 2.13311e-02 
2.2 2.25 2.3 3.05449e-01 1.93602e-02 1.98098e-01 1.25982e-02 4.87580e-01 3.07904e-02 2.29489e-01 1.45209e-02 2.63679e-01 1.67971e-02 4.15967e-01 2.64172e-02 3.58054e-01 2.25658e-02 
2.3 2.35 2.4 2.74442e-01 1.83322e-02 1.77834e-01 1.19242e-02 4.38520e-01 2.91691e-02 2.06203e-01 1.37509e-02 2.36693e-01 1.58975e-02 3.73718e-01 2.50126e-02 3.22046e-01 2.13795e-02 
2.4 2.45 2.5 2.65408e-01 1.77477e-02 1.71925e-01 1.15265e-02 4.24236e-01 2.82874e-02 1.99378e-01 1.33048e-02 2.28872e-01 1.53760e-02 3.61495e-01 2.42310e-02 3.11486e-01 2.07195e-02 
2.5 2.55 2.6 2.50586e-01 1.61375e-02 1.62351e-01 1.04873e-02 4.00463e-01 2.57030e-02 1.88339e-01 1.21107e-02 2.16019e-01 1.39750e-02 3.41106e-01 2.20054e-02 2.94208e-01 1.88501e-02 
2.6 2.65 2.7 2.88946e-01 2.10613e-02 1.87178e-01 1.36932e-02 4.61886e-01 3.35302e-02 2.16972e-01 1.57784e-02 2.49276e-01 1.82783e-02 3.93739e-01 2.87767e-02 3.38970e-01 2.45410e-02 
2.7 2.75 2.8 2.28179e-01 1.55073e-02 1.47890e-01 1.00998e-02 3.64516e-01 2.46394e-02 1.71470e-01 1.16297e-02 1.96810e-01 1.34678e-02 3.10663e-01 2.11629e-02 2.67749e-01 1.80557e-02 
2.8 2.85 2.9 2.49244e-01 1.88606e-02 1.61235e-01 1.22360e-02 3.98992e-01 3.00975e-02 1.87249e-01 1.41353e-02 2.14626e-01 1.63268e-02 3.39450e-01 2.57580e-02 2.92978e-01 2.20387e-02 
2.9 2.95 3.0 2.54911e-01 1.77412e-02 1.64866e-01 1.15192e-02 4.08186e-01 2.82875e-02 1.91598e-01 1.33097e-02 2.19355e-01 1.53550e-02 3.46978e-01 2.42016e-02 2.99893e-01 2.07370e-02 
3.0 3.05 3.1 2.44813e-01 1.64008e-02 1.58374e-01 1.06430e-02 3.91911e-01 2.61663e-02 1.83988e-01 1.23059e-02 2.10739e-01 1.41851e-02 3.33273e-01 2.23694e-02 2.87899e-01 1.91853e-02 
3.1 3.15 3.2 2.08123e-01 1.54240e-02 1.34797e-01 1.00389e-02 3.32742e-01 2.45273e-02 1.56403e-01 1.15702e-02 1.79379e-01 1.33831e-02 2.83350e-01 2.10432e-02 2.44414e-01 1.79784e-02 
3.2 3.25 3.3 1.71462e-01 1.22547e-02 1.10747e-01 7.95193e-03 2.74990e-01 1.95572e-02 1.28889e-01 9.19665e-03 1.47334e-01 1.05964e-02 2.33360e-01 1.67109e-02 2.02059e-01 1.43424e-02 
3.3 3.35 3.4 1.59060e-01 1.29376e-02 1.02853e-01 8.39231e-03 2.54776e-01 2.06538e-02 1.19511e-01 9.70356e-03 1.36893e-01 1.11898e-02 2.16596e-01 1.76541e-02 1.87106e-01 1.51366e-02 
3.4 3.45 3.5 1.28827e-01 1.12245e-02 8.31303e-02 7.27266e-03 2.06838e-01 1.79410e-02 9.68349e-02 8.42566e-03 1.10598e-01 9.68878e-03 1.75345e-01 1.53017e-02 1.51971e-01 1.31610e-02 
3.5 3.55 3.6 1.23702e-01 1.17989e-02 7.99067e-02 7.62225e-03 1.98399e-01 1.89248e-02 9.29227e-02 8.84415e-03 1.06378e-01 1.01688e-02 1.68495e-01 1.61114e-02 1.45661e-01 1.38593e-02 
3.6 3.65 3.7 1.33411e-01 1.28971e-02 8.61149e-02 8.35446e-03 2.14121e-01 2.06209e-02 1.00219e-01 9.66530e-03 1.14639e-01 1.11485e-02 1.81711e-01 1.76153e-02 1.57214e-01 1.50986e-02 
3.7 3.75 3.8 1.11128e-01 1.03066e-02 7.14843e-02 6.65518e-03 1.79069e-01 1.65410e-02 8.34882e-02 7.72969e-03 9.51529e-02 8.87420e-03 1.51344e-01 1.40648e-02 1.31491e-01 1.21218e-02 
3.8 3.85 3.9 9.55881e-02 1.02904e-02 6.17771e-02 6.68811e-03 1.53230e-01 1.63962e-02 7.17672e-02 7.70821e-03 8.22853e-02 8.92903e-03 1.30278e-01 1.40623e-02 1.12434e-01 1.19990e-02 
3.9 3.95 4.0 6.50929e-02 7.38478e-03 4.19633e-02 4.78162e-03 1.04632e-01 1.18154e-02 4.89399e-02 5.54500e-03 5.58148e-02 6.36812e-03 8.85723e-02 1.00639e-02 7.68977e-02 8.66999e-03 
4.0 4.05 4.1 8.07130e-02 9.25025e-03 5.20972e-02 5.99295e-03 1.29579e-01 1.47922e-02 6.05972e-02 6.93053e-03 6.93933e-02 7.99909e-03 1.10008e-01 1.26379e-02 9.50759e-02 1.08275e-02 
4.1 4.15 4.2 7.12829e-02 9.35286e-03 4.59982e-02 6.07221e-03 1.14468e-01 1.49212e-02 5.35349e-02 7.01293e-03 6.12496e-02 8.09844e-03 9.71187e-02 1.27665e-02 8.40205e-02 1.09317e-02 
4.2 4.25 4.3 6.53222e-02 1.03163e-02 4.23595e-02 6.72995e-03 1.04333e-01 1.63690e-02 4.90597e-02 7.73348e-03 5.64032e-02 8.97787e-03 8.89948e-02 1.40853e-02 7.65842e-02 1.19894e-02 
4.3 4.35 4.4 4.76370e-02 6.95540e-03 3.07278e-02 4.50758e-03 7.65281e-02 1.11175e-02 3.57937e-02 5.22124e-03 4.08965e-02 6.00509e-03 6.48662e-02 9.48150e-03 5.62042e-02 8.15623e-03 
4.4 4.45 4.5 4.46821e-02 6.95783e-03 2.87183e-02 4.48654e-03 7.20633e-02 1.11830e-02 3.35784e-02 5.22189e-03 3.82159e-02 5.97822e-03 6.08325e-02 9.48735e-03 5.29330e-02 8.20172e-03 
4.5 4.55 4.6 3.03636e-02 4.91428e-03 1.94782e-02 3.16164e-03 4.90820e-02 7.92054e-03 2.28134e-02 3.68633e-03 2.59251e-02 4.21481e-03 4.13486e-02 6.70483e-03 3.60434e-02 5.80533e-03 
4.6 4.65 4.7 3.22912e-02 5.63765e-03 2.08025e-02 3.65092e-03 5.19473e-02 9.01794e-03 2.42575e-02 4.22658e-03 2.76929e-02 4.86992e-03 4.39821e-02 7.69659e-03 3.81407e-02 6.60573e-03 
4.7 4.75 4.8 2.12560e-02 3.78862e-03 1.36506e-02 2.44655e-03 3.43140e-02 6.07849e-03 1.59860e-02 2.84965e-03 1.81509e-02 3.25277e-03 2.89127e-02 5.15265e-03 2.52274e-02 4.46949e-03 
4.8 4.85 4.9 2.07051e-02 3.72519e-03 1.32353e-02 2.39393e-03 3.35988e-02 6.01112e-03 1.55735e-02 2.80112e-03 1.75962e-02 3.18359e-03 2.81597e-02 5.06821e-03 2.47039e-02 4.41809e-03 
4.9 4.95 5.0 5.85327e-03 1.35095e-03 3.68668e-03 8.57230e-04 9.65424e-03 2.21076e-03 4.40678e-03 1.01569e-03 4.89691e-03 1.14032e-03 7.95207e-03 1.83831e-03 7.10637e-03 1.62491e-03 
5.0 5.05 5.1 5.76107e-03 1.41729e-03 3.65123e-03 8.99549e-04 9.43862e-03 2.32080e-03 4.33857e-03 1.06664e-03 4.84824e-03 1.19512e-03 7.82421e-03 1.92637e-03 6.94953e-03 1.70717e-03 
5.1 5.15 5.2 8.07662e-03 2.66734e-03 5.16481e-03 1.71939e-03 1.30985e-02 4.28847e-03 6.07186e-03 2.00061e-03 6.87047e-03 2.29251e-03 9.00153e-03 3.01591e-03 9.62600e-03 3.14302e-03 
5.2 5.25 5.3 2.24164e-03 8.67221e-04 1.40978e-03 5.52122e-04 3.70287e-03 1.41409e-03 1.68725e-03 6.50622e-04 1.87311e-03 7.35959e-04 3.04641e-03 1.18300e-03 4.01867e-03 1.67269e-03 
5.3 5.35 5.4 8.49336e-04 2.65885e-04 5.24961e-04 1.65982e-04 1.42929e-03 4.42741e-04 6.40459e-04 2.00642e-04 6.96143e-04 2.19931e-04 1.15171e-03 3.60236e-04 1.05399e-03 3.26733e-04 
5.4 5.45 5.5 6.05075e-05 2.41646e-05 3.66120e-05 1.47989e-05 1.04209e-04 4.11118e-05 4.56782e-05 1.82593e-05 4.84944e-05 1.95805e-05 8.19404e-05 3.26891e-05 7.69437e-05 3.03812e-05 
5.5 5.55 5.6 1.96409e-05 7.89440e-06 1.17115e-05 4.77110e-06 5.53448e-05 2.52407e-05 1.48342e-05 5.96558e-06 1.55063e-05 6.31422e-06 2.65838e-05 1.06783e-05 4.08520e-05 1.86204e-05 
5.6 5.65 5.7 1.84216e-08 7.88216e-09 1.03604e-08 4.45152e-09 3.42798e-08 1.45983e-08 1.40458e-08 6.01680e-09 1.35875e-08 5.83131e-09 2.46593e-08 1.05373e-08 2.56070e-08 1.09190e-08 
5.7 5.75 5.8 3.81639e-10 2.68702e-10 2.09446e-10 1.48438e-10 7.28608e-10 5.09316e-10 2.91071e-10 2.05092e-10 2.74610e-10 1.94476e-10 5.10734e-10 3.59281e-10 5.44424e-10 3.80911e-10 
5.8 5.85 5.9 1.25811e-08 7.81741e-09 7.08689e-09 4.41933e-09 2.33720e-08 1.44637e-08 9.52555e-09 5.91908e-09 9.36019e-09 5.83683e-09 1.69786e-08 1.05493e-08 1.73185e-08 1.07184e-08 
5.9 5.95 6.0 0.00000e+00 0.00000e+00 0.00000e+00 0.00000e+00 0.00000e+00 0.00000e+00 0.00000e+00 0.00000e+00 0.00000e+00 0.00000e+00 0.00000e+00 0.00000e+00 0.00000e+00 0.00000e+00 
6.0 6.05 6.1 0.00000e+00 0.00000e+00 0.00000e+00 0.00000e+00 0.00000e+00 0.00000e+00 0.00000e+00 0.00000e+00 0.00000e+00 0.00000e+00 0.00000e+00 0.00000e+00 0.00000e+00 0.00000e+00 
6.1 6.15 6.2 0.00000e+00 0.00000e+00 0.00000e+00 0.00000e+00 0.00000e+00 0.00000e+00 0.00000e+00 0.00000e+00 0.00000e+00 0.00000e+00 0.00000e+00 0.00000e+00 0.00000e+00 0.00000e+00 
6.2 6.25 6.3 0.00000e+00 0.00000e+00 0.00000e+00 0.00000e+00 0.00000e+00 0.00000e+00 0.00000e+00 0.00000e+00 0.00000e+00 0.00000e+00 0.00000e+00 0.00000e+00 0.00000e+00 0.00000e+00 
6.3 6.35 6.4 0.00000e+00 0.00000e+00 0.00000e+00 0.00000e+00 0.00000e+00 0.00000e+00 0.00000e+00 0.00000e+00 0.00000e+00 0.00000e+00 0.00000e+00 0.00000e+00 0.00000e+00 0.00000e+00 
6.4 6.45 6.5 0.00000e+00 0.00000e+00 0.00000e+00 0.00000e+00 0.00000e+00 0.00000e+00 0.00000e+00 0.00000e+00 0.00000e+00 0.00000e+00 0.00000e+00 0.00000e+00 0.00000e+00 0.00000e+00 
6.5 6.55 6.6 0.00000e+00 0.00000e+00 0.00000e+00 0.00000e+00 0.00000e+00 0.00000e+00 0.00000e+00 0.00000e+00 0.00000e+00 0.00000e+00 0.00000e+00 0.00000e+00 0.00000e+00 0.00000e+00 
6.6 6.65 6.7 0.00000e+00 0.00000e+00 0.00000e+00 0.00000e+00 0.00000e+00 0.00000e+00 0.00000e+00 0.00000e+00 0.00000e+00 0.00000e+00 0.00000e+00 0.00000e+00 0.00000e+00 0.00000e+00 
6.7 6.75 6.8 0.00000e+00 0.00000e+00 0.00000e+00 0.00000e+00 0.00000e+00 0.00000e+00 0.00000e+00 0.00000e+00 0.00000e+00 0.00000e+00 0.00000e+00 0.00000e+00 0.00000e+00 0.00000e+00 
6.8 6.85 6.9 0.00000e+00 0.00000e+00 0.00000e+00 0.00000e+00 0.00000e+00 0.00000e+00 0.00000e+00 0.00000e+00 0.00000e+00 0.00000e+00 0.00000e+00 0.00000e+00 0.00000e+00 0.00000e+00 
6.9 6.95 7.0 0.00000e+00 0.00000e+00 0.00000e+00 0.00000e+00 0.00000e+00 0.00000e+00 0.00000e+00 0.00000e+00 0.00000e+00 0.00000e+00 0.00000e+00 0.00000e+00 0.00000e+00 0.00000e+00 
7.0 7.05 7.1 0.00000e+00 0.00000e+00 0.00000e+00 0.00000e+00 0.00000e+00 0.00000e+00 0.00000e+00 0.00000e+00 0.00000e+00 0.00000e+00 0.00000e+00 0.00000e+00 0.00000e+00 0.00000e+00 
7.1 7.15 7.2 0.00000e+00 0.00000e+00 0.00000e+00 0.00000e+00 0.00000e+00 0.00000e+00 0.00000e+00 0.00000e+00 0.00000e+00 0.00000e+00 0.00000e+00 0.00000e+00 0.00000e+00 0.00000e+00 
7.2 7.25 7.3 0.00000e+00 0.00000e+00 0.00000e+00 0.00000e+00 0.00000e+00 0.00000e+00 0.00000e+00 0.00000e+00 0.00000e+00 0.00000e+00 0.00000e+00 0.00000e+00 0.00000e+00 0.00000e+00 
7.3 7.35 7.4 0.00000e+00 0.00000e+00 0.00000e+00 0.00000e+00 0.00000e+00 0.00000e+00 0.00000e+00 0.00000e+00 0.00000e+00 0.00000e+00 0.00000e+00 0.00000e+00 0.00000e+00 0.00000e+00 
7.4 7.45 7.5 0.00000e+00 0.00000e+00 0.00000e+00 0.00000e+00 0.00000e+00 0.00000e+00 0.00000e+00 0.00000e+00 0.00000e+00 0.00000e+00 0.00000e+00 0.00000e+00 0.00000e+00 0.00000e+00 
7.5 7.55 7.6 0.00000e+00 0.00000e+00 0.00000e+00 0.00000e+00 0.00000e+00 0.00000e+00 0.00000e+00 0.00000e+00 0.00000e+00 0.00000e+00 0.00000e+00 0.00000e+00 0.00000e+00 0.00000e+00 
7.6 7.65 7.7 0.00000e+00 0.00000e+00 0.00000e+00 0.00000e+00 0.00000e+00 0.00000e+00 0.00000e+00 0.00000e+00 0.00000e+00 0.00000e+00 0.00000e+00 0.00000e+00 0.00000e+00 0.00000e+00 
7.7 7.75 7.8 0.00000e+00 0.00000e+00 0.00000e+00 0.00000e+00 0.00000e+00 0.00000e+00 0.00000e+00 0.00000e+00 0.00000e+00 0.00000e+00 0.00000e+00 0.00000e+00 0.00000e+00 0.00000e+00 
7.8 7.85 7.9 0.00000e+00 0.00000e+00 0.00000e+00 0.00000e+00 0.00000e+00 0.00000e+00 0.00000e+00 0.00000e+00 0.00000e+00 0.00000e+00 0.00000e+00 0.00000e+00 0.00000e+00 0.00000e+00 
7.9 7.95 8.0 0.00000e+00 0.00000e+00 0.00000e+00 0.00000e+00 0.00000e+00 0.00000e+00 0.00000e+00 0.00000e+00 0.00000e+00 0.00000e+00 0.00000e+00 0.00000e+00 0.00000e+00 0.00000e+00 
8.0 8.05 8.1 0.00000e+00 0.00000e+00 0.00000e+00 0.00000e+00 0.00000e+00 0.00000e+00 0.00000e+00 0.00000e+00 0.00000e+00 0.00000e+00 0.00000e+00 0.00000e+00 0.00000e+00 0.00000e+00 
8.1 8.15 8.2 0.00000e+00 0.00000e+00 0.00000e+00 0.00000e+00 0.00000e+00 0.00000e+00 0.00000e+00 0.00000e+00 0.00000e+00 0.00000e+00 0.00000e+00 0.00000e+00 0.00000e+00 0.00000e+00 
8.2 8.25 8.3 0.00000e+00 0.00000e+00 0.00000e+00 0.00000e+00 0.00000e+00 0.00000e+00 0.00000e+00 0.00000e+00 0.00000e+00 0.00000e+00 0.00000e+00 0.00000e+00 0.00000e+00 0.00000e+00 
8.3 8.35 8.4 0.00000e+00 0.00000e+00 0.00000e+00 0.00000e+00 0.00000e+00 0.00000e+00 0.00000e+00 0.00000e+00 0.00000e+00 0.00000e+00 0.00000e+00 0.00000e+00 0.00000e+00 0.00000e+00 
8.4 8.45 8.5 0.00000e+00 0.00000e+00 0.00000e+00 0.00000e+00 0.00000e+00 0.00000e+00 0.00000e+00 0.00000e+00 0.00000e+00 0.00000e+00 0.00000e+00 0.00000e+00 0.00000e+00 0.00000e+00 
8.5 8.55 8.6 0.00000e+00 0.00000e+00 0.00000e+00 0.00000e+00 0.00000e+00 0.00000e+00 0.00000e+00 0.00000e+00 0.00000e+00 0.00000e+00 0.00000e+00 0.00000e+00 0.00000e+00 0.00000e+00 
8.6 8.65 8.7 0.00000e+00 0.00000e+00 0.00000e+00 0.00000e+00 0.00000e+00 0.00000e+00 0.00000e+00 0.00000e+00 0.00000e+00 0.00000e+00 0.00000e+00 0.00000e+00 0.00000e+00 0.00000e+00 
8.7 8.75 8.8 0.00000e+00 0.00000e+00 0.00000e+00 0.00000e+00 0.00000e+00 0.00000e+00 0.00000e+00 0.00000e+00 0.00000e+00 0.00000e+00 0.00000e+00 0.00000e+00 0.00000e+00 0.00000e+00 
8.8 8.85 8.9 0.00000e+00 0.00000e+00 0.00000e+00 0.00000e+00 0.00000e+00 0.00000e+00 0.00000e+00 0.00000e+00 0.00000e+00 0.00000e+00 0.00000e+00 0.00000e+00 0.00000e+00 0.00000e+00 
8.9 8.95 9.0 0.00000e+00 0.00000e+00 0.00000e+00 0.00000e+00 0.00000e+00 0.00000e+00 0.00000e+00 0.00000e+00 0.00000e+00 0.00000e+00 0.00000e+00 0.00000e+00 0.00000e+00 0.00000e+00 
9.0 9.05 9.1 0.00000e+00 0.00000e+00 0.00000e+00 0.00000e+00 0.00000e+00 0.00000e+00 0.00000e+00 0.00000e+00 0.00000e+00 0.00000e+00 0.00000e+00 0.00000e+00 0.00000e+00 0.00000e+00 
9.1 9.15 9.2 0.00000e+00 0.00000e+00 0.00000e+00 0.00000e+00 0.00000e+00 0.00000e+00 0.00000e+00 0.00000e+00 0.00000e+00 0.00000e+00 0.00000e+00 0.00000e+00 0.00000e+00 0.00000e+00 
9.2 9.25 9.3 0.00000e+00 0.00000e+00 0.00000e+00 0.00000e+00 0.00000e+00 0.00000e+00 0.00000e+00 0.00000e+00 0.00000e+00 0.00000e+00 0.00000e+00 0.00000e+00 0.00000e+00 0.00000e+00 
9.3 9.35 9.4 0.00000e+00 0.00000e+00 0.00000e+00 0.00000e+00 0.00000e+00 0.00000e+00 0.00000e+00 0.00000e+00 0.00000e+00 0.00000e+00 0.00000e+00 0.00000e+00 0.00000e+00 0.00000e+00 
9.4 9.45 9.5 0.00000e+00 0.00000e+00 0.00000e+00 0.00000e+00 0.00000e+00 0.00000e+00 0.00000e+00 0.00000e+00 0.00000e+00 0.00000e+00 0.00000e+00 0.00000e+00 0.00000e+00 0.00000e+00 
9.5 9.55 9.6 0.00000e+00 0.00000e+00 0.00000e+00 0.00000e+00 0.00000e+00 0.00000e+00 0.00000e+00 0.00000e+00 0.00000e+00 0.00000e+00 0.00000e+00 0.00000e+00 0.00000e+00 0.00000e+00 
9.6 9.65 9.7 0.00000e+00 0.00000e+00 0.00000e+00 0.00000e+00 0.00000e+00 0.00000e+00 0.00000e+00 0.00000e+00 0.00000e+00 0.00000e+00 0.00000e+00 0.00000e+00 0.00000e+00 0.00000e+00 
9.7 9.75 9.8 0.00000e+00 0.00000e+00 0.00000e+00 0.00000e+00 0.00000e+00 0.00000e+00 0.00000e+00 0.00000e+00 0.00000e+00 0.00000e+00 0.00000e+00 0.00000e+00 0.00000e+00 0.00000e+00 
9.8 9.85 9.9 0.00000e+00 0.00000e+00 0.00000e+00 0.00000e+00 0.00000e+00 0.00000e+00 0.00000e+00 0.00000e+00 0.00000e+00 0.00000e+00 0.00000e+00 0.00000e+00 0.00000e+00 0.00000e+00 
9.9 9.95 10.0 0.00000e+00 0.00000e+00 0.00000e+00 0.00000e+00 0.00000e+00 0.00000e+00 0.00000e+00 0.00000e+00 0.00000e+00 0.00000e+00 0.00000e+00 0.00000e+00 0.00000e+00 0.00000e+00 
