0.0 0.05 0.1 2.64163e+01 3.25160e-01 1.73714e+01 2.13845e-01 4.16120e+01 5.12574e-01 1.91771e+01 2.35061e-01 2.39318e+01 2.95853e-01 3.74686e+01 4.63542e-01 2.93422e+01 3.59622e-01 
0.1 0.15 0.2 2.70558e+01 3.34641e-01 1.77962e+01 2.19818e-01 4.26060e+01 5.28290e-01 1.96429e+01 2.41954e-01 2.45151e+01 3.04074e-01 3.83720e+01 4.76964e-01 3.00461e+01 3.70731e-01 
0.2 0.25 0.3 2.75070e+01 3.36410e-01 1.80985e+01 2.21585e-01 4.33013e+01 5.29255e-01 1.99689e+01 2.43198e-01 2.49336e+01 3.06562e-01 3.90156e+01 4.79571e-01 3.05336e+01 3.71343e-01 
0.3 0.35 0.4 2.87423e+01 3.51129e-01 1.89022e+01 2.30889e-01 4.52716e+01 5.53540e-01 2.08623e+01 2.53826e-01 2.60449e+01 3.19446e-01 4.07754e+01 5.00578e-01 3.19168e+01 3.88355e-01 
0.4 0.45 0.5 2.93252e+01 3.56118e-01 1.92752e+01 2.34072e-01 4.62178e+01 5.61685e-01 2.12865e+01 2.57478e-01 2.65576e+01 3.23795e-01 4.16000e+01 5.07588e-01 3.25857e+01 3.94155e-01 
0.5 0.55 0.6 3.14872e+01 3.82664e-01 2.06843e+01 2.51012e-01 4.96593e+01 6.04993e-01 2.28475e+01 2.76586e-01 2.85092e+01 3.47332e-01 4.46861e+01 5.45621e-01 3.49968e+01 4.24386e-01 
0.6 0.65 0.7 3.35845e+01 3.94101e-01 2.20655e+01 2.58722e-01 5.29575e+01 6.22498e-01 2.43641e+01 2.84834e-01 3.04196e+01 3.58025e-01 4.76751e+01 5.61979e-01 3.73118e+01 4.36629e-01 
0.7 0.75 0.8 3.84313e+01 4.31340e-01 2.52450e+01 2.83044e-01 6.06168e+01 6.81778e-01 2.78701e+01 3.11613e-01 3.48156e+01 3.91857e-01 5.45793e+01 6.15403e-01 4.26896e+01 4.77967e-01 
0.8 0.85 0.9 4.57018e+01 4.79613e-01 3.00052e+01 3.14146e-01 7.21312e+01 7.59760e-01 3.31177e+01 3.46328e-01 4.14117e+01 4.35119e-01 6.49631e+01 6.84651e-01 5.07530e+01 5.32354e-01 
0.9 0.95 1.0 4.31105e+01 4.59635e-01 2.82954e+01 3.01071e-01 6.80638e+01 7.28005e-01 3.12497e+01 3.32005e-01 3.90395e+01 4.16873e-01 6.12566e+01 6.55885e-01 4.79089e+01 5.10283e-01 
1.0 1.05 1.1 4.04102e+01 4.48320e-01 2.65175e+01 2.93042e-01 6.38178e+01 7.11900e-01 2.92925e+01 3.23785e-01 3.65862e+01 4.05807e-01 5.74194e+01 6.39849e-01 4.49203e+01 4.98892e-01 
1.1 1.15 1.2 3.71638e+01 4.12002e-01 2.44045e+01 2.70303e-01 5.86423e+01 6.51244e-01 2.69380e+01 2.97574e-01 3.36725e+01 3.74303e-01 5.28092e+01 5.87972e-01 4.12756e+01 4.56435e-01 
1.2 1.25 1.3 3.62970e+01 4.10726e-01 2.38256e+01 2.68933e-01 5.73014e+01 6.50787e-01 2.63125e+01 2.96638e-01 3.28704e+01 3.72425e-01 5.15712e+01 5.86179e-01 4.03368e+01 4.56097e-01 
1.3 1.35 1.4 3.51408e+01 4.24511e-01 2.30368e+01 2.75355e-01 5.55643e+01 6.81013e-01 2.54721e+01 3.06575e-01 3.17848e+01 3.81335e-01 4.99338e+01 6.05892e-01 3.91094e+01 4.77232e-01 
1.4 1.45 1.5 3.24567e+01 3.92230e-01 2.12828e+01 2.55875e-01 5.13035e+01 6.24331e-01 2.35266e+01 2.83239e-01 2.93646e+01 3.54392e-01 4.61195e+01 5.59872e-01 3.61107e+01 4.37485e-01 
1.5 1.55 1.6 3.02828e+01 3.60382e-01 1.98555e+01 2.35784e-01 4.78706e+01 5.71503e-01 2.19570e+01 2.60269e-01 2.73877e+01 3.26525e-01 4.30159e+01 5.14354e-01 3.37059e+01 4.00500e-01 
1.6 1.65 1.7 2.99597e+01 3.68681e-01 1.96298e+01 2.40300e-01 4.75127e+01 5.91228e-01 2.17205e+01 2.66272e-01 2.70792e+01 3.32770e-01 4.25624e+01 5.26181e-01 3.34480e+01 4.14285e-01 
1.7 1.75 1.8 2.79149e+01 3.40823e-01 1.82879e+01 2.22916e-01 4.41701e+01 5.40648e-01 2.02388e+01 2.46133e-01 2.52269e+01 3.08718e-01 3.96553e+01 4.86465e-01 3.10979e+01 3.78856e-01 
1.8 1.85 1.9 2.67958e+01 3.36649e-01 1.75415e+01 2.19712e-01 4.24375e+01 5.35497e-01 1.94268e+01 2.43132e-01 2.41981e+01 3.04259e-01 3.80672e+01 4.80468e-01 2.98769e+01 3.75269e-01 
1.9 1.95 2.0 2.58522e+01 3.36755e-01 1.69107e+01 2.19335e-01 4.09805e+01 5.36916e-01 1.87433e+01 2.43326e-01 2.33272e+01 3.03607e-01 3.67252e+01 4.80351e-01 2.88523e+01 3.76504e-01 
2.0 2.05 2.1 2.46582e+01 3.30644e-01 1.61262e+01 2.15056e-01 3.90986e+01 5.28151e-01 1.78739e+01 2.38787e-01 2.22496e+01 2.97829e-01 3.50376e+01 4.71915e-01 2.75203e+01 3.70120e-01 
2.1 2.15 2.2 2.30602e+01 3.15351e-01 1.50727e+01 2.05450e-01 3.65885e+01 5.02629e-01 1.67172e+01 2.27781e-01 2.07939e+01 2.84473e-01 3.27631e+01 4.50000e-01 2.57564e+01 3.52297e-01 
2.2 2.25 2.3 2.16989e+01 2.98699e-01 1.41819e+01 1.94880e-01 3.44316e+01 4.75232e-01 1.57326e+01 2.15842e-01 1.95623e+01 2.69739e-01 3.08237e+01 4.26030e-01 2.42425e+01 3.33276e-01 
2.3 2.35 2.4 2.04576e+01 3.01469e-01 1.33513e+01 1.95648e-01 3.25162e+01 4.82665e-01 1.48300e+01 2.17792e-01 1.84199e+01 2.70859e-01 2.90668e+01 4.30095e-01 2.28887e+01 3.38387e-01 
2.4 2.45 2.5 1.93117e+01 2.89714e-01 1.25996e+01 1.88240e-01 3.07064e+01 4.63190e-01 1.40019e+01 2.09387e-01 1.73796e+01 2.60504e-01 2.74327e+01 4.13134e-01 2.16196e+01 3.24901e-01 
2.5 2.55 2.6 1.86268e+01 2.86389e-01 1.21448e+01 1.86133e-01 2.96407e+01 4.57768e-01 1.35018e+01 2.06818e-01 1.67566e+01 2.57784e-01 2.64678e+01 4.08777e-01 2.08629e+01 3.20776e-01 
2.6 2.65 2.7 1.69065e+01 2.65001e-01 1.10238e+01 1.72380e-01 2.69078e+01 4.23564e-01 1.22557e+01 1.91399e-01 1.52089e+01 2.38705e-01 2.40214e+01 3.78187e-01 1.89369e+01 2.96577e-01 
2.7 2.75 2.8 1.69196e+01 2.77019e-01 1.10182e+01 1.79792e-01 2.69625e+01 4.43508e-01 1.22642e+01 2.00109e-01 1.52024e+01 2.48935e-01 2.40422e+01 3.95266e-01 1.89775e+01 3.10899e-01 
2.8 2.85 2.9 1.56049e+01 2.83434e-01 1.00962e+01 1.79909e-01 2.49184e+01 4.57836e-01 1.13106e+01 2.04504e-01 1.39297e+01 2.49266e-01 2.21755e+01 4.04986e-01 1.75375e+01 3.20442e-01 
2.9 2.95 3.0 1.41350e+01 2.51094e-01 9.18540e+00 1.62713e-01 2.25809e+01 4.02700e-01 1.02446e+01 1.81319e-01 1.26749e+01 2.25358e-01 2.00881e+01 3.58423e-01 1.58912e+01 2.82161e-01 
3.0 3.05 3.1 1.37133e+01 2.57089e-01 8.90519e+00 1.65906e-01 2.19261e+01 4.14530e-01 9.93834e+00 1.85698e-01 1.22891e+01 2.29720e-01 1.94904e+01 3.66867e-01 1.54292e+01 2.90543e-01 
3.1 3.15 3.2 1.31747e+01 2.58477e-01 8.55200e+00 1.66594e-01 2.10740e+01 4.17349e-01 9.54670e+00 1.86630e-01 1.18032e+01 2.30757e-01 1.87277e+01 3.69005e-01 1.47743e+01 2.89176e-01 
3.2 3.25 3.3 1.22222e+01 2.41589e-01 7.92626e+00 1.56253e-01 1.95712e+01 3.88285e-01 8.85890e+00 1.74588e-01 1.09366e+01 2.16253e-01 1.73682e+01 3.44539e-01 1.37744e+01 2.72324e-01 
3.3 3.35 3.4 1.10126e+01 2.33016e-01 7.13465e+00 1.50667e-01 1.76561e+01 3.74678e-01 7.97986e+00 1.68264e-01 9.84722e+00 2.08676e-01 1.56549e+01 3.32621e-01 1.24222e+01 2.62528e-01 
3.4 3.45 3.5 1.01641e+01 2.29184e-01 6.57645e+00 1.47657e-01 1.63199e+01 3.70144e-01 7.36440e+00 1.65428e-01 9.07745e+00 2.04587e-01 1.44498e+01 3.27314e-01 1.14810e+01 2.59211e-01 
3.5 3.55 3.6 9.55240e+00 2.21030e-01 6.17801e+00 1.42738e-01 1.53450e+01 3.55888e-01 6.92236e+00 1.59672e-01 8.52609e+00 1.97620e-01 1.35775e+01 3.15363e-01 1.07973e+01 2.49489e-01 
3.6 3.65 3.7 8.53126e+00 2.13682e-01 5.51494e+00 1.38033e-01 1.37126e+01 3.43938e-01 6.17956e+00 1.54215e-01 7.61441e+00 1.91283e-01 1.21327e+01 3.05229e-01 9.64340e+00 2.40819e-01 
3.7 3.75 3.8 8.11502e+00 2.10088e-01 5.23722e+00 1.35482e-01 1.30756e+01 3.39511e-01 5.87892e+00 1.51686e-01 7.22992e+00 1.87670e-01 1.15388e+01 2.99945e-01 9.19193e+00 2.37339e-01 
3.8 3.85 3.9 7.58301e+00 2.15821e-01 4.88520e+00 1.38284e-01 1.22370e+01 3.50815e-01 5.49380e+00 1.55916e-01 6.74360e+00 1.91440e-01 1.07815e+01 3.07911e-01 8.60772e+00 2.45937e-01 
3.9 3.95 4.0 7.31283e+00 2.17041e-01 4.70839e+00 1.39308e-01 1.18094e+01 3.52016e-01 5.29584e+00 1.56735e-01 6.50227e+00 1.92942e-01 1.04027e+01 3.09808e-01 8.30278e+00 2.46669e-01 
4.0 4.05 4.1 6.31499e+00 2.06092e-01 4.06114e+00 1.32241e-01 1.02119e+01 3.34342e-01 4.57240e+00 1.48816e-01 5.60938e+00 1.83163e-01 8.98512e+00 2.94211e-01 7.17804e+00 2.34246e-01 
4.1 4.15 4.2 5.99714e+00 1.97296e-01 3.85547e+00 1.26807e-01 9.70162e+00 3.19459e-01 4.34027e+00 1.42337e-01 5.32768e+00 1.75785e-01 8.53749e+00 2.81947e-01 6.81559e+00 2.23572e-01 
4.2 4.25 4.3 5.25076e+00 1.94998e-01 3.37157e+00 1.25072e-01 8.50587e+00 3.16433e-01 3.80194e+00 1.40862e-01 4.65676e+00 1.73162e-01 7.47066e+00 2.78239e-01 5.97900e+00 2.21805e-01 
4.3 4.35 4.4 4.98223e+00 2.00408e-01 3.18804e+00 1.27746e-01 8.10342e+00 3.27640e-01 3.60751e+00 1.44820e-01 4.40325e+00 1.76805e-01 7.08849e+00 2.85836e-01 5.69618e+00 2.29761e-01 
4.4 4.45 4.5 4.35737e+00 1.94835e-01 2.78906e+00 1.24569e-01 7.08478e+00 3.17353e-01 3.15316e+00 1.40668e-01 3.85449e+00 1.72552e-01 6.20384e+00 2.78175e-01 4.97658e+00 2.22301e-01 
4.5 4.55 4.6 4.02850e+00 1.91034e-01 2.57364e+00 1.22095e-01 6.56410e+00 3.11265e-01 2.91453e+00 1.37934e-01 3.55759e+00 1.69118e-01 5.73720e+00 2.72727e-01 4.60960e+00 2.18064e-01 
4.6 4.65 4.7 3.67602e+00 1.94591e-01 2.34625e+00 1.23962e-01 5.99632e+00 3.18272e-01 2.66048e+00 1.40654e-01 3.24210e+00 1.71526e-01 5.23304e+00 2.77454e-01 4.21264e+00 2.23267e-01 
4.7 4.75 4.8 3.17341e+00 1.82960e-01 2.01903e+00 1.16519e-01 5.19546e+00 2.99308e-01 2.29518e+00 1.32204e-01 2.79175e+00 1.61269e-01 4.52102e+00 2.60966e-01 3.64711e+00 2.09868e-01 
4.8 4.85 4.9 2.77123e+00 1.81135e-01 1.76062e+00 1.15276e-01 4.54390e+00 2.96521e-01 2.00647e+00 1.31061e-01 2.43189e+00 1.59348e-01 3.94309e+00 2.57968e-01 3.19385e+00 2.08256e-01 
4.9 4.95 5.0 2.25589e+00 1.68139e-01 1.43243e+00 1.06979e-01 3.70100e+00 2.75300e-01 1.63264e+00 1.21501e-01 1.97937e+00 1.48056e-01 3.21138e+00 2.39805e-01 2.60006e+00 1.93048e-01 
5.0 5.05 5.1 2.31329e+00 1.92697e-01 1.46359e+00 1.21833e-01 3.81162e+00 3.17924e-01 1.67203e+00 1.39163e-01 2.02503e+00 1.68721e-01 3.29818e+00 2.75031e-01 2.67365e+00 2.22787e-01 
5.1 5.15 5.2 2.11205e+00 1.89534e-01 1.33612e+00 1.20283e-01 3.48047e+00 3.11338e-01 1.52789e+00 1.37072e-01 1.84707e+00 1.66340e-01 3.00810e+00 2.70062e-01 2.44391e+00 2.18539e-01 
5.2 5.25 5.3 1.85644e+00 1.98564e-01 1.17178e+00 1.25597e-01 3.06691e+00 3.27378e-01 1.34157e+00 1.43305e-01 1.62161e+00 1.74043e-01 2.64744e+00 2.83632e-01 2.15079e+00 2.29216e-01 
5.3 5.35 5.4 1.07325e+00 1.38866e-01 6.74769e-01 8.74712e-02 1.78106e+00 2.30066e-01 7.76010e-01 1.00157e-01 9.33281e-01 1.21287e-01 1.52957e+00 1.98508e-01 1.24981e+00 1.60958e-01 
5.4 5.45 5.5 1.39513e+00 1.94042e-01 8.76377e-01 1.22113e-01 2.31732e+00 3.21709e-01 1.00949e+00 1.40446e-01 1.21120e+00 1.68721e-01 1.98654e+00 2.76238e-01 1.62751e+00 2.25995e-01 
5.5 5.55 5.6 1.08673e+00 1.80760e-01 6.80999e-01 1.13694e-01 1.65675e+00 2.66610e-01 7.85556e-01 1.30741e-01 9.42125e-01 1.57202e-01 1.54916e+00 2.57514e-01 1.10389e+00 1.79665e-01 
5.6 5.65 5.7 6.15043e-01 1.23047e-01 3.55378e-01 7.06276e-02 1.02614e+00 2.04229e-01 4.44424e-01 8.87523e-02 4.91440e-01 9.77774e-02 8.10346e-01 1.60632e-01 7.19566e-01 1.42906e-01 
5.7 5.75 5.8 3.86600e-01 8.97127e-02 2.39773e-01 5.59961e-02 6.51219e-01 1.50058e-01 2.79899e-01 6.48480e-02 3.31201e-01 7.74715e-02 5.50061e-01 1.27891e-01 4.57743e-01 1.05271e-01 
5.8 5.85 5.9 3.12353e-01 7.37549e-02 1.92303e-01 4.54309e-02 5.30663e-01 1.25304e-01 2.26307e-01 5.34272e-02 2.65423e-01 6.27149e-02 4.03582e-01 9.58852e-02 3.73268e-01 8.81119e-02 
5.9 5.95 6.0 3.03504e-01 6.90276e-02 1.86721e-01 4.26732e-02 4.72482e-01 1.07902e-01 2.20126e-01 5.00178e-02 2.35861e-01 5.45545e-02 4.30924e-01 9.81189e-02 3.32865e-01 7.59345e-02 
6.0 6.05 6.1 2.65939e-03 1.19857e-03 1.59379e-03 7.26135e-04 4.64651e-03 2.06844e-03 1.95331e-03 8.83329e-04 2.16975e-03 9.85131e-04 3.71985e-03 1.67001e-03 3.32154e-03 1.48420e-03 
6.1 6.15 6.2 4.46776e-04 2.02761e-04 2.58714e-04 1.18083e-04 8.11511e-04 3.66015e-04 3.26684e-04 1.48354e-04 3.53805e-04 1.61373e-04 6.28225e-04 2.84895e-04 5.77086e-04 2.60457e-04 
6.2 6.25 6.3 2.45751e-06 1.49778e-06 1.36082e-06 8.33008e-07 4.67728e-06 2.83709e-06 1.80713e-06 1.10140e-06 1.85059e-06 1.13280e-06 3.43199e-06 2.09166e-06 3.34925e-06 2.03156e-06 
6.3 6.35 6.4 1.08235e-10 7.91510e-11 5.34150e-11 3.91655e-11 2.33584e-10 1.70370e-10 7.95612e-11 5.81298e-11 7.26679e-11 5.33299e-11 1.51226e-10 1.10708e-10 1.67186e-10 1.21810e-10 
6.4 6.45 6.5 0.00000e+00 0.00000e+00 0.00000e+00 0.00000e+00 0.00000e+00 0.00000e+00 0.00000e+00 0.00000e+00 0.00000e+00 0.00000e+00 0.00000e+00 0.00000e+00 0.00000e+00 0.00000e+00 
6.5 6.55 6.6 0.00000e+00 0.00000e+00 0.00000e+00 0.00000e+00 0.00000e+00 0.00000e+00 0.00000e+00 0.00000e+00 0.00000e+00 0.00000e+00 0.00000e+00 0.00000e+00 0.00000e+00 0.00000e+00 
6.6 6.65 6.7 0.00000e+00 0.00000e+00 0.00000e+00 0.00000e+00 0.00000e+00 0.00000e+00 0.00000e+00 0.00000e+00 0.00000e+00 0.00000e+00 0.00000e+00 0.00000e+00 0.00000e+00 0.00000e+00 
6.7 6.75 6.8 0.00000e+00 0.00000e+00 0.00000e+00 0.00000e+00 0.00000e+00 0.00000e+00 0.00000e+00 0.00000e+00 0.00000e+00 0.00000e+00 0.00000e+00 0.00000e+00 0.00000e+00 0.00000e+00 
6.8 6.85 6.9 0.00000e+00 0.00000e+00 0.00000e+00 0.00000e+00 0.00000e+00 0.00000e+00 0.00000e+00 0.00000e+00 0.00000e+00 0.00000e+00 0.00000e+00 0.00000e+00 0.00000e+00 0.00000e+00 
6.9 6.95 7.0 0.00000e+00 0.00000e+00 0.00000e+00 0.00000e+00 0.00000e+00 0.00000e+00 0.00000e+00 0.00000e+00 0.00000e+00 0.00000e+00 0.00000e+00 0.00000e+00 0.00000e+00 0.00000e+00 
7.0 7.05 7.1 0.00000e+00 0.00000e+00 0.00000e+00 0.00000e+00 0.00000e+00 0.00000e+00 0.00000e+00 0.00000e+00 0.00000e+00 0.00000e+00 0.00000e+00 0.00000e+00 0.00000e+00 0.00000e+00 
7.1 7.15 7.2 0.00000e+00 0.00000e+00 0.00000e+00 0.00000e+00 0.00000e+00 0.00000e+00 0.00000e+00 0.00000e+00 0.00000e+00 0.00000e+00 0.00000e+00 0.00000e+00 0.00000e+00 0.00000e+00 
7.2 7.25 7.3 0.00000e+00 0.00000e+00 0.00000e+00 0.00000e+00 0.00000e+00 0.00000e+00 0.00000e+00 0.00000e+00 0.00000e+00 0.00000e+00 0.00000e+00 0.00000e+00 0.00000e+00 0.00000e+00 
7.3 7.35 7.4 0.00000e+00 0.00000e+00 0.00000e+00 0.00000e+00 0.00000e+00 0.00000e+00 0.00000e+00 0.00000e+00 0.00000e+00 0.00000e+00 0.00000e+00 0.00000e+00 0.00000e+00 0.00000e+00 
7.4 7.45 7.5 0.00000e+00 0.00000e+00 0.00000e+00 0.00000e+00 0.00000e+00 0.00000e+00 0.00000e+00 0.00000e+00 0.00000e+00 0.00000e+00 0.00000e+00 0.00000e+00 0.00000e+00 0.00000e+00 
7.5 7.55 7.6 0.00000e+00 0.00000e+00 0.00000e+00 0.00000e+00 0.00000e+00 0.00000e+00 0.00000e+00 0.00000e+00 0.00000e+00 0.00000e+00 0.00000e+00 0.00000e+00 0.00000e+00 0.00000e+00 
7.6 7.65 7.7 0.00000e+00 0.00000e+00 0.00000e+00 0.00000e+00 0.00000e+00 0.00000e+00 0.00000e+00 0.00000e+00 0.00000e+00 0.00000e+00 0.00000e+00 0.00000e+00 0.00000e+00 0.00000e+00 
7.7 7.75 7.8 0.00000e+00 0.00000e+00 0.00000e+00 0.00000e+00 0.00000e+00 0.00000e+00 0.00000e+00 0.00000e+00 0.00000e+00 0.00000e+00 0.00000e+00 0.00000e+00 0.00000e+00 0.00000e+00 
7.8 7.85 7.9 0.00000e+00 0.00000e+00 0.00000e+00 0.00000e+00 0.00000e+00 0.00000e+00 0.00000e+00 0.00000e+00 0.00000e+00 0.00000e+00 0.00000e+00 0.00000e+00 0.00000e+00 0.00000e+00 
7.9 7.95 8.0 0.00000e+00 0.00000e+00 0.00000e+00 0.00000e+00 0.00000e+00 0.00000e+00 0.00000e+00 0.00000e+00 0.00000e+00 0.00000e+00 0.00000e+00 0.00000e+00 0.00000e+00 0.00000e+00 
8.0 8.05 8.1 0.00000e+00 0.00000e+00 0.00000e+00 0.00000e+00 0.00000e+00 0.00000e+00 0.00000e+00 0.00000e+00 0.00000e+00 0.00000e+00 0.00000e+00 0.00000e+00 0.00000e+00 0.00000e+00 
8.1 8.15 8.2 0.00000e+00 0.00000e+00 0.00000e+00 0.00000e+00 0.00000e+00 0.00000e+00 0.00000e+00 0.00000e+00 0.00000e+00 0.00000e+00 0.00000e+00 0.00000e+00 0.00000e+00 0.00000e+00 
8.2 8.25 8.3 0.00000e+00 0.00000e+00 0.00000e+00 0.00000e+00 0.00000e+00 0.00000e+00 0.00000e+00 0.00000e+00 0.00000e+00 0.00000e+00 0.00000e+00 0.00000e+00 0.00000e+00 0.00000e+00 
8.3 8.35 8.4 0.00000e+00 0.00000e+00 0.00000e+00 0.00000e+00 0.00000e+00 0.00000e+00 0.00000e+00 0.00000e+00 0.00000e+00 0.00000e+00 0.00000e+00 0.00000e+00 0.00000e+00 0.00000e+00 
8.4 8.45 8.5 0.00000e+00 0.00000e+00 0.00000e+00 0.00000e+00 0.00000e+00 0.00000e+00 0.00000e+00 0.00000e+00 0.00000e+00 0.00000e+00 0.00000e+00 0.00000e+00 0.00000e+00 0.00000e+00 
8.5 8.55 8.6 0.00000e+00 0.00000e+00 0.00000e+00 0.00000e+00 0.00000e+00 0.00000e+00 0.00000e+00 0.00000e+00 0.00000e+00 0.00000e+00 0.00000e+00 0.00000e+00 0.00000e+00 0.00000e+00 
8.6 8.65 8.7 0.00000e+00 0.00000e+00 0.00000e+00 0.00000e+00 0.00000e+00 0.00000e+00 0.00000e+00 0.00000e+00 0.00000e+00 0.00000e+00 0.00000e+00 0.00000e+00 0.00000e+00 0.00000e+00 
8.7 8.75 8.8 0.00000e+00 0.00000e+00 0.00000e+00 0.00000e+00 0.00000e+00 0.00000e+00 0.00000e+00 0.00000e+00 0.00000e+00 0.00000e+00 0.00000e+00 0.00000e+00 0.00000e+00 0.00000e+00 
8.8 8.85 8.9 0.00000e+00 0.00000e+00 0.00000e+00 0.00000e+00 0.00000e+00 0.00000e+00 0.00000e+00 0.00000e+00 0.00000e+00 0.00000e+00 0.00000e+00 0.00000e+00 0.00000e+00 0.00000e+00 
8.9 8.95 9.0 0.00000e+00 0.00000e+00 0.00000e+00 0.00000e+00 0.00000e+00 0.00000e+00 0.00000e+00 0.00000e+00 0.00000e+00 0.00000e+00 0.00000e+00 0.00000e+00 0.00000e+00 0.00000e+00 
9.0 9.05 9.1 0.00000e+00 0.00000e+00 0.00000e+00 0.00000e+00 0.00000e+00 0.00000e+00 0.00000e+00 0.00000e+00 0.00000e+00 0.00000e+00 0.00000e+00 0.00000e+00 0.00000e+00 0.00000e+00 
9.1 9.15 9.2 0.00000e+00 0.00000e+00 0.00000e+00 0.00000e+00 0.00000e+00 0.00000e+00 0.00000e+00 0.00000e+00 0.00000e+00 0.00000e+00 0.00000e+00 0.00000e+00 0.00000e+00 0.00000e+00 
9.2 9.25 9.3 0.00000e+00 0.00000e+00 0.00000e+00 0.00000e+00 0.00000e+00 0.00000e+00 0.00000e+00 0.00000e+00 0.00000e+00 0.00000e+00 0.00000e+00 0.00000e+00 0.00000e+00 0.00000e+00 
9.3 9.35 9.4 0.00000e+00 0.00000e+00 0.00000e+00 0.00000e+00 0.00000e+00 0.00000e+00 0.00000e+00 0.00000e+00 0.00000e+00 0.00000e+00 0.00000e+00 0.00000e+00 0.00000e+00 0.00000e+00 
9.4 9.45 9.5 0.00000e+00 0.00000e+00 0.00000e+00 0.00000e+00 0.00000e+00 0.00000e+00 0.00000e+00 0.00000e+00 0.00000e+00 0.00000e+00 0.00000e+00 0.00000e+00 0.00000e+00 0.00000e+00 
9.5 9.55 9.6 0.00000e+00 0.00000e+00 0.00000e+00 0.00000e+00 0.00000e+00 0.00000e+00 0.00000e+00 0.00000e+00 0.00000e+00 0.00000e+00 0.00000e+00 0.00000e+00 0.00000e+00 0.00000e+00 
9.6 9.65 9.7 0.00000e+00 0.00000e+00 0.00000e+00 0.00000e+00 0.00000e+00 0.00000e+00 0.00000e+00 0.00000e+00 0.00000e+00 0.00000e+00 0.00000e+00 0.00000e+00 0.00000e+00 0.00000e+00 
9.7 9.75 9.8 0.00000e+00 0.00000e+00 0.00000e+00 0.00000e+00 0.00000e+00 0.00000e+00 0.00000e+00 0.00000e+00 0.00000e+00 0.00000e+00 0.00000e+00 0.00000e+00 0.00000e+00 0.00000e+00 
9.8 9.85 9.9 0.00000e+00 0.00000e+00 0.00000e+00 0.00000e+00 0.00000e+00 0.00000e+00 0.00000e+00 0.00000e+00 0.00000e+00 0.00000e+00 0.00000e+00 0.00000e+00 0.00000e+00 0.00000e+00 
9.9 9.95 10.0 0.00000e+00 0.00000e+00 0.00000e+00 0.00000e+00 0.00000e+00 0.00000e+00 0.00000e+00 0.00000e+00 0.00000e+00 0.00000e+00 0.00000e+00 0.00000e+00 0.00000e+00 0.00000e+00 
