-3.5 -3.45 -3.4 9.04252e+01 1.35939e+00 5.90366e+01 8.80483e-01 1.43986e+02 2.19085e+00 6.20837e+01 9.29257e-01 8.60051e+01 1.28833e+00 1.37266e+02 2.07478e+00 9.48810e+01 1.43594e+00 
-3.4 -3.35 -3.3 1.02559e+02 1.45615e+00 6.69969e+01 9.42633e-01 1.63203e+02 2.34889e+00 7.04256e+01 9.95359e-01 9.75850e+01 1.37931e+00 1.55656e+02 2.22262e+00 1.07563e+02 1.53936e+00 
-3.3 -3.25 -3.2 1.11293e+02 1.49693e+00 7.28758e+01 9.77858e-01 1.76589e+02 2.38601e+00 7.64562e+01 1.02251e+00 1.06105e+02 1.43202e+00 1.68824e+02 2.28698e+00 1.16450e+02 1.56252e+00 
-3.2 -3.15 -3.1 1.25172e+02 1.58564e+00 8.19407e+01 1.02846e+00 1.98691e+02 2.55314e+00 8.60211e+01 1.08422e+00 1.19260e+02 1.50449e+00 1.89797e+02 2.41932e+00 1.31079e+02 1.67398e+00 
-3.1 -3.05 -3.0 1.36734e+02 1.60203e+00 8.96488e+01 1.04085e+00 2.16623e+02 2.57286e+00 9.39780e+01 1.09559e+00 1.30462e+02 1.52223e+00 2.07296e+02 2.44389e+00 1.42930e+02 1.68698e+00 
-3.0 -2.95 -2.9 1.50300e+02 1.70253e+00 9.86399e+01 1.10359e+00 2.37820e+02 2.74400e+00 1.03355e+02 1.16556e+00 1.43477e+02 1.61263e+00 2.27725e+02 2.59391e+00 1.57018e+02 1.80206e+00 
-2.9 -2.85 -2.8 1.65024e+02 1.73262e+00 1.08421e+02 1.13063e+00 2.60825e+02 2.76761e+00 1.13509e+02 1.18586e+00 1.57664e+02 1.65242e+00 2.49954e+02 2.64057e+00 1.72260e+02 1.81681e+00 
-2.8 -2.75 -2.7 1.74841e+02 1.76440e+00 1.14939e+02 1.15288e+00 2.76100e+02 2.81259e+00 1.20308e+02 1.20781e+00 1.67078e+02 1.68462e+00 2.64701e+02 2.68847e+00 1.82434e+02 1.84662e+00 
-2.7 -2.65 -2.6 1.92791e+02 1.82890e+00 1.26900e+02 1.19702e+00 3.04000e+02 2.91187e+00 1.32713e+02 1.25261e+00 1.84393e+02 1.74833e+00 2.91735e+02 2.78506e+00 2.00971e+02 1.91315e+00 
-2.6 -2.55 -2.5 2.05440e+02 1.85491e+00 1.35309e+02 1.21729e+00 3.23694e+02 2.94057e+00 1.41491e+02 1.27115e+00 1.96514e+02 1.77693e+00 3.10688e+02 2.82267e+00 2.14122e+02 1.93339e+00 
-2.5 -2.45 -2.4 2.22966e+02 1.93211e+00 1.47041e+02 1.27115e+00 3.50756e+02 3.05365e+00 1.53568e+02 1.32341e+00 2.13545e+02 1.85644e+00 3.37177e+02 2.94194e+00 2.32036e+02 2.00649e+00 
-2.4 -2.35 -2.3 2.42192e+02 2.04707e+00 1.59869e+02 1.34459e+00 3.80572e+02 3.24345e+00 1.66809e+02 1.40179e+00 2.32177e+02 1.96409e+00 3.66254e+02 3.11797e+00 2.51759e+02 2.13033e+00 
-2.3 -2.25 -2.2 2.57403e+02 2.09455e+00 1.69983e+02 1.38012e+00 4.04250e+02 3.30418e+00 1.77382e+02 1.43495e+00 2.46734e+02 2.01522e+00 3.89001e+02 3.18856e+00 2.67602e+02 2.17163e+00 
-2.2 -2.15 -2.1 2.73162e+02 2.14967e+00 1.80429e+02 1.41205e+00 4.28900e+02 3.40567e+00 1.88303e+02 1.47328e+00 2.61811e+02 2.06098e+00 4.12653e+02 3.27090e+00 2.84032e+02 2.23930e+00 
-2.1 -2.05 -2.0 2.88228e+02 2.19953e+00 1.90590e+02 1.45106e+00 4.51952e+02 3.46599e+00 1.98741e+02 1.50737e+00 2.76486e+02 2.11816e+00 4.35279e+02 3.34708e+00 2.99393e+02 2.27896e+00 
-2.0 -1.95 -1.9 3.05876e+02 2.24590e+00 2.02426e+02 1.48240e+00 4.79149e+02 3.53563e+00 2.10947e+02 1.53989e+00 2.93605e+02 2.16281e+00 4.61834e+02 3.41564e+00 3.17478e+02 2.32599e+00 
-1.9 -1.85 -1.8 3.17953e+02 2.25806e+00 2.10515e+02 1.49235e+00 4.97739e+02 3.54901e+00 2.19348e+02 1.54862e+00 3.05212e+02 2.17649e+00 4.79832e+02 3.43254e+00 3.29959e+02 2.33588e+00 
-1.8 -1.75 -1.7 3.37477e+02 2.36599e+00 2.23591e+02 1.56495e+00 5.27927e+02 3.71523e+00 2.32855e+02 1.62218e+00 3.24148e+02 2.28342e+00 5.09245e+02 3.59851e+00 3.50013e+02 2.44418e+00 
-1.7 -1.65 -1.6 3.55035e+02 2.47531e+00 2.35403e+02 1.63392e+00 5.54874e+02 3.89999e+00 2.45020e+02 1.69572e+00 3.41202e+02 2.38577e+00 5.35607e+02 3.76864e+00 3.67971e+02 2.56261e+00 
-1.6 -1.55 -1.5 3.70103e+02 2.47688e+00 2.45522e+02 1.64264e+00 5.78060e+02 3.87695e+00 2.55463e+02 1.69788e+00 3.55810e+02 2.39730e+00 5.58226e+02 3.76810e+00 3.83427e+02 2.55002e+00 
-1.5 -1.45 -1.4 3.87668e+02 2.50176e+00 2.57278e+02 1.65729e+00 6.05208e+02 3.92181e+00 2.67619e+02 1.71595e+00 3.72803e+02 2.41720e+00 5.84636e+02 3.80312e+00 4.01493e+02 2.58134e+00 
-1.4 -1.35 -1.3 4.01134e+02 2.59150e+00 2.66225e+02 1.70519e+00 6.26326e+02 4.11101e+00 2.77000e+02 1.77708e+00 3.85651e+02 2.48728e+00 6.04721e+02 3.94072e+00 4.15658e+02 2.70424e+00 
-1.3 -1.25 -1.2 4.17781e+02 2.60666e+00 2.77304e+02 1.72769e+00 6.51800e+02 4.08193e+00 2.88531e+02 1.78856e+00 4.01811e+02 2.51980e+00 6.29721e+02 3.96082e+00 4.32629e+02 2.68787e+00 
-1.2 -1.15 -1.1 4.28795e+02 2.58837e+00 2.84930e+02 1.71836e+00 6.68384e+02 4.04603e+00 2.96194e+02 1.77645e+00 4.12618e+02 2.50464e+00 6.46169e+02 3.93182e+00 4.43743e+02 2.66497e+00 
-1.1 -1.05 -1.0 4.45091e+02 2.71922e+00 2.95777e+02 1.80530e+00 6.93760e+02 4.25173e+00 3.07451e+02 1.86506e+00 4.28328e+02 2.63329e+00 6.70732e+02 4.13395e+00 4.60591e+02 2.79856e+00 
-1.0 -0.95 -0.9 4.56777e+02 2.70352e+00 3.03763e+02 1.79637e+00 7.11340e+02 4.22184e+00 3.15600e+02 1.85508e+00 4.39789e+02 2.61903e+00 6.88144e+02 4.10793e+00 4.72403e+02 2.78016e+00 
-0.9 -0.85 -0.8 4.64253e+02 2.74548e+00 3.08837e+02 1.82424e+00 7.22689e+02 4.28731e+00 3.20736e+02 1.88393e+00 4.47176e+02 2.65963e+00 6.99483e+02 4.17152e+00 4.79886e+02 2.82348e+00 
-0.8 -0.75 -0.7 4.72152e+02 2.74941e+00 3.14093e+02 1.82499e+00 7.34982e+02 4.30032e+00 3.26283e+02 1.88677e+00 4.54660e+02 2.66042e+00 7.11145e+02 4.17709e+00 4.88212e+02 2.83213e+00 
-0.7 -0.65 -0.6 4.83977e+02 2.82662e+00 3.22002e+02 1.88103e+00 7.53288e+02 4.40745e+00 3.34518e+02 1.93920e+00 4.66020e+02 2.74289e+00 7.28788e+02 4.29595e+00 5.00487e+02 2.90158e+00 
-0.6 -0.55 -0.5 4.89335e+02 2.76299e+00 3.25804e+02 1.83974e+00 7.60947e+02 4.30349e+00 3.38220e+02 1.89641e+00 4.71529e+02 2.68152e+00 7.36863e+02 4.19689e+00 5.05577e+02 2.83484e+00 
-0.5 -0.45 -0.4 5.00772e+02 2.78691e+00 3.33391e+02 1.85431e+00 7.78802e+02 4.34415e+00 3.46089e+02 1.91315e+00 4.82558e+02 2.70227e+00 7.54182e+02 4.23231e+00 5.17372e+02 2.86224e+00 
-0.4 -0.35 -0.3 5.05105e+02 2.82390e+00 3.36424e+02 1.88069e+00 7.85105e+02 4.39694e+00 3.49127e+02 1.93848e+00 4.86890e+02 2.74087e+00 7.60590e+02 4.28864e+00 5.21643e+02 2.89702e+00 
-0.3 -0.25 -0.2 5.04350e+02 2.80426e+00 3.35802e+02 1.86792e+00 7.84307e+02 4.36596e+00 3.48612e+02 1.92459e+00 4.85981e+02 2.72285e+00 7.59440e+02 4.25997e+00 5.21122e+02 2.87584e+00 
-0.2 -0.15 -0.1 5.08939e+02 2.84946e+00 3.38902e+02 1.89499e+00 7.91323e+02 4.44660e+00 3.51824e+02 1.95556e+00 4.90408e+02 2.76225e+00 7.66240e+02 4.32877e+00 5.25855e+02 2.92863e+00 
-0.1 -0.05 0.0 5.14048e+02 2.88736e+00 3.42375e+02 1.92672e+00 7.98888e+02 4.48905e+00 3.55299e+02 1.98073e+00 4.95514e+02 2.80998e+00 7.74083e+02 4.38866e+00 5.30785e+02 2.95525e+00 
0.0 0.05 0.1 5.09964e+02 2.85569e+00 3.39721e+02 1.90446e+00 7.92520e+02 4.43924e+00 3.52504e+02 1.95900e+00 4.91637e+02 2.77737e+00 7.67862e+02 4.34055e+00 5.26604e+02 2.92246e+00 
0.1 0.15 0.2 5.13728e+02 2.85649e+00 3.42252e+02 1.90402e+00 7.98292e+02 4.44341e+00 3.55051e+02 1.96002e+00 4.95374e+02 2.77599e+00 7.73671e+02 4.34045e+00 5.30338e+02 2.92597e+00 
0.2 0.25 0.3 5.10624e+02 2.80684e+00 3.40090e+02 1.87051e+00 7.93716e+02 4.36630e+00 3.52947e+02 1.92666e+00 4.92185e+02 2.72613e+00 7.68885e+02 4.26306e+00 5.27373e+02 2.87652e+00 
0.3 0.35 0.4 5.05353e+02 2.83933e+00 3.36530e+02 1.88977e+00 7.85686e+02 4.42629e+00 3.49335e+02 1.94850e+00 4.86993e+02 2.75489e+00 7.60872e+02 4.31374e+00 5.22094e+02 2.91516e+00 
0.4 0.45 0.5 5.03417e+02 2.82729e+00 3.35213e+02 1.88385e+00 7.82761e+02 4.40008e+00 3.47879e+02 1.93983e+00 4.85249e+02 2.74682e+00 7.58268e+02 4.29646e+00 5.19932e+02 2.89721e+00 
0.5 0.55 0.6 4.97515e+02 2.80604e+00 3.31121e+02 1.86668e+00 7.74037e+02 4.37598e+00 3.43834e+02 1.92572e+00 4.79276e+02 2.72108e+00 7.49287e+02 4.26294e+00 5.14197e+02 2.88208e+00 
0.6 0.65 0.7 4.82605e+02 2.76313e+00 3.21193e+02 1.83856e+00 7.51598e+02 4.31427e+00 3.33522e+02 1.89608e+00 4.64916e+02 2.68035e+00 7.27639e+02 4.20580e+00 4.99269e+02 2.84098e+00 
0.7 0.75 0.8 4.77327e+02 2.76032e+00 3.17600e+02 1.83626e+00 7.42859e+02 4.30395e+00 3.29813e+02 1.89380e+00 4.59803e+02 2.67750e+00 7.19066e+02 4.19492e+00 4.93361e+02 2.83368e+00 
0.8 0.85 0.9 4.59959e+02 2.68680e+00 3.05955e+02 1.78751e+00 7.16074e+02 4.18883e+00 3.17809e+02 1.84362e+00 4.42949e+02 2.60610e+00 6.92907e+02 4.08247e+00 4.75567e+02 2.75848e+00 
0.9 0.95 1.0 4.52406e+02 2.70302e+00 3.00827e+02 1.79768e+00 7.04625e+02 4.21694e+00 3.12556e+02 1.85425e+00 4.35570e+02 2.62169e+00 6.81616e+02 4.10852e+00 4.67902e+02 2.77610e+00 
1.0 1.05 1.1 4.43666e+02 2.69629e+00 2.94896e+02 1.78904e+00 6.91688e+02 4.22414e+00 3.06468e+02 1.84972e+00 4.27051e+02 2.60886e+00 6.68862e+02 4.10189e+00 4.59211e+02 2.78075e+00 
1.1 1.15 1.2 4.30003e+02 2.60642e+00 2.85720e+02 1.73104e+00 6.70305e+02 4.07215e+00 2.97022e+02 1.78862e+00 4.13773e+02 2.52351e+00 6.48014e+02 3.95989e+00 4.45006e+02 2.68187e+00 
1.2 1.25 1.3 4.15363e+02 2.57401e+00 2.75906e+02 1.70898e+00 6.47731e+02 4.02303e+00 2.86879e+02 1.76589e+00 3.99601e+02 2.49203e+00 6.26027e+02 3.91199e+00 4.29962e+02 2.64860e+00 
1.3 1.35 1.4 4.05274e+02 2.61132e+00 2.69091e+02 1.72339e+00 6.32299e+02 4.11480e+00 2.79841e+02 1.79102e+00 3.89824e+02 2.51349e+00 6.11004e+02 3.96988e+00 4.19588e+02 2.70785e+00 
1.4 1.45 1.5 3.85745e+02 2.53491e+00 2.56020e+02 1.68114e+00 6.02156e+02 3.96800e+00 2.66305e+02 1.73792e+00 3.70960e+02 2.45311e+00 5.81697e+02 3.85566e+00 3.99493e+02 2.61037e+00 
1.5 1.55 1.6 3.70294e+02 2.43679e+00 2.45641e+02 1.61707e+00 5.78371e+02 3.81001e+00 2.55630e+02 1.67106e+00 3.55935e+02 2.35901e+00 5.58421e+02 3.70525e+00 3.83698e+02 2.50718e+00 
1.6 1.65 1.7 3.57075e+02 2.41384e+00 2.36736e+02 1.59724e+00 5.58114e+02 3.78894e+00 2.46409e+02 1.65515e+00 3.43161e+02 2.33025e+00 5.38734e+02 3.67080e+00 3.70086e+02 2.49287e+00 
1.7 1.75 1.8 3.34652e+02 2.35064e+00 2.21661e+02 1.54797e+00 5.23673e+02 3.71247e+00 2.30930e+02 1.61117e+00 3.21315e+02 2.25912e+00 5.04917e+02 3.57646e+00 3.47235e+02 2.44116e+00 
1.8 1.85 1.9 3.22811e+02 2.32244e+00 2.13672e+02 1.53201e+00 5.05562e+02 3.66068e+00 2.22683e+02 1.59205e+00 3.09837e+02 2.23563e+00 4.87251e+02 3.53294e+00 3.35084e+02 2.40763e+00 
1.9 1.95 2.0 3.02361e+02 2.24052e+00 2.00046e+02 1.47851e+00 4.73786e+02 3.52793e+00 2.08539e+02 1.53615e+00 2.90130e+02 2.15733e+00 4.56482e+02 3.40763e+00 3.13958e+02 2.32102e+00 
2.0 2.05 2.1 2.91229e+02 2.17164e+00 1.92547e+02 1.43119e+00 4.56727e+02 3.42573e+00 2.00806e+02 1.48866e+00 2.79329e+02 2.08849e+00 4.39822e+02 3.30350e+00 3.02547e+02 2.25308e+00 
2.1 2.15 2.2 2.73852e+02 2.13351e+00 1.81030e+02 1.40508e+00 4.29569e+02 3.36918e+00 1.88733e+02 1.46190e+00 2.62747e+02 2.05126e+00 4.13821e+02 3.24719e+00 2.84388e+02 2.21472e+00 
2.2 2.25 2.3 2.59951e+02 2.11373e+00 1.71781e+02 1.39371e+00 4.07637e+02 3.32317e+00 1.79139e+02 1.44789e+00 2.49344e+02 2.03540e+00 3.92850e+02 3.21831e+00 2.69856e+02 2.18413e+00 
2.3 2.35 2.4 2.36836e+02 1.94557e+00 1.56280e+02 1.27903e+00 3.72315e+02 3.07825e+00 1.63215e+02 1.33320e+00 2.26832e+02 1.86710e+00 3.57900e+02 2.96091e+00 2.46472e+02 2.02357e+00 
2.4 2.45 2.5 2.24930e+02 1.95361e+00 1.48349e+02 1.28456e+00 3.53816e+02 3.09017e+00 1.54919e+02 1.33808e+00 2.15446e+02 1.87608e+00 3.40153e+02 2.97479e+00 2.34054e+02 2.03038e+00 
2.5 2.55 2.6 2.05577e+02 1.83089e+00 1.35196e+02 1.19576e+00 3.23732e+02 2.90640e+00 1.41600e+02 1.25446e+00 1.96327e+02 1.74575e+00 3.10856e+02 2.78679e+00 2.14177e+02 1.91044e+00 
2.6 2.65 2.7 1.92957e+02 1.84234e+00 1.27029e+02 1.20752e+00 3.04194e+02 2.92598e+00 1.32825e+02 1.26108e+00 1.84584e+02 1.76463e+00 2.91993e+02 2.80748e+00 2.01096e+02 1.92096e+00 
2.7 2.75 2.8 1.77187e+02 1.77321e+00 1.16604e+02 1.15724e+00 2.79518e+02 2.83317e+00 1.21934e+02 1.21382e+00 1.69452e+02 1.69123e+00 2.68221e+02 2.70195e+00 1.84716e+02 1.86012e+00 
2.8 2.85 2.9 1.68731e+02 1.72722e+00 1.10679e+02 1.12620e+00 2.66776e+02 2.75688e+00 1.16069e+02 1.18217e+00 1.60930e+02 1.64592e+00 2.55541e+02 2.63230e+00 1.76211e+02 1.80983e+00 
2.9 2.95 3.0 1.49570e+02 1.64966e+00 9.81281e+01 1.07367e+00 2.36779e+02 2.64300e+00 1.02864e+02 1.12875e+00 1.42716e+02 1.56955e+00 2.26586e+02 2.51498e+00 1.56352e+02 1.73426e+00 
3.0 3.05 3.1 1.35024e+02 1.54079e+00 8.85907e+01 1.00579e+00 2.13733e+02 2.45957e+00 9.28367e+01 1.05459e+00 1.28879e+02 1.46999e+00 2.04614e+02 2.34813e+00 1.41092e+02 1.61475e+00 
3.1 3.15 3.2 1.24558e+02 1.57317e+00 8.15479e+01 1.01959e+00 1.97681e+02 2.53375e+00 8.55932e+01 1.07590e+00 1.18696e+02 1.49121e+00 1.88879e+02 2.39972e+00 1.30403e+02 1.66166e+00 
3.2 3.25 3.3 1.11460e+02 1.43401e+00 7.29816e+01 9.34722e-01 1.76863e+02 2.29259e+00 7.65759e+01 9.80389e-01 1.06251e+02 1.36756e+00 1.69064e+02 2.18839e+00 1.16638e+02 1.50285e+00 
3.3 3.35 3.4 1.02244e+02 1.47987e+00 6.68052e+01 9.55860e-01 1.62670e+02 2.39565e+00 7.01927e+01 1.01088e+00 9.73277e+01 1.39945e+00 1.55222e+02 2.26068e+00 1.07179e+02 1.56838e+00 
3.4 3.45 3.5 9.30611e+01 1.38129e+00 6.07459e+01 8.95206e-01 1.48227e+02 2.22485e+00 6.38841e+01 9.43945e-01 8.85077e+01 1.31023e+00 1.41293e+02 2.10900e+00 9.76578e+01 1.45759e+00 
