0.0 0.05 0.1 1.74635e+02 1.31267e+00 1.15049e+02 8.63223e-01 2.74665e+02 2.07156e+00 1.24897e+02 9.33950e-01 1.60893e+02 1.21347e+00 2.52196e+02 1.90762e+00 1.90239e+02 1.42580e+00 
0.1 0.15 0.2 1.84494e+02 1.35315e+00 1.21527e+02 8.89947e-01 2.90221e+02 2.13494e+00 1.31933e+02 9.62834e-01 1.69971e+02 1.25097e+00 2.66470e+02 1.96624e+00 2.00986e+02 1.46966e+00 
0.2 0.25 0.3 2.07992e+02 1.44452e+00 1.37021e+02 9.51614e-01 3.27130e+02 2.27393e+00 1.48699e+02 1.02765e+00 1.91691e+02 1.33790e+00 3.00502e+02 2.09952e+00 2.26477e+02 1.56495e+00 
0.3 0.35 0.4 2.36200e+02 1.52546e+00 1.55474e+02 1.00224e+00 3.71867e+02 2.40978e+00 1.68808e+02 1.08484e+00 2.17581e+02 1.40954e+00 3.41400e+02 2.21809e+00 2.57341e+02 1.65767e+00 
0.4 0.45 0.5 1.96440e+02 1.29814e+00 1.29377e+02 8.54621e-01 3.09072e+02 2.04563e+00 1.40432e+02 9.23560e-01 1.81006e+02 1.20144e+00 2.83832e+02 1.88663e+00 2.13959e+02 1.40786e+00 
0.5 0.55 0.6 1.72313e+02 1.18178e+00 1.13485e+02 7.78757e-01 2.71124e+02 1.86013e+00 1.23224e+02 8.41118e-01 1.58722e+02 1.09436e+00 2.48876e+02 1.71669e+00 1.87762e+02 1.28085e+00 
0.6 0.65 0.7 1.54598e+02 1.09936e+00 1.01874e+02 7.25651e-01 2.43099e+02 1.72675e+00 1.10569e+02 7.82599e-01 1.42465e+02 1.01957e+00 2.23257e+02 1.59659e+00 1.68380e+02 1.18932e+00 
0.7 0.75 0.8 1.39619e+02 1.04493e+00 9.19539e+01 6.88445e-01 2.19681e+02 1.64541e+00 9.98912e+01 7.44053e-01 1.28547e+02 9.67020e-01 2.01539e+02 1.51705e+00 1.52223e+02 1.13363e+00 
0.8 0.85 0.9 1.28512e+02 1.00303e+00 8.46848e+01 6.62352e-01 2.02086e+02 1.57460e+00 9.19522e+01 7.14334e-01 1.18376e+02 9.30235e-01 1.85487e+02 1.45594e+00 1.40046e+02 1.08509e+00 
0.9 0.95 1.0 1.22208e+02 9.89467e-01 8.04693e+01 6.52488e-01 1.92348e+02 1.55594e+00 8.74437e+01 7.04762e-01 1.12479e+02 9.16252e-01 1.76383e+02 1.43602e+00 1.33300e+02 1.07239e+00 
1.0 1.05 1.1 1.16133e+02 9.81274e-01 7.64490e+01 6.45994e-01 1.82846e+02 1.54650e+00 8.30911e+01 6.98793e-01 1.06866e+02 9.07289e-01 1.67627e+02 1.42446e+00 1.26705e+02 1.06560e+00 
1.1 1.15 1.2 1.08512e+02 9.58045e-01 7.14201e+01 6.30849e-01 1.70881e+02 1.50913e+00 7.76570e+01 6.82281e-01 9.98137e+01 8.85999e-01 1.56584e+02 1.39067e+00 1.18447e+02 1.03993e+00 
1.2 1.25 1.3 1.01555e+02 9.18816e-01 6.68277e+01 6.04963e-01 1.59964e+02 1.44745e+00 7.26806e+01 6.54484e-01 9.33919e+01 8.49457e-01 1.46537e+02 1.33337e+00 1.10885e+02 9.97696e-01 
1.3 1.35 1.4 9.89080e+01 9.31973e-01 6.50608e+01 6.13252e-01 1.55868e+02 1.46920e+00 7.07844e+01 6.63847e-01 9.09255e+01 8.61128e-01 1.42723e+02 1.35250e+00 1.08043e+02 1.01269e+00 
1.4 1.45 1.5 9.43747e+01 9.00731e-01 6.20357e+01 5.91830e-01 1.48850e+02 1.42263e+00 6.75478e+01 6.41666e-01 8.66871e+01 8.30924e-01 1.36162e+02 1.30697e+00 1.03191e+02 9.80686e-01 
1.5 1.55 1.6 9.04903e+01 9.00699e-01 5.94769e+01 5.91804e-01 1.42738e+02 1.42245e+00 6.47539e+01 6.41412e-01 8.31293e+01 8.31199e-01 1.30591e+02 1.30749e+00 9.89294e+01 9.80159e-01 
1.6 1.65 1.7 8.46383e+01 8.71181e-01 5.56035e+01 5.72147e-01 1.33582e+02 1.37650e+00 6.05778e+01 6.20476e-01 7.77008e+01 8.03479e-01 1.22118e+02 1.26444e+00 9.26049e+01 9.48641e-01 
1.7 1.75 1.8 8.17932e+01 9.04119e-01 5.36666e+01 5.91323e-01 1.29322e+02 1.43681e+00 5.85252e+01 6.43418e-01 7.50143e+01 8.31035e-01 1.18086e+02 1.31402e+00 8.95990e+01 9.88795e-01 
1.8 1.85 1.9 7.66532e+01 8.41471e-01 5.02970e+01 5.51350e-01 1.21152e+02 1.33322e+00 5.48637e+01 5.99493e-01 7.02836e+01 7.74033e-01 1.10593e+02 1.22086e+00 8.39890e+01 9.19134e-01 
1.9 1.95 2.0 7.31992e+01 8.28289e-01 4.79867e+01 5.41752e-01 1.15820e+02 1.31519e+00 5.23766e+01 5.89900e-01 6.70741e+01 7.60824e-01 1.05646e+02 1.20224e+00 8.02646e+01 9.06334e-01 
2.0 2.05 2.1 6.96565e+01 8.13323e-01 4.56277e+01 5.31623e-01 1.10317e+02 1.29232e+00 4.98424e+01 5.79339e-01 6.37755e+01 7.46464e-01 1.00531e+02 1.18027e+00 7.64529e+01 8.90755e-01 
2.1 2.15 2.2 6.48434e+01 8.01085e-01 4.24357e+01 5.22967e-01 1.02810e+02 1.27485e+00 4.63978e+01 5.70289e-01 5.93146e+01 7.34729e-01 9.35859e+01 1.16334e+00 7.12485e+01 8.78065e-01 
2.2 2.25 2.3 6.20505e+01 7.81475e-01 4.05847e+01 5.09674e-01 9.84479e+01 1.24521e+00 4.43825e+01 5.56326e-01 5.67487e+01 7.16056e-01 8.95954e+01 1.13485e+00 6.81944e+01 8.57656e-01 
2.3 2.35 2.4 5.99337e+01 7.87097e-01 3.91592e+01 5.12272e-01 9.52091e+01 1.25734e+00 4.28691e+01 5.60332e-01 5.47544e+01 7.19702e-01 8.65371e+01 1.14301e+00 6.59520e+01 8.66012e-01 
2.4 2.45 2.5 5.69298e+01 7.93309e-01 3.71622e+01 5.14384e-01 9.05400e+01 1.27338e+00 4.07134e+01 5.64624e-01 5.19709e+01 7.22818e-01 8.22167e+01 1.15235e+00 6.27042e+01 8.76787e-01 
2.5 2.55 2.6 5.39092e+01 7.49458e-01 3.51855e+01 4.88111e-01 8.57448e+01 1.19593e+00 3.85424e+01 5.33363e-01 4.92203e+01 6.85992e-01 7.78806e+01 1.08877e+00 5.93636e+01 8.23419e-01 
2.6 2.65 2.7 4.95772e+01 7.20558e-01 3.23376e+01 4.68692e-01 7.89109e+01 1.15143e+00 3.54518e+01 5.13067e-01 4.52282e+01 6.58366e-01 7.16061e+01 1.04614e+00 5.46448e+01 7.93296e-01 
2.7 2.75 2.8 4.72092e+01 7.11204e-01 3.07653e+01 4.62520e-01 7.52282e+01 1.13697e+00 3.37316e+01 5.05983e-01 4.30627e+01 6.50212e-01 6.82508e+01 1.03358e+00 5.20439e+01 7.82515e-01 
2.8 2.85 2.9 4.38947e+01 6.85827e-01 2.85781e+01 4.45573e-01 7.00232e+01 1.09763e+00 3.13706e+01 4.88190e-01 3.99920e+01 6.26063e-01 6.34411e+01 9.96052e-01 4.84567e+01 7.55945e-01 
2.9 2.95 3.0 4.18434e+01 6.92344e-01 2.72131e+01 4.48561e-01 6.68368e+01 1.11165e+00 2.98933e+01 4.92595e-01 3.80958e+01 6.30552e-01 6.05035e+01 1.00610e+00 4.62303e+01 7.65141e-01 
3.0 3.05 3.1 3.84274e+01 6.81252e-01 2.49724e+01 4.40350e-01 6.15433e+01 1.09990e+00 2.74481e+01 4.84670e-01 3.49650e+01 6.19038e-01 5.55753e+01 9.90033e-01 4.25582e+01 7.56935e-01 
3.1 3.15 3.2 3.52387e+01 6.50279e-01 2.28747e+01 4.20415e-01 5.64142e+01 1.04733e+00 2.51642e+01 4.62536e-01 3.20356e+01 5.91128e-01 5.09787e+01 9.45270e-01 3.90008e+01 7.20595e-01 
3.2 3.25 3.3 3.29050e+01 6.34223e-01 2.13485e+01 4.10747e-01 5.27108e+01 1.01892e+00 2.34883e+01 4.51010e-01 2.99101e+01 5.77680e-01 4.76256e+01 9.22196e-01 3.64231e+01 7.00870e-01 
3.3 3.35 3.4 3.10929e+01 6.43387e-01 2.01467e+01 4.15207e-01 4.98860e+01 1.03817e+00 2.21793e+01 4.57273e-01 2.82457e+01 5.84266e-01 4.50398e+01 9.36133e-01 3.44423e+01 7.13624e-01 
3.4 3.45 3.5 2.82603e+01 6.14536e-01 1.83014e+01 3.96062e-01 4.53685e+01 9.93369e-01 2.01586e+01 4.36873e-01 2.56587e+01 5.57183e-01 4.09367e+01 8.93880e-01 3.13229e+01 6.83024e-01 
3.5 3.55 3.6 2.62145e+01 6.13792e-01 1.69508e+01 3.95305e-01 4.21634e+01 9.92837e-01 1.86865e+01 4.36174e-01 2.37813e+01 5.56358e-01 3.80045e+01 8.93227e-01 2.90862e+01 6.82375e-01 
3.6 3.65 3.7 2.20744e+01 5.46388e-01 1.42644e+01 3.52515e-01 3.55306e+01 8.81709e-01 1.57374e+01 3.88448e-01 2.00097e+01 4.95899e-01 3.19971e+01 7.94707e-01 2.45143e+01 6.06294e-01 
3.7 3.75 3.8 2.05667e+01 5.56314e-01 1.32719e+01 3.58405e-01 3.31566e+01 8.99140e-01 1.46526e+01 3.95154e-01 1.86297e+01 5.04623e-01 2.98356e+01 8.09998e-01 2.28577e+01 6.17617e-01 
3.8 3.85 3.9 1.77466e+01 5.44003e-01 1.14343e+01 3.48702e-01 2.86624e+01 8.84671e-01 1.26412e+01 3.86800e-01 1.60532e+01 4.90503e-01 2.57500e+01 7.91107e-01 1.97555e+01 6.08488e-01 
3.9 3.95 4.0 1.51566e+01 5.04387e-01 9.76644e+00 3.23709e-01 2.44769e+01 8.19240e-01 1.07859e+01 3.58186e-01 1.37247e+01 4.55883e-01 2.20171e+01 7.34588e-01 1.68511e+01 5.62585e-01 
4.0 4.05 4.1 1.28509e+01 4.79036e-01 8.25099e+00 3.06654e-01 2.08415e+01 7.80118e-01 9.13846e+00 3.40030e-01 1.16032e+01 4.32050e-01 1.86839e+01 6.98035e-01 1.43355e+01 5.35424e-01 
4.1 4.15 4.2 1.14489e+01 4.82943e-01 7.34913e+00 3.08334e-01 1.85759e+01 7.89330e-01 8.13725e+00 3.42305e-01 1.03403e+01 4.35013e-01 1.66562e+01 7.04979e-01 1.27689e+01 5.40722e-01 
4.2 4.25 4.3 9.40674e+00 4.33165e-01 6.04568e+00 2.78321e-01 1.52402e+01 7.02309e-01 6.67917e+00 3.07016e-01 8.51478e+00 3.92699e-01 1.37014e+01 6.32317e-01 1.04636e+01 4.81146e-01 
4.3 4.35 4.4 7.65593e+00 4.12996e-01 4.90446e+00 2.63424e-01 1.24513e+01 6.75584e-01 5.43568e+00 2.92770e-01 6.90789e+00 3.71611e-01 1.11521e+01 6.02758e-01 8.54818e+00 4.62910e-01 
4.4 4.45 4.5 5.79277e+00 3.73844e-01 3.70649e+00 2.39164e-01 9.43440e+00 6.09183e-01 4.10386e+00 2.64412e-01 5.23200e+00 3.38161e-01 8.46041e+00 5.47109e-01 6.45989e+00 4.16284e-01 
4.5 4.55 4.6 3.85118e+00 2.94716e-01 2.46784e+00 1.88724e-01 6.26135e+00 4.79713e-01 2.72882e+00 2.08595e-01 3.48289e+00 2.66643e-01 5.62345e+00 4.30929e-01 4.28809e+00 3.28083e-01 
4.6 4.65 4.7 3.24821e+00 2.84213e-01 2.07802e+00 1.81959e-01 5.29132e+00 4.62737e-01 2.30045e+00 2.01099e-01 2.93421e+00 2.57179e-01 4.74579e+00 4.15734e-01 3.62173e+00 3.16377e-01 
4.7 4.75 4.8 1.64022e+00 1.99643e-01 1.04767e+00 1.27659e-01 2.67710e+00 3.25527e-01 1.16134e+00 1.41305e-01 1.47968e+00 1.80365e-01 2.39714e+00 2.91905e-01 1.83179e+00 2.22642e-01 
4.8 4.85 4.9 8.10105e-01 1.63595e-01 5.17713e-01 1.04651e-01 1.32154e+00 2.66674e-01 5.73084e-01 1.15802e-01 7.31842e-01 1.47846e-01 1.18521e+00 2.39168e-01 9.03300e-01 1.82418e-01 
4.9 4.95 5.0 3.73874e-01 9.83785e-02 2.39210e-01 6.29781e-02 6.09070e-01 1.60186e-01 2.64256e-01 6.95274e-02 3.87931e-01 9.49170e-02 6.29635e-01 1.53841e-01 4.15869e-01 1.09359e-01 
5.0 5.05 5.1 0.00000e+00 0.00000e+00 0.00000e+00 0.00000e+00 0.00000e+00 0.00000e+00 0.00000e+00 0.00000e+00 0.00000e+00 0.00000e+00 0.00000e+00 0.00000e+00 0.00000e+00 0.00000e+00 
5.1 5.15 5.2 0.00000e+00 0.00000e+00 0.00000e+00 0.00000e+00 0.00000e+00 0.00000e+00 0.00000e+00 0.00000e+00 0.00000e+00 0.00000e+00 0.00000e+00 0.00000e+00 0.00000e+00 0.00000e+00 
5.2 5.25 5.3 0.00000e+00 0.00000e+00 0.00000e+00 0.00000e+00 0.00000e+00 0.00000e+00 0.00000e+00 0.00000e+00 0.00000e+00 0.00000e+00 0.00000e+00 0.00000e+00 0.00000e+00 0.00000e+00 
5.3 5.35 5.4 0.00000e+00 0.00000e+00 0.00000e+00 0.00000e+00 0.00000e+00 0.00000e+00 0.00000e+00 0.00000e+00 0.00000e+00 0.00000e+00 0.00000e+00 0.00000e+00 0.00000e+00 0.00000e+00 
5.4 5.45 5.5 0.00000e+00 0.00000e+00 0.00000e+00 0.00000e+00 0.00000e+00 0.00000e+00 0.00000e+00 0.00000e+00 0.00000e+00 0.00000e+00 0.00000e+00 0.00000e+00 0.00000e+00 0.00000e+00 
5.5 5.55 5.6 0.00000e+00 0.00000e+00 0.00000e+00 0.00000e+00 0.00000e+00 0.00000e+00 0.00000e+00 0.00000e+00 0.00000e+00 0.00000e+00 0.00000e+00 0.00000e+00 0.00000e+00 0.00000e+00 
5.6 5.65 5.7 0.00000e+00 0.00000e+00 0.00000e+00 0.00000e+00 0.00000e+00 0.00000e+00 0.00000e+00 0.00000e+00 0.00000e+00 0.00000e+00 0.00000e+00 0.00000e+00 0.00000e+00 0.00000e+00 
5.7 5.75 5.8 0.00000e+00 0.00000e+00 0.00000e+00 0.00000e+00 0.00000e+00 0.00000e+00 0.00000e+00 0.00000e+00 0.00000e+00 0.00000e+00 0.00000e+00 0.00000e+00 0.00000e+00 0.00000e+00 
5.8 5.85 5.9 0.00000e+00 0.00000e+00 0.00000e+00 0.00000e+00 0.00000e+00 0.00000e+00 0.00000e+00 0.00000e+00 0.00000e+00 0.00000e+00 0.00000e+00 0.00000e+00 0.00000e+00 0.00000e+00 
5.9 5.95 6.0 0.00000e+00 0.00000e+00 0.00000e+00 0.00000e+00 0.00000e+00 0.00000e+00 0.00000e+00 0.00000e+00 0.00000e+00 0.00000e+00 0.00000e+00 0.00000e+00 0.00000e+00 0.00000e+00 
6.0 6.05 6.1 0.00000e+00 0.00000e+00 0.00000e+00 0.00000e+00 0.00000e+00 0.00000e+00 0.00000e+00 0.00000e+00 0.00000e+00 0.00000e+00 0.00000e+00 0.00000e+00 0.00000e+00 0.00000e+00 
6.1 6.15 6.2 0.00000e+00 0.00000e+00 0.00000e+00 0.00000e+00 0.00000e+00 0.00000e+00 0.00000e+00 0.00000e+00 0.00000e+00 0.00000e+00 0.00000e+00 0.00000e+00 0.00000e+00 0.00000e+00 
6.2 6.25 6.3 0.00000e+00 0.00000e+00 0.00000e+00 0.00000e+00 0.00000e+00 0.00000e+00 0.00000e+00 0.00000e+00 0.00000e+00 0.00000e+00 0.00000e+00 0.00000e+00 0.00000e+00 0.00000e+00 
6.3 6.35 6.4 0.00000e+00 0.00000e+00 0.00000e+00 0.00000e+00 0.00000e+00 0.00000e+00 0.00000e+00 0.00000e+00 0.00000e+00 0.00000e+00 0.00000e+00 0.00000e+00 0.00000e+00 0.00000e+00 
6.4 6.45 6.5 0.00000e+00 0.00000e+00 0.00000e+00 0.00000e+00 0.00000e+00 0.00000e+00 0.00000e+00 0.00000e+00 0.00000e+00 0.00000e+00 0.00000e+00 0.00000e+00 0.00000e+00 0.00000e+00 
6.5 6.55 6.6 0.00000e+00 0.00000e+00 0.00000e+00 0.00000e+00 0.00000e+00 0.00000e+00 0.00000e+00 0.00000e+00 0.00000e+00 0.00000e+00 0.00000e+00 0.00000e+00 0.00000e+00 0.00000e+00 
6.6 6.65 6.7 0.00000e+00 0.00000e+00 0.00000e+00 0.00000e+00 0.00000e+00 0.00000e+00 0.00000e+00 0.00000e+00 0.00000e+00 0.00000e+00 0.00000e+00 0.00000e+00 0.00000e+00 0.00000e+00 
6.7 6.75 6.8 0.00000e+00 0.00000e+00 0.00000e+00 0.00000e+00 0.00000e+00 0.00000e+00 0.00000e+00 0.00000e+00 0.00000e+00 0.00000e+00 0.00000e+00 0.00000e+00 0.00000e+00 0.00000e+00 
6.8 6.85 6.9 0.00000e+00 0.00000e+00 0.00000e+00 0.00000e+00 0.00000e+00 0.00000e+00 0.00000e+00 0.00000e+00 0.00000e+00 0.00000e+00 0.00000e+00 0.00000e+00 0.00000e+00 0.00000e+00 
6.9 6.95 7.0 0.00000e+00 0.00000e+00 0.00000e+00 0.00000e+00 0.00000e+00 0.00000e+00 0.00000e+00 0.00000e+00 0.00000e+00 0.00000e+00 0.00000e+00 0.00000e+00 0.00000e+00 0.00000e+00 
7.0 7.05 7.1 0.00000e+00 0.00000e+00 0.00000e+00 0.00000e+00 0.00000e+00 0.00000e+00 0.00000e+00 0.00000e+00 0.00000e+00 0.00000e+00 0.00000e+00 0.00000e+00 0.00000e+00 0.00000e+00 
7.1 7.15 7.2 0.00000e+00 0.00000e+00 0.00000e+00 0.00000e+00 0.00000e+00 0.00000e+00 0.00000e+00 0.00000e+00 0.00000e+00 0.00000e+00 0.00000e+00 0.00000e+00 0.00000e+00 0.00000e+00 
7.2 7.25 7.3 0.00000e+00 0.00000e+00 0.00000e+00 0.00000e+00 0.00000e+00 0.00000e+00 0.00000e+00 0.00000e+00 0.00000e+00 0.00000e+00 0.00000e+00 0.00000e+00 0.00000e+00 0.00000e+00 
7.3 7.35 7.4 0.00000e+00 0.00000e+00 0.00000e+00 0.00000e+00 0.00000e+00 0.00000e+00 0.00000e+00 0.00000e+00 0.00000e+00 0.00000e+00 0.00000e+00 0.00000e+00 0.00000e+00 0.00000e+00 
7.4 7.45 7.5 0.00000e+00 0.00000e+00 0.00000e+00 0.00000e+00 0.00000e+00 0.00000e+00 0.00000e+00 0.00000e+00 0.00000e+00 0.00000e+00 0.00000e+00 0.00000e+00 0.00000e+00 0.00000e+00 
7.5 7.55 7.6 0.00000e+00 0.00000e+00 0.00000e+00 0.00000e+00 0.00000e+00 0.00000e+00 0.00000e+00 0.00000e+00 0.00000e+00 0.00000e+00 0.00000e+00 0.00000e+00 0.00000e+00 0.00000e+00 
7.6 7.65 7.7 0.00000e+00 0.00000e+00 0.00000e+00 0.00000e+00 0.00000e+00 0.00000e+00 0.00000e+00 0.00000e+00 0.00000e+00 0.00000e+00 0.00000e+00 0.00000e+00 0.00000e+00 0.00000e+00 
7.7 7.75 7.8 0.00000e+00 0.00000e+00 0.00000e+00 0.00000e+00 0.00000e+00 0.00000e+00 0.00000e+00 0.00000e+00 0.00000e+00 0.00000e+00 0.00000e+00 0.00000e+00 0.00000e+00 0.00000e+00 
7.8 7.85 7.9 0.00000e+00 0.00000e+00 0.00000e+00 0.00000e+00 0.00000e+00 0.00000e+00 0.00000e+00 0.00000e+00 0.00000e+00 0.00000e+00 0.00000e+00 0.00000e+00 0.00000e+00 0.00000e+00 
7.9 7.95 8.0 0.00000e+00 0.00000e+00 0.00000e+00 0.00000e+00 0.00000e+00 0.00000e+00 0.00000e+00 0.00000e+00 0.00000e+00 0.00000e+00 0.00000e+00 0.00000e+00 0.00000e+00 0.00000e+00 
8.0 8.05 8.1 0.00000e+00 0.00000e+00 0.00000e+00 0.00000e+00 0.00000e+00 0.00000e+00 0.00000e+00 0.00000e+00 0.00000e+00 0.00000e+00 0.00000e+00 0.00000e+00 0.00000e+00 0.00000e+00 
8.1 8.15 8.2 0.00000e+00 0.00000e+00 0.00000e+00 0.00000e+00 0.00000e+00 0.00000e+00 0.00000e+00 0.00000e+00 0.00000e+00 0.00000e+00 0.00000e+00 0.00000e+00 0.00000e+00 0.00000e+00 
8.2 8.25 8.3 0.00000e+00 0.00000e+00 0.00000e+00 0.00000e+00 0.00000e+00 0.00000e+00 0.00000e+00 0.00000e+00 0.00000e+00 0.00000e+00 0.00000e+00 0.00000e+00 0.00000e+00 0.00000e+00 
8.3 8.35 8.4 0.00000e+00 0.00000e+00 0.00000e+00 0.00000e+00 0.00000e+00 0.00000e+00 0.00000e+00 0.00000e+00 0.00000e+00 0.00000e+00 0.00000e+00 0.00000e+00 0.00000e+00 0.00000e+00 
8.4 8.45 8.5 0.00000e+00 0.00000e+00 0.00000e+00 0.00000e+00 0.00000e+00 0.00000e+00 0.00000e+00 0.00000e+00 0.00000e+00 0.00000e+00 0.00000e+00 0.00000e+00 0.00000e+00 0.00000e+00 
8.5 8.55 8.6 0.00000e+00 0.00000e+00 0.00000e+00 0.00000e+00 0.00000e+00 0.00000e+00 0.00000e+00 0.00000e+00 0.00000e+00 0.00000e+00 0.00000e+00 0.00000e+00 0.00000e+00 0.00000e+00 
8.6 8.65 8.7 0.00000e+00 0.00000e+00 0.00000e+00 0.00000e+00 0.00000e+00 0.00000e+00 0.00000e+00 0.00000e+00 0.00000e+00 0.00000e+00 0.00000e+00 0.00000e+00 0.00000e+00 0.00000e+00 
8.7 8.75 8.8 0.00000e+00 0.00000e+00 0.00000e+00 0.00000e+00 0.00000e+00 0.00000e+00 0.00000e+00 0.00000e+00 0.00000e+00 0.00000e+00 0.00000e+00 0.00000e+00 0.00000e+00 0.00000e+00 
8.8 8.85 8.9 0.00000e+00 0.00000e+00 0.00000e+00 0.00000e+00 0.00000e+00 0.00000e+00 0.00000e+00 0.00000e+00 0.00000e+00 0.00000e+00 0.00000e+00 0.00000e+00 0.00000e+00 0.00000e+00 
8.9 8.95 9.0 0.00000e+00 0.00000e+00 0.00000e+00 0.00000e+00 0.00000e+00 0.00000e+00 0.00000e+00 0.00000e+00 0.00000e+00 0.00000e+00 0.00000e+00 0.00000e+00 0.00000e+00 0.00000e+00 
9.0 9.05 9.1 0.00000e+00 0.00000e+00 0.00000e+00 0.00000e+00 0.00000e+00 0.00000e+00 0.00000e+00 0.00000e+00 0.00000e+00 0.00000e+00 0.00000e+00 0.00000e+00 0.00000e+00 0.00000e+00 
9.1 9.15 9.2 0.00000e+00 0.00000e+00 0.00000e+00 0.00000e+00 0.00000e+00 0.00000e+00 0.00000e+00 0.00000e+00 0.00000e+00 0.00000e+00 0.00000e+00 0.00000e+00 0.00000e+00 0.00000e+00 
9.2 9.25 9.3 0.00000e+00 0.00000e+00 0.00000e+00 0.00000e+00 0.00000e+00 0.00000e+00 0.00000e+00 0.00000e+00 0.00000e+00 0.00000e+00 0.00000e+00 0.00000e+00 0.00000e+00 0.00000e+00 
9.3 9.35 9.4 0.00000e+00 0.00000e+00 0.00000e+00 0.00000e+00 0.00000e+00 0.00000e+00 0.00000e+00 0.00000e+00 0.00000e+00 0.00000e+00 0.00000e+00 0.00000e+00 0.00000e+00 0.00000e+00 
9.4 9.45 9.5 0.00000e+00 0.00000e+00 0.00000e+00 0.00000e+00 0.00000e+00 0.00000e+00 0.00000e+00 0.00000e+00 0.00000e+00 0.00000e+00 0.00000e+00 0.00000e+00 0.00000e+00 0.00000e+00 
9.5 9.55 9.6 0.00000e+00 0.00000e+00 0.00000e+00 0.00000e+00 0.00000e+00 0.00000e+00 0.00000e+00 0.00000e+00 0.00000e+00 0.00000e+00 0.00000e+00 0.00000e+00 0.00000e+00 0.00000e+00 
9.6 9.65 9.7 0.00000e+00 0.00000e+00 0.00000e+00 0.00000e+00 0.00000e+00 0.00000e+00 0.00000e+00 0.00000e+00 0.00000e+00 0.00000e+00 0.00000e+00 0.00000e+00 0.00000e+00 0.00000e+00 
9.7 9.75 9.8 0.00000e+00 0.00000e+00 0.00000e+00 0.00000e+00 0.00000e+00 0.00000e+00 0.00000e+00 0.00000e+00 0.00000e+00 0.00000e+00 0.00000e+00 0.00000e+00 0.00000e+00 0.00000e+00 
9.8 9.85 9.9 0.00000e+00 0.00000e+00 0.00000e+00 0.00000e+00 0.00000e+00 0.00000e+00 0.00000e+00 0.00000e+00 0.00000e+00 0.00000e+00 0.00000e+00 0.00000e+00 0.00000e+00 0.00000e+00 
9.9 9.95 10.0 0.00000e+00 0.00000e+00 0.00000e+00 0.00000e+00 0.00000e+00 0.00000e+00 0.00000e+00 0.00000e+00 0.00000e+00 0.00000e+00 0.00000e+00 0.00000e+00 0.00000e+00 0.00000e+00 
