0.0 0.065449846958 0.13089969392 1.97160e+02 1.25132e+00 1.29619e+02 8.20857e-01 3.10902e+02 1.98031e+00 1.40552e+02 8.88409e-01 1.81851e+02 1.15634e+00 2.85834e+02 1.82309e+00 2.14496e+02 1.35950e+00 
0.13089969392 0.19634954088 0.26179938783 2.07787e+02 1.31961e+00 1.36593e+02 8.65479e-01 3.27575e+02 2.08793e+00 1.48144e+02 9.37219e-01 1.91672e+02 1.21943e+00 3.01199e+02 1.92180e+00 2.26032e+02 1.43401e+00 
0.26179938783 0.32724923479 0.39269908175 2.45692e+02 1.49957e+00 1.61555e+02 9.84145e-01 3.87322e+02 2.37213e+00 1.75223e+02 1.06533e+00 2.26562e+02 1.38552e+00 3.56011e+02 2.18313e+00 2.67358e+02 1.62976e+00 
0.39269908175 0.45814892871 0.52359877567 1.98504e+02 1.27410e+00 1.30535e+02 8.36601e-01 3.12924e+02 2.01453e+00 1.41566e+02 9.05132e-01 1.83065e+02 1.17781e+00 2.87643e+02 1.85490e+00 2.15996e+02 1.38403e+00 
0.52359877567 0.58904862263 0.65449846958 1.59624e+02 1.11219e+00 1.04965e+02 7.30807e-01 2.51648e+02 1.75681e+00 1.13853e+02 7.90307e-01 1.47186e+02 1.02861e+00 2.31267e+02 1.61867e+00 1.73727e+02 1.20736e+00 
0.65449846958 0.71994831654 0.7853981635 1.35704e+02 1.01886e+00 8.92476e+01 6.69808e-01 2.13912e+02 1.60826e+00 9.68154e+01 7.24200e-01 1.25114e+02 9.42481e-01 1.96552e+02 1.48234e+00 1.47719e+02 1.10565e+00 
0.7853981635 0.85084801046 0.91629785742 1.18032e+02 9.41159e-01 7.76399e+01 6.18943e-01 1.86013e+02 1.48490e+00 8.42147e+01 6.69082e-01 1.08831e+02 8.70772e-01 1.70936e+02 1.36900e+00 1.28466e+02 1.02106e+00 
0.91629785742 0.98174770438 1.0471975513 1.04162e+02 8.87106e-01 6.85072e+01 5.82809e-01 1.64183e+02 1.40144e+00 7.43424e+01 6.30987e-01 9.59985e+01 8.19491e-01 1.50790e+02 1.28954e+00 1.13434e+02 9.64282e-01 
1.0471975513 1.1126473983 1.1780972453 9.22710e+01 8.23518e-01 6.06722e+01 5.40504e-01 1.45485e+02 1.30274e+00 6.58777e+01 5.86012e-01 8.49900e+01 7.59665e-01 1.33520e+02 1.19647e+00 1.00556e+02 8.96822e-01 
1.1780972453 1.2435470922 1.3089969392 8.06400e+01 7.56355e-01 5.30340e+01 4.97059e-01 1.27113e+02 1.19430e+00 5.75924e+01 5.38443e-01 7.42657e+01 6.98317e-01 1.16643e+02 1.09833e+00 8.78928e+01 8.22596e-01 
1.3089969392 1.3744467861 1.4398966331 7.16898e+01 7.01463e-01 4.71835e+01 4.61527e-01 1.12906e+02 1.10603e+00 5.12198e+01 4.99603e-01 6.60476e+01 6.48095e-01 1.03648e+02 1.01804e+00 7.81058e+01 7.62242e-01 
1.4398966331 1.50534648 1.570796327 6.25667e+01 6.40678e-01 4.11801e+01 4.21818e-01 9.85317e+01 1.00925e+00 4.47248e+01 4.56653e-01 5.76137e+01 5.91889e-01 9.04002e+01 9.28973e-01 6.82042e+01 6.96175e-01 
1.570796327 1.636246174 1.7016960209 5.61719e+01 6.12549e-01 3.69677e+01 4.02542e-01 8.84720e+01 9.67239e-01 4.01620e+01 4.36686e-01 5.17090e+01 5.64721e-01 8.11392e+01 8.87983e-01 6.12562e+01 6.67329e-01 
1.7016960209 1.7671458679 1.8325957148 5.00052e+01 5.76004e-01 3.29226e+01 3.78881e-01 7.87222e+01 9.08369e-01 3.57688e+01 4.10886e-01 4.60303e+01 5.31201e-01 7.21923e+01 8.34371e-01 5.45349e+01 6.27192e-01 
1.8325957148 1.8980455618 1.9634954088 4.39051e+01 5.32564e-01 2.89273e+01 3.50355e-01 6.90604e+01 8.39809e-01 3.14192e+01 3.80155e-01 4.04264e+01 4.90882e-01 6.33516e+01 7.70820e-01 4.78673e+01 5.80339e-01 
1.9634954088 2.0289452557 2.0943951027 3.77319e+01 4.95603e-01 2.48793e+01 3.26426e-01 5.92983e+01 7.80420e-01 2.70039e+01 3.53758e-01 3.47662e+01 4.57362e-01 5.44382e+01 7.17348e-01 4.11053e+01 5.39259e-01 
2.0943951027 2.1598449496 2.2252947966 3.22034e+01 4.51451e-01 2.12327e+01 2.97339e-01 5.06137e+01 7.10960e-01 2.30580e+01 3.22434e-01 2.96566e+01 4.16366e-01 4.64361e+01 6.52974e-01 3.51048e+01 4.91625e-01 
2.2252947966 2.2907446435 2.3561944905 2.99110e+01 4.39139e-01 1.97175e+01 2.89154e-01 4.70199e+01 6.91670e-01 2.14229e+01 3.13753e-01 2.75323e+01 4.04760e-01 4.31153e+01 6.34890e-01 3.26236e+01 4.78494e-01 
2.3561944905 2.4216443375 2.4870941844 2.70472e+01 4.09680e-01 1.78435e+01 2.70055e-01 4.24806e+01 6.44419e-01 1.93689e+01 2.92682e-01 2.49191e+01 3.78053e-01 3.89939e+01 5.92353e-01 2.94691e+01 4.45765e-01 
2.4870941844 2.5525440314 2.6179938783 2.40473e+01 3.69869e-01 1.58630e+01 2.43692e-01 3.77743e+01 5.82246e-01 1.72262e+01 2.64396e-01 2.21461e+01 3.40946e-01 3.46554e+01 5.34413e-01 2.62144e+01 4.03039e-01 
2.6179938783 2.6834437253 2.7488935723 2.43059e+01 3.83990e-01 1.60360e+01 2.52896e-01 3.81744e+01 6.04792e-01 1.74103e+01 2.74412e-01 2.23890e+01 3.53922e-01 3.50309e+01 5.55004e-01 2.64900e+01 4.18500e-01 
2.7488935723 2.8143434192 2.8797932662 2.27294e+01 3.62008e-01 1.49928e+01 2.38468e-01 3.57062e+01 5.70005e-01 1.62841e+01 2.58799e-01 2.09288e+01 3.33611e-01 3.27512e+01 5.22997e-01 2.47831e+01 3.94616e-01 
2.8797932662 2.9452431131 3.0106929601 2.21100e+01 3.42543e-01 1.45848e+01 2.25765e-01 3.47306e+01 5.38937e-01 1.58403e+01 2.44900e-01 2.03592e+01 3.15818e-01 3.18588e+01 4.94838e-01 2.41056e+01 3.73135e-01 
3.0106929601 3.076142807 3.141592654 2.16887e+01 3.43072e-01 1.43137e+01 2.26035e-01 3.40516e+01 5.40116e-01 1.55372e+01 2.45225e-01 1.99823e+01 3.16255e-01 3.12548e+01 4.95726e-01 2.36320e+01 3.73841e-01 
