-3.5 -3.45 -3.4 2.00603e+01 6.02632e-01 1.22462e+01 3.61375e-01 3.45255e+01 1.06619e+00 1.37453e+01 4.10729e-01 1.78765e+01 5.30346e-01 3.05258e+01 9.23106e-01 2.26963e+01 6.96268e-01 
-3.4 -3.35 -3.3 2.84081e+01 8.06280e-01 1.74800e+01 4.81806e-01 4.77532e+01 1.21455e+00 1.94807e+01 5.50225e-01 2.54960e+01 7.06160e-01 4.31861e+01 1.23309e+00 3.14293e+01 7.95922e-01 
-3.3 -3.25 -3.2 3.48334e+01 7.34026e-01 2.19998e+01 4.75938e-01 5.86912e+01 1.24858e+00 2.43062e+01 5.26179e-01 3.20583e+01 6.97977e-01 5.28742e+01 1.12211e+00 3.86795e+01 8.17115e-01 
-3.2 -3.15 -3.1 4.73895e+01 9.23940e-01 2.96438e+01 5.70786e-01 7.92451e+01 1.57435e+00 3.25387e+01 6.30979e-01 4.31842e+01 8.36097e-01 7.19310e+01 1.41186e+00 5.22278e+01 1.03084e+00 
-3.1 -3.05 -3.0 6.14474e+01 1.08699e+00 3.85718e+01 6.74738e-01 1.02358e+02 1.84503e+00 4.22126e+01 7.43070e-01 5.61620e+01 9.87599e-01 9.32115e+01 1.65898e+00 6.75024e+01 1.20991e+00 
-3.0 -2.95 -2.9 7.69165e+01 1.30774e+00 4.82452e+01 7.87237e-01 1.27087e+02 2.23550e+00 5.28826e+01 8.94493e-01 7.01817e+01 1.15156e+00 1.16561e+02 1.99442e+00 8.38948e+01 1.46679e+00 
-2.9 -2.85 -2.8 9.63714e+01 1.44591e+00 6.12295e+01 9.04066e-01 1.58308e+02 2.43451e+00 6.62742e+01 9.87436e-01 8.90607e+01 1.32440e+00 1.46005e+02 2.20966e+00 1.04535e+02 1.59407e+00 
-2.8 -2.75 -2.7 1.12958e+02 1.38632e+00 7.21209e+01 8.82514e-01 1.84472e+02 2.28102e+00 7.77183e+01 9.47666e-01 1.04852e+02 1.29145e+00 1.71034e+02 2.11602e+00 1.21883e+02 1.49516e+00 
-2.7 -2.65 -2.6 1.37181e+02 1.60689e+00 8.78835e+01 1.01434e+00 2.23214e+02 2.67724e+00 9.44301e+01 1.09879e+00 1.27705e+02 1.48369e+00 2.07589e+02 2.45175e+00 1.47565e+02 1.75511e+00 
-2.6 -2.55 -2.5 1.58213e+02 1.71812e+00 1.01762e+02 1.09776e+00 2.56247e+02 2.82066e+00 1.08966e+02 1.17591e+00 1.47796e+02 1.60498e+00 2.39260e+02 2.61878e+00 1.69519e+02 1.85238e+00 
-2.5 -2.45 -2.4 1.81981e+02 1.78851e+00 1.17351e+02 1.13915e+00 2.93855e+02 2.94327e+00 1.25412e+02 1.22523e+00 1.70332e+02 1.66343e+00 2.75000e+02 2.72269e+00 1.94539e+02 1.93436e+00 
-2.4 -2.35 -2.3 2.09809e+02 1.90220e+00 1.35680e+02 1.21808e+00 3.37695e+02 3.11130e+00 1.44641e+02 1.30362e+00 1.96870e+02 1.77811e+00 3.16922e+02 2.89450e+00 2.23661e+02 2.04592e+00 
-2.3 -2.25 -2.2 2.38616e+02 2.14372e+00 1.54634e+02 1.36211e+00 3.83158e+02 3.54138e+00 1.64516e+02 1.46660e+00 2.24345e+02 1.99125e+00 3.60397e+02 3.26894e+00 2.53790e+02 2.32276e+00 
-2.2 -2.15 -2.1 2.66202e+02 2.10538e+00 1.73003e+02 1.35489e+00 4.25922e+02 3.41777e+00 1.83641e+02 1.44332e+00 2.50918e+02 1.97918e+00 4.01783e+02 3.20244e+00 2.82323e+02 2.24835e+00 
-2.1 -2.05 -2.0 2.92024e+02 2.16448e+00 1.90301e+02 1.40004e+00 4.65881e+02 3.49537e+00 2.01553e+02 1.48348e+00 2.75806e+02 2.04342e+00 4.40498e+02 3.29335e+00 3.08990e+02 2.29834e+00 
-2.0 -1.95 -1.9 3.20520e+02 2.34263e+00 2.09318e+02 1.51011e+00 5.11503e+02 3.84071e+00 2.21261e+02 1.60439e+00 3.03315e+02 2.20548e+00 4.83383e+02 3.56761e+00 3.39292e+02 2.52192e+00 
-1.9 -1.85 -1.8 3.48892e+02 2.34734e+00 2.28225e+02 1.52462e+00 5.54176e+02 3.77185e+00 2.40888e+02 1.60871e+00 3.30657e+02 2.22541e+00 5.26065e+02 3.57193e+00 3.67706e+02 2.47995e+00 
-1.8 -1.75 -1.7 3.84341e+02 2.54405e+00 2.51770e+02 1.64677e+00 6.09488e+02 4.10629e+00 2.65420e+02 1.74409e+00 3.64691e+02 2.40302e+00 5.79369e+02 3.86970e+00 4.04511e+02 2.70109e+00 
-1.7 -1.65 -1.6 4.10270e+02 2.53802e+00 2.69349e+02 1.65747e+00 6.48898e+02 4.04941e+00 2.83445e+02 1.74043e+00 3.89998e+02 2.41798e+00 6.18145e+02 3.85932e+00 4.30892e+02 2.66454e+00 
-1.6 -1.55 -1.5 4.40351e+02 2.57277e+00 2.89655e+02 1.68493e+00 6.94868e+02 4.09028e+00 3.04337e+02 1.76422e+00 4.19250e+02 2.45806e+00 6.63178e+02 3.91231e+00 4.61624e+02 2.69125e+00 
-1.5 -1.45 -1.4 4.64836e+02 2.66853e+00 3.06120e+02 1.75098e+00 7.32537e+02 4.23340e+00 3.21300e+02 1.82929e+00 4.43027e+02 2.55526e+00 6.99954e+02 4.05953e+00 4.86718e+02 2.78435e+00 
-1.4 -1.35 -1.3 5.02799e+02 2.80877e+00 3.31331e+02 1.84020e+00 7.91780e+02 4.46392e+00 3.47577e+02 1.92595e+00 4.79462e+02 2.68471e+00 7.57022e+02 4.27145e+00 5.26144e+02 2.93691e+00 
-1.3 -1.25 -1.2 5.25975e+02 2.86992e+00 3.47038e+02 1.88085e+00 8.27069e+02 4.56000e+00 3.63638e+02 1.96815e+00 5.02136e+02 2.74358e+00 7.91818e+02 4.36372e+00 5.49665e+02 3.00051e+00 
-1.2 -1.15 -1.1 5.50613e+02 2.95018e+00 3.63734e+02 1.93783e+00 8.64519e+02 4.67287e+00 3.80729e+02 2.02277e+00 5.26221e+02 2.82736e+00 8.28767e+02 4.48696e+00 5.74663e+02 3.07409e+00 
-1.1 -1.05 -1.0 5.72904e+02 2.90220e+00 3.78990e+02 1.91297e+00 8.98026e+02 4.57646e+00 3.96224e+02 1.99048e+00 5.48183e+02 2.79026e+00 8.62108e+02 4.41233e+00 5.97087e+02 3.01186e+00 
-1.0 -0.95 -0.9 5.91366e+02 2.96214e+00 3.91460e+02 1.95482e+00 9.26220e+02 4.66384e+00 4.09117e+02 2.03205e+00 5.66050e+02 2.85078e+00 8.89566e+02 4.50227e+00 6.16064e+02 3.07038e+00 
-0.9 -0.85 -0.8 6.18027e+02 3.02200e+00 4.09462e+02 1.99526e+00 9.66975e+02 4.75493e+00 4.27597e+02 2.07344e+00 5.92033e+02 2.90931e+00 9.29576e+02 4.59236e+00 6.43238e+02 3.13096e+00 
-0.8 -0.75 -0.7 6.36573e+02 3.05227e+00 4.21948e+02 2.01565e+00 9.95434e+02 4.80094e+00 4.40452e+02 2.09424e+00 6.10052e+02 2.93891e+00 9.57412e+02 4.63829e+00 6.62207e+02 3.16117e+00 
-0.7 -0.65 -0.6 6.49938e+02 3.07928e+00 4.31020e+02 2.03392e+00 1.01572e+03 4.84170e+00 4.49811e+02 2.11340e+00 6.23016e+02 2.96469e+00 9.77220e+02 4.67760e+00 6.75908e+02 3.18922e+00 
-0.6 -0.55 -0.5 6.61614e+02 3.10734e+00 4.39058e+02 2.05359e+00 1.03313e+03 4.88249e+00 4.57902e+02 2.13224e+00 6.34623e+02 2.99388e+00 9.94756e+02 4.72138e+00 6.87514e+02 3.21520e+00 
-0.5 -0.45 -0.4 6.76467e+02 3.12762e+00 4.49213e+02 2.07082e+00 1.05548e+03 4.90328e+00 4.68213e+02 2.14609e+00 6.49261e+02 3.01923e+00 1.01701e+03 4.75241e+00 7.02446e+02 3.22896e+00 
-0.4 -0.35 -0.3 6.89336e+02 3.18777e+00 4.57835e+02 2.10941e+00 1.07535e+03 5.00138e+00 4.77131e+02 2.18683e+00 6.61706e+02 3.07619e+00 1.03633e+03 4.84532e+00 7.15686e+02 3.29244e+00 
-0.3 -0.25 -0.2 6.92473e+02 3.15006e+00 4.60131e+02 2.08656e+00 1.07962e+03 4.93566e+00 4.79417e+02 2.16247e+00 6.64869e+02 3.04079e+00 1.04074e+03 4.78383e+00 7.18749e+02 3.25211e+00 
-0.2 -0.15 -0.1 6.97785e+02 3.21367e+00 4.63737e+02 2.12828e+00 1.08771e+03 5.03725e+00 4.83089e+02 2.20520e+00 6.70087e+02 3.10293e+00 1.04874e+03 4.88303e+00 7.24116e+02 3.31730e+00 
-0.1 -0.05 0.0 7.04151e+02 3.20733e+00 4.68003e+02 2.12758e+00 1.09752e+03 5.01651e+00 4.87452e+02 2.20066e+00 6.76313e+02 3.10224e+00 1.05843e+03 4.87394e+00 7.30567e+02 3.30336e+00 
0.0 0.05 0.1 7.02241e+02 3.17514e+00 4.66711e+02 2.10548e+00 1.09461e+03 4.96845e+00 4.86100e+02 2.17874e+00 6.74486e+02 3.06973e+00 1.05564e+03 4.82455e+00 7.28571e+02 3.27194e+00 
0.1 0.15 0.2 7.00789e+02 3.21662e+00 4.65713e+02 2.13458e+00 1.09236e+03 5.03486e+00 4.85028e+02 2.20644e+00 6.73137e+02 3.11335e+00 1.05357e+03 4.89460e+00 7.26955e+02 3.31422e+00 
0.2 0.25 0.3 6.92106e+02 3.17181e+00 4.59809e+02 2.09988e+00 1.07928e+03 4.97349e+00 4.79107e+02 2.17670e+00 6.64480e+02 3.06115e+00 1.04034e+03 4.81883e+00 7.18414e+02 3.27561e+00 
0.3 0.35 0.4 6.89636e+02 3.22090e+00 4.58013e+02 2.13040e+00 1.07653e+03 5.06514e+00 4.77367e+02 2.20976e+00 6.61927e+02 3.10653e+00 1.03730e+03 4.90258e+00 7.16518e+02 3.33462e+00 
0.4 0.45 0.5 6.79804e+02 3.18075e+00 4.51455e+02 2.10689e+00 1.06062e+03 4.98440e+00 4.70520e+02 2.18247e+00 6.52504e+02 3.07197e+00 1.02203e+03 4.83337e+00 7.05865e+02 3.28229e+00 
0.5 0.55 0.6 6.63283e+02 3.12711e+00 4.40304e+02 2.07050e+00 1.03536e+03 4.90325e+00 4.59078e+02 2.14556e+00 6.36398e+02 3.01902e+00 9.97209e+02 4.75215e+00 6.89040e+02 3.22859e+00 
0.6 0.65 0.7 6.52775e+02 3.10280e+00 4.32965e+02 2.05033e+00 1.01998e+03 4.87667e+00 4.51734e+02 2.12955e+00 6.25884e+02 2.98867e+00 9.81595e+02 4.71336e+00 6.78669e+02 3.21236e+00 
0.7 0.75 0.8 6.33119e+02 3.04901e+00 4.19744e+02 2.01578e+00 9.89781e+02 4.78965e+00 4.38114e+02 2.09164e+00 6.06798e+02 2.93964e+00 9.52082e+02 4.63432e+00 6.58548e+02 3.15310e+00 
0.8 0.85 0.9 6.19077e+02 3.01515e+00 4.10250e+02 1.99465e+00 9.68348e+02 4.73242e+00 4.28306e+02 2.06867e+00 5.93195e+02 2.90847e+00 9.31201e+02 4.58210e+00 6.44118e+02 3.11596e+00 
0.9 0.95 1.0 5.94915e+02 3.00446e+00 3.93792e+02 1.98121e+00 9.31829e+02 4.73566e+00 4.11556e+02 2.06066e+00 5.69444e+02 2.88985e+00 8.94946e+02 4.56777e+00 6.19764e+02 3.11682e+00 
1.0 1.05 1.1 5.71543e+02 2.89242e+00 3.78003e+02 1.90729e+00 8.95986e+02 4.55651e+00 3.95377e+02 1.98464e+00 5.46692e+02 2.78207e+00 8.59808e+02 4.39518e+00 5.95911e+02 3.00056e+00 
1.1 1.15 1.2 5.49295e+02 2.95591e+00 3.62925e+02 1.94114e+00 8.62288e+02 4.68380e+00 3.79904e+02 2.02683e+00 5.24929e+02 2.83198e+00 8.26549e+02 4.49531e+00 5.73341e+02 3.08148e+00 
1.2 1.25 1.3 5.18342e+02 2.80305e+00 3.42027e+02 1.84175e+00 8.14944e+02 4.43721e+00 3.58438e+02 1.92283e+00 4.94782e+02 2.68584e+00 7.80126e+02 4.26058e+00 5.41751e+02 2.92082e+00 
1.3 1.35 1.4 4.98200e+02 2.78962e+00 3.28472e+02 1.82824e+00 7.84033e+02 4.43217e+00 3.44401e+02 1.91325e+00 4.75323e+02 2.66667e+00 7.50093e+02 4.24116e+00 5.21008e+02 2.91682e+00 
1.4 1.45 1.5 4.69790e+02 2.76085e+00 3.09338e+02 1.80543e+00 7.40470e+02 4.39932e+00 3.24709e+02 1.89312e+00 4.47703e+02 2.63393e+00 7.07455e+02 4.19841e+00 4.91958e+02 2.89451e+00 
1.5 1.55 1.6 4.35321e+02 2.60650e+00 2.86244e+02 1.70636e+00 6.87555e+02 4.15023e+00 3.00839e+02 1.78693e+00 4.14341e+02 2.48990e+00 6.55662e+02 3.96473e+00 4.56711e+02 2.72974e+00 
1.6 1.65 1.7 4.10034e+02 2.64123e+00 2.68992e+02 1.71350e+00 6.49190e+02 4.26097e+00 2.83284e+02 1.81059e+00 3.89473e+02 2.50036e+00 6.17782e+02 4.01783e+00 4.31078e+02 2.80194e+00 
1.7 1.75 1.8 3.83194e+02 2.53469e+00 2.51241e+02 1.65578e+00 6.06990e+02 4.04258e+00 2.64631e+02 1.73671e+00 3.63924e+02 2.41746e+00 5.77634e+02 3.85808e+00 4.02859e+02 2.65732e+00 
1.8 1.85 1.9 3.55182e+02 2.49920e+00 2.32255e+02 1.61494e+00 5.64434e+02 4.04321e+00 2.45202e+02 1.71172e+00 3.36536e+02 2.35852e+00 5.35625e+02 3.80591e+00 3.74462e+02 2.65601e+00 
1.9 1.95 2.0 3.22271e+02 2.28240e+00 2.10516e+02 1.48181e+00 5.12709e+02 3.66897e+00 2.22452e+02 1.56410e+00 3.05073e+02 2.16295e+00 4.86067e+02 3.47330e+00 3.40088e+02 2.41198e+00 
2.0 2.05 2.1 2.95712e+02 2.27793e+00 1.92651e+02 1.47330e+00 4.71925e+02 3.68050e+00 2.04061e+02 1.55991e+00 2.79265e+02 2.15226e+00 4.46161e+02 3.46957e+00 3.12931e+02 2.41772e+00 
2.1 2.15 2.2 2.60275e+02 2.06855e+00 1.69185e+02 1.33321e+00 4.17222e+02 3.37079e+00 1.79586e+02 1.41750e+00 2.45275e+02 1.94610e+00 3.92747e+02 3.14793e+00 2.76605e+02 2.21542e+00 
2.2 2.25 2.3 2.37282e+02 2.00827e+00 1.54011e+02 1.29819e+00 3.80330e+02 3.24672e+00 1.63624e+02 1.37535e+00 2.23410e+02 1.89636e+00 3.58306e+02 3.05855e+00 2.51979e+02 2.13309e+00 
2.3 2.35 2.4 2.08615e+02 1.87793e+00 1.35010e+02 1.20891e+00 3.35465e+02 3.05088e+00 1.43814e+02 1.28613e+00 1.95904e+02 1.76590e+00 3.15128e+02 2.85991e+00 2.22177e+02 2.00451e+00 
2.4 2.45 2.5 1.87357e+02 2.09309e+00 1.20716e+02 1.32802e+00 3.02903e+02 3.46916e+00 1.29066e+02 1.43081e+00 1.75285e+02 1.94357e+00 2.83262e+02 3.19475e+00 2.00432e+02 2.27433e+00 
2.5 2.55 2.6 1.57861e+02 1.66609e+00 1.01516e+02 1.06010e+00 2.55699e+02 2.74510e+00 1.08732e+02 1.14138e+00 1.47427e+02 1.54812e+00 2.38705e+02 2.53635e+00 1.69170e+02 1.80436e+00 
2.6 2.65 2.7 1.34736e+02 1.51541e+00 8.63917e+01 9.63922e-01 2.18990e+02 2.49842e+00 9.27477e+01 1.03796e+00 1.25539e+02 1.40812e+00 2.03886e+02 2.30750e+00 1.44779e+02 1.64222e+00 
2.7 2.75 2.8 1.16431e+02 1.50226e+00 7.39422e+01 9.35874e-01 1.90632e+02 2.51104e+00 8.01036e+01 1.02686e+00 1.07498e+02 1.36915e+00 1.76304e+02 2.29312e+00 1.25942e+02 1.64560e+00 
2.8 2.85 2.9 9.59327e+01 1.37901e+00 6.09127e+01 8.62003e-01 1.57705e+02 2.32309e+00 6.59656e+01 9.42388e-01 8.86069e+01 1.26170e+00 1.45358e+02 2.10561e+00 1.04120e+02 1.52196e+00 
2.9 2.95 3.0 7.81595e+01 1.27591e+00 4.93011e+01 7.88556e-01 1.29480e+02 2.17887e+00 5.37397e+01 8.73728e-01 7.17235e+01 1.15220e+00 1.18438e+02 1.94321e+00 8.54811e+01 1.43189e+00 
3.0 3.05 3.1 6.37779e+01 1.16997e+00 4.00471e+01 7.21072e-01 1.06213e+02 2.00181e+00 4.37996e+01 7.98764e-01 5.83273e+01 1.05635e+00 9.67849e+01 1.78840e+00 7.00143e+01 1.30988e+00 
3.1 3.15 3.2 4.90684e+01 9.87226e-01 3.06207e+01 6.07247e-01 8.23168e+01 1.69463e+00 3.36860e+01 6.74231e-01 4.46146e+01 8.89493e-01 7.44939e+01 1.50841e+00 5.42414e+01 1.10973e+00 
3.2 3.25 3.3 3.60861e+01 7.50462e-01 2.24337e+01 4.62905e-01 6.07941e+01 1.28250e+00 2.47586e+01 5.12096e-01 3.27051e+01 6.78519e-01 5.48246e+01 1.14788e+00 4.00290e+01 8.38709e-01 
3.3 3.35 3.4 2.78092e+01 6.90781e-01 1.71172e+01 4.17776e-01 4.74149e+01 1.20965e+00 1.90747e+01 4.71581e-01 2.49609e+01 6.12117e-01 4.22630e+01 1.05599e+00 3.12095e+01 7.91565e-01 
3.4 3.45 3.5 1.98366e+01 5.79950e-01 1.20961e+01 3.45796e-01 3.41962e+01 1.03338e+00 1.35929e+01 3.95843e-01 1.76562e+01 5.06896e-01 3.01829e+01 8.86800e-01 2.24816e+01 6.76378e-01 
