0.0 0.065449846958 0.13089969392 2.32730e+02 2.78798e+00 1.54660e+02 1.84397e+00 3.62723e+02 4.37815e+00 1.60010e+02 1.90819e+00 2.24984e+02 2.69477e+00 3.52659e+02 4.24861e+00 2.39427e+02 2.87400e+00 
0.13089969392 0.19634954088 0.26179938783 2.37733e+02 3.02482e+00 1.57697e+02 1.98001e+00 3.71861e+02 4.84900e+00 1.63474e+02 2.06968e+00 2.29367e+02 2.89426e+00 3.60179e+02 4.61122e+00 2.45487e+02 3.18113e+00 
0.26179938783 0.32724923479 0.39269908175 2.47557e+02 2.97800e+00 1.64429e+02 1.96564e+00 3.86097e+02 4.69352e+00 1.70267e+02 2.03897e+00 2.39108e+02 2.87169e+00 3.74961e+02 4.53626e+00 2.54972e+02 3.08255e+00 
0.39269908175 0.45814892871 0.52359877567 2.61115e+02 3.14647e+00 1.73312e+02 2.07022e+00 4.07583e+02 4.97730e+00 1.79580e+02 2.15389e+00 2.52040e+02 3.02494e+00 3.95529e+02 4.79403e+00 2.69134e+02 3.26789e+00 
0.52359877567 0.58904862263 0.65449846958 2.89720e+02 3.45746e+00 1.92417e+02 2.27007e+00 4.52075e+02 5.48776e+00 1.99192e+02 2.36457e+00 2.79915e+02 3.31998e+00 4.39029e+02 5.27399e+00 2.98405e+02 3.59875e+00 
0.65449846958 0.71994831654 0.7853981635 3.43013e+02 3.74887e+00 2.27984e+02 2.47511e+00 5.34534e+02 5.90782e+00 2.35951e+02 2.56296e+00 3.31491e+02 3.62117e+00 5.19477e+02 5.72116e+00 3.53050e+02 3.87237e+00 
0.7853981635 0.85084801046 0.91629785742 4.20802e+02 3.97757e+00 2.79613e+02 2.62788e+00 6.55939e+02 6.26074e+00 2.89683e+02 2.72182e+00 4.06249e+02 3.84134e+00 6.36680e+02 6.06328e+00 4.33651e+02 4.10878e+00 
0.91629785742 0.98174770438 1.0471975513 3.62047e+02 3.67370e+00 2.40776e+02 2.42126e+00 5.63847e+02 5.80390e+00 2.48809e+02 2.51149e+00 3.50411e+02 3.54248e+00 5.48920e+02 5.60649e+00 3.71978e+02 3.80426e+00 
1.0471975513 1.1126473983 1.1780972453 3.09053e+02 3.35094e+00 2.05639e+02 2.21068e+00 4.81018e+02 5.28933e+00 2.12095e+02 2.29056e+00 2.99682e+02 3.23501e+00 4.69358e+02 5.11448e+00 3.16789e+02 3.46697e+00 
1.1780972453 1.2435470922 1.3089969392 2.71245e+02 3.12089e+00 1.80715e+02 2.07600e+00 4.21511e+02 4.86907e+00 1.85844e+02 2.12914e+00 2.63786e+02 3.04351e+00 4.12766e+02 4.77477e+00 2.77035e+02 3.18334e+00 
1.3089969392 1.3744467861 1.4398966331 2.41405e+02 2.98841e+00 1.60923e+02 1.98249e+00 3.74896e+02 4.68327e+00 1.65106e+02 2.03638e+00 2.35308e+02 2.90969e+00 3.68152e+02 4.57856e+00 2.45858e+02 3.05731e+00 
1.4398966331 1.50534648 1.570796327 2.11347e+02 2.67854e+00 1.41108e+02 1.79140e+00 3.27607e+02 4.14988e+00 1.44384e+02 1.82429e+00 2.06568e+02 2.63068e+00 3.22762e+02 4.10636e+00 2.14544e+02 2.70762e+00 
1.570796327 1.636246174 1.7016960209 1.82848e+02 2.48471e+00 1.22011e+02 1.64532e+00 2.83662e+02 3.90455e+00 1.24747e+02 1.69059e+00 1.78845e+02 2.41816e+00 2.79699e+02 3.81382e+00 1.85451e+02 2.54375e+00 
1.7016960209 1.7671458679 1.8325957148 1.62561e+02 2.36923e+00 1.08651e+02 1.58404e+00 2.51684e+02 3.67469e+00 1.10749e+02 1.61001e+00 1.59489e+02 2.33127e+00 2.49101e+02 3.64213e+00 1.64258e+02 2.39081e+00 
1.8325957148 1.8980455618 1.9634954088 1.45722e+02 2.22419e+00 9.74641e+01 1.49389e+00 2.25428e+02 3.42913e+00 9.91666e+01 1.50996e+00 1.43225e+02 2.20078e+00 2.23604e+02 3.42335e+00 1.46919e+02 2.22835e+00 
1.9634954088 2.0289452557 2.0943951027 1.30630e+02 2.08563e+00 8.74614e+01 1.39625e+00 2.01860e+02 3.23485e+00 8.88079e+01 1.41505e+00 1.28654e+02 2.05822e+00 2.00695e+02 3.21243e+00 1.31396e+02 2.10072e+00 
2.0943951027 2.1598449496 2.2252947966 1.20458e+02 1.92585e+00 8.06403e+01 1.29187e+00 1.86155e+02 2.97462e+00 8.18099e+01 1.30566e+00 1.18739e+02 1.90564e+00 1.85297e+02 2.96903e+00 1.21020e+02 1.92970e+00 
2.2252947966 2.2907446435 2.3561944905 1.07136e+02 1.71925e+00 7.18153e+01 1.14389e+00 1.64673e+02 2.62789e+00 7.27096e+01 1.16522e+00 1.05820e+02 1.68790e+00 1.64952e+02 2.65158e+00 1.06964e+02 1.70424e+00 
2.3561944905 2.4216443375 2.4870941844 1.00154e+02 1.57612e+00 6.71857e+01 1.05688e+00 1.54396e+02 2.43857e+00 6.79162e+01 1.06723e+00 9.90786e+01 1.56094e+00 1.54356e+02 2.43360e+00 1.00182e+02 1.57950e+00 
2.4870941844 2.5525440314 2.6179938783 9.29499e+01 1.41694e+00 6.24077e+01 9.48326e-01 1.43005e+02 2.18777e+00 6.29956e+01 9.59013e-01 9.21539e+01 1.40591e+00 1.43355e+02 2.18904e+00 9.27255e+01 1.41622e+00 
2.6179938783 2.6834437253 2.7488935723 8.86238e+01 1.25281e+00 5.94708e+01 8.33629e-01 1.36585e+02 1.96007e+00 6.00341e+01 8.47726e-01 8.77939e+01 1.23203e+00 1.36766e+02 1.93603e+00 8.85091e+01 1.26845e+00 
2.7488935723 2.8143434192 2.8797932662 8.54900e+01 1.08307e+00 5.74660e+01 7.24128e-01 1.31465e+02 1.68231e+00 5.78879e+01 7.32791e-01 8.48681e+01 1.07031e+00 1.31996e+02 1.67393e+00 8.51477e+01 1.08856e+00 
2.8797932662 2.9452431131 3.0106929601 8.15283e+01 8.79768e-01 5.48845e+01 5.88642e-01 1.25146e+02 1.36534e+00 5.51917e+01 5.95255e-01 8.10756e+01 8.70022e-01 1.25918e+02 1.35969e+00 8.10308e+01 8.83466e-01 
3.0106929601 3.076142807 3.141592654 7.76589e+01 7.18793e-01 5.22422e+01 4.78737e-01 1.19319e+02 1.12212e+00 5.25662e+01 4.86568e-01 7.71813e+01 7.07249e-01 1.19959e+02 1.11025e+00 7.72469e+01 7.26525e-01 
