0.0 25.0 50.0 4.19274e+00 1.61296e-02 2.77891e+00 1.06286e-02 6.55245e+00 2.54391e-02 2.91290e+00 1.11747e-02 4.00045e+00 1.53442e-02 6.27199e+00 2.42132e-02 4.38114e+00 1.69508e-02 
50.0 75.0 100.0 4.87285e+00 1.40999e-02 3.22608e+00 9.33276e-03 7.62652e+00 2.21114e-02 3.40188e+00 9.79440e-03 4.62209e+00 1.34388e-02 7.24700e+00 2.10993e-02 5.12971e+00 1.47818e-02 
100.0 125.0 150.0 3.90966e+00 1.25807e-02 2.58560e+00 8.31245e-03 6.12757e+00 1.97708e-02 2.73416e+00 8.74901e-03 3.69797e+00 1.19552e-02 5.80215e+00 1.87992e-02 4.13012e+00 1.32344e-02 
150.0 175.0 200.0 3.27741e+00 1.13621e-02 2.16310e+00 7.47386e-03 5.14897e+00 1.79467e-02 2.29768e+00 7.91520e-03 3.08598e+00 1.07305e-02 4.84916e+00 1.69429e-02 3.48091e+00 1.20383e-02 
200.0 225.0 250.0 2.45347e+00 9.65271e-03 1.61483e+00 6.31666e-03 3.86547e+00 1.53299e-02 1.72456e+00 6.73156e-03 2.29776e+00 9.05952e-03 3.61864e+00 1.43762e-02 2.62148e+00 1.02960e-02 
250.0 275.0 300.0 1.82509e+00 8.45530e-03 1.19781e+00 5.49898e-03 2.88617e+00 1.35405e-02 1.28509e+00 5.89710e-03 1.70142e+00 7.88591e-03 2.68627e+00 1.25917e-02 1.96139e+00 9.09468e-03 
300.0 325.0 350.0 1.38184e+00 7.35610e-03 9.04480e-01 4.77520e-03 2.19210e+00 1.18003e-02 9.74145e-01 5.13039e-03 1.28325e+00 6.84840e-03 2.03102e+00 1.09554e-02 1.49181e+00 7.92606e-03 
350.0 375.0 400.0 1.06258e+00 6.50010e-03 6.93828e-01 4.20578e-03 1.69044e+00 1.04671e-02 7.49807e-01 4.53331e-03 9.83416e-01 6.03168e-03 1.55997e+00 9.68069e-03 1.15172e+00 7.03011e-03 
400.0 425.0 450.0 8.36653e-01 5.74671e-03 5.45029e-01 3.71356e-03 1.33464e+00 9.26507e-03 5.90752e-01 4.00792e-03 7.72032e-01 5.32587e-03 1.22739e+00 8.55864e-03 9.09984e-01 6.22311e-03 
450.0 475.0 500.0 6.62943e-01 5.14456e-03 4.30971e-01 3.31323e-03 1.06014e+00 8.32880e-03 4.68550e-01 3.59032e-03 6.09871e-01 4.74856e-03 9.71429e-01 7.65567e-03 7.23645e-01 5.59866e-03 
500.0 525.0 550.0 5.44795e-01 4.92883e-03 3.53308e-01 3.16101e-03 8.73669e-01 8.01911e-03 3.85070e-01 3.43553e-03 4.99936e-01 4.53577e-03 7.98265e-01 7.34570e-03 5.96386e-01 5.38203e-03 
550.0 575.0 600.0 4.47084e-01 4.56281e-03 2.89325e-01 2.92356e-03 7.18769e-01 7.43066e-03 3.16192e-01 3.18075e-03 4.09155e-01 4.19461e-03 6.54634e-01 6.79933e-03 4.90986e-01 4.98773e-03 
600.0 625.0 650.0 3.72148e-01 4.36749e-03 2.40253e-01 2.78941e-03 5.99979e-01 7.13841e-03 2.63255e-01 3.04190e-03 3.39680e-01 4.00566e-03 5.44776e-01 6.51525e-03 4.09939e-01 4.78642e-03 
650.0 675.0 700.0 3.12662e-01 4.17273e-03 2.01386e-01 2.64562e-03 5.05461e-01 6.88800e-03 2.21250e-01 2.90709e-03 2.84628e-01 3.79812e-03 4.57510e-01 6.22247e-03 3.45494e-01 4.62024e-03 
700.0 725.0 750.0 2.61314e-01 3.63526e-03 1.68089e-01 2.30919e-03 4.23089e-01 5.98095e-03 1.85032e-01 2.53611e-03 2.37415e-01 3.31064e-03 3.82082e-01 5.41197e-03 2.89409e-01 4.01862e-03 
750.0 775.0 800.0 2.19420e-01 3.48455e-03 1.40941e-01 2.21487e-03 3.55831e-01 5.72596e-03 1.55395e-01 2.42737e-03 1.99036e-01 3.18002e-03 3.20765e-01 5.19703e-03 2.43450e-01 3.84011e-03 
800.0 825.0 850.0 1.89756e-01 3.22003e-03 1.21610e-01 2.03907e-03 3.08550e-01 5.31532e-03 1.34439e-01 2.24475e-03 1.71666e-01 2.92540e-03 2.77269e-01 4.79821e-03 2.11195e-01 3.56779e-03 
850.0 875.0 900.0 1.64603e-01 3.10303e-03 1.05223e-01 1.95586e-03 2.68468e-01 5.15177e-03 1.16579e-01 2.16178e-03 1.48581e-01 2.80765e-03 2.40620e-01 4.62740e-03 1.83675e-01 3.45500e-03 
900.0 925.0 950.0 1.36107e-01 2.76575e-03 8.69048e-02 1.73705e-03 2.22291e-01 4.61211e-03 9.65223e-02 1.93063e-03 1.22555e-01 2.48869e-03 1.98647e-01 4.11449e-03 1.52323e-01 3.10071e-03 
950.0 975.0 1000.0 1.19881e-01 2.63859e-03 7.64275e-02 1.65981e-03 1.96129e-01 4.38967e-03 8.49960e-02 1.84163e-03 1.07804e-01 2.37817e-03 1.75016e-01 3.92586e-03 1.34357e-01 2.95047e-03 
1000.0 1025.0 1050.0 1.07545e-01 2.67673e-03 6.84725e-02 1.68094e-03 1.76217e-01 4.46194e-03 7.62495e-02 1.86664e-03 9.65844e-02 2.41063e-03 1.57009e-01 3.98680e-03 1.20716e-01 2.99611e-03 
1050.0 1075.0 1100.0 9.10455e-02 2.39008e-03 5.78941e-02 1.49888e-03 1.49398e-01 3.98980e-03 6.45845e-02 1.66863e-03 8.16199e-02 2.14726e-03 1.32839e-01 3.55510e-03 1.02405e-01 2.68291e-03 
1100.0 1125.0 1150.0 7.74630e-02 2.33406e-03 4.91476e-02 1.45963e-03 1.27450e-01 3.91092e-03 5.49828e-02 1.62712e-03 6.92460e-02 2.09395e-03 1.12942e-01 3.47795e-03 8.74203e-02 2.62491e-03 
1150.0 1175.0 1200.0 7.45281e-02 2.59240e-03 4.71801e-02 1.61516e-03 1.22954e-01 4.36279e-03 5.28199e-02 1.80475e-03 6.65740e-02 2.32019e-03 1.08864e-01 3.86921e-03 8.41797e-02 2.92333e-03 
1200.0 1225.0 1250.0 6.48378e-02 2.24692e-03 4.09956e-02 1.39689e-03 1.07120e-01 3.79159e-03 4.59745e-02 1.56344e-03 5.78184e-02 2.00755e-03 9.46538e-02 3.35598e-03 7.33809e-02 2.53856e-03 
1250.0 1275.0 1300.0 5.66361e-02 2.31020e-03 3.57622e-02 1.43252e-03 9.37046e-02 3.91062e-03 4.01883e-02 1.60894e-03 5.04002e-02 2.05693e-03 8.26058e-02 3.44633e-03 6.42482e-02 2.62150e-03 
1300.0 1325.0 1350.0 4.96939e-02 1.90616e-03 3.13898e-02 1.18737e-03 8.21741e-02 3.20710e-03 3.52945e-02 1.33014e-03 4.41982e-02 1.70164e-03 7.23996e-02 2.83694e-03 5.64066e-02 2.15501e-03 
1350.0 1375.0 1400.0 4.23143e-02 1.50974e-03 2.67164e-02 9.41311e-04 7.00045e-02 2.53704e-03 3.00922e-02 1.05699e-03 3.75687e-02 1.34455e-03 6.15500e-02 2.23800e-03 4.81286e-02 1.71153e-03 
1400.0 1425.0 1450.0 3.96608e-02 1.87371e-03 2.49549e-02 1.16126e-03 6.58880e-02 3.17127e-03 2.81405e-02 1.30457e-03 3.51724e-02 1.66797e-03 5.78548e-02 2.79625e-03 4.51700e-02 2.12515e-03 
1450.0 1475.0 1500.0 3.75378e-02 1.69738e-03 2.36122e-02 1.05327e-03 6.23741e-02 2.86798e-03 2.66530e-02 1.18601e-03 3.32564e-02 1.50746e-03 5.47079e-02 2.52203e-03 4.27999e-02 1.93032e-03 
1500.0 1525.0 1550.0 2.95164e-02 1.46589e-03 1.85537e-02 9.03260e-04 4.79165e-02 2.23962e-03 2.09981e-02 1.02402e-03 2.60808e-02 1.29303e-03 4.29172e-02 2.17914e-03 3.37564e-02 1.67994e-03 
1550.0 1575.0 1600.0 2.87264e-02 1.70826e-03 1.76197e-02 1.03978e-03 4.79865e-02 2.91810e-03 1.95661e-02 1.11679e-03 2.48164e-02 1.49091e-03 4.18787e-02 2.54288e-03 3.29159e-02 1.96041e-03 
1600.0 1625.0 1650.0 2.56795e-02 1.65792e-03 1.60910e-02 1.01972e-03 4.28641e-02 2.83133e-03 1.82405e-02 1.15338e-03 2.26541e-02 1.46595e-03 3.74110e-02 2.47712e-03 2.94236e-02 1.89530e-03 
1650.0 1675.0 1700.0 2.38463e-02 1.62766e-03 1.49138e-02 1.00137e-03 3.98915e-02 2.77811e-03 1.69401e-02 1.13587e-03 2.09942e-02 1.43494e-03 3.47347e-02 2.42211e-03 2.73870e-02 1.86690e-03 
1700.0 1725.0 1750.0 2.09108e-02 1.41721e-03 1.31000e-02 8.74089e-04 3.37475e-02 2.02578e-03 1.48821e-02 9.90425e-04 1.84069e-02 1.25079e-03 2.93715e-02 1.76656e-03 2.40207e-02 1.62371e-03 
1750.0 1775.0 1800.0 2.17600e-02 1.81673e-03 1.35216e-02 1.10491e-03 3.66853e-02 3.14376e-03 1.54192e-02 1.26298e-03 1.90819e-02 1.58946e-03 3.17960e-02 2.71636e-03 2.51054e-02 2.10280e-03 
1800.0 1825.0 1850.0 1.58145e-02 1.23986e-03 9.53747e-03 6.70087e-04 2.74781e-02 2.17609e-03 1.12533e-02 8.66346e-04 1.38638e-02 1.08722e-03 2.29890e-02 1.84228e-03 1.88917e-02 1.46488e-03 
1850.0 1875.0 1900.0 1.45789e-02 1.10390e-03 9.07730e-03 6.75079e-04 2.45101e-02 1.89750e-03 1.03793e-02 7.73884e-04 1.27496e-02 9.62870e-04 2.11806e-02 1.63388e-03 1.68695e-02 1.28184e-03 
1900.0 1925.0 1950.0 1.17053e-02 8.79267e-04 7.30257e-03 5.42130e-04 1.96279e-02 1.49574e-03 8.35424e-03 6.20212e-04 1.02316e-02 7.68553e-04 1.69523e-02 1.29148e-03 1.35524e-02 1.01829e-03 
1950.0 1975.0 2000.0 1.05486e-02 8.37118e-04 6.57914e-03 5.15996e-04 1.76943e-02 1.42436e-03 7.52824e-03 5.89497e-04 9.21864e-03 7.32740e-04 1.52791e-02 1.23205e-03 1.22158e-02 9.67780e-04 
2000.0 2025.0 2050.0 1.06837e-02 9.84535e-04 6.66034e-03 6.07403e-04 1.79299e-02 1.67407e-03 7.63522e-03 6.94913e-04 9.31926e-03 8.60500e-04 1.54481e-02 1.44493e-03 1.23994e-02 1.14055e-03 
2050.0 2075.0 2100.0 8.00646e-03 6.06157e-04 5.00799e-03 3.75621e-04 1.33813e-02 1.02492e-03 5.73793e-03 4.29747e-04 6.98796e-03 5.29802e-04 1.15373e-02 8.84902e-04 9.28610e-03 7.02046e-04 
2100.0 2125.0 2150.0 6.54434e-03 5.48667e-04 4.07854e-03 3.37902e-04 1.09852e-02 9.34650e-04 4.68944e-03 3.88271e-04 5.69158e-03 4.77482e-04 9.43293e-03 8.02876e-04 7.62081e-03 6.38704e-04 
2150.0 2175.0 2200.0 6.22075e-03 5.94613e-04 3.85850e-03 3.61856e-04 1.05028e-02 1.02801e-03 4.44826e-03 4.19502e-04 5.39552e-03 5.12815e-04 8.98896e-03 8.73171e-04 7.26745e-03 6.99875e-04 
2200.0 2225.0 2250.0 7.02219e-03 7.94194e-04 4.36374e-03 4.88048e-04 1.18275e-02 1.35616e-03 5.02200e-03 5.61401e-04 6.10167e-03 6.90459e-04 1.01455e-02 1.16372e-03 8.18616e-03 9.25585e-04 
2250.0 2275.0 2300.0 4.54512e-03 5.34594e-04 2.82208e-03 3.28645e-04 7.66246e-03 9.12612e-04 3.25714e-03 3.78285e-04 3.93784e-03 4.64425e-04 6.25268e-03 7.17245e-04 5.31617e-03 6.23604e-04 
2300.0 2325.0 2350.0 5.62784e-03 6.44509e-04 3.49501e-03 3.95926e-04 9.48602e-03 1.10134e-03 4.02458e-03 4.55108e-04 4.88714e-03 5.60631e-04 8.13159e-03 9.45605e-04 6.56486e-03 7.50524e-04 
2350.0 2375.0 2400.0 5.31227e-03 6.51065e-04 3.29152e-03 3.98852e-04 8.58385e-03 1.02294e-03 3.79754e-03 4.59946e-04 4.60430e-03 5.64518e-04 7.34405e-03 8.75617e-04 6.21014e-03 7.61050e-04 
2400.0 2425.0 2450.0 3.21154e-03 3.79153e-04 1.98570e-03 2.31263e-04 5.44222e-03 6.53931e-04 2.30843e-03 2.69620e-04 2.76208e-03 3.25126e-04 4.61179e-03 5.51543e-04 3.78884e-03 4.49334e-04 
2450.0 2475.0 2500.0 3.48868e-03 4.69328e-04 2.14835e-03 2.85961e-04 5.93431e-03 8.08678e-04 2.50286e-03 3.33629e-04 2.99431e-03 4.02267e-04 5.02043e-03 6.82827e-04 4.12328e-03 5.55821e-04 
2500.0 2525.0 2550.0 4.23032e-03 5.88783e-04 2.62211e-03 3.61965e-04 7.14257e-03 1.00480e-03 3.04029e-03 4.19635e-04 3.64817e-03 5.07759e-04 6.07476e-03 8.53983e-04 4.97333e-03 6.92554e-04 
2550.0 2575.0 2600.0 2.40989e-03 3.42542e-04 1.48985e-03 2.08617e-04 4.08114e-03 5.90909e-04 1.73517e-03 2.44103e-04 2.06889e-03 2.92679e-04 3.45337e-03 4.96968e-04 2.84736e-03 4.07155e-04 
2600.0 2625.0 2650.0 3.43263e-03 6.05235e-04 1.84548e-03 3.26179e-04 5.80586e-03 1.03357e-03 2.13836e-03 3.77475e-04 2.96522e-03 5.24177e-04 4.94845e-03 8.83350e-04 4.02738e-03 7.08153e-04 
2650.0 2675.0 2700.0 1.57393e-03 2.15858e-04 9.76653e-04 1.33504e-04 2.65383e-03 3.65565e-04 1.13812e-03 1.55165e-04 1.35044e-03 1.85689e-04 2.24367e-03 3.09855e-04 1.86124e-03 2.54590e-04 
2700.0 2725.0 2750.0 1.67239e-03 2.28996e-04 1.03555e-03 1.39468e-04 2.82581e-03 3.94778e-04 1.20718e-03 1.63014e-04 1.43448e-03 1.95894e-04 2.38938e-03 3.32692e-04 1.97757e-03 2.71680e-04 
2750.0 2775.0 2800.0 1.87207e-03 2.57348e-04 1.15654e-03 1.56727e-04 2.84096e-03 3.84923e-04 1.34789e-03 1.83110e-04 1.60619e-03 2.20248e-04 2.41182e-03 3.27852e-04 1.98668e-03 2.65277e-04 
2800.0 2825.0 2850.0 1.43610e-03 2.00890e-04 8.89526e-04 1.22978e-04 2.42541e-03 3.44221e-04 1.03613e-03 1.43298e-04 1.23285e-03 1.72389e-04 2.05280e-03 2.91112e-04 1.69664e-03 2.37510e-04 
2850.0 2875.0 2900.0 1.53326e-03 2.06139e-04 9.45952e-04 1.26119e-04 2.60237e-03 3.53684e-04 1.10540e-03 1.47144e-04 1.31201e-03 1.76666e-04 2.19372e-03 2.98469e-04 1.81868e-03 2.44236e-04 
2900.0 2925.0 2950.0 1.22895e-03 1.76080e-04 7.62700e-04 1.08497e-04 2.06936e-03 2.99174e-04 8.92054e-04 1.26862e-04 1.05071e-03 1.50590e-04 1.74364e-03 2.52045e-04 1.45846e-03 2.09006e-04 
2950.0 2975.0 3000.0 9.50841e-04 1.53462e-04 5.85033e-04 9.32212e-05 1.61829e-03 2.65245e-04 6.86952e-04 1.09747e-04 8.09647e-04 1.30334e-04 1.35687e-03 2.21646e-04 1.13378e-03 1.83609e-04 
3000.0 3025.0 3050.0 7.60540e-04 1.15248e-04 4.67464e-04 6.93605e-05 1.29607e-03 2.01654e-04 5.50138e-04 8.21607e-05 6.46125e-04 9.72525e-05 1.08389e-03 1.67168e-04 9.09173e-04 1.38940e-04 
3050.0 3075.0 3100.0 8.35704e-04 1.08295e-04 5.16791e-04 6.62950e-05 1.41395e-03 1.85728e-04 6.05499e-04 7.76989e-05 7.13188e-04 9.23790e-05 1.18858e-03 1.55862e-04 9.93986e-04 1.28996e-04 
3100.0 3125.0 3150.0 6.50712e-04 9.38852e-05 4.01906e-04 5.73186e-05 1.10239e-03 1.61327e-04 4.70699e-04 6.70429e-05 5.55567e-04 8.02645e-05 9.27351e-04 1.35866e-04 7.73444e-04 1.11473e-04 
3150.0 3175.0 3200.0 6.35526e-04 9.35570e-05 3.91148e-04 5.68434e-05 1.08061e-03 1.61678e-04 4.60439e-04 6.70483e-05 5.39847e-04 7.93050e-05 9.03911e-04 1.34820e-04 7.59674e-04 1.12167e-04 
3200.0 3225.0 3250.0 6.87953e-04 1.51696e-04 4.21992e-04 9.11515e-05 1.17493e-03 2.65557e-04 4.96345e-04 1.07589e-04 5.84838e-04 1.28511e-04 9.83543e-04 2.21334e-04 8.21697e-04 1.81988e-04 
3250.0 3275.0 3300.0 5.09286e-04 7.85981e-05 3.16392e-04 4.86314e-05 8.56505e-04 1.32911e-04 3.71069e-04 5.69201e-05 4.34196e-04 6.71393e-05 7.19437e-04 1.11839e-04 6.06213e-04 9.33780e-05 
3300.0 3325.0 3350.0 3.60305e-04 4.95936e-05 2.22955e-04 3.01907e-05 6.08686e-04 8.55059e-05 2.62490e-04 3.56651e-05 3.06007e-04 4.19734e-05 5.09082e-04 7.11789e-05 4.30733e-04 5.95586e-05 
3350.0 3375.0 3400.0 6.92618e-04 1.15653e-04 4.22230e-04 6.98793e-05 1.19120e-03 2.01092e-04 4.98658e-04 8.24565e-05 5.86424e-04 9.80097e-05 9.92514e-04 1.67668e-04 8.31184e-04 1.38701e-04 
3400.0 3425.0 3450.0 4.99374e-04 1.10279e-04 3.03396e-04 6.60527e-05 8.62429e-04 1.93732e-04 3.59461e-04 7.83951e-05 4.82121e-04 1.12589e-04 7.15872e-04 1.60437e-04 6.01500e-04 1.33148e-04 
3450.0 3475.0 3500.0 4.14218e-04 7.18908e-05 2.53014e-04 4.36667e-05 7.10478e-04 1.24182e-04 2.99745e-04 5.17303e-05 3.49607e-04 6.06807e-05 5.52869e-04 9.58145e-05 4.98776e-04 8.65965e-05 
3500.0 3525.0 3550.0 3.68120e-04 5.78718e-05 2.26745e-04 3.54349e-05 6.24524e-04 9.88752e-05 2.68575e-04 4.20931e-05 3.10760e-04 4.87136e-05 5.19108e-04 8.19053e-05 4.42825e-04 6.98549e-05 
3550.0 3575.0 3600.0 3.99243e-04 9.10557e-05 2.43790e-04 5.47082e-05 6.85263e-04 1.59331e-04 2.88045e-04 6.49809e-05 3.37891e-04 7.66682e-05 5.70704e-04 1.31857e-04 4.79356e-04 1.10042e-04 
3600.0 3625.0 3650.0 1.67629e-04 2.93064e-05 1.03127e-04 1.77369e-05 2.85029e-04 5.08689e-05 1.22282e-04 2.11858e-05 1.41348e-04 2.45262e-05 2.36457e-04 4.17866e-05 2.02015e-04 3.56565e-05 
3650.0 3675.0 3700.0 4.40400e-04 9.26056e-05 3.00679e-04 6.43231e-05 8.36798e-04 1.80256e-04 3.19361e-04 6.67307e-05 3.72268e-04 7.84636e-05 6.96477e-04 1.50331e-04 5.89050e-04 1.26132e-04 
3700.0 3725.0 3750.0 2.18130e-04 3.62971e-05 1.33837e-04 2.21409e-05 3.72069e-04 6.23906e-05 1.58656e-04 2.62120e-05 1.83990e-04 3.06551e-05 3.08805e-04 5.18382e-05 2.62779e-04 4.36760e-05 
3750.0 3775.0 3800.0 2.23013e-04 3.75988e-05 1.26848e-04 2.00326e-05 3.56590e-04 5.86463e-05 1.51611e-04 2.41187e-05 1.74334e-04 2.77633e-05 3.15707e-04 5.36674e-05 2.71072e-04 4.60565e-05 
3800.0 3825.0 3850.0 2.44978e-04 5.13353e-05 1.49065e-04 3.07688e-05 4.22279e-04 9.03423e-05 1.77941e-04 3.69257e-05 2.05165e-04 4.27477e-05 3.47386e-04 7.36588e-05 2.97665e-04 6.28977e-05 
3850.0 3875.0 3900.0 1.03064e-04 2.09070e-05 6.35427e-05 1.28162e-05 1.74707e-04 3.56919e-05 7.53753e-05 1.51900e-05 8.68786e-05 1.76386e-05 1.44934e-04 2.96327e-05 1.24222e-04 2.51795e-05 
3900.0 3925.0 3950.0 1.25180e-04 2.22937e-05 8.26683e-05 1.47986e-05 2.13015e-04 3.79862e-05 9.85602e-05 1.76214e-05 1.13308e-04 2.04409e-05 1.76087e-04 3.15594e-05 1.51414e-04 2.68331e-05 
3950.0 3975.0 4000.0 6.99502e-05 1.31449e-05 4.32459e-05 8.10877e-06 1.18173e-04 2.22848e-05 5.13530e-05 9.59909e-06 5.89001e-05 1.11020e-05 9.79122e-05 1.85149e-05 8.44093e-05 1.58166e-05 
