0.0 0.05 0.1 1.17642e+03 5.99644e+00 7.82699e+02 3.98319e+00 1.83071e+03 9.36861e+00 8.15018e+02 4.11376e+00 1.13013e+03 5.80659e+00 1.76638e+03 9.10972e+00 1.21999e+03 6.17103e+00 
0.1 0.15 0.2 1.22087e+03 6.26732e+00 8.12010e+02 4.15443e+00 1.90062e+03 9.82316e+00 8.45944e+02 4.30012e+00 1.17237e+03 6.05776e+00 1.83295e+03 9.52424e+00 1.26669e+03 6.46833e+00 
0.2 0.25 0.3 1.33649e+03 6.63545e+00 8.88786e+02 4.40387e+00 2.08091e+03 1.03818e+01 9.26159e+02 4.55399e+00 1.28309e+03 6.41997e+00 2.00628e+03 1.00801e+01 1.38704e+03 6.83916e+00 
0.3 0.35 0.4 1.48170e+03 6.86776e+00 9.85103e+02 4.55561e+00 2.30763e+03 1.07520e+01 1.02679e+03 4.71298e+00 1.42212e+03 6.64153e+00 2.22424e+03 1.04343e+01 1.53818e+03 7.08170e+00 
0.4 0.45 0.5 1.27870e+03 5.96560e+00 8.50158e+02 3.96521e+00 1.99155e+03 9.31568e+00 8.85934e+02 4.09360e+00 1.22756e+03 5.78117e+00 1.91999e+03 9.06438e+00 1.32714e+03 6.13516e+00 
0.5 0.55 0.6 1.14434e+03 5.44846e+00 7.60924e+02 3.62073e+00 1.78213e+03 8.51252e+00 7.92796e+02 3.73902e+00 1.09878e+03 5.27843e+00 1.71838e+03 8.27796e+00 1.18750e+03 5.60644e+00 
0.6 0.65 0.7 1.06619e+03 5.20324e+00 7.09199e+02 3.46371e+00 1.65980e+03 8.11146e+00 7.38465e+02 3.56986e+00 1.02435e+03 5.05081e+00 1.60153e+03 7.90781e+00 1.10564e+03 5.34081e+00 
0.7 0.75 0.8 9.95624e+02 4.94515e+00 6.62124e+02 3.29165e+00 1.55036e+03 7.70789e+00 6.89546e+02 3.39441e+00 9.56410e+02 4.79757e+00 1.49564e+03 7.51107e+00 1.03266e+03 5.07804e+00 
0.8 0.85 0.9 9.37935e+02 4.77643e+00 6.23876e+02 3.18526e+00 1.46025e+03 7.42516e+00 6.49474e+02 3.27873e+00 9.01325e+02 4.64247e+00 1.40928e+03 7.25448e+00 9.72423e+02 4.89226e+00 
0.9 0.95 1.0 9.05656e+02 4.72023e+00 6.02119e+02 3.14458e+00 1.41084e+03 7.34886e+00 6.27045e+02 3.24016e+00 8.69998e+02 4.58311e+00 1.36098e+03 7.16913e+00 9.39375e+02 4.84187e+00 
1.0 1.05 1.1 8.58997e+02 4.58205e+00 5.70657e+02 3.04456e+00 1.33943e+03 7.15706e+00 5.94758e+02 3.14628e+00 8.24501e+02 4.43583e+00 1.29081e+03 6.95660e+00 8.91854e+02 4.71706e+00 
1.1 1.15 1.2 8.40476e+02 4.66253e+00 5.58461e+02 3.09669e+00 1.31023e+03 7.28833e+00 5.81640e+02 3.20041e+00 8.07290e+02 4.51349e+00 1.26376e+03 7.08174e+00 8.71874e+02 4.80179e+00 
1.2 1.25 1.3 8.00959e+02 4.55030e+00 5.31639e+02 3.02146e+00 1.25027e+03 7.11287e+00 5.54241e+02 3.12293e+00 7.68579e+02 4.40436e+00 1.20447e+03 6.91257e+00 8.31864e+02 4.68510e+00 
1.3 1.35 1.4 7.75610e+02 4.47502e+00 5.14550e+02 2.96626e+00 1.21147e+03 7.00987e+00 5.36713e+02 3.07271e+00 7.43854e+02 4.32179e+00 1.16631e+03 6.79432e+00 8.06075e+02 4.61977e+00 
1.4 1.45 1.5 7.56059e+02 4.48737e+00 5.01185e+02 2.96835e+00 1.18207e+03 7.04991e+00 5.23115e+02 3.08126e+00 7.24625e+02 4.32466e+00 1.13709e+03 6.81275e+00 7.86388e+02 4.64625e+00 
1.5 1.55 1.6 7.37828e+02 4.48390e+00 4.88932e+02 2.96919e+00 1.15402e+03 7.03063e+00 5.10287e+02 3.07849e+00 7.07204e+02 4.32664e+00 1.11023e+03 6.80854e+00 7.67332e+02 4.63322e+00 
1.6 1.65 1.7 7.08659e+02 4.43231e+00 4.69159e+02 2.92203e+00 1.10974e+03 6.99595e+00 4.89989e+02 3.04299e+00 6.78767e+02 4.25779e+00 1.06667e+03 6.73033e+00 7.37651e+02 4.60981e+00 
1.7 1.75 1.8 6.84314e+02 4.37975e+00 4.52852e+02 2.89247e+00 1.07208e+03 6.88982e+00 4.73111e+02 3.00678e+00 6.55239e+02 4.21503e+00 1.03014e+03 6.65093e+00 7.12543e+02 4.53990e+00 
1.8 1.85 1.9 6.63282e+02 4.34552e+00 4.38741e+02 2.86865e+00 1.03968e+03 6.83940e+00 4.58420e+02 2.98330e+00 6.35022e+02 4.18026e+00 9.98867e+02 6.59879e+00 6.90728e+02 4.50670e+00 
1.9 1.95 2.0 6.35979e+02 4.28542e+00 4.20226e+02 2.82461e+00 9.98191e+02 6.75726e+00 4.39469e+02 2.94195e+00 6.08328e+02 4.11613e+00 9.57953e+02 6.50768e+00 6.63009e+02 4.45236e+00 
2.0 2.05 2.1 6.20593e+02 4.31349e+00 4.09635e+02 2.83790e+00 9.74824e+02 6.81484e+00 4.28707e+02 2.96128e+00 5.93394e+02 4.13707e+00 9.35120e+02 6.55010e+00 6.47251e+02 4.49053e+00 
2.1 2.15 2.2 5.81809e+02 4.19951e+00 3.83459e+02 2.75661e+00 9.15206e+02 6.64871e+00 4.01748e+02 2.88274e+00 5.55874e+02 4.02067e+00 8.77115e+02 6.37769e+00 6.07349e+02 4.38053e+00 
2.2 2.25 2.3 5.66215e+02 4.20873e+00 3.73115e+02 2.76344e+00 8.91609e+02 6.66834e+00 3.90903e+02 2.88880e+00 5.40786e+02 4.02891e+00 8.53797e+02 6.39239e+00 5.91547e+02 4.39275e+00 
2.3 2.35 2.4 5.45861e+02 4.11777e+00 3.59430e+02 2.70469e+00 8.60314e+02 6.51824e+00 3.76687e+02 2.82627e+00 5.21004e+02 3.94221e+00 8.23540e+02 6.25454e+00 5.70482e+02 4.29393e+00 
2.4 2.45 2.5 5.20569e+02 4.09381e+00 3.42374e+02 2.68197e+00 8.21639e+02 6.50349e+00 3.59045e+02 2.80858e+00 4.96408e+02 3.90950e+00 7.85636e+02 6.21914e+00 5.44520e+02 4.28207e+00 
2.5 2.55 2.6 4.95682e+02 4.21077e+00 3.25668e+02 2.72988e+00 7.83268e+02 6.78605e+00 3.41809e+02 2.88578e+00 4.72401e+02 3.98396e+00 7.48491e+02 6.40759e+00 5.18919e+02 4.46047e+00 
2.6 2.65 2.7 4.73239e+02 4.05997e+00 3.10306e+02 2.64458e+00 7.49129e+02 6.49259e+00 3.26208e+02 2.78539e+00 4.50281e+02 3.85590e+00 7.14924e+02 6.16976e+00 4.96062e+02 4.27430e+00 
2.7 2.75 2.8 4.44242e+02 4.01093e+00 2.90964e+02 2.59940e+00 7.04643e+02 6.45842e+00 3.06151e+02 2.75126e+00 4.22302e+02 3.79065e+00 6.71294e+02 6.09654e+00 4.66473e+02 4.25088e+00 
2.8 2.85 2.9 4.30481e+02 3.93683e+00 2.81763e+02 2.56496e+00 6.83372e+02 6.29520e+00 2.96411e+02 2.69931e+00 4.09301e+02 3.74213e+00 6.51185e+02 5.98693e+00 4.51913e+02 4.14157e+00 
2.9 2.95 3.0 3.92145e+02 3.72573e+00 2.56445e+02 2.42507e+00 6.22914e+02 5.96233e+00 2.69942e+02 2.55551e+00 3.72619e+02 3.53682e+00 5.93380e+02 5.66326e+00 4.11798e+02 3.92455e+00 
3.0 3.05 3.1 3.70253e+02 3.64451e+00 2.41885e+02 2.37447e+00 5.89079e+02 5.82514e+00 2.54765e+02 2.49922e+00 3.51607e+02 3.46374e+00 5.60535e+02 5.54132e+00 3.89225e+02 3.83305e+00 
3.1 3.15 3.2 3.47280e+02 3.63654e+00 2.26632e+02 2.36389e+00 5.53242e+02 5.82875e+00 2.38707e+02 2.49129e+00 3.29775e+02 3.45157e+00 5.26429e+02 5.53589e+00 3.65071e+02 3.83055e+00 
3.2 3.25 3.3 3.19717e+02 3.59534e+00 2.08322e+02 2.32564e+00 5.10291e+02 5.80074e+00 2.19710e+02 2.46395e+00 3.03196e+02 3.39434e+00 4.84773e+02 5.47062e+00 3.36631e+02 3.81362e+00 
3.3 3.35 3.4 3.03118e+02 3.50074e+00 1.97331e+02 2.27122e+00 4.84307e+02 5.62412e+00 2.08151e+02 2.39808e+00 2.87406e+02 3.31635e+00 4.60012e+02 5.32939e+00 3.19200e+02 3.69565e+00 
3.4 3.45 3.5 2.74227e+02 3.34739e+00 1.78382e+02 2.17161e+00 4.38555e+02 5.37803e+00 1.88177e+02 2.29222e+00 2.59989e+02 3.17195e+00 4.16524e+02 5.09802e+00 2.88791e+02 3.53234e+00 
3.5 3.55 3.6 2.56718e+02 3.31635e+00 1.66771e+02 2.14694e+00 4.11182e+02 5.34032e+00 1.76024e+02 2.27011e+00 2.43254e+02 3.13706e+00 3.90302e+02 5.05300e+00 2.70504e+02 3.50599e+00 
3.6 3.65 3.7 2.33484e+02 3.23171e+00 1.51422e+02 2.08687e+00 3.74737e+02 5.22050e+00 1.60028e+02 2.21241e+00 2.20956e+02 3.04896e+00 3.55155e+02 4.92333e+00 2.46402e+02 3.42783e+00 
3.7 3.75 3.8 2.10066e+02 3.09935e+00 1.36118e+02 2.00284e+00 3.37493e+02 5.00152e+00 1.43865e+02 2.12119e+00 1.98776e+02 2.92699e+00 3.19834e+02 4.72323e+00 2.21700e+02 3.28291e+00 
3.8 3.85 3.9 1.90121e+02 3.01944e+00 1.22883e+02 1.94628e+00 3.06380e+02 4.88813e+00 1.30087e+02 2.06497e+00 1.79610e+02 2.84642e+00 2.89791e+02 4.60559e+00 2.01033e+02 3.20557e+00 
3.9 3.95 4.0 1.73091e+02 2.95035e+00 1.11819e+02 1.90475e+00 2.79095e+02 4.76542e+00 1.18300e+02 2.01577e+00 1.63624e+02 2.78834e+00 2.64201e+02 4.50547e+00 1.82874e+02 3.12139e+00 
4.0 4.05 4.1 1.51349e+02 2.82433e+00 9.75541e+01 1.81472e+00 2.44719e+02 4.59133e+00 1.03371e+02 1.92878e+00 1.42842e+02 2.65767e+00 2.31200e+02 4.31541e+00 1.60217e+02 3.00551e+00 
4.1 4.15 4.2 1.28225e+02 2.63396e+00 8.25853e+01 1.69480e+00 2.07511e+02 4.27268e+00 8.74882e+01 1.79686e+00 1.21048e+02 2.48464e+00 1.96125e+02 4.02977e+00 1.35684e+02 2.79321e+00 
4.2 4.25 4.3 1.18595e+02 2.65186e+00 7.62897e+01 1.70477e+00 1.92199e+02 4.30515e+00 8.08564e+01 1.80839e+00 1.11903e+02 2.50015e+00 1.81564e+02 4.05893e+00 1.25553e+02 2.81314e+00 
4.3 4.35 4.4 9.68337e+01 2.45837e+00 6.21396e+01 1.57583e+00 1.57426e+02 4.02081e+00 6.59625e+01 1.67535e+00 9.12256e+01 2.31245e+00 1.48406e+02 3.76579e+00 1.02727e+02 2.62516e+00 
4.4 4.45 4.5 8.45824e+01 2.31948e+00 5.42233e+01 1.48499e+00 1.37664e+02 3.78751e+00 5.75646e+01 1.57951e+00 7.96756e+01 2.18077e+00 1.29775e+02 3.55628e+00 8.97287e+01 2.47045e+00 
4.5 4.55 4.6 6.90377e+01 2.19963e+00 4.41831e+01 1.40661e+00 1.12578e+02 3.59487e+00 4.69240e+01 1.49583e+00 6.50071e+01 2.06851e+00 1.06096e+02 3.37831e+00 7.32588e+01 2.34077e+00 
4.6 4.65 4.7 5.56759e+01 2.00393e+00 3.55560e+01 1.28095e+00 9.10262e+01 3.27560e+00 3.78201e+01 1.36248e+00 5.23442e+01 1.88408e+00 8.56238e+01 3.07848e+00 5.91911e+01 2.13235e+00 
4.7 4.75 4.8 4.68500e+01 1.93366e+00 2.99654e+01 1.23912e+00 7.64470e+01 3.15031e+00 3.18022e+01 1.31343e+00 4.41450e+01 1.82431e+00 7.21141e+01 2.97406e+00 4.96664e+01 2.04834e+00 
4.8 4.85 4.9 3.72066e+01 1.67435e+00 2.37192e+01 1.06807e+00 6.09481e+01 2.74231e+00 2.52351e+01 1.13669e+00 3.49724e+01 1.57331e+00 5.73300e+01 2.57691e+00 3.95560e+01 1.78190e+00 
4.9 4.95 5.0 2.84335e+01 1.54620e+00 1.81037e+01 9.85673e-01 4.66484e+01 2.53498e+00 1.92630e+01 1.04830e+00 2.67229e+01 1.45388e+00 4.38736e+01 2.38363e+00 3.02327e+01 1.64444e+00 
5.0 5.05 5.1 2.00661e+01 1.47414e+00 1.28000e+01 9.45577e-01 3.28538e+01 2.39883e+00 1.35883e+01 9.99267e-01 1.89020e+01 1.39494e+00 3.09791e+01 2.27304e+00 2.12806e+01 1.55572e+00 
5.1 5.15 5.2 1.23629e+01 1.07416e+00 7.45825e+00 6.30229e-01 2.03515e+01 1.76011e+00 8.36118e+00 7.27050e-01 1.10292e+01 9.31285e-01 1.91167e+01 1.65933e+00 1.31614e+01 1.13937e+00 
5.2 5.25 5.3 8.39196e+00 9.17325e-01 5.29418e+00 5.80949e-01 1.39230e+01 1.51643e+00 5.67131e+00 6.20703e-01 7.83401e+00 8.58576e-01 1.29887e+01 1.41762e+00 8.99583e+00 9.81267e-01 
5.3 5.35 5.4 3.04571e+00 4.30112e-01 1.92137e+00 2.71498e-01 5.05198e+00 7.13199e-01 2.05533e+00 2.90516e-01 2.84722e+00 4.01954e-01 4.72242e+00 6.66148e-01 3.25828e+00 4.60488e-01 
5.4 5.45 5.5 1.87782e+00 3.60958e-01 1.19120e+00 2.28463e-01 3.09381e+00 5.96449e-01 1.26645e+00 2.43590e-01 1.76626e+00 3.38545e-01 2.91373e+00 5.59657e-01 1.99389e+00 3.84692e-01 
5.5 5.55 5.6 0.00000e+00 0.00000e+00 0.00000e+00 0.00000e+00 0.00000e+00 0.00000e+00 0.00000e+00 0.00000e+00 0.00000e+00 0.00000e+00 0.00000e+00 0.00000e+00 0.00000e+00 0.00000e+00 
5.6 5.65 5.7 0.00000e+00 0.00000e+00 0.00000e+00 0.00000e+00 0.00000e+00 0.00000e+00 0.00000e+00 0.00000e+00 0.00000e+00 0.00000e+00 0.00000e+00 0.00000e+00 0.00000e+00 0.00000e+00 
5.7 5.75 5.8 0.00000e+00 0.00000e+00 0.00000e+00 0.00000e+00 0.00000e+00 0.00000e+00 0.00000e+00 0.00000e+00 0.00000e+00 0.00000e+00 0.00000e+00 0.00000e+00 0.00000e+00 0.00000e+00 
5.8 5.85 5.9 0.00000e+00 0.00000e+00 0.00000e+00 0.00000e+00 0.00000e+00 0.00000e+00 0.00000e+00 0.00000e+00 0.00000e+00 0.00000e+00 0.00000e+00 0.00000e+00 0.00000e+00 0.00000e+00 
5.9 5.95 6.0 0.00000e+00 0.00000e+00 0.00000e+00 0.00000e+00 0.00000e+00 0.00000e+00 0.00000e+00 0.00000e+00 0.00000e+00 0.00000e+00 0.00000e+00 0.00000e+00 0.00000e+00 0.00000e+00 
6.0 6.05 6.1 0.00000e+00 0.00000e+00 0.00000e+00 0.00000e+00 0.00000e+00 0.00000e+00 0.00000e+00 0.00000e+00 0.00000e+00 0.00000e+00 0.00000e+00 0.00000e+00 0.00000e+00 0.00000e+00 
6.1 6.15 6.2 0.00000e+00 0.00000e+00 0.00000e+00 0.00000e+00 0.00000e+00 0.00000e+00 0.00000e+00 0.00000e+00 0.00000e+00 0.00000e+00 0.00000e+00 0.00000e+00 0.00000e+00 0.00000e+00 
6.2 6.25 6.3 0.00000e+00 0.00000e+00 0.00000e+00 0.00000e+00 0.00000e+00 0.00000e+00 0.00000e+00 0.00000e+00 0.00000e+00 0.00000e+00 0.00000e+00 0.00000e+00 0.00000e+00 0.00000e+00 
6.3 6.35 6.4 0.00000e+00 0.00000e+00 0.00000e+00 0.00000e+00 0.00000e+00 0.00000e+00 0.00000e+00 0.00000e+00 0.00000e+00 0.00000e+00 0.00000e+00 0.00000e+00 0.00000e+00 0.00000e+00 
6.4 6.45 6.5 0.00000e+00 0.00000e+00 0.00000e+00 0.00000e+00 0.00000e+00 0.00000e+00 0.00000e+00 0.00000e+00 0.00000e+00 0.00000e+00 0.00000e+00 0.00000e+00 0.00000e+00 0.00000e+00 
6.5 6.55 6.6 0.00000e+00 0.00000e+00 0.00000e+00 0.00000e+00 0.00000e+00 0.00000e+00 0.00000e+00 0.00000e+00 0.00000e+00 0.00000e+00 0.00000e+00 0.00000e+00 0.00000e+00 0.00000e+00 
6.6 6.65 6.7 0.00000e+00 0.00000e+00 0.00000e+00 0.00000e+00 0.00000e+00 0.00000e+00 0.00000e+00 0.00000e+00 0.00000e+00 0.00000e+00 0.00000e+00 0.00000e+00 0.00000e+00 0.00000e+00 
6.7 6.75 6.8 0.00000e+00 0.00000e+00 0.00000e+00 0.00000e+00 0.00000e+00 0.00000e+00 0.00000e+00 0.00000e+00 0.00000e+00 0.00000e+00 0.00000e+00 0.00000e+00 0.00000e+00 0.00000e+00 
6.8 6.85 6.9 0.00000e+00 0.00000e+00 0.00000e+00 0.00000e+00 0.00000e+00 0.00000e+00 0.00000e+00 0.00000e+00 0.00000e+00 0.00000e+00 0.00000e+00 0.00000e+00 0.00000e+00 0.00000e+00 
6.9 6.95 7.0 0.00000e+00 0.00000e+00 0.00000e+00 0.00000e+00 0.00000e+00 0.00000e+00 0.00000e+00 0.00000e+00 0.00000e+00 0.00000e+00 0.00000e+00 0.00000e+00 0.00000e+00 0.00000e+00 
7.0 7.05 7.1 0.00000e+00 0.00000e+00 0.00000e+00 0.00000e+00 0.00000e+00 0.00000e+00 0.00000e+00 0.00000e+00 0.00000e+00 0.00000e+00 0.00000e+00 0.00000e+00 0.00000e+00 0.00000e+00 
7.1 7.15 7.2 0.00000e+00 0.00000e+00 0.00000e+00 0.00000e+00 0.00000e+00 0.00000e+00 0.00000e+00 0.00000e+00 0.00000e+00 0.00000e+00 0.00000e+00 0.00000e+00 0.00000e+00 0.00000e+00 
7.2 7.25 7.3 0.00000e+00 0.00000e+00 0.00000e+00 0.00000e+00 0.00000e+00 0.00000e+00 0.00000e+00 0.00000e+00 0.00000e+00 0.00000e+00 0.00000e+00 0.00000e+00 0.00000e+00 0.00000e+00 
7.3 7.35 7.4 0.00000e+00 0.00000e+00 0.00000e+00 0.00000e+00 0.00000e+00 0.00000e+00 0.00000e+00 0.00000e+00 0.00000e+00 0.00000e+00 0.00000e+00 0.00000e+00 0.00000e+00 0.00000e+00 
7.4 7.45 7.5 0.00000e+00 0.00000e+00 0.00000e+00 0.00000e+00 0.00000e+00 0.00000e+00 0.00000e+00 0.00000e+00 0.00000e+00 0.00000e+00 0.00000e+00 0.00000e+00 0.00000e+00 0.00000e+00 
7.5 7.55 7.6 0.00000e+00 0.00000e+00 0.00000e+00 0.00000e+00 0.00000e+00 0.00000e+00 0.00000e+00 0.00000e+00 0.00000e+00 0.00000e+00 0.00000e+00 0.00000e+00 0.00000e+00 0.00000e+00 
7.6 7.65 7.7 0.00000e+00 0.00000e+00 0.00000e+00 0.00000e+00 0.00000e+00 0.00000e+00 0.00000e+00 0.00000e+00 0.00000e+00 0.00000e+00 0.00000e+00 0.00000e+00 0.00000e+00 0.00000e+00 
7.7 7.75 7.8 0.00000e+00 0.00000e+00 0.00000e+00 0.00000e+00 0.00000e+00 0.00000e+00 0.00000e+00 0.00000e+00 0.00000e+00 0.00000e+00 0.00000e+00 0.00000e+00 0.00000e+00 0.00000e+00 
7.8 7.85 7.9 0.00000e+00 0.00000e+00 0.00000e+00 0.00000e+00 0.00000e+00 0.00000e+00 0.00000e+00 0.00000e+00 0.00000e+00 0.00000e+00 0.00000e+00 0.00000e+00 0.00000e+00 0.00000e+00 
7.9 7.95 8.0 0.00000e+00 0.00000e+00 0.00000e+00 0.00000e+00 0.00000e+00 0.00000e+00 0.00000e+00 0.00000e+00 0.00000e+00 0.00000e+00 0.00000e+00 0.00000e+00 0.00000e+00 0.00000e+00 
8.0 8.05 8.1 0.00000e+00 0.00000e+00 0.00000e+00 0.00000e+00 0.00000e+00 0.00000e+00 0.00000e+00 0.00000e+00 0.00000e+00 0.00000e+00 0.00000e+00 0.00000e+00 0.00000e+00 0.00000e+00 
8.1 8.15 8.2 0.00000e+00 0.00000e+00 0.00000e+00 0.00000e+00 0.00000e+00 0.00000e+00 0.00000e+00 0.00000e+00 0.00000e+00 0.00000e+00 0.00000e+00 0.00000e+00 0.00000e+00 0.00000e+00 
8.2 8.25 8.3 0.00000e+00 0.00000e+00 0.00000e+00 0.00000e+00 0.00000e+00 0.00000e+00 0.00000e+00 0.00000e+00 0.00000e+00 0.00000e+00 0.00000e+00 0.00000e+00 0.00000e+00 0.00000e+00 
8.3 8.35 8.4 0.00000e+00 0.00000e+00 0.00000e+00 0.00000e+00 0.00000e+00 0.00000e+00 0.00000e+00 0.00000e+00 0.00000e+00 0.00000e+00 0.00000e+00 0.00000e+00 0.00000e+00 0.00000e+00 
8.4 8.45 8.5 0.00000e+00 0.00000e+00 0.00000e+00 0.00000e+00 0.00000e+00 0.00000e+00 0.00000e+00 0.00000e+00 0.00000e+00 0.00000e+00 0.00000e+00 0.00000e+00 0.00000e+00 0.00000e+00 
8.5 8.55 8.6 0.00000e+00 0.00000e+00 0.00000e+00 0.00000e+00 0.00000e+00 0.00000e+00 0.00000e+00 0.00000e+00 0.00000e+00 0.00000e+00 0.00000e+00 0.00000e+00 0.00000e+00 0.00000e+00 
8.6 8.65 8.7 0.00000e+00 0.00000e+00 0.00000e+00 0.00000e+00 0.00000e+00 0.00000e+00 0.00000e+00 0.00000e+00 0.00000e+00 0.00000e+00 0.00000e+00 0.00000e+00 0.00000e+00 0.00000e+00 
8.7 8.75 8.8 0.00000e+00 0.00000e+00 0.00000e+00 0.00000e+00 0.00000e+00 0.00000e+00 0.00000e+00 0.00000e+00 0.00000e+00 0.00000e+00 0.00000e+00 0.00000e+00 0.00000e+00 0.00000e+00 
8.8 8.85 8.9 0.00000e+00 0.00000e+00 0.00000e+00 0.00000e+00 0.00000e+00 0.00000e+00 0.00000e+00 0.00000e+00 0.00000e+00 0.00000e+00 0.00000e+00 0.00000e+00 0.00000e+00 0.00000e+00 
8.9 8.95 9.0 0.00000e+00 0.00000e+00 0.00000e+00 0.00000e+00 0.00000e+00 0.00000e+00 0.00000e+00 0.00000e+00 0.00000e+00 0.00000e+00 0.00000e+00 0.00000e+00 0.00000e+00 0.00000e+00 
9.0 9.05 9.1 0.00000e+00 0.00000e+00 0.00000e+00 0.00000e+00 0.00000e+00 0.00000e+00 0.00000e+00 0.00000e+00 0.00000e+00 0.00000e+00 0.00000e+00 0.00000e+00 0.00000e+00 0.00000e+00 
9.1 9.15 9.2 0.00000e+00 0.00000e+00 0.00000e+00 0.00000e+00 0.00000e+00 0.00000e+00 0.00000e+00 0.00000e+00 0.00000e+00 0.00000e+00 0.00000e+00 0.00000e+00 0.00000e+00 0.00000e+00 
9.2 9.25 9.3 0.00000e+00 0.00000e+00 0.00000e+00 0.00000e+00 0.00000e+00 0.00000e+00 0.00000e+00 0.00000e+00 0.00000e+00 0.00000e+00 0.00000e+00 0.00000e+00 0.00000e+00 0.00000e+00 
9.3 9.35 9.4 0.00000e+00 0.00000e+00 0.00000e+00 0.00000e+00 0.00000e+00 0.00000e+00 0.00000e+00 0.00000e+00 0.00000e+00 0.00000e+00 0.00000e+00 0.00000e+00 0.00000e+00 0.00000e+00 
9.4 9.45 9.5 0.00000e+00 0.00000e+00 0.00000e+00 0.00000e+00 0.00000e+00 0.00000e+00 0.00000e+00 0.00000e+00 0.00000e+00 0.00000e+00 0.00000e+00 0.00000e+00 0.00000e+00 0.00000e+00 
9.5 9.55 9.6 0.00000e+00 0.00000e+00 0.00000e+00 0.00000e+00 0.00000e+00 0.00000e+00 0.00000e+00 0.00000e+00 0.00000e+00 0.00000e+00 0.00000e+00 0.00000e+00 0.00000e+00 0.00000e+00 
9.6 9.65 9.7 0.00000e+00 0.00000e+00 0.00000e+00 0.00000e+00 0.00000e+00 0.00000e+00 0.00000e+00 0.00000e+00 0.00000e+00 0.00000e+00 0.00000e+00 0.00000e+00 0.00000e+00 0.00000e+00 
9.7 9.75 9.8 0.00000e+00 0.00000e+00 0.00000e+00 0.00000e+00 0.00000e+00 0.00000e+00 0.00000e+00 0.00000e+00 0.00000e+00 0.00000e+00 0.00000e+00 0.00000e+00 0.00000e+00 0.00000e+00 
9.8 9.85 9.9 0.00000e+00 0.00000e+00 0.00000e+00 0.00000e+00 0.00000e+00 0.00000e+00 0.00000e+00 0.00000e+00 0.00000e+00 0.00000e+00 0.00000e+00 0.00000e+00 0.00000e+00 0.00000e+00 
9.9 9.95 10.0 0.00000e+00 0.00000e+00 0.00000e+00 0.00000e+00 0.00000e+00 0.00000e+00 0.00000e+00 0.00000e+00 0.00000e+00 0.00000e+00 0.00000e+00 0.00000e+00 0.00000e+00 0.00000e+00 
