0.0 2.5 5.0 4.68105e-01 3.07220e-03 4.79552e-01 2.91141e-03 4.56923e-01 3.43838e-03 4.77732e-01 2.90341e-03 4.69175e-01 3.12572e-03 4.57460e-01 3.31492e-03 4.66907e-01 3.15052e-03 
5.0 7.5 10.0 1.38846e+00 5.89280e-03 1.41858e+00 5.39145e-03 1.36459e+00 6.72302e-03 1.41330e+00 5.38353e-03 1.39322e+00 5.85701e-03 1.36415e+00 6.59603e-03 1.39121e+00 5.91978e-03 
10.0 12.5 15.0 2.21129e+00 8.13772e-03 2.26154e+00 7.39271e-03 2.16696e+00 9.63800e-03 2.25239e+00 7.51261e-03 2.21658e+00 8.04711e-03 2.16642e+00 9.50083e-03 2.20970e+00 8.40984e-03 
15.0 17.5 20.0 2.98839e+00 1.01699e-02 3.04706e+00 9.29855e-03 2.93813e+00 1.22432e-02 3.03488e+00 9.12864e-03 2.99799e+00 1.03240e-02 2.93857e+00 1.18066e-02 2.98602e+00 1.06167e-02 
20.0 22.5 25.0 3.63103e+00 1.18531e-02 3.70200e+00 1.02742e-02 3.56259e+00 1.40777e-02 3.68800e+00 1.04881e-02 3.63904e+00 1.15347e-02 3.56215e+00 1.37145e-02 3.62168e+00 1.21833e-02 
25.0 27.5 30.0 4.21366e+00 1.27006e-02 4.29188e+00 1.11335e-02 4.13132e+00 1.54710e-02 4.28160e+00 1.12200e-02 4.22539e+00 1.27170e-02 4.13498e+00 1.51494e-02 4.20323e+00 1.30705e-02 
30.0 32.5 35.0 4.66894e+00 1.40091e-02 4.75200e+00 1.24792e-02 4.58551e+00 1.68827e-02 4.73875e+00 1.24844e-02 4.67776e+00 1.39854e-02 4.59021e+00 1.62582e-02 4.65653e+00 1.44537e-02 
35.0 37.5 40.0 5.07837e+00 1.45576e-02 5.16025e+00 1.30778e-02 4.99241e+00 1.77603e-02 5.15059e+00 1.29732e-02 5.07982e+00 1.46624e-02 4.99174e+00 1.72845e-02 5.07086e+00 1.51806e-02 
40.0 42.5 45.0 5.34736e+00 1.52129e-02 5.44698e+00 1.36301e-02 5.25789e+00 1.87679e-02 5.42913e+00 1.35278e-02 5.35841e+00 1.53467e-02 5.25068e+00 1.84540e-02 5.34236e+00 1.60696e-02 
45.0 47.5 50.0 5.68201e+00 1.57093e-02 5.78083e+00 1.39058e-02 5.58234e+00 1.95728e-02 5.75417e+00 1.41649e-02 5.69606e+00 1.56892e-02 5.57574e+00 1.87518e-02 5.66384e+00 1.70047e-02 
50.0 52.5 55.0 5.91527e+00 1.64735e-02 6.02457e+00 1.41332e-02 5.81529e+00 1.95005e-02 5.99689e+00 1.43831e-02 5.93216e+00 1.59268e-02 5.80943e+00 1.93062e-02 5.90381e+00 1.67692e-02 
55.0 57.5 60.0 6.11877e+00 1.76716e-02 6.23831e+00 1.54492e-02 6.00846e+00 2.09698e-02 6.20592e+00 1.56259e-02 6.14176e+00 1.75893e-02 6.01359e+00 2.06167e-02 6.10740e+00 1.79815e-02 
60.0 62.5 65.0 6.30229e+00 1.81468e-02 6.43759e+00 1.59559e-02 6.18598e+00 2.16543e-02 6.41160e+00 1.61233e-02 6.32813e+00 1.81928e-02 6.19511e+00 2.09569e-02 6.29385e+00 1.88300e-02 
65.0 67.5 70.0 6.58015e+00 1.91926e-02 6.72753e+00 1.64485e-02 6.44316e+00 2.29918e-02 6.69356e+00 1.69195e-02 6.61177e+00 1.86261e-02 6.45364e+00 2.18074e-02 6.56869e+00 1.92582e-02 
70.0 72.5 75.0 6.80320e+00 1.88548e-02 6.95052e+00 1.62418e-02 6.66379e+00 2.27094e-02 6.91677e+00 1.65728e-02 6.82593e+00 1.84984e-02 6.67683e+00 2.21308e-02 6.78946e+00 1.94509e-02 
75.0 77.5 80.0 6.98114e+00 1.86848e-02 7.13898e+00 1.65387e-02 6.83357e+00 2.25315e-02 7.09912e+00 1.67168e-02 7.01989e+00 1.87957e-02 6.85923e+00 2.18457e-02 6.96339e+00 1.92186e-02 
80.0 82.5 85.0 7.12939e+00 1.80664e-02 7.27181e+00 1.57324e-02 6.99157e+00 2.18502e-02 7.24072e+00 1.59416e-02 7.16746e+00 1.75564e-02 7.00318e+00 2.11009e-02 7.10046e+00 1.88325e-02 
85.0 87.5 90.0 7.14146e+00 1.77363e-02 7.28022e+00 1.53512e-02 7.00760e+00 2.12807e-02 7.24790e+00 1.56721e-02 7.16845e+00 1.74197e-02 7.01996e+00 2.06624e-02 7.11616e+00 1.82854e-02 
90.0 92.5 95.0 7.10722e+00 1.68941e-02 7.23406e+00 1.46781e-02 6.97613e+00 2.03598e-02 7.20224e+00 1.49247e-02 7.13673e+00 1.64034e-02 6.99854e+00 1.94945e-02 7.07856e+00 1.76189e-02 
95.0 97.5 100.0 7.01090e+00 1.57007e-02 7.12438e+00 1.38529e-02 6.88662e+00 1.90411e-02 7.09771e+00 1.38677e-02 7.03177e+00 1.56750e-02 6.91447e+00 1.80141e-02 6.98275e+00 1.63333e-02 
100.0 105.0 110.0 6.65698e+00 1.13242e-02 6.76740e+00 9.61342e-03 6.55007e+00 1.39302e-02 6.72926e+00 1.00784e-02 6.68746e+00 1.12002e-02 6.56887e+00 1.32267e-02 6.63466e+00 1.19897e-02 
110.0 115.0 120.0 6.05535e+00 9.89824e-03 6.13533e+00 8.65153e-03 5.96982e+00 1.21618e-02 6.11094e+00 8.68149e-03 6.07703e+00 9.67024e-03 5.98728e+00 1.16186e-02 6.03131e+00 1.05109e-02 
120.0 125.0 130.0 5.38149e+00 7.85755e-03 5.43838e+00 7.44001e-03 5.30867e+00 1.04916e-02 5.41984e+00 7.57836e-03 5.40167e+00 7.98599e-03 5.32924e+00 9.56530e-03 5.36036e+00 8.67373e-03 
130.0 135.0 140.0 4.67405e+00 7.19557e-03 4.71995e+00 6.38344e-03 4.62166e+00 8.60048e-03 4.70330e+00 5.74205e-03 4.69102e+00 7.03243e-03 4.63711e+00 8.30423e-03 4.66080e+00 7.61586e-03 
140.0 145.0 150.0 3.98722e+00 6.13693e-03 4.02324e+00 5.55052e-03 3.94871e+00 7.24461e-03 4.01018e+00 5.64805e-03 4.00046e+00 6.12419e-03 3.95342e+00 6.65482e-03 3.97623e+00 6.54704e-03 
150.0 155.0 160.0 3.37029e+00 4.87999e-03 3.39709e+00 4.81833e-03 3.34137e+00 6.28525e-03 3.38804e+00 4.94718e-03 3.38053e+00 5.31258e-03 3.34759e+00 5.08374e-03 3.36006e+00 5.24133e-03 
160.0 165.0 170.0 2.82331e+00 4.55605e-03 2.84726e+00 3.82459e-03 2.79741e+00 5.01350e-03 2.83780e+00 4.09918e-03 2.83227e+00 4.16341e-03 2.80460e+00 5.11116e-03 2.81326e+00 4.17632e-03 
170.0 175.0 180.0 2.35736e+00 3.98701e-03 2.37424e+00 3.38330e-03 2.33505e+00 4.78402e-03 2.36811e+00 3.73826e-03 2.36465e+00 3.99133e-03 2.33997e+00 4.17460e-03 2.35122e+00 4.25322e-03 
180.0 185.0 190.0 1.96634e+00 3.38743e-03 1.98086e+00 3.12146e-03 1.94994e+00 3.90926e-03 1.97500e+00 3.14439e-03 1.97305e+00 3.38515e-03 1.95573e+00 3.77154e-03 1.96115e+00 3.52334e-03 
190.0 195.0 200.0 1.63053e+00 2.92225e-03 1.64148e+00 2.68863e-03 1.61878e+00 3.01449e-03 1.63726e+00 2.72166e-03 1.63548e+00 2.91206e-03 1.62095e+00 3.24183e-03 1.62712e+00 3.01551e-03 
200.0 212.5 225.0 1.18959e+00 1.54408e-03 1.19716e+00 1.50783e-03 1.17984e+00 1.90617e-03 1.19447e+00 1.49060e-03 1.19372e+00 1.63857e-03 1.18292e+00 1.84469e-03 1.18698e+00 1.72684e-03 
225.0 237.5 250.0 7.49854e-01 1.19546e-03 7.54147e-01 1.08859e-03 7.43003e-01 1.34824e-03 7.52899e-01 1.10372e-03 7.51996e-01 1.18095e-03 7.45749e-01 1.32316e-03 7.47516e-01 1.22014e-03 
250.0 262.5 275.0 4.78204e-01 8.38444e-04 4.81031e-01 7.76364e-04 4.74097e-01 9.57537e-04 4.80035e-01 7.86356e-04 4.79389e-01 8.37803e-04 4.75588e-01 9.11771e-04 4.76571e-01 8.76566e-04 
275.0 287.5 300.0 3.09788e-01 6.05849e-04 3.11850e-01 5.59933e-04 3.06959e-01 6.82119e-04 3.11147e-01 5.69932e-04 3.10791e-01 5.98475e-04 3.07881e-01 6.63817e-04 3.08755e-01 6.31661e-04 
300.0 312.5 325.0 2.03364e-01 4.66285e-04 2.04901e-01 4.30552e-04 2.01096e-01 5.20028e-04 2.04275e-01 4.37595e-04 2.04260e-01 4.58735e-04 2.02190e-01 5.02746e-04 2.02385e-01 4.84452e-04 
325.0 337.5 350.0 1.36075e-01 3.53435e-04 1.37134e-01 3.26272e-04 1.34452e-01 3.97626e-04 1.36694e-01 3.32417e-04 1.36639e-01 3.48136e-04 1.34799e-01 3.54670e-04 1.35365e-01 3.69397e-04 
350.0 362.5 375.0 9.20589e-02 2.74355e-04 9.29193e-02 2.52461e-04 9.08898e-02 3.07875e-04 9.24830e-02 2.50640e-04 9.25180e-02 2.67352e-04 9.13424e-02 2.91136e-04 9.15998e-02 2.87256e-04 
375.0 387.5 400.0 6.41379e-02 2.02546e-04 6.47911e-02 1.86974e-04 6.31531e-02 2.26013e-04 6.44846e-02 1.91926e-04 6.45521e-02 1.99568e-04 6.36446e-02 2.15535e-04 6.36630e-02 2.12128e-04 
400.0 412.5 425.0 4.45156e-02 1.62398e-04 4.49376e-02 1.50629e-04 4.38744e-02 1.81352e-04 4.47366e-02 1.53873e-04 4.47615e-02 1.58847e-04 4.42054e-02 1.73433e-04 4.42507e-02 1.70493e-04 
425.0 437.5 450.0 3.15225e-02 1.37883e-04 3.19138e-02 1.24446e-04 3.10010e-02 1.56151e-04 3.17321e-02 1.30192e-04 3.17658e-02 1.32658e-04 3.12612e-02 1.47524e-04 3.12900e-02 1.44893e-04 
450.0 462.5 475.0 2.26738e-02 1.11524e-04 2.29297e-02 1.00703e-04 2.21849e-02 1.28242e-04 2.28353e-02 1.05073e-04 2.28529e-02 1.07911e-04 2.24720e-02 1.19255e-04 2.24495e-02 1.20002e-04 
475.0 487.5 500.0 1.65086e-02 9.19501e-05 1.67521e-02 8.26661e-05 1.61705e-02 1.05727e-04 1.66342e-02 8.72657e-05 1.66727e-02 8.80384e-05 1.63667e-02 9.85651e-05 1.63584e-02 9.90500e-05 
500.0 512.5 525.0 1.24155e-02 6.89508e-05 1.25988e-02 6.18761e-05 1.21873e-02 7.76876e-05 1.24991e-02 6.52155e-05 1.25587e-02 6.58735e-05 1.23219e-02 7.37143e-05 1.23141e-02 7.31545e-05 
525.0 537.5 550.0 9.07697e-03 5.92323e-05 9.21229e-03 5.32891e-05 8.89299e-03 6.80932e-05 9.13712e-03 5.58518e-05 9.15911e-03 5.50474e-05 9.00060e-03 6.34603e-05 8.99446e-03 6.38843e-05 
550.0 562.5 575.0 6.87041e-03 4.96134e-05 6.95899e-03 4.41551e-05 6.71630e-03 5.69326e-05 6.91892e-03 4.66376e-05 6.94452e-03 4.71710e-05 6.79986e-03 5.25248e-05 6.79654e-03 5.31431e-05 
575.0 587.5 600.0 5.21754e-03 3.89828e-05 5.27674e-03 3.54412e-05 5.07811e-03 4.61177e-05 5.25248e-03 3.68493e-05 5.26043e-03 3.77555e-05 5.16842e-03 4.14151e-05 5.13940e-03 4.32961e-05 
