0.0 2.5 5.0 2.42756e-02 1.34082e-03 2.56087e-02 1.26919e-03 2.39951e-02 1.41151e-03 2.55389e-02 1.24910e-03 2.37999e-02 1.36760e-03 2.27663e-02 1.46739e-03 2.50475e-02 1.27546e-03 
5.0 7.5 10.0 7.60579e-02 2.74080e-03 7.78559e-02 2.47493e-03 7.43406e-02 2.81708e-03 7.90094e-02 2.50479e-03 7.46411e-02 2.65716e-03 7.40771e-02 3.05225e-03 7.68226e-02 2.63817e-03 
10.0 12.5 15.0 1.20431e-01 3.14433e-03 1.23729e-01 3.12710e-03 1.20380e-01 3.55136e-03 1.23279e-01 2.95814e-03 1.18841e-01 3.32954e-03 1.17443e-01 3.67303e-03 1.22404e-01 3.12832e-03 
15.0 17.5 20.0 1.54308e-01 3.61135e-03 1.60075e-01 3.51025e-03 1.54174e-01 4.50296e-03 1.59122e-01 3.44077e-03 1.54863e-01 3.88196e-03 1.54460e-01 4.29791e-03 1.56422e-01 4.03252e-03 
20.0 22.5 25.0 1.72420e-01 4.03663e-03 1.75364e-01 3.97581e-03 1.71019e-01 4.62813e-03 1.74650e-01 3.71184e-03 1.73355e-01 4.35741e-03 1.69055e-01 4.66043e-03 1.71963e-01 4.08808e-03 
25.0 27.5 30.0 1.85827e-01 4.41298e-03 1.88161e-01 4.10437e-03 1.84822e-01 5.07967e-03 1.86426e-01 4.03365e-03 1.84962e-01 4.55307e-03 1.82486e-01 5.03413e-03 1.86978e-01 4.45753e-03 
30.0 32.5 35.0 1.87780e-01 4.43189e-03 1.90633e-01 4.11865e-03 1.85187e-01 5.04433e-03 1.89624e-01 4.00835e-03 1.87667e-01 4.55775e-03 1.85437e-01 4.98731e-03 1.86791e-01 4.38699e-03 
35.0 37.5 40.0 1.93680e-01 4.59844e-03 1.95748e-01 4.11558e-03 1.94875e-01 5.20927e-03 1.93755e-01 4.08455e-03 1.93985e-01 4.47762e-03 1.89063e-01 4.74797e-03 1.94835e-01 4.51589e-03 
40.0 42.5 45.0 1.91213e-01 4.21917e-03 1.95382e-01 4.18950e-03 1.89460e-01 5.01862e-03 1.93878e-01 4.18215e-03 1.91734e-01 4.53797e-03 1.86622e-01 4.86332e-03 1.92684e-01 4.48184e-03 
45.0 47.5 50.0 1.86961e-01 4.60062e-03 1.90969e-01 4.23229e-03 1.82251e-01 4.82615e-03 1.89776e-01 4.23668e-03 1.87736e-01 4.55626e-03 1.86107e-01 5.25616e-03 1.84199e-01 4.19367e-03 
50.0 52.5 55.0 1.87415e-01 4.72949e-03 1.91896e-01 4.07285e-03 1.85174e-01 5.40669e-03 1.91364e-01 4.12138e-03 1.88035e-01 4.44987e-03 1.83584e-01 5.34027e-03 1.88305e-01 4.75642e-03 
55.0 57.5 60.0 2.03857e-01 5.13937e-03 2.09448e-01 4.52725e-03 2.02404e-01 5.55598e-03 2.06042e-01 4.67192e-03 2.02543e-01 5.09501e-03 2.00682e-01 5.86024e-03 2.06229e-01 5.00398e-03 
60.0 62.5 65.0 2.05154e-01 5.32802e-03 2.11245e-01 5.14162e-03 2.00769e-01 5.85647e-03 2.11622e-01 5.04360e-03 2.06017e-01 5.68002e-03 1.97716e-01 6.37617e-03 2.04268e-01 5.51017e-03 
65.0 67.5 70.0 2.44465e-01 5.34410e-03 2.54094e-01 5.23815e-03 2.39559e-01 6.42564e-03 2.52071e-01 4.78028e-03 2.43687e-01 5.49488e-03 2.37675e-01 6.12289e-03 2.45920e-01 5.41776e-03 
70.0 72.5 75.0 2.68285e-01 5.30256e-03 2.80152e-01 5.28878e-03 2.69440e-01 6.34311e-03 2.81408e-01 5.17444e-03 2.74225e-01 5.79282e-03 2.71828e-01 6.35322e-03 2.74739e-01 5.60266e-03 
75.0 77.5 80.0 2.69283e-01 5.05112e-03 2.71579e-01 4.50069e-03 2.68136e-01 5.45674e-03 2.72404e-01 4.61134e-03 2.70665e-01 5.20282e-03 2.68400e-01 5.51440e-03 2.71299e-01 4.71500e-03 
80.0 82.5 85.0 2.46400e-01 4.33458e-03 2.45722e-01 4.23581e-03 2.44598e-01 5.32842e-03 2.45193e-01 4.00517e-03 2.45427e-01 4.68763e-03 2.46088e-01 4.90200e-03 2.43997e-01 4.68929e-03 
85.0 87.5 90.0 2.15899e-01 3.97638e-03 2.15773e-01 3.67260e-03 2.19979e-01 4.56444e-03 2.14353e-01 3.64687e-03 2.18025e-01 4.03736e-03 2.18974e-01 4.55886e-03 2.17570e-01 4.01488e-03 
90.0 92.5 95.0 1.73450e-01 3.31276e-03 1.68548e-01 2.97276e-03 1.76794e-01 3.88887e-03 1.67958e-01 2.98161e-03 1.73792e-01 3.30702e-03 1.77973e-01 3.80126e-03 1.70260e-01 3.23358e-03 
95.0 97.5 100.0 1.23326e-01 2.02748e-03 1.18156e-01 1.81647e-03 1.27059e-01 2.29689e-03 1.17861e-01 1.81691e-03 1.23407e-01 2.01738e-03 1.28686e-01 2.28868e-03 1.22110e-01 2.01301e-03 
100.0 105.0 110.0 6.42894e-02 7.16535e-04 6.06366e-02 6.40457e-04 6.83582e-02 8.34304e-04 6.00619e-02 6.32149e-04 6.48794e-02 7.18610e-04 6.86159e-02 8.28963e-04 6.41912e-02 7.22781e-04 
110.0 115.0 120.0 2.07161e-02 2.85172e-04 1.87465e-02 2.45539e-04 2.30726e-02 3.40182e-04 1.89021e-02 2.48436e-04 2.05743e-02 2.80036e-04 2.28717e-02 3.33487e-04 2.08986e-02 2.89912e-04 
120.0 125.0 130.0 4.94192e-03 9.90207e-05 4.22746e-03 8.35675e-05 5.83995e-03 1.19873e-04 4.34331e-03 8.58669e-05 4.79225e-03 9.60926e-05 5.69274e-03 1.16497e-04 5.06612e-03 1.01758e-04 
130.0 135.0 140.0 1.17904e-04 6.68139e-06 9.63967e-05 5.61410e-06 1.46052e-04 7.85206e-06 1.05977e-04 6.06744e-06 1.06782e-04 6.18445e-06 1.31279e-04 7.43415e-06 1.29382e-04 7.02921e-06 
140.0 145.0 150.0 2.05245e-06 2.25819e-07 1.59980e-06 1.77257e-07 2.74509e-06 2.99571e-07 1.87430e-06 2.06222e-07 1.75184e-06 1.94100e-07 2.26903e-06 2.49643e-07 2.48304e-06 2.70978e-07 
150.0 155.0 160.0 0.00000e+00 0.00000e+00 0.00000e+00 0.00000e+00 0.00000e+00 0.00000e+00 0.00000e+00 0.00000e+00 0.00000e+00 0.00000e+00 0.00000e+00 0.00000e+00 0.00000e+00 0.00000e+00 
160.0 165.0 170.0 0.00000e+00 0.00000e+00 0.00000e+00 0.00000e+00 0.00000e+00 0.00000e+00 0.00000e+00 0.00000e+00 0.00000e+00 0.00000e+00 0.00000e+00 0.00000e+00 0.00000e+00 0.00000e+00 
170.0 175.0 180.0 0.00000e+00 0.00000e+00 0.00000e+00 0.00000e+00 0.00000e+00 0.00000e+00 0.00000e+00 0.00000e+00 0.00000e+00 0.00000e+00 0.00000e+00 0.00000e+00 0.00000e+00 0.00000e+00 
180.0 185.0 190.0 0.00000e+00 0.00000e+00 0.00000e+00 0.00000e+00 0.00000e+00 0.00000e+00 0.00000e+00 0.00000e+00 0.00000e+00 0.00000e+00 0.00000e+00 0.00000e+00 0.00000e+00 0.00000e+00 
190.0 195.0 200.0 0.00000e+00 0.00000e+00 0.00000e+00 0.00000e+00 0.00000e+00 0.00000e+00 0.00000e+00 0.00000e+00 0.00000e+00 0.00000e+00 0.00000e+00 0.00000e+00 0.00000e+00 0.00000e+00 
200.0 212.5 225.0 0.00000e+00 0.00000e+00 0.00000e+00 0.00000e+00 0.00000e+00 0.00000e+00 0.00000e+00 0.00000e+00 0.00000e+00 0.00000e+00 0.00000e+00 0.00000e+00 0.00000e+00 0.00000e+00 
225.0 237.5 250.0 0.00000e+00 0.00000e+00 0.00000e+00 0.00000e+00 0.00000e+00 0.00000e+00 0.00000e+00 0.00000e+00 0.00000e+00 0.00000e+00 0.00000e+00 0.00000e+00 0.00000e+00 0.00000e+00 
250.0 262.5 275.0 0.00000e+00 0.00000e+00 0.00000e+00 0.00000e+00 0.00000e+00 0.00000e+00 0.00000e+00 0.00000e+00 0.00000e+00 0.00000e+00 0.00000e+00 0.00000e+00 0.00000e+00 0.00000e+00 
275.0 287.5 300.0 0.00000e+00 0.00000e+00 0.00000e+00 0.00000e+00 0.00000e+00 0.00000e+00 0.00000e+00 0.00000e+00 0.00000e+00 0.00000e+00 0.00000e+00 0.00000e+00 0.00000e+00 0.00000e+00 
300.0 312.5 325.0 0.00000e+00 0.00000e+00 0.00000e+00 0.00000e+00 0.00000e+00 0.00000e+00 0.00000e+00 0.00000e+00 0.00000e+00 0.00000e+00 0.00000e+00 0.00000e+00 0.00000e+00 0.00000e+00 
325.0 337.5 350.0 0.00000e+00 0.00000e+00 0.00000e+00 0.00000e+00 0.00000e+00 0.00000e+00 0.00000e+00 0.00000e+00 0.00000e+00 0.00000e+00 0.00000e+00 0.00000e+00 0.00000e+00 0.00000e+00 
350.0 362.5 375.0 0.00000e+00 0.00000e+00 0.00000e+00 0.00000e+00 0.00000e+00 0.00000e+00 0.00000e+00 0.00000e+00 0.00000e+00 0.00000e+00 0.00000e+00 0.00000e+00 0.00000e+00 0.00000e+00 
375.0 387.5 400.0 0.00000e+00 0.00000e+00 0.00000e+00 0.00000e+00 0.00000e+00 0.00000e+00 0.00000e+00 0.00000e+00 0.00000e+00 0.00000e+00 0.00000e+00 0.00000e+00 0.00000e+00 0.00000e+00 
400.0 412.5 425.0 0.00000e+00 0.00000e+00 0.00000e+00 0.00000e+00 0.00000e+00 0.00000e+00 0.00000e+00 0.00000e+00 0.00000e+00 0.00000e+00 0.00000e+00 0.00000e+00 0.00000e+00 0.00000e+00 
425.0 437.5 450.0 0.00000e+00 0.00000e+00 0.00000e+00 0.00000e+00 0.00000e+00 0.00000e+00 0.00000e+00 0.00000e+00 0.00000e+00 0.00000e+00 0.00000e+00 0.00000e+00 0.00000e+00 0.00000e+00 
450.0 462.5 475.0 0.00000e+00 0.00000e+00 0.00000e+00 0.00000e+00 0.00000e+00 0.00000e+00 0.00000e+00 0.00000e+00 0.00000e+00 0.00000e+00 0.00000e+00 0.00000e+00 0.00000e+00 0.00000e+00 
475.0 487.5 500.0 0.00000e+00 0.00000e+00 0.00000e+00 0.00000e+00 0.00000e+00 0.00000e+00 0.00000e+00 0.00000e+00 0.00000e+00 0.00000e+00 0.00000e+00 0.00000e+00 0.00000e+00 0.00000e+00 
500.0 512.5 525.0 0.00000e+00 0.00000e+00 0.00000e+00 0.00000e+00 0.00000e+00 0.00000e+00 0.00000e+00 0.00000e+00 0.00000e+00 0.00000e+00 0.00000e+00 0.00000e+00 0.00000e+00 0.00000e+00 
525.0 537.5 550.0 0.00000e+00 0.00000e+00 0.00000e+00 0.00000e+00 0.00000e+00 0.00000e+00 0.00000e+00 0.00000e+00 0.00000e+00 0.00000e+00 0.00000e+00 0.00000e+00 0.00000e+00 0.00000e+00 
550.0 562.5 575.0 0.00000e+00 0.00000e+00 0.00000e+00 0.00000e+00 0.00000e+00 0.00000e+00 0.00000e+00 0.00000e+00 0.00000e+00 0.00000e+00 0.00000e+00 0.00000e+00 0.00000e+00 0.00000e+00 
575.0 587.5 600.0 0.00000e+00 0.00000e+00 0.00000e+00 0.00000e+00 0.00000e+00 0.00000e+00 0.00000e+00 0.00000e+00 0.00000e+00 0.00000e+00 0.00000e+00 0.00000e+00 0.00000e+00 0.00000e+00 
