0.0 0.1 0.2 -1.32730e-01 2.91424e-02 -8.89215e-02 2.63184e-02 -2.05712e-01 3.55842e-02 -1.16343e-01 2.64032e-02 -8.57156e-02 2.93843e-02 -1.06731e-01 3.35043e-02 -1.86868e-01 2.95577e-02 
0.2 0.3 0.4 -1.81094e-01 3.01138e-02 -1.40572e-01 2.62597e-02 -2.66460e-01 3.55122e-02 -1.72168e-01 2.66336e-02 -1.52278e-01 3.04629e-02 -1.73405e-01 3.17351e-02 -2.33790e-01 3.02521e-02 
0.4 0.5 0.6 -8.57136e-02 3.11666e-02 -7.57962e-02 2.64332e-02 -1.65198e-01 3.28300e-02 -1.01331e-01 2.58769e-02 -6.59858e-02 3.00529e-02 -9.73604e-02 3.58186e-02 -1.58740e-01 2.78970e-02 
0.6 0.7 0.8 -1.17127e-01 3.02921e-02 -7.97342e-02 2.71335e-02 -2.10394e-01 3.50033e-02 -1.08461e-01 2.69360e-02 -7.03578e-02 3.00129e-02 -1.16274e-01 3.51625e-02 -1.78313e-01 3.00523e-02 
0.8 0.9 1.0 -1.66255e-01 2.76098e-02 -1.10887e-01 2.46166e-02 -2.38728e-01 3.18415e-02 -1.44175e-01 2.43272e-02 -1.47095e-01 2.73724e-02 -1.69085e-01 3.12563e-02 -2.18971e-01 2.60755e-02 
1.0 1.1 1.2 -1.72563e-01 2.63422e-02 -1.35070e-01 2.37338e-02 -2.78694e-01 3.15734e-02 -1.63217e-01 2.35147e-02 -1.46916e-01 2.68440e-02 -2.03297e-01 3.11511e-02 -2.33413e-01 2.56863e-02 
1.2 1.3 1.4 -1.32213e-01 2.47748e-02 -7.24325e-02 2.39354e-02 -1.98153e-01 2.90630e-02 -1.00180e-01 2.36410e-02 -8.39663e-02 2.65764e-02 -1.45722e-01 2.80982e-02 -1.52828e-01 2.26458e-02 
1.4 1.5 1.6 -1.74987e-01 2.31438e-02 -1.04306e-01 2.15568e-02 -2.45811e-01 2.69498e-02 -1.08771e-01 2.02767e-02 -1.30122e-01 2.36681e-02 -1.94671e-01 2.45365e-02 -2.17642e-01 2.29237e-02 
1.6 1.7 1.8 -1.58022e-01 1.95275e-02 -1.06287e-01 1.85432e-02 -2.56928e-01 2.08771e-02 -1.27281e-01 1.74741e-02 -1.23516e-01 1.98551e-02 -1.93008e-01 2.23133e-02 -2.14849e-01 1.88316e-02 
1.8 1.9 2.0 -1.22009e-01 1.64141e-02 -7.65198e-02 1.55584e-02 -2.21575e-01 1.83239e-02 -1.02011e-01 1.51335e-02 -9.84798e-02 1.72089e-02 -1.64064e-01 1.82004e-02 -1.74156e-01 1.58685e-02 
2.0 2.1 2.2 -8.94988e-02 1.24247e-02 -4.25979e-02 1.17146e-02 -1.66675e-01 1.40715e-02 -6.30760e-02 1.12969e-02 -6.51125e-02 1.29555e-02 -1.24484e-01 1.40927e-02 -1.26351e-01 1.21151e-02 
2.2 2.3 2.4 -7.03658e-02 8.17909e-03 -3.74995e-02 7.92227e-03 -1.36309e-01 9.17701e-03 -5.00665e-02 7.45201e-03 -5.24991e-02 8.55695e-03 -1.00657e-01 9.19009e-03 -1.00530e-01 8.04588e-03 
2.4 2.5 2.6 -5.08765e-02 5.09364e-03 -2.69596e-02 6.19095e-03 -8.72962e-02 5.54649e-03 -3.63167e-02 4.87625e-03 -4.10694e-02 6.67320e-03 -7.26109e-02 5.49991e-03 -6.66607e-02 4.86072e-03 
2.6 2.7 2.8 -2.58812e-02 2.32954e-03 -1.05405e-02 2.37512e-03 -4.61267e-02 2.63771e-03 -1.71032e-02 2.30206e-03 -1.77532e-02 2.55698e-03 -3.57840e-02 2.63930e-03 -3.41850e-02 2.34736e-03 
2.8 2.9 3.0 -1.11118e-02 8.13102e-04 -6.20590e-03 7.95210e-04 -1.78710e-02 9.38533e-04 -8.59655e-03 7.60174e-04 -8.35740e-03 8.54532e-04 -1.40484e-02 9.20402e-04 -1.39534e-02 8.14283e-04 
3.0 3.1 3.2 -2.14692e-03 1.69105e-04 -1.28327e-03 1.48074e-04 -3.50722e-03 2.01970e-04 -1.66642e-03 1.51358e-04 -1.74585e-03 1.73823e-04 -2.80933e-03 1.90828e-04 -2.72117e-03 1.71780e-04 
3.2 3.3 3.4 -1.96211e-04 1.20628e-05 -1.38666e-04 1.06712e-05 -2.79665e-04 1.68451e-05 -1.60521e-04 1.07150e-05 -1.66592e-04 1.18544e-05 -2.35670e-04 1.50849e-05 -2.30957e-04 1.42616e-05 
3.4 3.5 3.6 -2.37984e-07 2.15229e-08 -1.61326e-07 1.44077e-08 -3.72878e-07 3.38130e-08 -2.05917e-07 1.81268e-08 -1.94043e-07 1.69459e-08 -2.87376e-07 2.60213e-08 -3.03676e-07 2.82861e-08 
3.6 3.7 3.8 0.00000e+00 0.00000e+00 0.00000e+00 0.00000e+00 0.00000e+00 0.00000e+00 0.00000e+00 0.00000e+00 0.00000e+00 0.00000e+00 0.00000e+00 0.00000e+00 0.00000e+00 0.00000e+00 
3.8 3.9 4.0 0.00000e+00 0.00000e+00 0.00000e+00 0.00000e+00 0.00000e+00 0.00000e+00 0.00000e+00 0.00000e+00 0.00000e+00 0.00000e+00 0.00000e+00 0.00000e+00 0.00000e+00 0.00000e+00 
4.0 4.25 4.5 0.00000e+00 0.00000e+00 0.00000e+00 0.00000e+00 0.00000e+00 0.00000e+00 0.00000e+00 0.00000e+00 0.00000e+00 0.00000e+00 0.00000e+00 0.00000e+00 0.00000e+00 0.00000e+00 
4.5 4.75 5.0 0.00000e+00 0.00000e+00 0.00000e+00 0.00000e+00 0.00000e+00 0.00000e+00 0.00000e+00 0.00000e+00 0.00000e+00 0.00000e+00 0.00000e+00 0.00000e+00 0.00000e+00 0.00000e+00 
5.0 5.25 5.5 0.00000e+00 0.00000e+00 0.00000e+00 0.00000e+00 0.00000e+00 0.00000e+00 0.00000e+00 0.00000e+00 0.00000e+00 0.00000e+00 0.00000e+00 0.00000e+00 0.00000e+00 0.00000e+00 
5.5 5.75 6.0 0.00000e+00 0.00000e+00 0.00000e+00 0.00000e+00 0.00000e+00 0.00000e+00 0.00000e+00 0.00000e+00 0.00000e+00 0.00000e+00 0.00000e+00 0.00000e+00 0.00000e+00 0.00000e+00 
6.0 6.25 6.5 0.00000e+00 0.00000e+00 0.00000e+00 0.00000e+00 0.00000e+00 0.00000e+00 0.00000e+00 0.00000e+00 0.00000e+00 0.00000e+00 0.00000e+00 0.00000e+00 0.00000e+00 0.00000e+00 
6.5 6.75 7.0 0.00000e+00 0.00000e+00 0.00000e+00 0.00000e+00 0.00000e+00 0.00000e+00 0.00000e+00 0.00000e+00 0.00000e+00 0.00000e+00 0.00000e+00 0.00000e+00 0.00000e+00 0.00000e+00 
7.0 7.5 8.0 0.00000e+00 0.00000e+00 0.00000e+00 0.00000e+00 0.00000e+00 0.00000e+00 0.00000e+00 0.00000e+00 0.00000e+00 0.00000e+00 0.00000e+00 0.00000e+00 0.00000e+00 0.00000e+00 
8.0 8.5 9.0 0.00000e+00 0.00000e+00 0.00000e+00 0.00000e+00 0.00000e+00 0.00000e+00 0.00000e+00 0.00000e+00 0.00000e+00 0.00000e+00 0.00000e+00 0.00000e+00 0.00000e+00 0.00000e+00 
9.0 9.5 10.0 0.00000e+00 0.00000e+00 0.00000e+00 0.00000e+00 0.00000e+00 0.00000e+00 0.00000e+00 0.00000e+00 0.00000e+00 0.00000e+00 0.00000e+00 0.00000e+00 0.00000e+00 0.00000e+00 
