0.0 12.5 25.0 -4.76306e+00 4.51285e-02 -5.01437e+00 3.57024e-02 -3.75028e+00 5.72334e-02 -4.80028e+00 3.73196e-02 -5.31500e+00 4.24725e-02 -4.61067e+00 5.51725e-02 -4.35679e+00 4.81554e-02 
25.0 37.5 50.0 1.74804e+00 1.76433e-02 2.16953e+00 1.45339e-02 9.69582e-01 2.51159e-02 1.92489e+00 1.43264e-02 2.06904e+00 1.71477e-02 1.44478e+00 2.10848e-02 1.39678e+00 2.09644e-02 
50.0 62.5 75.0 6.15410e-01 4.03121e-03 5.86155e-01 3.31260e-03 6.28446e-01 5.09384e-03 5.73079e-01 3.39107e-03 6.34616e-01 3.82908e-03 6.63482e-01 4.72186e-03 5.93639e-01 4.23180e-03 
75.0 87.5 100.0 1.36498e-01 8.64111e-04 1.22138e-01 7.24464e-04 1.53001e-01 1.13513e-03 1.23574e-01 7.47477e-04 1.35664e-01 8.28588e-04 1.53090e-01 1.03460e-03 1.37923e-01 9.36932e-04 
100.0 125.0 150.0 2.15312e-02 1.26798e-04 1.84695e-02 1.04079e-04 2.54227e-02 1.63744e-04 1.91780e-02 1.10691e-04 2.08223e-02 1.19529e-04 2.45761e-02 1.49667e-04 2.24095e-02 1.38460e-04 
150.0 175.0 200.0 1.87735e-03 1.44941e-05 1.54451e-03 1.17867e-05 2.32474e-03 1.88212e-05 1.65142e-03 1.26527e-05 1.76172e-03 1.34525e-05 2.16662e-03 1.69131e-05 2.01575e-03 1.59148e-05 
200.0 225.0 250.0 2.16951e-04 2.13054e-06 1.73038e-04 1.69142e-06 2.78736e-04 2.83660e-06 1.89143e-04 1.84689e-06 1.98791e-04 1.94150e-06 2.52846e-04 2.51165e-06 2.39711e-04 2.40032e-06 
250.0 275.0 300.0 2.92397e-05 3.49509e-07 2.25828e-05 2.66810e-07 3.89767e-05 4.76321e-07 2.53032e-05 3.00908e-07 2.60938e-05 3.09010e-07 3.42889e-05 4.12495e-07 3.31483e-05 4.01808e-07 
300.0 325.0 350.0 4.71727e-06 6.85179e-08 3.54121e-06 5.07722e-08 6.40440e-06 9.47231e-08 4.07696e-06 5.90007e-08 4.12114e-06 5.92205e-08 5.55205e-06 8.09288e-08 5.45001e-06 8.03597e-08 
350.0 375.0 400.0 8.18662e-07 1.35332e-08 6.09782e-07 9.99829e-09 1.13488e-06 1.89525e-08 7.06229e-07 1.16554e-08 7.10514e-07 1.16594e-08 9.63791e-07 1.59751e-08 9.65396e-07 1.60818e-08 
400.0 425.0 450.0 1.57260e-07 3.22978e-09 1.17590e-07 2.41123e-09 2.20271e-07 4.56227e-09 1.35911e-07 2.78565e-09 1.36473e-07 2.80292e-09 1.85557e-07 3.82645e-09 1.87309e-07 3.87867e-09 
450.0 475.0 500.0 3.11850e-08 7.96357e-10 2.26857e-08 5.78508e-10 4.42674e-08 1.12932e-09 2.68660e-08 6.85621e-10 2.63286e-08 6.71717e-10 3.65204e-08 9.33923e-10 3.75887e-08 9.58287e-10 
500.0 550.0 600.0 4.58067e-09 1.29645e-10 3.29556e-09 9.34380e-11 6.52426e-09 1.84310e-10 3.94605e-09 1.11575e-10 3.79683e-09 1.07666e-10 5.39222e-09 1.52612e-10 5.55609e-09 1.56830e-10 
600.0 700.0 800.0 6.64301e-11 2.56588e-12 4.61295e-11 1.78622e-12 9.94489e-11 3.82232e-12 5.74675e-11 2.21885e-12 5.29640e-11 2.04919e-12 7.77008e-11 3.00260e-12 8.49147e-11 3.26276e-12 
800.0 900.0 1000.0 1.25253e-16 1.61462e-17 7.58312e-17 1.01359e-17 2.08807e-16 2.54019e-17 1.09020e-16 1.40530e-17 8.78903e-17 1.16199e-17 1.45470e-16 1.87518e-17 1.79782e-16 2.18726e-17 
