0.0 12.5 25.0 1.10996e-02 3.04403e-04 1.10240e-02 2.87262e-04 1.10774e-02 3.49232e-04 1.11377e-02 2.80022e-04 1.09149e-02 3.12738e-04 1.10893e-02 3.41713e-04 1.11644e-02 3.07467e-04 
25.0 37.5 50.0 3.18408e-02 6.44545e-04 3.14780e-02 5.88375e-04 3.20276e-02 7.47297e-04 3.17591e-02 5.89521e-04 3.14703e-02 6.56458e-04 3.15619e-02 7.19960e-04 3.20634e-02 6.54444e-04 
50.0 62.5 75.0 4.70925e-02 8.15080e-04 4.72588e-02 7.38973e-04 4.75822e-02 9.07076e-04 4.77418e-02 7.60585e-04 4.63956e-02 7.98669e-04 4.69334e-02 9.30416e-04 4.76876e-02 8.11926e-04 
75.0 87.5 100.0 5.58747e-02 8.05343e-04 5.65792e-02 7.91741e-04 5.46701e-02 1.01769e-03 5.66644e-02 7.98874e-04 5.56100e-02 8.26108e-04 5.49469e-02 9.12735e-04 5.57287e-02 8.92161e-04 
100.0 125.0 150.0 5.62436e-02 5.05321e-04 5.63539e-02 4.50880e-04 5.53459e-02 5.48344e-04 5.65446e-02 4.54384e-04 5.61840e-02 4.97236e-04 5.55463e-02 5.69324e-04 5.61673e-02 4.80667e-04 
150.0 175.0 200.0 4.26694e-02 3.62522e-04 4.28202e-02 3.24729e-04 4.19893e-02 4.11146e-04 4.30493e-02 3.43457e-04 4.26944e-02 3.49608e-04 4.25272e-02 3.70009e-04 4.30584e-02 3.51640e-04 
200.0 225.0 250.0 2.89822e-02 2.42228e-04 2.88540e-02 2.16791e-04 2.87201e-02 2.55070e-04 2.90709e-02 2.22464e-04 2.88178e-02 2.37182e-04 2.88375e-02 2.71585e-04 2.90528e-02 2.31757e-04 
250.0 275.0 300.0 1.85119e-02 1.60340e-04 1.84659e-02 1.50380e-04 1.84674e-02 1.81474e-04 1.85757e-02 1.48833e-04 1.83822e-02 1.60830e-04 1.83857e-02 1.79353e-04 1.86605e-02 1.54248e-04 
300.0 325.0 350.0 1.19946e-02 1.08776e-04 1.18977e-02 9.73846e-05 1.18550e-02 1.19578e-04 1.19769e-02 1.01098e-04 1.18863e-02 1.04361e-04 1.18841e-02 1.17961e-04 1.20120e-02 1.07760e-04 
350.0 375.0 400.0 7.60155e-03 6.45297e-05 7.52032e-03 6.23998e-05 7.62635e-03 7.45093e-05 7.56626e-03 6.30708e-05 7.51296e-03 6.72802e-05 7.58724e-03 7.05187e-05 7.69163e-03 6.90629e-05 
400.0 425.0 450.0 4.76499e-03 4.46227e-05 4.72452e-03 4.20534e-05 4.78900e-03 5.05268e-05 4.77790e-03 4.20454e-05 4.73816e-03 4.45041e-05 4.75063e-03 4.88347e-05 4.81987e-03 4.53378e-05 
450.0 475.0 500.0 2.95213e-03 2.97734e-05 2.88342e-03 2.77060e-05 2.99466e-03 3.40366e-05 2.93229e-03 2.77158e-05 2.90926e-03 2.88260e-05 2.95001e-03 3.21929e-05 3.00775e-03 2.97760e-05 
500.0 550.0 600.0 1.62439e-03 1.28144e-05 1.57900e-03 1.24158e-05 1.64818e-03 1.39485e-05 1.61244e-03 1.22103e-05 1.59750e-03 1.29729e-05 1.62829e-03 1.35431e-05 1.65277e-03 1.29545e-05 
600.0 700.0 800.0 5.05609e-04 3.93869e-06 4.83070e-04 3.71259e-06 5.22235e-04 4.21100e-06 4.98778e-04 3.76626e-06 4.94103e-04 3.94157e-06 5.09949e-04 4.11915e-06 5.20154e-04 4.01282e-06 
800.0 900.0 1000.0 1.16128e-04 1.29752e-06 1.09029e-04 1.18471e-06 1.23010e-04 1.45936e-06 1.13581e-04 1.22623e-06 1.11635e-04 1.24372e-06 1.18703e-04 1.38511e-06 1.21691e-04 1.37687e-06 
