0.0 0.5 1.0 0.00000e+00 0.00000e+00 0.00000e+00 0.00000e+00 0.00000e+00 0.00000e+00 0.00000e+00 0.00000e+00 0.00000e+00 0.00000e+00 0.00000e+00 0.00000e+00 0.00000e+00 0.00000e+00 
1.0 1.5 2.0 0.00000e+00 0.00000e+00 0.00000e+00 0.00000e+00 0.00000e+00 0.00000e+00 0.00000e+00 0.00000e+00 0.00000e+00 0.00000e+00 0.00000e+00 0.00000e+00 0.00000e+00 0.00000e+00 
2.0 2.5 3.0 0.00000e+00 0.00000e+00 0.00000e+00 0.00000e+00 0.00000e+00 0.00000e+00 0.00000e+00 0.00000e+00 0.00000e+00 0.00000e+00 0.00000e+00 0.00000e+00 0.00000e+00 0.00000e+00 
3.0 3.5 4.0 1.81839e+02 4.01799e-01 1.87195e+02 3.64113e-01 1.78594e+02 5.11078e-01 1.86132e+02 3.83941e-01 1.82657e+02 4.04769e-01 1.77982e+02 4.67276e-01 1.81690e+02 4.33928e-01 
4.0 4.5 5.0 3.48049e+02 5.29291e-01 3.56790e+02 4.37042e-01 3.41022e+02 6.08736e-01 3.54725e+02 4.65085e-01 3.49389e+02 4.97236e-01 3.40983e+02 6.38665e-01 3.46808e+02 5.42203e-01 
5.0 5.5 6.0 3.06491e+02 4.37597e-01 3.13069e+02 3.79107e-01 3.00423e+02 5.24964e-01 3.10782e+02 3.80904e-01 3.07923e+02 4.27381e-01 3.01223e+02 5.07471e-01 3.04904e+02 4.52029e-01 
6.0 6.5 7.0 1.71935e+02 3.08624e-01 1.74698e+02 2.82568e-01 1.68775e+02 3.68105e-01 1.73731e+02 2.88724e-01 1.72983e+02 3.02662e-01 1.69505e+02 3.36258e-01 1.70935e+02 3.21665e-01 
7.0 7.5 8.0 5.75142e+01 2.00365e-01 5.81364e+01 1.81506e-01 5.63815e+01 2.27985e-01 5.79369e+01 1.90079e-01 5.78391e+01 1.94243e-01 5.68160e+01 2.13922e-01 5.71409e+01 2.14134e-01 
8.0 8.5 9.0 6.40949e+00 8.40640e-02 6.41267e+00 7.50901e-02 6.34147e+00 9.70968e-02 6.41218e+00 8.12866e-02 6.40893e+00 7.77787e-02 6.38580e+00 8.78792e-02 6.41839e+00 9.35272e-02 
9.0 9.5 10.0 0.00000e+00 0.00000e+00 0.00000e+00 0.00000e+00 0.00000e+00 0.00000e+00 0.00000e+00 0.00000e+00 0.00000e+00 0.00000e+00 0.00000e+00 0.00000e+00 0.00000e+00 0.00000e+00 
