0.0 12.5 25.0 5.51454e-01 4.80610e-03 5.47219e-01 4.33352e-03 5.59807e-01 5.53922e-03 5.49760e-01 4.48251e-03 5.47292e-01 4.53201e-03 5.54606e-01 5.57193e-03 5.58394e-01 4.49077e-03 
25.0 37.5 50.0 1.36773e+00 8.80103e-03 1.35373e+00 8.02206e-03 1.38124e+00 1.00313e-02 1.36774e+00 7.81556e-03 1.35339e+00 9.02706e-03 1.36973e+00 1.00996e-02 1.37930e+00 7.33640e-03 
50.0 62.5 75.0 2.16510e+00 9.86677e-03 2.13482e+00 9.16684e-03 2.19641e+00 1.19001e-02 2.14296e+00 8.83451e-03 2.15998e+00 1.04050e-02 2.18985e+00 1.22323e-02 2.18145e+00 9.84977e-03 
75.0 87.5 100.0 2.54362e+00 8.70100e-03 2.49582e+00 9.29252e-03 2.55786e+00 1.15961e-02 2.50683e+00 8.84593e-03 2.53401e+00 1.03662e-02 2.55337e+00 1.18479e-02 2.55061e+00 9.21212e-03 
100.0 125.0 150.0 1.71821e+00 4.65143e-03 1.68545e+00 4.10233e-03 1.73443e+00 4.92136e-03 1.69533e+00 4.24615e-03 1.71517e+00 4.80817e-03 1.73108e+00 5.23465e-03 1.72767e+00 4.54263e-03 
150.0 175.0 200.0 7.58303e-01 2.31222e-03 7.39883e-01 2.32413e-03 7.61810e-01 2.67730e-03 7.45576e-01 2.25917e-03 7.53626e-01 2.50503e-03 7.62017e-01 2.70109e-03 7.60028e-01 2.39025e-03 
200.0 225.0 250.0 3.18956e-01 1.24392e-03 3.10562e-01 1.19669e-03 3.22186e-01 1.34041e-03 3.13944e-01 1.17044e-03 3.17130e-01 1.26929e-03 3.22218e-01 1.35912e-03 3.21688e-01 1.21813e-03 
250.0 275.0 300.0 1.41376e-01 6.64658e-04 1.37100e-01 6.65653e-04 1.43580e-01 6.83717e-04 1.38788e-01 6.42935e-04 1.40666e-01 6.88716e-04 1.43138e-01 7.04211e-04 1.42878e-01 6.35061e-04 
300.0 325.0 350.0 6.42896e-02 3.50665e-04 6.17539e-02 3.54106e-04 6.56100e-02 3.63785e-04 6.28734e-02 3.41312e-04 6.35386e-02 3.67148e-04 6.52866e-02 3.69559e-04 6.51589e-02 3.38913e-04 
350.0 375.0 400.0 3.08180e-02 1.92963e-04 2.92026e-02 1.91916e-04 3.20073e-02 2.04498e-04 2.99561e-02 1.85727e-04 3.02052e-02 1.98860e-04 3.14997e-02 2.03963e-04 3.15179e-02 1.91032e-04 
400.0 425.0 450.0 1.56567e-02 1.11008e-04 1.47222e-02 1.09910e-04 1.64734e-02 1.16294e-04 1.51704e-02 1.07444e-04 1.52941e-02 1.12293e-04 1.60988e-02 1.15514e-04 1.60960e-02 1.09849e-04 
450.0 475.0 500.0 8.27293e-03 6.66500e-05 7.72891e-03 6.43013e-05 8.81377e-03 7.27418e-05 7.99473e-03 6.40011e-05 8.06064e-03 6.77350e-05 8.54318e-03 7.04345e-05 8.58326e-03 6.77112e-05 
500.0 550.0 600.0 3.74937e-03 2.95798e-05 3.46253e-03 2.85123e-05 4.02121e-03 3.11967e-05 3.59450e-03 2.80947e-05 3.63445e-03 3.02675e-05 3.89925e-03 3.12565e-05 3.89190e-03 2.92686e-05 
600.0 700.0 800.0 9.14979e-04 8.21460e-06 8.38470e-04 8.03824e-06 9.91240e-04 8.69218e-06 8.74201e-04 7.87277e-06 8.77517e-04 8.29673e-06 9.54020e-04 8.55134e-06 9.57117e-04 8.22625e-06 
800.0 900.0 1000.0 1.40570e-04 1.99169e-06 1.24833e-04 1.76618e-06 1.58559e-04 2.33622e-06 1.33339e-04 1.86523e-06 1.31691e-04 1.87218e-06 1.48693e-04 2.14922e-06 1.51373e-04 2.17240e-06 
