0.0 2.5 5.0 -1.03287e-01 9.74341e-03 -9.57245e-02 8.76901e-03 -8.13587e-02 1.11958e-02 -9.52977e-02 8.98402e-03 -1.11007e-01 9.49747e-03 -9.80228e-02 1.07584e-02 -9.73286e-02 1.00869e-02 
5.0 7.5 10.0 3.39093e-01 1.13465e-02 3.83037e-01 1.02195e-02 3.45784e-01 1.31430e-02 3.75587e-01 1.04080e-02 3.31687e-01 1.11418e-02 3.19608e-01 1.26906e-02 3.45120e-01 1.17594e-02 
10.0 12.5 15.0 1.02492e+00 1.23603e-02 1.10186e+00 1.09515e-02 9.92206e-01 1.43285e-02 1.08828e+00 1.12880e-02 1.02405e+00 1.19781e-02 9.77546e-01 1.38666e-02 1.01793e+00 1.27737e-02 
15.0 17.5 20.0 1.77264e+00 1.35607e-02 1.88228e+00 1.22475e-02 1.71580e+00 1.58876e-02 1.85725e+00 1.24542e-02 1.78366e+00 1.33931e-02 1.69745e+00 1.51786e-02 1.76394e+00 1.41319e-02 
20.0 22.5 25.0 2.50374e+00 1.46896e-02 2.63392e+00 1.31916e-02 2.42142e+00 1.71597e-02 2.61015e+00 1.36275e-02 2.51572e+00 1.43246e-02 2.41206e+00 1.65673e-02 2.49040e+00 1.54495e-02 
25.0 27.5 30.0 3.19007e+00 1.59847e-02 3.33832e+00 1.42374e-02 3.08069e+00 1.83287e-02 3.30305e+00 1.46701e-02 3.21002e+00 1.56299e-02 3.08112e+00 1.77325e-02 3.16273e+00 1.62654e-02 
30.0 32.5 35.0 3.83482e+00 1.65913e-02 3.99017e+00 1.48314e-02 3.71765e+00 1.91107e-02 3.95363e+00 1.51490e-02 3.85708e+00 1.59928e-02 3.71927e+00 1.81835e-02 3.80819e+00 1.71633e-02 
35.0 37.5 40.0 4.37804e+00 1.68474e-02 4.54496e+00 1.51305e-02 4.23493e+00 1.93215e-02 4.50476e+00 1.57924e-02 4.40248e+00 1.63944e-02 4.25586e+00 1.90824e-02 4.35488e+00 1.76032e-02 
40.0 42.5 45.0 4.92363e+00 1.78848e-02 5.09186e+00 1.56033e-02 4.77025e+00 2.05021e-02 5.04975e+00 1.63719e-02 4.95315e+00 1.67471e-02 4.78718e+00 1.96156e-02 4.88733e+00 1.76557e-02 
45.0 47.5 50.0 5.37863e+00 1.81589e-02 5.55841e+00 1.64739e-02 5.22098e+00 2.11123e-02 5.50524e+00 1.70905e-02 5.40597e+00 1.75896e-02 5.24094e+00 2.02285e-02 5.34403e+00 1.92235e-02 
50.0 52.5 55.0 5.82568e+00 1.87323e-02 6.00346e+00 1.68933e-02 5.66627e+00 2.13330e-02 5.95532e+00 1.70482e-02 5.86307e+00 1.83692e-02 5.67543e+00 1.97060e-02 5.79649e+00 1.89788e-02 
55.0 57.5 60.0 6.22103e+00 1.85469e-02 6.41086e+00 1.71467e-02 6.04960e+00 2.13450e-02 6.35023e+00 1.70926e-02 6.26453e+00 1.85762e-02 6.06924e+00 2.04438e-02 6.18186e+00 1.94729e-02 
60.0 62.5 65.0 6.65704e+00 1.99859e-02 6.84236e+00 1.76805e-02 6.48999e+00 2.21916e-02 6.79590e+00 1.84311e-02 6.69562e+00 1.90725e-02 6.51168e+00 2.18519e-02 6.62866e+00 1.98533e-02 
65.0 67.5 70.0 7.06808e+00 1.96261e-02 7.26097e+00 1.81571e-02 6.88200e+00 2.33445e-02 7.20502e+00 1.87902e-02 7.11315e+00 1.96061e-02 6.90859e+00 2.23156e-02 7.02435e+00 2.06660e-02 
70.0 72.5 75.0 7.38842e+00 2.08018e-02 7.59167e+00 1.83735e-02 7.21126e+00 2.30078e-02 7.53587e+00 1.91393e-02 7.43699e+00 2.03189e-02 7.22398e+00 2.20521e-02 7.34870e+00 2.08991e-02 
75.0 77.5 80.0 7.71595e+00 1.98893e-02 7.90121e+00 1.83571e-02 7.53449e+00 2.18937e-02 7.84330e+00 1.81650e-02 7.76028e+00 1.93519e-02 7.54546e+00 2.11673e-02 7.67830e+00 2.09462e-02 
80.0 82.5 85.0 7.87433e+00 1.96249e-02 8.06213e+00 1.80614e-02 7.67500e+00 2.23111e-02 8.00974e+00 1.82302e-02 7.91923e+00 1.94468e-02 7.71677e+00 2.17581e-02 7.82637e+00 2.02166e-02 
85.0 87.5 90.0 8.01702e+00 1.96053e-02 8.18431e+00 1.80759e-02 7.85215e+00 2.22549e-02 8.14225e+00 1.81860e-02 8.04756e+00 1.94228e-02 7.87686e+00 2.09924e-02 7.98022e+00 2.04099e-02 
90.0 92.5 95.0 7.98943e+00 1.94507e-02 8.15100e+00 1.76616e-02 7.82035e+00 2.15613e-02 8.10490e+00 1.81845e-02 8.03119e+00 1.88902e-02 7.85204e+00 2.13173e-02 7.94984e+00 1.97692e-02 
95.0 97.5 100.0 7.96931e+00 1.83462e-02 8.12248e+00 1.68059e-02 7.80519e+00 2.09867e-02 8.07664e+00 1.74126e-02 8.00957e+00 1.79174e-02 7.84142e+00 2.00076e-02 7.92145e+00 1.92205e-02 
100.0 105.0 110.0 7.69236e+00 1.34955e-02 7.82334e+00 1.20839e-02 7.54702e+00 1.52924e-02 7.78490e+00 1.25321e-02 7.73165e+00 1.25453e-02 7.58695e+00 1.48772e-02 7.65081e+00 1.36148e-02 
110.0 115.0 120.0 7.19467e+00 1.17807e-02 7.31109e+00 1.11023e-02 7.07722e+00 1.35520e-02 7.27357e+00 1.10624e-02 7.22870e+00 1.19182e-02 7.10533e+00 1.27556e-02 7.16747e+00 1.24831e-02 
120.0 125.0 130.0 6.53665e+00 1.10338e-02 6.63499e+00 9.94523e-03 6.43570e+00 1.23982e-02 6.60424e+00 1.03339e-02 6.56495e+00 1.05861e-02 6.46257e+00 1.19495e-02 6.50956e+00 1.14164e-02 
130.0 135.0 140.0 5.85270e+00 9.92954e-03 5.92316e+00 9.11635e-03 5.77931e+00 1.11413e-02 5.90039e+00 9.43229e-03 5.87281e+00 9.65932e-03 5.79684e+00 1.07367e-02 5.83520e+00 1.03261e-02 
140.0 145.0 150.0 5.11715e+00 8.65737e-03 5.17972e+00 7.97857e-03 5.05654e+00 9.62336e-03 5.15875e+00 8.23231e-03 5.13730e+00 8.40719e-03 5.06727e+00 9.24041e-03 5.09987e+00 8.92197e-03 
150.0 155.0 160.0 4.44800e+00 7.52090e-03 4.49808e+00 6.89009e-03 4.39649e+00 8.07332e-03 4.48128e+00 7.18647e-03 4.46389e+00 7.32430e-03 4.40607e+00 8.00120e-03 4.43613e+00 7.85050e-03 
160.0 165.0 170.0 3.81406e+00 6.53106e-03 3.85277e+00 6.01920e-03 3.77125e+00 7.29016e-03 3.84086e+00 6.30646e-03 3.82562e+00 6.26327e-03 3.78104e+00 6.94431e-03 3.80114e+00 6.91616e-03 
170.0 175.0 180.0 3.25909e+00 5.75555e-03 3.28922e+00 5.39287e-03 3.22639e+00 6.38697e-03 3.27863e+00 5.56889e-03 3.26913e+00 5.55805e-03 3.23421e+00 6.08223e-03 3.24976e+00 6.10477e-03 
180.0 185.0 190.0 2.76082e+00 4.97960e-03 2.78673e+00 4.66850e-03 2.73267e+00 5.49876e-03 2.77796e+00 4.81336e-03 2.77083e+00 4.84003e-03 2.74103e+00 5.23439e-03 2.75184e+00 5.24777e-03 
190.0 195.0 200.0 2.32983e+00 4.35537e-03 2.34999e+00 4.07431e-03 2.30937e+00 4.79092e-03 2.34271e+00 4.22629e-03 2.33698e+00 4.23166e-03 2.31468e+00 4.50736e-03 2.32342e+00 4.60567e-03 
200.0 212.5 225.0 1.73481e+00 2.27221e-03 1.74871e+00 2.12148e-03 1.71980e+00 2.53501e-03 1.74400e+00 2.19583e-03 1.74038e+00 2.20658e-03 1.72460e+00 2.40337e-03 1.72947e+00 2.39271e-03 
225.0 237.5 250.0 1.12141e+00 1.62640e-03 1.12975e+00 1.52139e-03 1.11280e+00 1.81523e-03 1.12655e+00 1.57406e-03 1.12533e+00 1.56961e-03 1.11577e+00 1.71192e-03 1.11850e+00 1.72699e-03 
250.0 262.5 275.0 7.28235e-01 1.17708e-03 7.32935e-01 1.09786e-03 7.23220e-01 1.27228e-03 7.31042e-01 1.14519e-03 7.30412e-01 1.13480e-03 7.25044e-01 1.21585e-03 7.26516e-01 1.23399e-03 
275.0 287.5 300.0 4.80694e-01 8.70544e-04 4.83395e-01 8.11638e-04 4.77737e-01 9.53863e-04 4.82383e-01 8.46967e-04 4.81891e-01 8.37579e-04 4.78690e-01 9.02087e-04 4.79679e-01 9.22459e-04 
300.0 312.5 325.0 3.20774e-01 6.49227e-04 3.22678e-01 6.06348e-04 3.18562e-01 7.14828e-04 3.22037e-01 6.31943e-04 3.21809e-01 6.25531e-04 3.19413e-01 6.72307e-04 3.20048e-01 6.90729e-04 
325.0 337.5 350.0 2.16781e-01 4.95221e-04 2.18079e-01 4.63946e-04 2.15331e-01 5.42840e-04 2.17613e-01 4.84249e-04 2.17495e-01 4.79139e-04 2.15959e-01 5.11278e-04 2.16176e-01 5.27219e-04 
350.0 362.5 375.0 1.49571e-01 3.97107e-04 1.50285e-01 3.72106e-04 1.48787e-01 4.34832e-04 1.50083e-01 3.89180e-04 1.49885e-01 3.82737e-04 1.49006e-01 4.08950e-04 1.49411e-01 4.23358e-04 
375.0 387.5 400.0 1.04392e-01 3.00945e-04 1.05021e-01 2.80916e-04 1.03604e-01 3.29217e-04 1.04779e-01 2.93660e-04 1.04770e-01 2.89421e-04 1.03950e-01 3.10358e-04 1.04062e-01 3.20240e-04 
400.0 412.5 425.0 7.38552e-02 2.37368e-04 7.42682e-02 2.21106e-04 7.32822e-02 2.60496e-04 7.40941e-02 2.32154e-04 7.40955e-02 2.27727e-04 7.35450e-02 2.44812e-04 7.36311e-02 2.53751e-04 
425.0 437.5 450.0 5.29594e-02 1.98981e-04 5.32710e-02 1.85156e-04 5.25947e-02 2.17279e-04 5.30630e-02 1.94303e-04 5.30718e-02 1.88873e-04 5.27363e-02 2.04241e-04 5.28200e-02 2.12505e-04 
450.0 462.5 475.0 3.83872e-02 1.54101e-04 3.86113e-02 1.43384e-04 3.80834e-02 1.68706e-04 3.85431e-02 1.50719e-04 3.85348e-02 1.47306e-04 3.81961e-02 1.57988e-04 3.82627e-02 1.64864e-04 
475.0 487.5 500.0 2.82154e-02 1.29343e-04 2.83666e-02 1.20163e-04 2.79902e-02 1.42650e-04 2.83044e-02 1.26550e-04 2.82998e-02 1.23289e-04 2.80885e-02 1.33272e-04 2.81211e-02 1.39148e-04 
500.0 512.5 525.0 2.10094e-02 1.07767e-04 2.11175e-02 9.97803e-05 2.08147e-02 1.18875e-04 2.10748e-02 1.05378e-04 2.10803e-02 1.02550e-04 2.09233e-02 1.10945e-04 2.09139e-02 1.16037e-04 
525.0 537.5 550.0 1.56467e-02 8.79504e-05 1.57458e-02 8.06416e-05 1.54786e-02 9.78033e-05 1.57257e-02 8.57891e-05 1.57186e-02 8.35159e-05 1.55716e-02 9.04626e-05 1.55806e-02 9.52379e-05 
550.0 562.5 575.0 1.18840e-02 7.17177e-05 1.19491e-02 6.61192e-05 1.17834e-02 7.93541e-05 1.19148e-02 7.00934e-05 1.19287e-02 6.80888e-05 1.18206e-02 7.32796e-05 1.18421e-02 7.73770e-05 
575.0 587.5 600.0 9.00631e-03 6.04532e-05 9.08668e-03 5.55737e-05 8.88516e-03 6.69689e-05 9.04600e-03 5.89873e-05 9.06474e-03 5.73225e-05 8.95885e-03 6.23454e-05 8.93938e-03 6.52633e-05 
