0.0 12.5 25.0 3.79557e+01 5.30287e-02 3.92078e+01 4.22889e-02 3.68827e+01 6.50285e-02 3.88378e+01 4.49598e-02 3.82336e+01 4.97757e-02 3.70486e+01 6.37022e-02 3.76509e+01 5.46999e-02 
25.0 37.5 50.0 5.93388e+00 1.86472e-02 5.61384e+00 1.47834e-02 6.12310e+00 2.12087e-02 5.70291e+00 1.54434e-02 5.88266e+00 1.74518e-02 6.14322e+00 2.22313e-02 6.00034e+00 2.00320e-02 
50.0 62.5 75.0 9.29902e-01 3.41698e-03 8.44705e-01 2.74382e-03 1.02152e+00 4.26435e-03 8.71834e-01 2.78451e-03 9.05722e-01 3.30011e-03 9.95895e-01 4.12529e-03 9.58522e-01 3.57794e-03 
75.0 87.5 100.0 1.62853e-01 7.15263e-04 1.44361e-01 5.72534e-04 1.84534e-01 9.18448e-04 1.50554e-01 6.13410e-04 1.56874e-01 6.68145e-04 1.77599e-01 8.48329e-04 1.69877e-01 7.79569e-04 
100.0 125.0 150.0 2.16633e-02 9.80771e-05 1.88301e-02 7.78113e-05 2.51286e-02 1.25491e-04 1.98292e-02 8.42692e-05 2.06636e-02 9.04684e-05 2.39254e-02 1.16208e-04 2.28993e-02 1.06233e-04 
150.0 175.0 200.0 1.64669e-03 1.09396e-05 1.39958e-03 8.81007e-06 1.96613e-03 1.42681e-05 1.49726e-03 9.57632e-06 1.54668e-03 1.00759e-05 1.83626e-03 1.28238e-05 1.77400e-03 1.21214e-05 
200.0 225.0 250.0 1.81860e-04 1.63858e-06 1.52506e-04 1.31549e-06 2.19855e-04 2.12252e-06 1.64788e-04 1.44123e-06 1.68769e-04 1.48571e-06 2.03259e-04 1.89970e-06 1.97417e-04 1.81780e-06 
250.0 275.0 300.0 2.61105e-05 3.22315e-07 2.16365e-05 2.58274e-07 3.19662e-05 4.16555e-07 2.36092e-05 2.85639e-07 2.39674e-05 2.89833e-07 2.91796e-05 3.69492e-07 2.87027e-05 3.61254e-07 
300.0 325.0 350.0 4.22091e-06 7.14832e-08 3.43875e-06 5.67238e-08 5.19449e-06 9.06145e-08 3.80063e-06 6.34469e-08 3.82789e-06 6.39125e-08 4.68771e-06 8.01514e-08 4.64228e-06 7.97667e-08 
350.0 375.0 400.0 7.61319e-07 1.66213e-08 6.09942e-07 1.29962e-08 9.58965e-07 2.13872e-08 6.87644e-07 1.50197e-08 6.77373e-07 1.44632e-08 8.53460e-07 1.85739e-08 8.56644e-07 1.89192e-08 
400.0 425.0 450.0 1.32139e-07 3.39653e-09 1.03702e-07 2.64917e-09 1.70105e-07 4.46034e-09 1.18460e-07 3.07862e-09 1.16339e-07 2.94026e-09 1.48480e-07 3.81364e-09 1.51546e-07 3.98259e-09 
450.0 475.0 500.0 2.87085e-08 9.23788e-10 2.23857e-08 7.25504e-10 3.73289e-08 1.20893e-09 2.55822e-08 8.43451e-10 2.48451e-08 7.88224e-10 3.22825e-08 1.03027e-09 3.34040e-08 1.11042e-09 
500.0 550.0 600.0 5.09138e-09 1.35853e-10 3.84815e-09 1.02653e-10 6.62267e-09 1.79640e-10 4.49839e-09 1.20881e-10 4.33859e-09 1.15112e-10 5.79826e-09 1.53773e-10 5.82056e-09 1.57449e-10 
600.0 700.0 800.0 1.71032e-10 5.26411e-12 1.33144e-10 4.10037e-12 2.39173e-10 7.39002e-12 1.49262e-10 4.59725e-12 1.51538e-10 4.67427e-12 1.97639e-10 6.08411e-12 2.07392e-10 6.39259e-12 
800.0 900.0 1000.0 1.36612e-14 1.94619e-15 1.00849e-14 1.43435e-15 1.97056e-14 2.84635e-15 1.28533e-14 1.81810e-15 1.07253e-14 1.53531e-15 1.45843e-14 2.09161e-15 1.83434e-14 2.64468e-15 
