0.0 0.5 1.0 1.72435e+02 5.86316e-01 1.66474e+02 4.69273e-01 1.76825e+02 7.20761e-01 1.67690e+02 4.96321e-01 1.71775e+02 5.39207e-01 1.76520e+02 7.05242e-01 1.73502e+02 5.99775e-01 
1.0 1.5 2.0 1.38756e+02 3.50224e-01 1.38685e+02 3.11182e-01 1.38543e+02 4.09036e-01 1.39107e+02 3.05500e-01 1.38210e+02 3.54496e-01 1.38131e+02 4.11794e-01 1.39505e+02 3.48442e-01 
2.0 2.5 3.0 1.94728e+02 5.63242e-01 1.97461e+02 4.73793e-01 1.92429e+02 5.93452e-01 1.97700e+02 4.84313e-01 1.94171e+02 5.29825e-01 1.91880e+02 6.73578e-01 1.95069e+02 5.21641e-01 
3.0 3.5 4.0 1.39573e+02 5.87849e-01 1.42500e+02 4.07599e-01 1.37562e+02 6.77823e-01 1.41691e+02 4.98339e-01 1.39579e+02 5.84829e-01 1.37535e+02 7.15430e-01 1.39407e+02 5.60351e-01 
4.0 4.5 5.0 1.84898e+01 1.79228e-01 1.88570e+01 1.74372e-01 1.86236e+01 2.40523e-01 1.86308e+01 1.55558e-01 1.87465e+01 1.96755e-01 1.83350e+01 2.17871e-01 1.87409e+01 2.00906e-01 
5.0 5.5 6.0 0.00000e+00 0.00000e+00 0.00000e+00 0.00000e+00 0.00000e+00 0.00000e+00 0.00000e+00 0.00000e+00 0.00000e+00 0.00000e+00 0.00000e+00 0.00000e+00 0.00000e+00 0.00000e+00 
6.0 6.5 7.0 0.00000e+00 0.00000e+00 0.00000e+00 0.00000e+00 0.00000e+00 0.00000e+00 0.00000e+00 0.00000e+00 0.00000e+00 0.00000e+00 0.00000e+00 0.00000e+00 0.00000e+00 0.00000e+00 
7.0 7.5 8.0 0.00000e+00 0.00000e+00 0.00000e+00 0.00000e+00 0.00000e+00 0.00000e+00 0.00000e+00 0.00000e+00 0.00000e+00 0.00000e+00 0.00000e+00 0.00000e+00 0.00000e+00 0.00000e+00 
8.0 8.5 9.0 0.00000e+00 0.00000e+00 0.00000e+00 0.00000e+00 0.00000e+00 0.00000e+00 0.00000e+00 0.00000e+00 0.00000e+00 0.00000e+00 0.00000e+00 0.00000e+00 0.00000e+00 0.00000e+00 
9.0 9.5 10.0 0.00000e+00 0.00000e+00 0.00000e+00 0.00000e+00 0.00000e+00 0.00000e+00 0.00000e+00 0.00000e+00 0.00000e+00 0.00000e+00 0.00000e+00 0.00000e+00 0.00000e+00 0.00000e+00 
