0.0 0.1 0.2 -1.34037e+01 2.11496e+00 -1.00870e+01 1.49038e+00 -1.15265e+01 2.74109e+00 -1.32596e+01 1.55773e+00 -1.29367e+01 1.78142e+00 -1.36831e+01 2.55529e+00 -1.54121e+01 2.20554e+00 
0.2 0.3 0.4 -1.00095e+01 1.99419e+00 -8.84952e+00 1.52166e+00 -9.32542e+00 2.62168e+00 -9.73781e+00 1.67660e+00 -1.13960e+01 1.65664e+00 -9.74617e+00 2.44536e+00 -1.05030e+01 2.08558e+00 
0.4 0.5 0.6 -1.45056e+01 1.92152e+00 -1.30908e+01 1.38826e+00 -1.42915e+01 2.55778e+00 -1.39488e+01 1.65734e+00 -1.63931e+01 1.78185e+00 -1.67058e+01 2.39675e+00 -1.60702e+01 1.83735e+00 
0.6 0.7 0.8 -1.22562e+01 1.74769e+00 -1.04915e+01 1.34984e+00 -1.06612e+01 2.29299e+00 -1.16008e+01 1.44168e+00 -1.59460e+01 1.28265e+00 -1.26866e+01 2.12167e+00 -1.13105e+01 1.70313e+00 
0.8 0.9 1.0 -9.73446e+00 1.52770e+00 -1.05678e+01 1.02438e+00 -8.14568e+00 2.01191e+00 -9.64141e+00 1.10602e+00 -1.20354e+01 1.45255e+00 -1.10178e+01 1.88751e+00 -9.82921e+00 1.59053e+00 
1.0 1.1 1.2 -9.57215e+00 1.07594e+00 -9.04739e+00 9.70893e-01 -8.30434e+00 1.41099e+00 -8.69621e+00 9.99752e-01 -1.05754e+01 1.17176e+00 -1.04555e+01 1.42809e+00 -9.61955e+00 1.14504e+00 
1.2 1.3 1.4 -8.45573e+00 9.00064e-01 -7.69972e+00 7.23262e-01 -8.81730e+00 1.18981e+00 -7.69701e+00 7.66784e-01 -9.02640e+00 8.31655e-01 -9.41621e+00 1.08664e+00 -8.47097e+00 9.48074e-01 
1.4 1.5 1.6 -3.10086e+00 6.71621e-01 -3.44762e+00 5.48610e-01 -2.71996e+00 8.10926e-01 -3.01013e+00 5.82159e-01 -4.07826e+00 6.54936e-01 -3.38042e+00 8.50006e-01 -2.57207e+00 7.28986e-01 
1.6 1.7 1.8 -3.50918e+00 4.68881e-01 -3.50637e+00 3.25871e-01 -3.35710e+00 4.91283e-01 -3.26992e+00 4.03171e-01 -4.11867e+00 3.98183e-01 -4.03705e+00 5.30004e-01 -3.31549e+00 5.04664e-01 
1.8 1.9 2.0 -2.29030e+00 2.55903e-01 -2.00511e+00 2.26621e-01 -2.23517e+00 3.47316e-01 -1.94131e+00 2.39983e-01 -2.52286e+00 2.25992e-01 -2.81330e+00 3.40797e-01 -2.12888e+00 2.90241e-01 
2.0 2.1 2.2 -7.55965e-01 1.37754e-01 -6.43492e-01 1.26120e-01 -6.56669e-01 1.81364e-01 -6.64667e-01 1.24121e-01 -9.06639e-01 1.38966e-01 -8.90793e-01 1.78210e-01 -6.27476e-01 1.49267e-01 
2.2 2.3 2.4 -3.70913e-01 6.11235e-02 -3.13489e-01 5.41307e-02 -3.55457e-01 7.14187e-02 -3.02736e-01 4.98528e-02 -4.05814e-01 5.41959e-02 -4.37995e-01 6.49538e-02 -3.78445e-01 6.28767e-02 
2.4 2.5 2.6 -6.50232e-02 1.80178e-02 -2.87340e-02 1.77213e-02 -7.79254e-02 2.09702e-02 -4.26607e-02 1.66104e-02 -5.37228e-02 1.95321e-02 -6.86807e-02 2.18511e-02 -6.53702e-02 1.81418e-02 
2.6 2.7 2.8 -8.01293e-03 2.90666e-03 -2.65718e-03 2.75067e-03 -1.18982e-02 2.92747e-03 -4.26774e-03 2.57017e-03 -4.73200e-03 3.22067e-03 -9.31135e-03 3.24156e-03 -1.01717e-02 2.56268e-03 
2.8 2.9 3.0 -1.90382e-04 4.91307e-05 -1.09476e-04 4.09122e-05 -2.90242e-04 6.16278e-05 -1.59353e-04 4.40327e-05 -1.26868e-04 4.57418e-05 -2.18894e-04 5.78315e-05 -2.53884e-04 5.48788e-05 
3.0 3.1 3.2 0.00000e+00 0.00000e+00 0.00000e+00 0.00000e+00 0.00000e+00 0.00000e+00 0.00000e+00 0.00000e+00 0.00000e+00 0.00000e+00 0.00000e+00 0.00000e+00 0.00000e+00 0.00000e+00 
3.2 3.3 3.4 0.00000e+00 0.00000e+00 0.00000e+00 0.00000e+00 0.00000e+00 0.00000e+00 0.00000e+00 0.00000e+00 0.00000e+00 0.00000e+00 0.00000e+00 0.00000e+00 0.00000e+00 0.00000e+00 
3.4 3.5 3.6 0.00000e+00 0.00000e+00 0.00000e+00 0.00000e+00 0.00000e+00 0.00000e+00 0.00000e+00 0.00000e+00 0.00000e+00 0.00000e+00 0.00000e+00 0.00000e+00 0.00000e+00 0.00000e+00 
3.6 3.7 3.8 0.00000e+00 0.00000e+00 0.00000e+00 0.00000e+00 0.00000e+00 0.00000e+00 0.00000e+00 0.00000e+00 0.00000e+00 0.00000e+00 0.00000e+00 0.00000e+00 0.00000e+00 0.00000e+00 
3.8 3.9 4.0 0.00000e+00 0.00000e+00 0.00000e+00 0.00000e+00 0.00000e+00 0.00000e+00 0.00000e+00 0.00000e+00 0.00000e+00 0.00000e+00 0.00000e+00 0.00000e+00 0.00000e+00 0.00000e+00 
4.0 4.25 4.5 0.00000e+00 0.00000e+00 0.00000e+00 0.00000e+00 0.00000e+00 0.00000e+00 0.00000e+00 0.00000e+00 0.00000e+00 0.00000e+00 0.00000e+00 0.00000e+00 0.00000e+00 0.00000e+00 
4.5 4.75 5.0 0.00000e+00 0.00000e+00 0.00000e+00 0.00000e+00 0.00000e+00 0.00000e+00 0.00000e+00 0.00000e+00 0.00000e+00 0.00000e+00 0.00000e+00 0.00000e+00 0.00000e+00 0.00000e+00 
5.0 5.25 5.5 0.00000e+00 0.00000e+00 0.00000e+00 0.00000e+00 0.00000e+00 0.00000e+00 0.00000e+00 0.00000e+00 0.00000e+00 0.00000e+00 0.00000e+00 0.00000e+00 0.00000e+00 0.00000e+00 
5.5 5.75 6.0 0.00000e+00 0.00000e+00 0.00000e+00 0.00000e+00 0.00000e+00 0.00000e+00 0.00000e+00 0.00000e+00 0.00000e+00 0.00000e+00 0.00000e+00 0.00000e+00 0.00000e+00 0.00000e+00 
6.0 6.25 6.5 0.00000e+00 0.00000e+00 0.00000e+00 0.00000e+00 0.00000e+00 0.00000e+00 0.00000e+00 0.00000e+00 0.00000e+00 0.00000e+00 0.00000e+00 0.00000e+00 0.00000e+00 0.00000e+00 
6.5 6.75 7.0 0.00000e+00 0.00000e+00 0.00000e+00 0.00000e+00 0.00000e+00 0.00000e+00 0.00000e+00 0.00000e+00 0.00000e+00 0.00000e+00 0.00000e+00 0.00000e+00 0.00000e+00 0.00000e+00 
7.0 7.5 8.0 0.00000e+00 0.00000e+00 0.00000e+00 0.00000e+00 0.00000e+00 0.00000e+00 0.00000e+00 0.00000e+00 0.00000e+00 0.00000e+00 0.00000e+00 0.00000e+00 0.00000e+00 0.00000e+00 
8.0 8.5 9.0 0.00000e+00 0.00000e+00 0.00000e+00 0.00000e+00 0.00000e+00 0.00000e+00 0.00000e+00 0.00000e+00 0.00000e+00 0.00000e+00 0.00000e+00 0.00000e+00 0.00000e+00 0.00000e+00 
9.0 9.5 10.0 0.00000e+00 0.00000e+00 0.00000e+00 0.00000e+00 0.00000e+00 0.00000e+00 0.00000e+00 0.00000e+00 0.00000e+00 0.00000e+00 0.00000e+00 0.00000e+00 0.00000e+00 0.00000e+00 
