0.0 50.0 100.0 1.24707e+00 4.15743e-03 1.20854e+00 3.21635e-03 1.27111e+00 5.10740e-03 1.21484e+00 3.35118e-03 1.24651e+00 3.79095e-03 1.27132e+00 4.94577e-03 1.25017e+00 4.04309e-03 
100.0 150.0 200.0 2.08753e+00 6.54126e-03 2.08066e+00 5.57886e-03 2.08846e+00 8.47825e-03 2.08898e+00 5.38668e-03 2.08054e+00 6.64280e-03 2.08314e+00 7.99765e-03 2.09507e+00 6.68713e-03 
200.0 250.0 300.0 2.22652e+00 9.84828e-03 2.25239e+00 7.99134e-03 2.20020e+00 1.07624e-02 2.25084e+00 6.99272e-03 2.22142e+00 9.51668e-03 2.19904e+00 1.14125e-02 2.22844e+00 9.65811e-03 
300.0 350.0 400.0 2.09768e+00 9.05801e-03 2.12447e+00 9.14281e-03 2.06131e+00 1.29812e-02 2.11794e+00 6.88817e-03 2.09244e+00 1.07964e-02 2.06297e+00 1.36073e-02 2.08523e+00 1.04637e-02 
400.0 450.0 500.0 1.86515e+00 1.11679e-02 1.89444e+00 7.80327e-03 1.85150e+00 1.35860e-02 1.88873e+00 9.39086e-03 1.87222e+00 9.09521e-03 1.84650e+00 1.31279e-02 1.87357e+00 1.08286e-02 
500.0 550.0 600.0 1.61761e+00 1.05678e-02 1.64547e+00 7.78126e-03 1.59655e+00 1.25153e-02 1.63355e+00 8.84052e-03 1.62389e+00 9.86362e-03 1.60018e+00 1.30258e-02 1.60894e+00 1.03180e-02 
600.0 650.0 700.0 1.38694e+00 9.61345e-03 1.40168e+00 7.35801e-03 1.36899e+00 1.05665e-02 1.39910e+00 8.05682e-03 1.38806e+00 8.82502e-03 1.36971e+00 1.12228e-02 1.38295e+00 8.81701e-03 
700.0 750.0 800.0 1.16033e+00 8.50298e-03 1.18132e+00 6.71545e-03 1.14685e+00 1.08906e-02 1.17248e+00 7.09156e-03 1.16528e+00 7.96580e-03 1.14953e+00 9.99245e-03 1.15827e+00 7.92925e-03 
800.0 850.0 900.0 9.91336e-01 7.15057e-03 1.00766e+00 5.50238e-03 9.79932e-01 9.41266e-03 1.00403e+00 5.04519e-03 9.96945e-01 6.96309e-03 9.81397e-01 8.75280e-03 9.90306e-01 7.68874e-03 
900.0 950.0 1000.0 8.42308e-01 6.50867e-03 8.52030e-01 5.15213e-03 8.25092e-01 8.22120e-03 8.46963e-01 4.98595e-03 8.43722e-01 5.93977e-03 8.36080e-01 7.20528e-03 8.38538e-01 6.85408e-03 
1000.0 1050.0 1100.0 7.17693e-01 5.99863e-03 7.27249e-01 4.52037e-03 7.10989e-01 7.64321e-03 7.22039e-01 4.58371e-03 7.21585e-01 5.16743e-03 7.11010e-01 7.25480e-03 7.13338e-01 6.37681e-03 
1100.0 1150.0 1200.0 6.19786e-01 5.56380e-03 6.22936e-01 4.24434e-03 6.11305e-01 7.44818e-03 6.24042e-01 4.59158e-03 6.20124e-01 5.24862e-03 6.13377e-01 5.51514e-03 6.18191e-01 5.69489e-03 
1200.0 1250.0 1300.0 5.21270e-01 4.37204e-03 5.26318e-01 3.79962e-03 5.12748e-01 6.26119e-03 5.27292e-01 3.44308e-03 5.26477e-01 4.30474e-03 5.14758e-01 5.71765e-03 5.17965e-01 5.45800e-03 
1300.0 1350.0 1400.0 4.55167e-01 4.09820e-03 4.58891e-01 3.44080e-03 4.54091e-01 5.62443e-03 4.57602e-01 3.75981e-03 4.56256e-01 4.07472e-03 4.52265e-01 5.13743e-03 4.54181e-01 3.77735e-03 
1400.0 1450.0 1500.0 3.88479e-01 3.58071e-03 3.95005e-01 2.43509e-03 3.82387e-01 5.11842e-03 3.90966e-01 2.89789e-03 3.92832e-01 3.41840e-03 3.84455e-01 4.30525e-03 3.87611e-01 3.58204e-03 
1500.0 1550.0 1600.0 3.34696e-01 3.37482e-03 3.38377e-01 2.67216e-03 3.28540e-01 4.15858e-03 3.35963e-01 2.73767e-03 3.35565e-01 3.14093e-03 3.34561e-01 3.30724e-03 3.32734e-01 3.53331e-03 
1600.0 1650.0 1700.0 2.94119e-01 3.11931e-03 2.95002e-01 2.38647e-03 2.91535e-01 3.85306e-03 2.94757e-01 2.65963e-03 2.94713e-01 2.84221e-03 2.87721e-01 3.19483e-03 2.93742e-01 3.39859e-03 
1700.0 1750.0 1800.0 2.49710e-01 2.74481e-03 2.52131e-01 2.10708e-03 2.46208e-01 2.73125e-03 2.51460e-01 2.10131e-03 2.50228e-01 2.55785e-03 2.47711e-01 3.40523e-03 2.49021e-01 3.00118e-03 
1800.0 1850.0 1900.0 2.18725e-01 2.20498e-03 2.20129e-01 1.79648e-03 2.15535e-01 3.12227e-03 2.18946e-01 1.95036e-03 2.19460e-01 2.13497e-03 2.16956e-01 2.70675e-03 2.18153e-01 2.47258e-03 
1900.0 1950.0 2000.0 1.84974e-01 1.99892e-03 1.86898e-01 1.69606e-03 1.81627e-01 2.49853e-03 1.85842e-01 1.42488e-03 1.86358e-01 1.90212e-03 1.83902e-01 2.10978e-03 1.83963e-01 2.28630e-03 
