0.0 2.5 5.0 -4.45364e-03 8.35492e-04 -7.40324e-03 7.16070e-04 -2.12143e-03 1.00206e-03 -6.59727e-03 7.64089e-04 -5.04143e-03 7.75712e-04 -1.93844e-03 7.63730e-04 -4.24874e-03 8.69387e-04 
5.0 7.5 10.0 -1.33343e-02 2.22933e-03 -2.23536e-02 2.03201e-03 -6.73648e-03 2.58900e-03 -1.82678e-02 1.95671e-03 -1.51926e-02 2.31257e-03 -6.37009e-03 2.62519e-03 -1.14531e-02 2.17283e-03 
10.0 12.5 15.0 -1.80245e-02 2.81170e-03 -3.00116e-02 2.90138e-03 -1.26521e-02 3.81307e-03 -2.50249e-02 2.49302e-03 -2.32213e-02 3.29654e-03 -8.11133e-03 3.03464e-03 -1.84328e-02 3.15220e-03 
15.0 17.5 20.0 -1.87824e-02 4.10456e-03 -2.72041e-02 3.82823e-03 -1.57205e-02 4.82546e-03 -2.70304e-02 3.67208e-03 -2.15703e-02 4.47847e-03 -1.06981e-02 4.99339e-03 -2.02392e-02 4.04375e-03 
20.0 22.5 25.0 -1.95638e-02 4.56784e-03 -3.21611e-02 4.56647e-03 -1.81886e-02 5.55310e-03 -2.55487e-02 4.45876e-03 -2.32457e-02 5.01755e-03 -1.00301e-02 5.45349e-03 -2.16011e-02 4.94035e-03 
25.0 27.5 30.0 -1.08339e-02 5.69696e-03 -2.37259e-02 5.00406e-03 -1.15475e-02 6.70467e-03 -1.71355e-02 4.99411e-03 -1.41260e-02 5.81361e-03 -4.70183e-03 6.53532e-03 -1.22901e-02 5.67023e-03 
30.0 32.5 35.0 -4.72477e-03 5.19255e-03 -1.31564e-02 6.03224e-03 -1.42602e-02 7.41814e-03 -1.27394e-02 5.72672e-03 -9.91813e-03 6.52772e-03 -1.52577e-04 5.91895e-03 -8.37200e-03 6.37654e-03 
35.0 37.5 40.0 -1.82162e-02 6.87368e-03 -1.87171e-02 6.29439e-03 -2.91872e-02 7.89676e-03 -1.55361e-02 5.98262e-03 -1.88238e-02 7.14142e-03 -1.92580e-02 8.10030e-03 -1.97457e-02 6.81262e-03 
40.0 42.5 45.0 -4.34666e-03 7.99242e-03 5.42190e-04 7.14842e-03 -2.10896e-02 8.98895e-03 4.34871e-04 6.95204e-03 2.78031e-04 8.01085e-03 -1.34433e-02 9.28270e-03 -7.08818e-03 7.89116e-03 
45.0 47.5 50.0 -1.04199e-04 7.79702e-03 8.42773e-03 7.31084e-03 -2.97797e-02 9.32060e-03 1.03952e-02 7.08077e-03 6.36212e-03 7.92279e-03 -1.59125e-02 9.16487e-03 -7.05998e-03 7.54119e-03 
50.0 52.5 55.0 1.48148e-02 9.05298e-03 2.72421e-02 7.88292e-03 -3.09422e-02 1.04188e-02 2.69608e-02 8.06811e-03 2.09878e-02 9.13819e-03 -9.57225e-03 1.05614e-02 5.25525e-03 8.95448e-03 
55.0 57.5 60.0 2.40229e-04 9.09401e-03 2.99958e-02 8.25591e-03 -5.60507e-02 1.06048e-02 2.82534e-02 8.05423e-03 1.36595e-02 9.34798e-03 -3.76773e-02 1.08685e-02 -1.00795e-02 9.05777e-03 
60.0 62.5 65.0 1.06846e-02 8.74745e-03 4.59317e-02 8.29652e-03 -5.93452e-02 1.03333e-02 3.93319e-02 7.98344e-03 2.17362e-02 9.27928e-03 -3.00605e-02 1.04681e-02 -5.74342e-03 8.90131e-03 
65.0 67.5 70.0 1.91692e-02 9.14900e-03 5.16740e-02 8.42400e-03 -4.88333e-02 1.09044e-02 5.00402e-02 8.31913e-03 3.80864e-02 9.43531e-03 -2.33835e-02 1.08953e-02 -1.27500e-03 9.41973e-03 
70.0 72.5 75.0 3.88638e-02 9.22918e-03 7.84149e-02 8.60356e-03 -3.94234e-02 1.03004e-02 7.18212e-02 8.39566e-03 5.39434e-02 9.56382e-03 -6.24323e-03 1.06948e-02 2.16281e-02 9.32060e-03 
75.0 77.5 80.0 4.11274e-02 9.92199e-03 9.59921e-02 9.06324e-03 -5.49061e-02 1.13782e-02 8.02412e-02 8.82666e-03 6.85552e-02 1.00928e-02 -1.68959e-02 1.14338e-02 1.85923e-02 9.81446e-03 
80.0 82.5 85.0 4.48388e-02 8.99845e-03 9.19911e-02 8.66800e-03 -4.65761e-02 1.07571e-02 8.24811e-02 8.53841e-03 6.75313e-02 9.42369e-03 -1.53465e-02 1.07144e-02 2.70714e-02 9.23970e-03 
85.0 87.5 90.0 5.62766e-02 9.12399e-03 1.10832e-01 8.36232e-03 -3.95757e-02 1.02606e-02 9.72354e-02 8.29508e-03 7.67741e-02 9.00782e-03 -9.16191e-03 1.04841e-02 3.51181e-02 8.95712e-03 
90.0 92.5 95.0 7.41778e-02 8.65314e-03 1.33936e-01 8.38848e-03 -2.37707e-02 9.66276e-03 1.17441e-01 8.13952e-03 1.00715e-01 9.15848e-03 1.20673e-02 9.26573e-03 5.06409e-02 8.49606e-03 
95.0 97.5 100.0 6.64423e-02 8.30233e-03 1.22176e-01 8.07870e-03 -3.10623e-02 9.50874e-03 1.05140e-01 7.81224e-03 8.85755e-02 8.58267e-03 7.93620e-03 9.45667e-03 3.87441e-02 8.22658e-03 
100.0 105.0 110.0 8.87714e-02 6.74800e-03 1.41294e-01 6.56137e-03 -9.42783e-03 7.54882e-03 1.23644e-01 6.33399e-03 1.12277e-01 7.12004e-03 3.24734e-02 7.52982e-03 6.00037e-02 6.72102e-03 
110.0 115.0 120.0 8.08424e-02 5.90478e-03 1.31662e-01 5.68537e-03 -6.15451e-03 6.60000e-03 1.12552e-01 5.44145e-03 1.04586e-01 6.04894e-03 3.14267e-02 6.34441e-03 5.41314e-02 5.76098e-03 
120.0 125.0 130.0 7.96631e-02 5.17858e-03 1.27163e-01 4.97301e-03 -3.83052e-03 5.55301e-03 1.07965e-01 4.81611e-03 1.02141e-01 5.36818e-03 3.25181e-02 5.69752e-03 5.60175e-02 4.79481e-03 
130.0 135.0 140.0 7.69661e-02 4.71468e-03 1.20666e-01 4.68543e-03 1.35054e-03 5.00385e-03 1.04699e-01 4.48316e-03 9.86724e-02 4.91554e-03 3.31049e-02 5.10832e-03 5.56712e-02 4.58119e-03 
140.0 145.0 150.0 6.28929e-02 4.04433e-03 9.97534e-02 3.95801e-03 -1.82368e-03 4.26060e-03 8.63242e-02 3.83735e-03 8.15897e-02 3.99347e-03 2.79916e-02 4.41347e-03 4.50080e-02 3.84874e-03 
150.0 155.0 160.0 5.85769e-02 3.31487e-03 8.99194e-02 3.43937e-03 2.99778e-03 3.48356e-03 7.70963e-02 3.26121e-03 7.55237e-02 3.48256e-03 2.76225e-02 3.31687e-03 4.04058e-02 3.20673e-03 
160.0 165.0 170.0 4.39666e-02 2.84279e-03 6.85844e-02 2.80259e-03 -1.04059e-03 3.04109e-03 5.94071e-02 2.68909e-03 5.79937e-02 2.95427e-03 1.83068e-02 3.07915e-03 2.97582e-02 2.74736e-03 
170.0 175.0 180.0 3.99644e-02 2.44619e-03 6.27206e-02 2.42861e-03 1.16141e-03 2.56039e-03 5.40873e-02 2.35218e-03 5.18725e-02 2.55185e-03 1.94387e-02 2.66146e-03 2.67763e-02 2.38159e-03 
180.0 185.0 190.0 3.50714e-02 2.04025e-03 5.43057e-02 2.08238e-03 2.87097e-03 2.18183e-03 4.63967e-02 1.98738e-03 4.60786e-02 2.17305e-03 1.90738e-02 2.20417e-03 2.47881e-02 1.94805e-03 
190.0 195.0 200.0 2.64532e-02 1.74317e-03 4.27531e-02 1.79406e-03 -2.84362e-04 1.79169e-03 3.55134e-02 1.68573e-03 3.59544e-02 1.84305e-03 1.18341e-02 1.86918e-03 1.65996e-02 1.69216e-03 
200.0 212.5 225.0 2.61796e-02 1.22285e-03 4.01379e-02 1.26874e-03 2.19695e-03 1.21397e-03 3.35607e-02 1.18886e-03 3.42255e-02 1.29015e-03 1.44642e-02 1.27482e-03 1.72061e-02 1.13889e-03 
225.0 237.5 250.0 1.70420e-02 8.32593e-04 2.68545e-02 8.86912e-04 1.03011e-03 8.31834e-04 2.25807e-02 8.38494e-04 2.27860e-02 8.99733e-04 9.39642e-03 8.61222e-04 1.10388e-02 7.76473e-04 
250.0 262.5 275.0 1.26126e-02 5.78012e-04 1.81373e-02 5.99392e-04 2.33045e-03 5.58368e-04 1.55044e-02 5.65882e-04 1.59844e-02 6.16564e-04 8.36896e-03 5.98708e-04 8.40141e-03 5.40829e-04 
275.0 287.5 300.0 8.57203e-03 4.11881e-04 1.28560e-02 4.55916e-04 1.35606e-03 3.95629e-04 1.08855e-02 4.21044e-04 1.10734e-02 4.54250e-04 5.44939e-03 4.16047e-04 5.47656e-03 4.12347e-04 
300.0 312.5 325.0 5.68220e-03 2.78742e-04 8.28812e-03 2.93527e-04 1.43392e-03 2.58154e-04 6.91583e-03 2.76150e-04 7.43540e-03 2.98577e-04 3.52520e-03 2.78495e-04 3.80939e-03 2.48529e-04 
325.0 337.5 350.0 3.82592e-03 2.00599e-04 5.54310e-03 2.15604e-04 6.39522e-04 1.90686e-04 4.61305e-03 1.99924e-04 4.87535e-03 2.17782e-04 2.39440e-03 2.02403e-04 2.45194e-03 1.86294e-04 
350.0 362.5 375.0 2.56528e-03 1.44242e-04 3.77855e-03 1.56782e-04 6.25638e-04 1.42548e-04 3.13523e-03 1.44288e-04 3.30665e-03 1.56690e-04 1.74580e-03 1.49005e-04 1.72753e-03 1.35444e-04 
375.0 387.5 400.0 1.88385e-03 1.01047e-04 2.66071e-03 1.11484e-04 5.13296e-04 9.88751e-05 2.27276e-03 1.03214e-04 2.40982e-03 1.12766e-04 1.26329e-03 9.93910e-05 1.26599e-03 9.54400e-05 
400.0 412.5 425.0 1.33249e-03 7.63704e-05 1.88310e-03 8.37713e-05 4.33325e-04 6.96198e-05 1.55818e-03 7.67289e-05 1.70911e-03 8.14437e-05 1.00213e-03 7.82150e-05 9.56588e-04 7.10777e-05 
425.0 437.5 450.0 7.85504e-04 5.13483e-05 1.12807e-03 5.53683e-05 1.53443e-04 5.03559e-05 9.43440e-04 5.10294e-05 1.01902e-03 5.62598e-05 5.46383e-04 5.26540e-05 4.85390e-04 4.79253e-05 
450.0 462.5 475.0 5.92254e-04 3.69947e-05 8.02209e-04 3.98238e-05 1.83430e-04 3.44804e-05 6.81876e-04 3.68659e-05 7.54571e-04 4.11752e-05 4.39586e-04 3.77571e-05 3.91910e-04 3.36462e-05 
475.0 487.5 500.0 3.94235e-04 2.91989e-05 5.50970e-04 2.92615e-05 1.22250e-04 2.82353e-05 4.59714e-04 2.84241e-05 5.08474e-04 2.99943e-05 2.75559e-04 2.97202e-05 2.61219e-04 2.68089e-05 
500.0 512.5 525.0 2.41990e-04 1.98425e-05 3.39533e-04 2.00735e-05 7.04784e-05 2.10134e-05 2.88027e-04 1.92731e-05 3.16169e-04 2.09201e-05 1.71584e-04 2.08405e-05 1.57485e-04 1.91130e-05 
525.0 537.5 550.0 2.00426e-04 1.55806e-05 2.68244e-04 1.66791e-05 6.60350e-05 1.55364e-05 2.42082e-04 1.59188e-05 2.53805e-04 1.76134e-05 1.48278e-04 1.62460e-05 1.36205e-04 1.50277e-05 
550.0 562.5 575.0 1.38341e-04 1.24368e-05 1.86164e-04 1.23458e-05 3.94578e-05 1.16195e-05 1.54376e-04 1.17887e-05 1.66814e-04 1.23731e-05 9.65570e-05 1.21467e-05 9.00689e-05 1.11548e-05 
575.0 587.5 600.0 6.24235e-05 7.61597e-06 9.11590e-05 7.17414e-06 1.56212e-05 8.33008e-06 7.74043e-05 7.17768e-06 8.19441e-05 7.58751e-06 4.57839e-05 8.18073e-06 4.05177e-05 7.52732e-06 
