0.0 2.5 5.0 -2.33213e-02 1.55788e-03 -3.22029e-02 1.37635e-03 -1.29173e-02 1.59384e-03 -2.67771e-02 1.37691e-03 -2.89776e-02 1.57455e-03 -1.68084e-02 1.86687e-03 -1.90514e-02 1.37354e-03 
5.0 7.5 10.0 -6.85213e-02 3.28029e-03 -8.88142e-02 3.83748e-03 -4.26355e-02 3.98720e-03 -7.76321e-02 3.26054e-03 -8.27256e-02 4.39199e-03 -5.49835e-02 4.36889e-03 -5.76623e-02 4.26065e-03 
10.0 12.5 15.0 -9.51407e-02 5.98334e-03 -1.24262e-01 5.30038e-03 -5.96535e-02 7.60649e-03 -1.04706e-01 5.21800e-03 -1.15719e-01 6.29132e-03 -7.40825e-02 6.69818e-03 -7.88962e-02 6.21379e-03 
15.0 17.5 20.0 -1.34652e-01 7.37883e-03 -1.75380e-01 7.04710e-03 -9.94178e-02 9.82560e-03 -1.46148e-01 6.71295e-03 -1.64491e-01 7.89060e-03 -1.09252e-01 7.38544e-03 -1.17907e-01 7.99447e-03 
20.0 22.5 25.0 -1.35606e-01 9.08874e-03 -1.77407e-01 6.69022e-03 -9.10620e-02 1.10707e-02 -1.48956e-01 7.85805e-03 -1.66906e-01 8.03675e-03 -1.14114e-01 1.09542e-02 -1.12125e-01 9.01611e-03 
25.0 27.5 30.0 -1.57541e-01 8.74687e-03 -2.05649e-01 8.30233e-03 -1.16511e-01 1.24289e-02 -1.72499e-01 7.74791e-03 -2.01892e-01 1.04753e-02 -1.38468e-01 1.09662e-02 -1.34225e-01 1.00427e-02 
30.0 32.5 35.0 -1.53424e-01 1.12384e-02 -2.09693e-01 9.24734e-03 -1.04484e-01 1.29727e-02 -1.76900e-01 8.65933e-03 -1.91166e-01 1.09681e-02 -1.35943e-01 1.26299e-02 -1.34793e-01 1.10794e-02 
35.0 37.5 40.0 -1.81269e-01 1.18423e-02 -2.29268e-01 1.00992e-02 -1.20567e-01 1.45960e-02 -1.93300e-01 9.16720e-03 -2.06811e-01 1.00861e-02 -1.56408e-01 1.42837e-02 -1.42624e-01 1.09992e-02 
40.0 42.5 45.0 -1.51747e-01 1.28197e-02 -2.10137e-01 1.13863e-02 -8.71009e-02 1.55585e-02 -1.80038e-01 1.05735e-02 -1.96468e-01 1.29081e-02 -1.16285e-01 1.58389e-02 -1.28389e-01 1.17517e-02 
45.0 47.5 50.0 -1.70758e-01 1.27779e-02 -2.29885e-01 1.15087e-02 -1.06749e-01 1.29977e-02 -1.91968e-01 1.07255e-02 -2.18219e-01 1.34414e-02 -1.49335e-01 1.54562e-02 -1.45250e-01 1.30549e-02 
50.0 52.5 55.0 -1.85846e-01 1.40379e-02 -2.40481e-01 1.19171e-02 -1.24743e-01 1.66139e-02 -2.01720e-01 1.19957e-02 -2.30271e-01 1.37242e-02 -1.59014e-01 1.69780e-02 -1.53176e-01 1.33636e-02 
55.0 57.5 60.0 -1.97506e-01 1.37905e-02 -2.56868e-01 1.23756e-02 -1.39397e-01 1.47950e-02 -2.13269e-01 1.16332e-02 -2.40175e-01 1.39823e-02 -1.64340e-01 1.70035e-02 -1.55483e-01 1.31612e-02 
60.0 62.5 65.0 -1.98377e-01 1.49477e-02 -2.70981e-01 1.21764e-02 -1.29361e-01 1.76360e-02 -2.26423e-01 1.29509e-02 -2.50196e-01 1.09825e-02 -1.65481e-01 1.71151e-02 -1.70653e-01 1.47554e-02 
65.0 67.5 70.0 -2.02012e-01 1.40024e-02 -2.56916e-01 1.09320e-02 -1.20929e-01 1.39319e-02 -2.24076e-01 1.22469e-02 -2.37315e-01 1.13637e-02 -1.51410e-01 1.71467e-02 -1.61918e-01 9.86797e-03 
70.0 72.5 75.0 -2.08667e-01 1.42915e-02 -2.82534e-01 1.17902e-02 -1.36177e-01 1.76944e-02 -2.34076e-01 1.24273e-02 -2.66703e-01 1.38908e-02 -1.71272e-01 1.75519e-02 -1.70088e-01 1.43411e-02 
75.0 77.5 80.0 -2.06848e-01 1.40271e-02 -2.76711e-01 1.23137e-02 -1.44501e-01 1.49173e-02 -2.28721e-01 1.19597e-02 -2.60475e-01 1.42748e-02 -1.59685e-01 1.52065e-02 -1.76014e-01 1.24552e-02 
80.0 82.5 85.0 -2.37403e-01 1.29668e-02 -2.93458e-01 1.04704e-02 -1.73576e-01 1.63889e-02 -2.52731e-01 1.10630e-02 -2.87193e-01 1.19331e-02 -2.05990e-01 1.51949e-02 -1.96730e-01 1.33343e-02 
85.0 87.5 90.0 -2.07229e-01 1.25072e-02 -2.55289e-01 1.06883e-02 -1.31517e-01 1.48790e-02 -2.19970e-01 1.10608e-02 -2.52248e-01 1.28600e-02 -1.71033e-01 1.53220e-02 -1.64950e-01 1.25133e-02 
90.0 92.5 95.0 -1.85958e-01 1.25524e-02 -2.36499e-01 1.09105e-02 -1.32707e-01 1.51574e-02 -2.04301e-01 1.08479e-02 -2.25536e-01 1.24950e-02 -1.61494e-01 1.49544e-02 -1.63203e-01 1.24853e-02 
95.0 97.5 100.0 -1.78180e-01 1.17324e-02 -2.18905e-01 1.06593e-02 -1.34286e-01 1.49386e-02 -1.86195e-01 1.01616e-02 -2.16216e-01 9.71466e-03 -1.60125e-01 1.41080e-02 -1.53828e-01 1.24459e-02 
100.0 105.0 110.0 -1.34442e-01 8.38958e-03 -1.70749e-01 8.13370e-03 -9.56161e-02 1.15912e-02 -1.44624e-01 7.13852e-03 -1.70791e-01 8.21721e-03 -1.23389e-01 8.66968e-03 -1.15999e-01 9.48244e-03 
110.0 115.0 120.0 -1.01804e-01 7.39456e-03 -1.28350e-01 6.62935e-03 -7.48892e-02 9.88533e-03 -1.07390e-01 6.52517e-03 -1.27026e-01 7.44819e-03 -8.82088e-02 9.18143e-03 -8.92425e-02 8.25071e-03 
120.0 125.0 130.0 -7.12678e-02 6.63907e-03 -8.45197e-02 5.70460e-03 -4.46928e-02 7.54699e-03 -7.47744e-02 5.69326e-03 -8.46212e-02 6.64865e-03 -6.07322e-02 8.01506e-03 -5.72040e-02 6.56322e-03 
130.0 135.0 140.0 -4.44580e-02 5.54161e-03 -5.65408e-02 4.53078e-03 -3.19386e-02 6.48525e-03 -4.87920e-02 4.15948e-03 -5.57550e-02 5.22709e-03 -4.01083e-02 6.58251e-03 -3.73873e-02 5.51572e-03 
140.0 145.0 150.0 -3.72411e-02 4.32538e-03 -4.94733e-02 3.36694e-03 -2.24708e-02 4.86155e-03 -3.84494e-02 3.35389e-03 -4.68198e-02 4.33543e-03 -3.44579e-02 5.14937e-03 -2.88674e-02 3.85532e-03 
150.0 155.0 160.0 -2.20740e-02 3.45333e-03 -3.01719e-02 2.88055e-03 -1.32148e-02 4.13255e-03 -2.38028e-02 2.99968e-03 -2.90649e-02 3.43941e-03 -1.98467e-02 4.16277e-03 -1.79713e-02 3.51890e-03 
160.0 165.0 170.0 -8.12363e-03 2.70132e-03 -1.26989e-02 2.38429e-03 -2.13962e-03 3.42710e-03 -9.44133e-03 2.39625e-03 -1.29729e-02 2.70381e-03 -6.83355e-03 3.34133e-03 -6.24169e-03 2.90289e-03 
170.0 175.0 180.0 -5.28802e-03 2.23391e-03 -7.53963e-03 1.95044e-03 -2.72999e-05 2.67971e-03 -6.12462e-03 1.97054e-03 -7.44584e-03 2.20433e-03 -2.93826e-03 2.61595e-03 -2.52344e-03 2.27103e-03 
180.0 185.0 190.0 -6.87331e-03 1.81355e-03 -7.79735e-03 1.59329e-03 -5.10220e-03 1.67105e-03 -6.39372e-03 1.57268e-03 -8.98335e-03 1.79947e-03 -7.07288e-03 2.11996e-03 -6.35485e-03 1.80747e-03 
190.0 195.0 200.0 -3.71883e-03 1.33601e-03 -5.50760e-03 1.08672e-03 -2.31836e-03 1.64509e-03 -3.74668e-03 1.19291e-03 -4.39621e-03 1.26241e-03 -3.56880e-03 1.52461e-03 -3.28498e-03 1.39693e-03 
200.0 212.5 225.0 -1.66963e-03 7.13595e-04 -1.59813e-03 6.85185e-04 5.18440e-05 9.26598e-04 -1.20106e-03 6.37301e-04 -1.77623e-03 7.73497e-04 -1.36371e-03 8.30900e-04 -5.08436e-04 7.90076e-04 
225.0 237.5 250.0 -3.36984e-04 4.36486e-04 -2.87712e-04 3.86425e-04 -2.31375e-04 5.04891e-04 -3.91472e-04 3.89001e-04 -2.71615e-04 4.33758e-04 -4.00942e-04 5.09928e-04 -3.66901e-04 4.18665e-04 
250.0 262.5 275.0 3.06067e-04 2.29250e-04 3.86411e-04 2.01383e-04 1.37698e-04 2.78161e-04 4.05015e-04 2.04539e-04 2.56967e-04 2.22202e-04 2.36823e-04 2.65971e-04 2.77334e-04 2.39689e-04 
275.0 287.5 300.0 -3.78033e-05 1.12765e-04 9.07274e-05 9.78140e-05 -1.06081e-04 1.39546e-04 1.61879e-05 1.02014e-04 2.25318e-05 1.18086e-04 -6.59003e-05 1.22085e-04 -2.94818e-05 1.20006e-04 
300.0 312.5 325.0 -7.89491e-05 5.62174e-05 -7.42655e-05 5.20983e-05 -8.28517e-05 6.73920e-05 -5.77865e-05 5.12199e-05 -1.02136e-04 5.64451e-05 -8.34389e-05 6.48740e-05 -1.01427e-04 5.83146e-05 
325.0 337.5 350.0 -1.03955e-05 3.03814e-05 -2.64404e-05 2.44747e-05 -2.92735e-05 3.36075e-05 -2.55871e-05 2.13851e-05 -4.71490e-05 2.71582e-05 -5.53714e-05 2.52923e-05 -2.21595e-05 2.94261e-05 
350.0 362.5 375.0 -6.86782e-06 1.45979e-05 3.90664e-07 1.38262e-05 -1.29489e-05 1.72834e-05 -4.74361e-06 1.33869e-05 -1.82798e-05 1.19837e-05 -6.15315e-06 1.67700e-05 -1.78184e-05 1.49675e-05 
375.0 387.5 400.0 -2.21340e-05 6.94677e-06 -1.84981e-05 6.39301e-06 -2.29599e-05 8.24777e-06 -1.79824e-05 6.38520e-06 -2.15942e-05 6.76680e-06 -2.83155e-05 7.28390e-06 -2.34359e-05 7.22604e-06 
400.0 412.5 425.0 -1.53631e-05 3.61088e-06 -1.23417e-05 3.37294e-06 -1.81526e-05 3.98669e-06 -1.53796e-05 3.28742e-06 -1.49129e-05 3.68312e-06 -2.03731e-05 4.03268e-06 -1.54389e-05 3.59699e-06 
425.0 437.5 450.0 -6.61795e-06 1.51351e-06 -6.04324e-06 1.62460e-06 -6.43859e-06 2.10682e-06 -6.18349e-06 1.44575e-06 -6.82502e-06 1.77909e-06 -7.36713e-06 1.67337e-06 -7.29637e-06 1.84113e-06 
450.0 462.5 475.0 -4.35546e-06 9.27666e-07 -3.44312e-06 8.99591e-07 -4.90165e-06 1.05477e-06 -3.70060e-06 8.66589e-07 -4.40934e-06 9.80495e-07 -4.99637e-06 1.10193e-06 -5.25819e-06 9.45187e-07 
475.0 487.5 500.0 -2.26615e-06 4.64692e-07 -1.51143e-06 3.83412e-07 -2.64549e-06 5.73029e-07 -1.94070e-06 4.41273e-07 -1.89069e-06 4.71372e-07 -2.61415e-06 5.45967e-07 -2.33081e-06 5.11661e-07 
500.0 512.5 525.0 -1.74339e-06 2.32746e-07 -1.50406e-06 2.15404e-07 -1.81234e-06 2.79327e-07 -1.48201e-06 2.07897e-07 -1.66954e-06 2.35018e-07 -1.79779e-06 2.62760e-07 -1.69183e-06 2.45238e-07 
525.0 537.5 550.0 -5.70850e-07 1.06798e-07 -4.52147e-07 8.80759e-08 -6.06057e-07 1.25532e-07 -5.22180e-07 9.47895e-08 -5.14257e-07 1.03121e-07 -6.15735e-07 1.22376e-07 -5.85473e-07 1.07985e-07 
550.0 562.5 575.0 -1.54012e-07 4.38509e-08 -1.43512e-07 3.76712e-08 -1.99080e-07 5.24026e-08 -1.42688e-07 3.79846e-08 -1.53290e-07 4.29952e-08 -1.63967e-07 5.15430e-08 -1.97089e-07 4.47336e-08 
575.0 587.5 600.0 -2.69650e-08 1.87702e-08 -1.84657e-08 5.59726e-09 -3.15026e-08 2.35537e-08 -2.28800e-08 1.61618e-08 -2.08022e-08 6.39573e-09 -3.15112e-08 2.23574e-08 -3.18033e-08 2.00053e-08 
