0.0 2.5 5.0 7.59794e-03 1.14497e-02 1.34238e-02 1.01984e-02 2.90529e-02 1.31212e-02 1.08218e-02 1.05309e-02 1.93275e-03 1.10984e-02 1.82127e-02 1.25853e-02 9.95111e-03 1.18603e-02 
5.0 7.5 10.0 5.06089e-01 1.30083e-02 5.46548e-01 1.18490e-02 5.16800e-01 1.49082e-02 5.36641e-01 1.20859e-02 5.03672e-01 1.27877e-02 4.92558e-01 1.43678e-02 5.09713e-01 1.34729e-02 
10.0 12.5 15.0 1.28383e+00 1.36356e-02 1.34892e+00 1.23601e-02 1.24542e+00 1.60004e-02 1.33635e+00 1.25797e-02 1.28536e+00 1.33423e-02 1.23228e+00 1.54276e-02 1.26661e+00 1.44011e-02 
15.0 17.5 20.0 2.04536e+00 1.45375e-02 2.14054e+00 1.33053e-02 2.00908e+00 1.66579e-02 2.11808e+00 1.35389e-02 2.05283e+00 1.43953e-02 1.98421e+00 1.60195e-02 2.04088e+00 1.50420e-02 
20.0 22.5 25.0 2.77639e+00 1.55107e-02 2.89599e+00 1.41531e-02 2.70476e+00 1.76060e-02 2.87147e+00 1.44443e-02 2.78869e+00 1.52238e-02 2.68665e+00 1.71005e-02 2.76550e+00 1.60401e-02 
25.0 27.5 30.0 3.49913e+00 1.65151e-02 3.62486e+00 1.49252e-02 3.41886e+00 1.88801e-02 3.59630e+00 1.52668e-02 3.51470e+00 1.61626e-02 3.40590e+00 1.81601e-02 3.48566e+00 1.69017e-02 
30.0 32.5 35.0 4.13538e+00 1.70584e-02 4.28038e+00 1.54460e-02 4.02794e+00 1.94640e-02 4.24356e+00 1.58889e-02 4.15847e+00 1.65679e-02 4.02999e+00 1.85462e-02 4.11279e+00 1.77947e-02 
35.0 37.5 40.0 4.66160e+00 1.78432e-02 4.81077e+00 1.59655e-02 4.54334e+00 2.01944e-02 4.77192e+00 1.66422e-02 4.68246e+00 1.72187e-02 4.54990e+00 1.96312e-02 4.64252e+00 1.83527e-02 
40.0 42.5 45.0 5.23787e+00 1.82804e-02 5.39307e+00 1.61554e-02 5.10271e+00 2.09451e-02 5.35072e+00 1.70003e-02 5.26167e+00 1.73008e-02 5.10453e+00 2.00982e-02 5.20709e+00 1.81768e-02 
45.0 47.5 50.0 5.70309e+00 1.86862e-02 5.86496e+00 1.69785e-02 5.55943e+00 2.16249e-02 5.81669e+00 1.76693e-02 5.73145e+00 1.80087e-02 5.57702e+00 2.06971e-02 5.67077e+00 1.96944e-02 
50.0 52.5 55.0 6.12976e+00 1.93051e-02 6.28934e+00 1.78250e-02 6.00690e+00 2.18304e-02 6.24910e+00 1.78062e-02 6.16197e+00 1.90913e-02 6.00420e+00 2.00665e-02 6.10897e+00 1.96425e-02 
55.0 57.5 60.0 6.54349e+00 1.97331e-02 6.72198e+00 1.82911e-02 6.38731e+00 2.21824e-02 6.67035e+00 1.82301e-02 6.58161e+00 1.95594e-02 6.40223e+00 2.16997e-02 6.50731e+00 2.04158e-02 
60.0 62.5 65.0 6.95070e+00 2.07124e-02 7.13131e+00 1.85208e-02 6.79083e+00 2.30039e-02 7.08050e+00 1.93591e-02 6.99341e+00 1.96169e-02 6.81235e+00 2.25147e-02 6.92060e+00 2.07674e-02 
65.0 67.5 70.0 7.34586e+00 2.00648e-02 7.53789e+00 1.85925e-02 7.18049e+00 2.35689e-02 7.47690e+00 1.92513e-02 7.39450e+00 1.99183e-02 7.20322e+00 2.23298e-02 7.30852e+00 2.10247e-02 
70.0 72.5 75.0 7.70403e+00 2.10467e-02 7.88565e+00 1.88855e-02 7.55441e+00 2.28451e-02 7.83373e+00 1.96816e-02 7.74344e+00 2.07258e-02 7.55286e+00 2.21591e-02 7.66845e+00 2.13982e-02 
75.0 77.5 80.0 8.00270e+00 2.08563e-02 8.17994e+00 1.93037e-02 7.82728e+00 2.26751e-02 8.12648e+00 1.92261e-02 8.04354e+00 2.02723e-02 7.84308e+00 2.21027e-02 7.96606e+00 2.18626e-02 
80.0 82.5 85.0 8.17497e+00 2.01907e-02 8.34367e+00 1.86468e-02 8.00647e+00 2.27012e-02 8.29773e+00 1.88384e-02 8.21958e+00 1.97622e-02 8.03080e+00 2.21255e-02 8.13625e+00 2.07851e-02 
85.0 87.5 90.0 8.25968e+00 1.99778e-02 8.41396e+00 1.84573e-02 8.10344e+00 2.25551e-02 8.37234e+00 1.88047e-02 8.29165e+00 1.97215e-02 8.12287e+00 2.13084e-02 8.22509e+00 2.08458e-02 
90.0 92.5 95.0 8.25512e+00 1.98058e-02 8.39489e+00 1.83887e-02 8.09184e+00 2.24440e-02 8.35739e+00 1.87583e-02 8.28367e+00 1.95497e-02 8.13429e+00 2.13378e-02 8.21565e+00 2.06526e-02 
95.0 97.5 100.0 8.22126e+00 1.86467e-02 8.36058e+00 1.70327e-02 8.06799e+00 2.12970e-02 8.31904e+00 1.77307e-02 8.25974e+00 1.81069e-02 8.10520e+00 1.99980e-02 8.18132e+00 1.96617e-02 
100.0 105.0 110.0 7.87663e+00 1.37713e-02 8.00038e+00 1.25909e-02 7.73688e+00 1.53314e-02 7.96700e+00 1.28991e-02 7.91412e+00 1.29226e-02 7.77321e+00 1.49876e-02 7.84444e+00 1.37120e-02 
110.0 115.0 120.0 7.36644e+00 1.21832e-02 7.47361e+00 1.16838e-02 7.25964e+00 1.38805e-02 7.43874e+00 1.16444e-02 7.40103e+00 1.23236e-02 7.27951e+00 1.30375e-02 7.34384e+00 1.29763e-02 
120.0 125.0 130.0 6.68539e+00 1.12776e-02 6.77332e+00 1.03382e-02 6.59084e+00 1.26122e-02 6.74421e+00 1.06724e-02 6.70814e+00 1.08780e-02 6.61246e+00 1.20969e-02 6.65875e+00 1.16674e-02 
130.0 135.0 140.0 5.95595e+00 1.01884e-02 6.02433e+00 9.49166e-03 5.88518e+00 1.12650e-02 6.00617e+00 9.70177e-03 5.97759e+00 9.93621e-03 5.89938e+00 1.09179e-02 5.93999e+00 1.05693e-02 
140.0 145.0 150.0 5.21545e+00 8.82860e-03 5.27739e+00 8.22708e-03 5.15372e+00 9.84213e-03 5.25526e+00 8.43240e-03 5.23695e+00 8.65382e-03 5.16929e+00 9.38417e-03 5.19724e+00 9.16713e-03 
150.0 155.0 160.0 4.53233e+00 7.75595e-03 4.57997e+00 7.19358e-03 4.48334e+00 8.23581e-03 4.56501e+00 7.43530e-03 4.54845e+00 7.57256e-03 4.49493e+00 8.16828e-03 4.52179e+00 8.07536e-03 
160.0 165.0 170.0 3.89603e+00 6.78727e-03 3.93518e+00 6.06838e-03 3.85589e+00 7.50199e-03 3.92028e+00 6.54572e-03 3.90902e+00 6.49351e-03 3.86800e+00 6.95153e-03 3.88395e+00 7.15243e-03 
170.0 175.0 180.0 3.31451e+00 5.94595e-03 3.34617e+00 5.59721e-03 3.28349e+00 6.52899e-03 3.33520e+00 5.75174e-03 3.32685e+00 5.77084e-03 3.29023e+00 6.24818e-03 3.30591e+00 6.28720e-03 
180.0 185.0 190.0 2.80938e+00 5.26582e-03 2.83603e+00 4.84830e-03 2.78398e+00 5.71922e-03 2.82650e+00 5.02906e-03 2.82196e+00 5.05716e-03 2.79310e+00 5.44217e-03 2.80077e+00 5.47909e-03 
190.0 195.0 200.0 2.37161e+00 4.50991e-03 2.39107e+00 4.23142e-03 2.35109e+00 4.92613e-03 2.38413e+00 4.37861e-03 2.38096e+00 4.36591e-03 2.35744e+00 4.65462e-03 2.36540e+00 4.73543e-03 
200.0 212.5 225.0 1.76340e+00 2.37171e-03 1.77695e+00 2.22867e-03 1.74907e+00 2.58730e-03 1.77182e+00 2.28746e-03 1.76947e+00 2.31083e-03 1.75376e+00 2.47850e-03 1.75812e+00 2.46928e-03 
225.0 237.5 250.0 1.14258e+00 1.68991e-03 1.15021e+00 1.59695e-03 1.13417e+00 1.86217e-03 1.14689e+00 1.64843e-03 1.14659e+00 1.64539e-03 1.13722e+00 1.76994e-03 1.14026e+00 1.78532e-03 
250.0 262.5 275.0 7.43576e-01 1.23775e-03 7.48234e-01 1.16095e-03 7.38489e-01 1.33678e-03 7.46298e-01 1.20205e-03 7.46214e-01 1.19919e-03 7.40506e-01 1.27583e-03 7.41478e-01 1.29849e-03 
275.0 287.5 300.0 4.90739e-01 9.16179e-04 4.93296e-01 8.59074e-04 4.87286e-01 1.00117e-03 4.92223e-01 8.89533e-04 4.92287e-01 8.85769e-04 4.88796e-01 9.49095e-04 4.89409e-01 9.66330e-04 
300.0 312.5 325.0 3.28329e-01 6.83549e-04 3.30202e-01 6.38128e-04 3.25940e-01 7.49351e-04 3.29325e-01 6.66028e-04 3.29553e-01 6.58730e-04 3.27066e-01 7.08911e-04 3.27348e-01 7.25590e-04 
325.0 337.5 350.0 2.22461e-01 5.24115e-04 2.23755e-01 4.92962e-04 2.20618e-01 5.75702e-04 2.23134e-01 5.11280e-04 2.23321e-01 5.06392e-04 2.21645e-01 5.42680e-04 2.21629e-01 5.56538e-04 
350.0 362.5 375.0 1.53577e-01 4.15795e-04 1.54411e-01 3.88167e-04 1.52403e-01 4.56347e-04 1.54066e-01 4.05946e-04 1.54165e-01 3.99803e-04 1.52957e-01 4.29227e-04 1.53149e-01 4.42139e-04 
375.0 387.5 400.0 1.07405e-01 3.13626e-04 1.08106e-01 2.91705e-04 1.06437e-01 3.43829e-04 1.07799e-01 3.04843e-04 1.07937e-01 3.01396e-04 1.06986e-01 3.24193e-04 1.06940e-01 3.33166e-04 
400.0 412.5 425.0 7.63089e-02 2.45896e-04 7.67439e-02 2.27661e-04 7.57062e-02 2.69243e-04 7.65276e-02 2.39620e-04 7.66687e-02 2.35215e-04 7.60559e-02 2.53769e-04 7.60390e-02 2.61642e-04 
425.0 437.5 450.0 5.47068e-02 2.07807e-04 5.50715e-02 1.91784e-04 5.41057e-02 2.28463e-04 5.48698e-02 2.02156e-04 5.49118e-02 1.96902e-04 5.44503e-02 2.14397e-04 5.44023e-02 2.22246e-04 
450.0 462.5 475.0 3.98541e-02 1.60429e-04 4.01058e-02 1.48232e-04 3.94401e-02 1.76902e-04 3.99856e-02 1.56332e-04 4.00595e-02 1.53006e-04 3.96618e-02 1.65335e-04 3.96546e-02 1.71799e-04 
475.0 487.5 500.0 2.92625e-02 1.32288e-04 2.94518e-02 1.22159e-04 2.89417e-02 1.46743e-04 2.93515e-02 1.28877e-04 2.93982e-02 1.25798e-04 2.91212e-02 1.36928e-04 2.91009e-02 1.42592e-04 
500.0 512.5 525.0 2.18559e-02 1.10431e-04 2.20068e-02 1.01256e-04 2.15823e-02 1.22681e-04 2.19199e-02 1.07505e-04 2.19707e-02 1.04711e-04 2.17130e-02 1.13409e-04 2.17113e-02 1.19160e-04 
525.0 537.5 550.0 1.64777e-02 8.74723e-05 1.65537e-02 8.00374e-05 1.63157e-02 9.68730e-05 1.65325e-02 8.53188e-05 1.65584e-02 8.29493e-05 1.64157e-02 9.00271e-05 1.64071e-02 9.43675e-05 
550.0 562.5 575.0 1.23865e-02 7.27007e-05 1.24698e-02 6.66775e-05 1.22421e-02 8.08230e-05 1.24224e-02 7.08594e-05 1.24636e-02 6.88333e-05 1.23313e-02 7.44445e-05 1.23091e-02 7.86012e-05 
575.0 587.5 600.0 9.46461e-03 6.01949e-05 9.52833e-03 5.55237e-05 9.32823e-03 6.68029e-05 9.49719e-03 5.86684e-05 9.52007e-03 5.73029e-05 9.42215e-03 6.22027e-05 9.38386e-03 6.49988e-05 
