0.0 12.5 25.0 1.00628e+01 3.42385e-02 1.04023e+01 2.78126e-02 9.77252e+00 4.13850e-02 1.03917e+01 2.93547e-02 1.00262e+01 3.21681e-02 9.69666e+00 3.76071e-02 1.00710e+01 3.38305e-02 
25.0 37.5 50.0 2.80909e+00 1.16476e-02 2.73455e+00 9.52500e-03 2.85775e+00 1.40086e-02 2.71800e+00 9.71027e-03 2.83777e+00 1.12870e-02 2.88134e+00 1.41416e-02 2.79700e+00 1.15547e-02 
50.0 62.5 75.0 4.95809e-01 1.73481e-03 4.34849e-01 1.44175e-03 5.73746e-01 2.13475e-03 4.43073e-01 1.47669e-03 4.87141e-01 1.68791e-03 5.62388e-01 2.08479e-03 5.06234e-01 1.76980e-03 
75.0 87.5 100.0 6.46090e-02 2.76241e-04 5.35224e-02 2.27633e-04 7.94997e-02 3.43490e-04 5.57532e-02 2.34975e-04 6.20509e-02 2.67198e-04 7.61109e-02 3.29903e-04 6.74819e-02 2.85599e-04 
100.0 125.0 150.0 4.76290e-03 2.63742e-05 3.79093e-03 2.10991e-05 6.09721e-03 3.35731e-05 4.02581e-03 2.22277e-05 4.48474e-03 2.50331e-05 5.73226e-03 3.18625e-05 5.06796e-03 2.78287e-05 
150.0 175.0 200.0 5.75755e-05 7.32430e-07 4.52538e-05 5.76946e-07 7.41331e-05 9.37476e-07 4.87146e-05 6.20330e-07 5.35836e-05 6.83171e-07 6.92516e-05 8.81176e-07 6.16800e-05 7.80182e-07 
200.0 225.0 250.0 0.00000e+00 0.00000e+00 0.00000e+00 0.00000e+00 0.00000e+00 0.00000e+00 0.00000e+00 0.00000e+00 0.00000e+00 0.00000e+00 0.00000e+00 0.00000e+00 0.00000e+00 0.00000e+00 
250.0 275.0 300.0 0.00000e+00 0.00000e+00 0.00000e+00 0.00000e+00 0.00000e+00 0.00000e+00 0.00000e+00 0.00000e+00 0.00000e+00 0.00000e+00 0.00000e+00 0.00000e+00 0.00000e+00 0.00000e+00 
300.0 325.0 350.0 0.00000e+00 0.00000e+00 0.00000e+00 0.00000e+00 0.00000e+00 0.00000e+00 0.00000e+00 0.00000e+00 0.00000e+00 0.00000e+00 0.00000e+00 0.00000e+00 0.00000e+00 0.00000e+00 
350.0 375.0 400.0 0.00000e+00 0.00000e+00 0.00000e+00 0.00000e+00 0.00000e+00 0.00000e+00 0.00000e+00 0.00000e+00 0.00000e+00 0.00000e+00 0.00000e+00 0.00000e+00 0.00000e+00 0.00000e+00 
400.0 425.0 450.0 0.00000e+00 0.00000e+00 0.00000e+00 0.00000e+00 0.00000e+00 0.00000e+00 0.00000e+00 0.00000e+00 0.00000e+00 0.00000e+00 0.00000e+00 0.00000e+00 0.00000e+00 0.00000e+00 
450.0 475.0 500.0 0.00000e+00 0.00000e+00 0.00000e+00 0.00000e+00 0.00000e+00 0.00000e+00 0.00000e+00 0.00000e+00 0.00000e+00 0.00000e+00 0.00000e+00 0.00000e+00 0.00000e+00 0.00000e+00 
500.0 550.0 600.0 0.00000e+00 0.00000e+00 0.00000e+00 0.00000e+00 0.00000e+00 0.00000e+00 0.00000e+00 0.00000e+00 0.00000e+00 0.00000e+00 0.00000e+00 0.00000e+00 0.00000e+00 0.00000e+00 
600.0 700.0 800.0 0.00000e+00 0.00000e+00 0.00000e+00 0.00000e+00 0.00000e+00 0.00000e+00 0.00000e+00 0.00000e+00 0.00000e+00 0.00000e+00 0.00000e+00 0.00000e+00 0.00000e+00 0.00000e+00 
800.0 900.0 1000.0 0.00000e+00 0.00000e+00 0.00000e+00 0.00000e+00 0.00000e+00 0.00000e+00 0.00000e+00 0.00000e+00 0.00000e+00 0.00000e+00 0.00000e+00 0.00000e+00 0.00000e+00 0.00000e+00 
