0.0 50.0 100.0 -1.30584e-04 2.65971e-05 -1.62599e-04 2.55501e-05 -8.15730e-05 3.03292e-05 -1.34228e-04 2.40905e-05 -1.70087e-04 2.87407e-05 -1.34042e-04 3.00044e-05 -9.79344e-05 2.59918e-05 
100.0 150.0 200.0 -2.78628e-02 3.14082e-03 -3.25243e-02 2.65386e-03 -1.63679e-02 3.86229e-03 -2.80925e-02 2.65346e-03 -3.84021e-02 3.08801e-03 -2.60387e-02 3.83261e-03 -2.19080e-02 3.21385e-03 
200.0 250.0 300.0 -1.65416e-01 7.12813e-03 -1.63831e-01 4.77533e-03 -1.27155e-01 7.66627e-03 -1.57417e-01 6.06091e-03 -1.97943e-01 6.81099e-03 -1.71443e-01 8.66251e-03 -1.52906e-01 6.74044e-03 
300.0 350.0 400.0 -5.08780e-02 4.11584e-03 -3.04045e-02 2.76510e-03 -4.79313e-02 5.07587e-03 -4.39870e-02 3.58019e-03 -5.28202e-02 3.16118e-03 -6.15566e-02 4.92993e-03 -5.71049e-02 4.24893e-03 
400.0 450.0 500.0 -8.79484e-03 1.73456e-03 2.80647e-03 1.51353e-03 -1.23829e-02 2.24149e-03 -5.48186e-03 1.55180e-03 -6.66536e-03 1.73194e-03 -1.45374e-02 2.03622e-03 -1.38787e-02 1.89844e-03 
500.0 550.0 600.0 -6.59525e-04 7.79856e-04 4.53115e-03 6.51017e-04 -3.53818e-03 9.91938e-04 7.51102e-04 6.80088e-04 1.29358e-03 7.38749e-04 -3.29379e-03 8.74917e-04 -3.37765e-03 8.15918e-04 
600.0 650.0 700.0 1.43114e-03 3.51789e-04 3.60820e-03 2.99285e-04 2.65191e-04 3.84066e-04 2.00433e-03 3.13499e-04 2.37263e-03 3.36063e-04 6.16511e-04 4.08987e-04 -1.56022e-04 3.59441e-04 
700.0 750.0 800.0 8.54888e-04 1.45353e-04 2.01949e-03 1.46309e-04 1.53825e-04 2.08208e-04 1.07984e-03 1.54281e-04 1.42236e-03 1.67667e-04 4.22405e-04 1.59354e-04 2.24599e-05 1.81991e-04 
800.0 850.0 900.0 4.53410e-04 8.44406e-05 1.13348e-03 7.49907e-05 6.68318e-05 1.03800e-04 6.43061e-04 7.49929e-05 8.53559e-04 8.20636e-05 2.97759e-04 8.42329e-05 7.96782e-05 9.16215e-05 
900.0 950.0 1000.0 2.35941e-04 4.93277e-05 5.84036e-04 4.16639e-05 3.08802e-05 5.53311e-05 3.37838e-04 4.36275e-05 4.31315e-04 4.68153e-05 1.12213e-04 5.57792e-05 3.65076e-05 4.84787e-05 
1000.0 1100.0 1200.0 1.54916e-04 1.38577e-05 3.05655e-04 1.25682e-05 4.31671e-05 1.59872e-05 1.84221e-04 1.32093e-05 2.51560e-04 1.36145e-05 1.04373e-04 1.53731e-05 5.36713e-05 1.43480e-05 
1200.0 1300.0 1400.0 6.89614e-05 5.59045e-06 1.17960e-04 5.33596e-06 3.24634e-05 5.73386e-06 7.88867e-05 5.21174e-06 9.91223e-05 5.95802e-06 5.81285e-05 5.71156e-06 3.42432e-05 5.51233e-06 
1400.0 1500.0 1600.0 3.48351e-05 2.47594e-06 5.66303e-05 2.35336e-06 1.65633e-05 2.46595e-06 3.85085e-05 2.26743e-06 4.83905e-05 2.74491e-06 2.71164e-05 2.73589e-06 1.88587e-05 2.25675e-06 
1600.0 1700.0 1800.0 1.52670e-05 1.25829e-06 2.34013e-05 1.32125e-06 7.92945e-06 1.19573e-06 1.67222e-05 1.16946e-06 2.17380e-05 1.43685e-06 1.25453e-05 1.35995e-06 9.06805e-06 1.04141e-06 
1800.0 1900.0 2000.0 5.27531e-06 5.71950e-07 9.08109e-06 6.16034e-07 2.77879e-06 5.20362e-07 6.05739e-06 5.20029e-07 7.62019e-06 6.85518e-07 4.28747e-06 6.45484e-07 3.18743e-06 4.78620e-07 
