0.0 12.5 25.0 1.32013e-02 3.94648e-03 -3.11865e-03 3.15392e-03 3.12582e-02 4.52349e-03 4.60662e-03 3.53378e-03 7.95889e-03 3.59294e-03 2.80039e-02 4.53870e-03 1.89633e-02 3.72857e-03 
25.0 37.5 50.0 2.79048e-02 8.69268e-03 1.36438e-02 7.36901e-03 2.90365e-02 9.86779e-03 2.09181e-02 7.25445e-03 2.19196e-02 8.53312e-03 3.62289e-02 9.47305e-03 2.81910e-02 6.94357e-03 
50.0 62.5 75.0 7.21976e-02 9.83763e-03 1.05701e-01 9.26394e-03 5.58981e-03 1.36434e-02 9.81749e-02 8.67994e-03 9.28438e-02 1.07708e-02 4.02028e-02 1.23593e-02 6.01621e-02 1.08410e-02 
75.0 87.5 100.0 9.91602e-02 1.19980e-02 1.67484e-01 1.14828e-02 -3.12641e-02 1.54497e-02 1.45269e-01 1.08860e-02 1.23522e-01 1.32969e-02 1.14776e-02 1.56906e-02 6.45447e-02 1.23224e-02 
100.0 125.0 150.0 5.89460e-02 7.27609e-03 1.19439e-01 6.24903e-03 -3.64275e-02 8.42449e-03 9.92202e-02 6.33227e-03 8.86819e-02 7.39218e-03 -1.21115e-03 8.74635e-03 3.41161e-02 7.17944e-03 
150.0 175.0 200.0 2.03966e-02 3.06159e-03 4.95087e-02 2.83011e-03 -3.77201e-02 3.63629e-03 3.83186e-02 2.80573e-03 3.36898e-02 3.17704e-03 -1.24821e-02 3.67047e-03 -8.90229e-04 3.11229e-03 
200.0 225.0 250.0 4.89662e-03 1.52915e-03 1.95567e-02 1.35813e-03 -2.11916e-02 1.76971e-03 1.37374e-02 1.38564e-03 1.19405e-02 1.49918e-03 -9.35528e-03 1.75511e-03 -4.50484e-03 1.52765e-03 
250.0 275.0 300.0 2.61616e-03 6.47753e-04 9.85294e-03 6.15786e-04 -8.23150e-03 7.11924e-04 6.68799e-03 6.03467e-04 6.66148e-03 6.57657e-04 -3.02812e-03 7.25785e-04 -1.11736e-03 6.39873e-04 
300.0 325.0 350.0 9.34555e-04 3.09314e-04 4.23661e-03 3.05183e-04 -4.34807e-03 3.37432e-04 2.81706e-03 2.95646e-04 2.82406e-03 3.25379e-04 -1.71762e-03 3.37497e-04 -1.21503e-03 2.99145e-04 
350.0 375.0 400.0 -7.31094e-05 1.51731e-04 1.57985e-03 1.54753e-04 -2.60529e-03 1.62203e-04 8.92968e-04 1.47303e-04 8.65996e-04 1.60668e-04 -1.39489e-03 1.64270e-04 -1.01801e-03 1.49418e-04 
400.0 425.0 450.0 -5.68526e-05 8.01828e-05 6.39537e-04 7.76011e-05 -1.26923e-03 8.37192e-05 3.34778e-04 7.51979e-05 3.94259e-04 8.27856e-05 -6.41073e-04 8.58470e-05 -5.60839e-04 7.83842e-05 
450.0 475.0 500.0 -1.83664e-04 4.30501e-05 1.98725e-04 4.20059e-05 -7.71300e-04 4.71879e-05 4.96045e-05 4.15352e-05 3.78712e-05 4.43538e-05 -4.78208e-04 4.66148e-05 -4.14686e-04 4.24233e-05 
500.0 550.0 600.0 -3.26228e-05 1.66518e-05 1.24909e-04 1.66892e-05 -2.89903e-04 1.73944e-05 4.79250e-05 1.58778e-05 5.67638e-05 1.72790e-05 -1.46849e-04 1.78183e-05 -1.38887e-04 1.59524e-05 
600.0 700.0 800.0 6.93344e-06 4.17922e-06 4.10187e-05 4.30116e-06 -4.94567e-05 4.15801e-06 2.35625e-05 4.10034e-06 2.80387e-05 4.39513e-06 -1.53441e-05 4.36827e-06 -1.70987e-05 3.98985e-06 
800.0 900.0 1000.0 -2.46027e-06 6.17588e-07 7.48314e-07 5.58760e-07 -7.52273e-06 7.31932e-07 -9.00082e-07 5.63722e-07 -3.89449e-07 6.05460e-07 -4.76654e-06 6.85062e-07 -4.94194e-06 6.42999e-07 
