0.0 0.1 0.2 -1.46210e-01 2.77850e-02 -9.70611e-02 2.59753e-02 -2.27496e-01 3.25457e-02 -1.24494e-01 2.54115e-02 -1.17162e-01 2.84170e-02 -1.52133e-01 3.08358e-02 -1.93015e-01 2.76865e-02 
0.2 0.3 0.4 -1.69504e-01 2.85075e-02 -1.25313e-01 2.53081e-02 -2.62071e-01 3.29367e-02 -1.53480e-01 2.54959e-02 -1.47639e-01 2.88956e-02 -1.93350e-01 3.13582e-02 -2.25457e-01 2.81225e-02 
0.4 0.5 0.6 -1.07931e-01 2.86347e-02 -7.56560e-02 2.50622e-02 -2.00929e-01 2.82582e-02 -9.54450e-02 2.40272e-02 -9.58302e-02 2.74380e-02 -1.38454e-01 3.22602e-02 -1.67577e-01 2.45761e-02 
0.6 0.7 0.8 -1.09443e-01 2.78050e-02 -6.31268e-02 2.59999e-02 -2.02525e-01 3.10361e-02 -8.58446e-02 2.50791e-02 -6.77340e-02 2.78505e-02 -1.24318e-01 3.15985e-02 -1.66023e-01 2.74867e-02 
0.8 0.9 1.0 -1.75105e-01 2.62154e-02 -1.19704e-01 2.43145e-02 -2.43411e-01 2.93081e-02 -1.48472e-01 2.39988e-02 -1.55541e-01 2.63364e-02 -2.04076e-01 2.88591e-02 -2.19666e-01 2.39699e-02 
1.0 1.1 1.2 -1.43496e-01 2.51060e-02 -8.16700e-02 2.33585e-02 -2.63425e-01 2.92825e-02 -1.03457e-01 2.26702e-02 -1.20580e-01 2.57833e-02 -2.08563e-01 2.89764e-02 -1.99740e-01 2.38522e-02 
1.2 1.3 1.4 -1.59778e-01 2.27666e-02 -1.02087e-01 2.15983e-02 -2.17369e-01 2.72435e-02 -1.21413e-01 2.14569e-02 -1.27729e-01 2.38240e-02 -1.81133e-01 2.63128e-02 -1.68447e-01 2.06553e-02 
1.4 1.5 1.6 -1.53922e-01 2.09612e-02 -9.00365e-02 1.99493e-02 -2.33794e-01 2.47484e-02 -9.14128e-02 1.92693e-02 -1.09280e-01 2.21342e-02 -1.84959e-01 2.23684e-02 -1.83941e-01 2.12482e-02 
1.6 1.7 1.8 -1.49428e-01 1.86034e-02 -9.53131e-02 1.77046e-02 -2.52468e-01 2.03059e-02 -1.14322e-01 1.68116e-02 -1.25312e-01 1.88328e-02 -1.97818e-01 2.12370e-02 -2.00194e-01 1.81470e-02 
1.8 1.9 2.0 -1.28625e-01 1.54629e-02 -7.39571e-02 1.45745e-02 -2.24461e-01 1.73638e-02 -9.75673e-02 1.41487e-02 -1.07051e-01 1.59271e-02 -1.75778e-01 1.73697e-02 -1.66487e-01 1.46930e-02 
2.0 2.1 2.2 -1.06515e-01 1.17382e-02 -5.93650e-02 1.11865e-02 -1.83635e-01 1.32322e-02 -7.84888e-02 1.07339e-02 -8.59011e-02 1.24739e-02 -1.48570e-01 1.34927e-02 -1.35158e-01 1.16235e-02 
2.2 2.3 2.4 -8.29885e-02 7.87767e-03 -4.91906e-02 7.84081e-03 -1.36826e-01 8.93097e-03 -6.39424e-02 7.22525e-03 -6.97135e-02 8.30066e-03 -1.08509e-01 8.92665e-03 -1.05982e-01 7.79428e-03 
2.4 2.5 2.6 -5.35372e-02 4.76550e-03 -2.99309e-02 4.59323e-03 -8.78928e-02 5.16645e-03 -3.75553e-02 4.38317e-03 -4.33453e-02 5.08885e-03 -7.46178e-02 5.17464e-03 -6.78478e-02 4.53144e-03 
2.6 2.7 2.8 -2.69499e-02 2.47005e-03 -1.42411e-02 2.43454e-03 -4.91075e-02 2.62678e-03 -2.05604e-02 2.27533e-03 -2.16947e-02 2.58423e-03 -3.75700e-02 2.63081e-03 -3.60341e-02 2.34938e-03 
2.8 2.9 3.0 -1.00651e-02 8.19621e-04 -5.26923e-03 8.03284e-04 -1.74082e-02 9.38452e-04 -7.52010e-03 7.70187e-04 -7.47379e-03 8.68313e-04 -1.35462e-02 9.36983e-04 -1.35405e-02 8.27964e-04 
3.0 3.1 3.2 -2.42444e-03 1.69487e-04 -1.62379e-03 1.50496e-04 -3.59115e-03 2.01525e-04 -1.98659e-03 1.50419e-04 -2.06284e-03 1.67099e-04 -3.00814e-03 1.94223e-04 -2.85058e-03 1.73752e-04 
3.2 3.3 3.4 -1.85322e-04 1.19713e-05 -1.26202e-04 9.27384e-06 -2.68415e-04 1.64667e-05 -1.50417e-04 1.03642e-05 -1.52727e-04 1.07341e-05 -2.24100e-04 1.42256e-05 -2.19232e-04 1.38103e-05 
3.4 3.5 3.6 -2.42345e-07 2.15529e-08 -1.66372e-07 1.44642e-08 -3.76362e-07 3.38295e-08 -2.10172e-07 1.81602e-08 -1.99504e-07 1.69974e-08 -2.91396e-07 2.60465e-08 -3.06724e-07 2.83038e-08 
3.6 3.7 3.8 0.00000e+00 0.00000e+00 0.00000e+00 0.00000e+00 0.00000e+00 0.00000e+00 0.00000e+00 0.00000e+00 0.00000e+00 0.00000e+00 0.00000e+00 0.00000e+00 0.00000e+00 0.00000e+00 
3.8 3.9 4.0 0.00000e+00 0.00000e+00 0.00000e+00 0.00000e+00 0.00000e+00 0.00000e+00 0.00000e+00 0.00000e+00 0.00000e+00 0.00000e+00 0.00000e+00 0.00000e+00 0.00000e+00 0.00000e+00 
4.0 4.25 4.5 0.00000e+00 0.00000e+00 0.00000e+00 0.00000e+00 0.00000e+00 0.00000e+00 0.00000e+00 0.00000e+00 0.00000e+00 0.00000e+00 0.00000e+00 0.00000e+00 0.00000e+00 0.00000e+00 
4.5 4.75 5.0 0.00000e+00 0.00000e+00 0.00000e+00 0.00000e+00 0.00000e+00 0.00000e+00 0.00000e+00 0.00000e+00 0.00000e+00 0.00000e+00 0.00000e+00 0.00000e+00 0.00000e+00 0.00000e+00 
5.0 5.25 5.5 0.00000e+00 0.00000e+00 0.00000e+00 0.00000e+00 0.00000e+00 0.00000e+00 0.00000e+00 0.00000e+00 0.00000e+00 0.00000e+00 0.00000e+00 0.00000e+00 0.00000e+00 0.00000e+00 
5.5 5.75 6.0 0.00000e+00 0.00000e+00 0.00000e+00 0.00000e+00 0.00000e+00 0.00000e+00 0.00000e+00 0.00000e+00 0.00000e+00 0.00000e+00 0.00000e+00 0.00000e+00 0.00000e+00 0.00000e+00 
6.0 6.25 6.5 0.00000e+00 0.00000e+00 0.00000e+00 0.00000e+00 0.00000e+00 0.00000e+00 0.00000e+00 0.00000e+00 0.00000e+00 0.00000e+00 0.00000e+00 0.00000e+00 0.00000e+00 0.00000e+00 
6.5 6.75 7.0 0.00000e+00 0.00000e+00 0.00000e+00 0.00000e+00 0.00000e+00 0.00000e+00 0.00000e+00 0.00000e+00 0.00000e+00 0.00000e+00 0.00000e+00 0.00000e+00 0.00000e+00 0.00000e+00 
7.0 7.5 8.0 0.00000e+00 0.00000e+00 0.00000e+00 0.00000e+00 0.00000e+00 0.00000e+00 0.00000e+00 0.00000e+00 0.00000e+00 0.00000e+00 0.00000e+00 0.00000e+00 0.00000e+00 0.00000e+00 
8.0 8.5 9.0 0.00000e+00 0.00000e+00 0.00000e+00 0.00000e+00 0.00000e+00 0.00000e+00 0.00000e+00 0.00000e+00 0.00000e+00 0.00000e+00 0.00000e+00 0.00000e+00 0.00000e+00 0.00000e+00 
9.0 9.5 10.0 0.00000e+00 0.00000e+00 0.00000e+00 0.00000e+00 0.00000e+00 0.00000e+00 0.00000e+00 0.00000e+00 0.00000e+00 0.00000e+00 0.00000e+00 0.00000e+00 0.00000e+00 0.00000e+00 
