0.0 0.1 0.2 5.48395e+01 4.99753e-01 5.39460e+01 4.16643e-01 5.52661e+01 5.61388e-01 5.43292e+01 4.36074e-01 5.43944e+01 4.54799e-01 5.54416e+01 5.39691e-01 5.49073e+01 4.35961e-01 
0.2 0.3 0.4 5.45538e+01 4.80381e-01 5.39885e+01 4.31745e-01 5.48655e+01 5.64640e-01 5.42826e+01 3.87417e-01 5.44746e+01 5.01044e-01 5.49394e+01 5.78292e-01 5.47705e+01 4.81969e-01 
0.4 0.5 0.6 5.44829e+01 4.74710e-01 5.38040e+01 4.16034e-01 5.46053e+01 5.51794e-01 5.37845e+01 3.79071e-01 5.41791e+01 4.70262e-01 5.47596e+01 5.70883e-01 5.43700e+01 4.30210e-01 
0.6 0.7 0.8 5.39926e+01 4.67373e-01 5.33464e+01 4.35111e-01 5.47392e+01 5.47440e-01 5.33268e+01 4.09118e-01 5.38345e+01 4.83382e-01 5.44578e+01 5.49111e-01 5.44192e+01 4.80461e-01 
0.8 0.9 1.0 5.27170e+01 4.81784e-01 5.19655e+01 4.35428e-01 5.31024e+01 5.52237e-01 5.24139e+01 3.97103e-01 5.23305e+01 4.93160e-01 5.28565e+01 5.61189e-01 5.28331e+01 4.42883e-01 
1.0 1.1 1.2 5.27169e+01 4.63293e-01 5.19218e+01 3.81975e-01 5.31749e+01 5.30981e-01 5.21873e+01 4.06907e-01 5.25489e+01 4.61941e-01 5.30018e+01 4.99706e-01 5.30486e+01 4.65432e-01 
1.2 1.3 1.4 5.14857e+01 4.71285e-01 5.07671e+01 3.92190e-01 5.17315e+01 5.53060e-01 5.09707e+01 4.15275e-01 5.10046e+01 4.87282e-01 5.17387e+01 5.37393e-01 5.18257e+01 4.04662e-01 
1.4 1.5 1.6 5.07808e+01 4.76309e-01 5.01529e+01 4.30571e-01 5.14095e+01 5.53785e-01 5.04561e+01 4.12286e-01 5.04148e+01 4.79268e-01 5.14240e+01 5.62383e-01 5.09287e+01 4.72318e-01 
1.6 1.7 1.8 4.84769e+01 4.33083e-01 4.75341e+01 4.10509e-01 4.91508e+01 5.23344e-01 4.78701e+01 3.99401e-01 4.82512e+01 4.66381e-01 4.90045e+01 5.28737e-01 4.87926e+01 4.19238e-01 
1.8 1.9 2.0 4.48830e+01 4.09181e-01 4.39486e+01 3.87817e-01 4.53424e+01 4.99038e-01 4.42515e+01 3.84443e-01 4.44448e+01 4.43327e-01 4.51119e+01 4.99679e-01 4.51727e+01 3.96340e-01 
2.0 2.1 2.2 4.31243e+01 4.18794e-01 4.19684e+01 3.54404e-01 4.40950e+01 4.80483e-01 4.24650e+01 3.75853e-01 4.28536e+01 3.84536e-01 4.37519e+01 4.65951e-01 4.35751e+01 4.04928e-01 
2.2 2.3 2.4 3.74839e+01 3.66256e-01 3.65395e+01 3.36947e-01 3.85675e+01 4.11845e-01 3.69723e+01 3.29849e-01 3.70834e+01 3.76513e-01 3.80023e+01 3.85647e-01 3.81897e+01 3.34813e-01 
2.4 2.5 2.6 3.36798e+01 3.38267e-01 3.26248e+01 3.05880e-01 3.43663e+01 3.42107e-01 3.29521e+01 3.06463e-01 3.33385e+01 3.38165e-01 3.41672e+01 3.43556e-01 3.39155e+01 3.32073e-01 
2.6 2.7 2.8 2.80170e+01 2.85349e-01 2.72559e+01 2.68578e-01 2.88887e+01 3.32727e-01 2.75086e+01 2.59150e-01 2.78277e+01 2.91722e-01 2.86321e+01 3.24849e-01 2.84413e+01 2.91366e-01 
2.8 2.9 3.0 2.25704e+01 2.49992e-01 2.16685e+01 2.24844e-01 2.34133e+01 2.65933e-01 2.20490e+01 2.24715e-01 2.22091e+01 2.50852e-01 2.30574e+01 2.78353e-01 2.29611e+01 2.43611e-01 
3.0 3.1 3.2 1.73323e+01 1.91460e-01 1.65530e+01 1.79026e-01 1.81563e+01 2.10152e-01 1.68004e+01 1.67640e-01 1.71552e+01 1.96276e-01 1.79562e+01 2.04815e-01 1.76813e+01 1.92290e-01 
3.2 3.3 3.4 1.18519e+01 1.36729e-01 1.11883e+01 1.26479e-01 1.26454e+01 1.54982e-01 1.14100e+01 1.26177e-01 1.16367e+01 1.36975e-01 1.22609e+01 1.52555e-01 1.21860e+01 1.38932e-01 
3.4 3.5 3.6 7.43545e+00 9.67453e-02 6.90850e+00 8.74983e-02 8.06093e+00 1.10366e-01 7.13398e+00 8.89856e-02 7.23717e+00 9.52574e-02 7.75436e+00 1.06871e-01 7.74729e+00 9.85846e-02 
3.6 3.7 3.8 4.25413e+00 6.11094e-02 3.85019e+00 5.41220e-02 4.70052e+00 7.23303e-02 4.02671e+00 5.59829e-02 4.05263e+00 5.91604e-02 4.47563e+00 6.75867e-02 4.45669e+00 6.50988e-02 
3.8 3.9 4.0 1.92317e+00 3.35219e-02 1.69718e+00 2.86212e-02 2.19311e+00 4.03911e-02 1.79828e+00 3.05240e-02 1.82234e+00 3.13717e-02 2.05996e+00 3.73478e-02 2.05228e+00 3.63041e-02 
4.0 4.25 4.5 2.82124e-01 7.14322e-03 2.42821e-01 5.90453e-03 3.31166e-01 8.84706e-03 2.62355e-01 6.49376e-03 2.64107e-01 6.53607e-03 3.04533e-01 7.94899e-03 3.06130e-01 7.94220e-03 
4.5 4.75 5.0 0.00000e+00 0.00000e+00 0.00000e+00 0.00000e+00 0.00000e+00 0.00000e+00 0.00000e+00 0.00000e+00 0.00000e+00 0.00000e+00 0.00000e+00 0.00000e+00 0.00000e+00 0.00000e+00 
5.0 5.25 5.5 0.00000e+00 0.00000e+00 0.00000e+00 0.00000e+00 0.00000e+00 0.00000e+00 0.00000e+00 0.00000e+00 0.00000e+00 0.00000e+00 0.00000e+00 0.00000e+00 0.00000e+00 0.00000e+00 
5.5 5.75 6.0 0.00000e+00 0.00000e+00 0.00000e+00 0.00000e+00 0.00000e+00 0.00000e+00 0.00000e+00 0.00000e+00 0.00000e+00 0.00000e+00 0.00000e+00 0.00000e+00 0.00000e+00 0.00000e+00 
6.0 6.25 6.5 0.00000e+00 0.00000e+00 0.00000e+00 0.00000e+00 0.00000e+00 0.00000e+00 0.00000e+00 0.00000e+00 0.00000e+00 0.00000e+00 0.00000e+00 0.00000e+00 0.00000e+00 0.00000e+00 
6.5 6.75 7.0 0.00000e+00 0.00000e+00 0.00000e+00 0.00000e+00 0.00000e+00 0.00000e+00 0.00000e+00 0.00000e+00 0.00000e+00 0.00000e+00 0.00000e+00 0.00000e+00 0.00000e+00 0.00000e+00 
7.0 7.5 8.0 0.00000e+00 0.00000e+00 0.00000e+00 0.00000e+00 0.00000e+00 0.00000e+00 0.00000e+00 0.00000e+00 0.00000e+00 0.00000e+00 0.00000e+00 0.00000e+00 0.00000e+00 0.00000e+00 
8.0 8.5 9.0 0.00000e+00 0.00000e+00 0.00000e+00 0.00000e+00 0.00000e+00 0.00000e+00 0.00000e+00 0.00000e+00 0.00000e+00 0.00000e+00 0.00000e+00 0.00000e+00 0.00000e+00 0.00000e+00 
9.0 9.5 10.0 0.00000e+00 0.00000e+00 0.00000e+00 0.00000e+00 0.00000e+00 0.00000e+00 0.00000e+00 0.00000e+00 0.00000e+00 0.00000e+00 0.00000e+00 0.00000e+00 0.00000e+00 0.00000e+00 
