0.0 2.5 5.0 5.53493e-01 4.10636e-03 5.59540e-01 3.78207e-03 5.48757e-01 4.44319e-03 5.57921e-01 3.93581e-03 5.55554e-01 4.00760e-03 5.50006e-01 4.35071e-03 5.53870e-01 4.29843e-03 
5.0 7.5 10.0 1.62677e+00 7.56096e-03 1.64429e+00 6.75737e-03 1.61637e+00 8.46443e-03 1.63751e+00 7.11030e-03 1.63249e+00 7.19182e-03 1.60965e+00 7.83240e-03 1.62747e+00 7.62186e-03 
10.0 12.5 15.0 2.58357e+00 1.02786e-02 2.60736e+00 9.26264e-03 2.56435e+00 1.19387e-02 2.60064e+00 9.62829e-03 2.59172e+00 1.01422e-02 2.56436e+00 1.13707e-02 2.58423e+00 9.63553e-03 
15.0 17.5 20.0 3.46687e+00 1.19547e-02 3.48926e+00 1.02805e-02 3.44965e+00 1.39510e-02 3.48165e+00 1.10142e-02 3.47190e+00 1.12701e-02 3.45023e+00 1.33887e-02 3.46732e+00 1.25618e-02 
20.0 22.5 25.0 4.18859e+00 1.21395e-02 4.21867e+00 1.14190e-02 4.14871e+00 1.60531e-02 4.20971e+00 1.21900e-02 4.19352e+00 1.23297e-02 4.15851e+00 1.53445e-02 4.17558e+00 1.41261e-02 
25.0 27.5 30.0 4.81662e+00 1.48624e-02 4.85774e+00 1.31275e-02 4.77957e+00 1.73596e-02 4.83852e+00 1.35874e-02 4.83059e+00 1.42445e-02 4.78881e+00 1.65116e-02 4.81098e+00 1.54351e-02 
30.0 32.5 35.0 5.35263e+00 1.52497e-02 5.38158e+00 1.38249e-02 5.31874e+00 1.81404e-02 5.37194e+00 1.29974e-02 5.35442e+00 1.56130e-02 5.32450e+00 1.70761e-02 5.33565e+00 1.69695e-02 
35.0 37.5 40.0 5.79840e+00 1.63989e-02 5.83912e+00 1.54138e-02 5.75871e+00 1.81582e-02 5.82389e+00 1.58042e-02 5.80962e+00 1.69180e-02 5.76757e+00 1.76539e-02 5.78960e+00 1.84958e-02 
40.0 42.5 45.0 6.12977e+00 1.87480e-02 6.18589e+00 1.53775e-02 6.09553e+00 2.04042e-02 6.16135e+00 1.70821e-02 6.14555e+00 1.82381e-02 6.09570e+00 2.08553e-02 6.12817e+00 1.97901e-02 
45.0 47.5 50.0 6.46847e+00 1.84530e-02 6.52263e+00 1.68468e-02 6.41752e+00 2.18322e-02 6.50068e+00 1.68526e-02 6.48619e+00 1.84837e-02 6.43018e+00 2.14439e-02 6.46376e+00 1.78750e-02 
50.0 52.5 55.0 6.77131e+00 1.92541e-02 6.83074e+00 1.71814e-02 6.72261e+00 2.03478e-02 6.80141e+00 1.78781e-02 6.79021e+00 1.89247e-02 6.72757e+00 2.17660e-02 6.75852e+00 2.01655e-02 
55.0 57.5 60.0 7.07598e+00 1.96810e-02 7.13559e+00 1.67432e-02 7.02651e+00 2.35238e-02 7.11235e+00 1.85921e-02 7.10124e+00 1.81442e-02 7.02914e+00 2.23363e-02 7.06924e+00 2.11408e-02 
60.0 62.5 65.0 7.38188e+00 2.14662e-02 7.43647e+00 1.89721e-02 7.31766e+00 2.57225e-02 7.42054e+00 1.94978e-02 7.38831e+00 2.09089e-02 7.32639e+00 2.41275e-02 7.36545e+00 2.27969e-02 
65.0 67.5 70.0 7.71851e+00 2.14968e-02 7.79180e+00 1.89245e-02 7.65598e+00 2.54188e-02 7.75787e+00 1.94435e-02 7.74020e+00 2.08813e-02 7.66686e+00 2.38582e-02 7.69585e+00 2.25743e-02 
70.0 72.5 75.0 7.97072e+00 2.19876e-02 8.03201e+00 1.89560e-02 7.91264e+00 2.58544e-02 8.01486e+00 1.98965e-02 7.98333e+00 2.12851e-02 7.91665e+00 2.49822e-02 7.94988e+00 2.27972e-02 
75.0 77.5 80.0 8.15382e+00 2.25214e-02 8.21874e+00 2.01106e-02 8.08827e+00 2.54088e-02 8.19585e+00 2.03804e-02 8.17258e+00 2.21502e-02 8.09324e+00 2.51752e-02 8.13361e+00 2.35502e-02 
80.0 82.5 85.0 8.17837e+00 2.14597e-02 8.24711e+00 1.88524e-02 8.10184e+00 2.52502e-02 8.21980e+00 1.95800e-02 8.19674e+00 2.08315e-02 8.12320e+00 2.19649e-02 8.15863e+00 2.18651e-02 
85.0 87.5 90.0 8.14958e+00 2.14857e-02 8.21940e+00 1.91828e-02 8.07978e+00 2.53522e-02 8.19603e+00 1.96821e-02 8.16933e+00 2.10301e-02 8.09656e+00 2.41676e-02 8.13168e+00 2.27307e-02 
90.0 92.5 95.0 8.02304e+00 2.00914e-02 8.09015e+00 1.80165e-02 7.95227e+00 2.38083e-02 8.07179e+00 1.76787e-02 8.04313e+00 2.00581e-02 7.97442e+00 2.23374e-02 8.01344e+00 2.03210e-02 
95.0 97.5 100.0 7.86113e+00 2.00067e-02 7.91987e+00 1.78254e-02 7.80274e+00 2.33715e-02 7.88922e+00 1.84916e-02 7.88259e+00 1.94811e-02 7.81852e+00 2.20801e-02 7.83793e+00 2.08814e-02 
100.0 105.0 110.0 7.37213e+00 1.43127e-02 7.41518e+00 1.18179e-02 7.31312e+00 1.62587e-02 7.39958e+00 1.30519e-02 7.38591e+00 1.28066e-02 7.33681e+00 1.60967e-02 7.35630e+00 1.48274e-02 
110.0 115.0 120.0 6.64912e+00 1.24987e-02 6.68471e+00 1.09762e-02 6.61680e+00 1.47237e-02 6.67033e+00 1.15385e-02 6.66747e+00 1.18953e-02 6.62372e+00 1.40185e-02 6.63838e+00 1.31685e-02 
120.0 125.0 130.0 5.82431e+00 1.13651e-02 5.85723e+00 9.77741e-03 5.79312e+00 1.31453e-02 5.84182e+00 1.05265e-02 5.84445e+00 1.04917e-02 5.80405e+00 1.24915e-02 5.81501e+00 1.19289e-02 
130.0 135.0 140.0 5.04133e+00 9.77726e-03 5.05871e+00 8.77053e-03 5.02001e+00 1.14466e-02 5.05101e+00 9.23263e-03 5.05181e+00 9.42289e-03 5.02869e+00 1.06450e-02 5.03420e+00 1.05004e-02 
140.0 145.0 150.0 4.28492e+00 8.64189e-03 4.30104e+00 7.56971e-03 4.26592e+00 9.85558e-03 4.28869e+00 8.03625e-03 4.29689e+00 8.08183e-03 4.27545e+00 9.38347e-03 4.27322e+00 9.15243e-03 
150.0 155.0 160.0 3.61926e+00 7.51835e-03 3.63220e+00 6.74058e-03 3.60762e+00 8.67183e-03 3.62424e+00 7.08546e-03 3.62969e+00 7.18023e-03 3.61198e+00 8.12530e-03 3.61622e+00 7.98604e-03 
160.0 165.0 170.0 3.03780e+00 6.45932e-03 3.04464e+00 5.85132e-03 3.02661e+00 7.37089e-03 3.03895e+00 6.09576e-03 3.04456e+00 6.21728e-03 3.03247e+00 6.95687e-03 3.03309e+00 6.87656e-03 
170.0 175.0 180.0 2.54025e+00 5.61461e-03 2.54525e+00 5.08753e-03 2.53124e+00 6.40762e-03 2.54203e+00 5.35067e-03 2.54554e+00 5.36493e-03 2.53579e+00 5.97054e-03 2.53622e+00 6.00642e-03 
180.0 185.0 190.0 2.10274e+00 4.92974e-03 2.10910e+00 4.47162e-03 2.09593e+00 5.57767e-03 2.10561e+00 4.70480e-03 2.10945e+00 4.71836e-03 2.09899e+00 5.25918e-03 2.09987e+00 5.25061e-03 
190.0 195.0 200.0 1.75258e+00 4.40902e-03 1.75640e+00 4.01168e-03 1.74748e+00 4.88994e-03 1.75444e+00 4.20555e-03 1.75711e+00 4.22538e-03 1.74963e+00 4.68846e-03 1.75123e+00 4.61506e-03 
200.0 212.5 225.0 1.27799e+00 2.28492e-03 1.28056e+00 2.03138e-03 1.27482e+00 2.63450e-03 1.27949e+00 2.16030e-03 1.28130e+00 2.14907e-03 1.27680e+00 2.44031e-03 1.27706e+00 2.45621e-03 
225.0 237.5 250.0 8.09484e-01 1.60294e-03 8.09749e-01 1.44060e-03 8.07411e-01 1.83243e-03 8.09553e-01 1.53479e-03 8.10927e-01 1.52508e-03 8.08626e-01 1.70120e-03 8.08762e-01 1.72940e-03 
250.0 262.5 275.0 5.17114e-01 1.21791e-03 5.17676e-01 1.09639e-03 5.15742e-01 1.38151e-03 5.17294e-01 1.16105e-03 5.18214e-01 1.15690e-03 5.16640e-01 1.29451e-03 5.16574e-01 1.30277e-03 
275.0 287.5 300.0 3.35719e-01 8.62146e-04 3.35897e-01 7.79512e-04 3.34585e-01 9.83056e-04 3.35840e-01 8.26950e-04 3.36334e-01 8.17685e-04 3.35351e-01 9.11131e-04 3.35301e-01 9.33572e-04 
300.0 312.5 325.0 2.21918e-01 6.59004e-04 2.21872e-01 6.04905e-04 2.21626e-01 7.48438e-04 2.21889e-01 6.32442e-04 2.22318e-01 6.32580e-04 2.21752e-01 6.93990e-04 2.21994e-01 7.12370e-04 
325.0 337.5 350.0 1.48944e-01 4.82708e-04 1.48839e-01 4.36668e-04 1.48608e-01 5.44013e-04 1.48888e-01 4.64591e-04 1.49136e-01 4.54265e-04 1.48893e-01 5.05516e-04 1.48808e-01 5.20663e-04 
350.0 362.5 375.0 1.01171e-01 3.80605e-04 1.01054e-01 3.48279e-04 1.00987e-01 4.27236e-04 1.01115e-01 3.67654e-04 1.01209e-01 3.60837e-04 1.01101e-01 3.96714e-04 1.01165e-01 4.13593e-04 
375.0 387.5 400.0 7.02155e-02 2.93064e-04 7.02083e-02 2.65646e-04 6.99846e-02 3.28646e-04 7.02093e-02 2.82856e-04 7.03407e-02 2.76499e-04 7.01372e-02 3.05545e-04 7.01631e-02 3.15407e-04 
400.0 412.5 425.0 4.92911e-02 2.23156e-04 4.93234e-02 2.03872e-04 4.91881e-02 2.54941e-04 4.93427e-02 2.16893e-04 4.94581e-02 2.11817e-04 4.92593e-02 2.32278e-04 4.92573e-02 2.45347e-04 
425.0 437.5 450.0 3.53390e-02 1.82926e-04 3.53061e-02 1.67457e-04 3.52189e-02 2.02567e-04 3.53160e-02 1.78255e-04 3.53951e-02 1.72525e-04 3.53430e-02 1.88434e-04 3.52684e-02 1.97089e-04 
450.0 462.5 475.0 2.54194e-02 1.47780e-04 2.53837e-02 1.34522e-04 2.53375e-02 1.65800e-04 2.54175e-02 1.43112e-04 2.54506e-02 1.39686e-04 2.54005e-02 1.53700e-04 2.53980e-02 1.59970e-04 
475.0 487.5 500.0 1.84702e-02 1.16129e-04 1.84693e-02 1.06085e-04 1.83681e-02 1.29474e-04 1.84647e-02 1.13051e-04 1.85093e-02 1.09727e-04 1.84411e-02 1.19835e-04 1.84292e-02 1.26102e-04 
500.0 512.5 525.0 1.38386e-02 9.54854e-05 1.37971e-02 8.76899e-05 1.37654e-02 1.08982e-04 1.38277e-02 9.31957e-05 1.38377e-02 9.04796e-05 1.38399e-02 9.85192e-05 1.38049e-02 1.05850e-04 
525.0 537.5 550.0 1.02894e-02 7.67833e-05 1.02756e-02 7.03247e-05 1.02621e-02 8.60044e-05 1.02923e-02 7.49144e-05 1.02924e-02 7.12539e-05 1.02920e-02 7.92514e-05 1.02904e-02 8.37927e-05 
550.0 562.5 575.0 7.72419e-03 6.05290e-05 7.69964e-03 5.55062e-05 7.69927e-03 6.72731e-05 7.71660e-03 5.92935e-05 7.72651e-03 5.70701e-05 7.71982e-03 6.20048e-05 7.71157e-03 6.58483e-05 
575.0 587.5 600.0 5.87000e-03 5.05102e-05 5.85719e-03 4.63830e-05 5.83467e-03 5.62019e-05 5.86206e-03 4.94172e-05 5.88015e-03 4.77384e-05 5.87142e-03 5.16820e-05 5.84366e-03 5.51835e-05 
