0.0 50.0 100.0 9.98945e-02 3.94443e-03 1.42343e-01 3.00402e-03 2.98830e-02 4.71733e-03 1.28750e-01 3.24203e-03 1.20639e-01 3.82556e-03 5.73578e-02 4.53131e-03 8.15841e-02 3.86988e-03 
100.0 150.0 200.0 5.31119e-02 4.78139e-03 7.16914e-02 3.75353e-03 9.08911e-03 5.76400e-03 6.65708e-02 3.87158e-03 6.84630e-02 4.66592e-03 3.56170e-02 5.85342e-03 3.66502e-02 4.76348e-03 
200.0 250.0 300.0 1.27074e-02 2.35537e-03 1.61068e-02 1.67941e-03 2.10630e-03 2.85856e-03 1.39899e-02 1.82956e-03 1.68180e-02 2.16970e-03 1.21768e-02 2.63271e-03 6.58153e-03 2.35705e-03 
300.0 350.0 400.0 4.07762e-03 7.48979e-04 5.30122e-03 6.70777e-04 8.95617e-04 9.67144e-04 4.54432e-03 6.87229e-04 5.39946e-03 7.92440e-04 4.38212e-03 8.58210e-04 1.91516e-03 8.81504e-04 
400.0 450.0 500.0 2.16983e-03 3.34987e-04 2.56943e-03 2.88208e-04 1.14520e-03 4.23868e-04 2.20278e-03 2.83620e-04 2.62880e-03 3.27091e-04 2.24334e-03 3.91668e-04 1.49282e-03 3.26678e-04 
500.0 550.0 600.0 6.54635e-04 1.46264e-04 9.26296e-04 1.20951e-04 8.43013e-05 1.66208e-04 7.14597e-04 1.24383e-04 9.07900e-04 1.38311e-04 6.41478e-04 1.52887e-04 2.88894e-04 1.39651e-04 
600.0 650.0 700.0 4.18684e-04 5.83736e-05 5.06388e-04 4.83028e-05 1.41385e-04 5.91191e-05 4.16845e-04 5.51836e-05 4.86168e-04 5.28572e-05 3.72651e-04 7.19183e-05 1.89279e-04 6.59362e-05 
700.0 750.0 800.0 1.74888e-04 2.80357e-05 2.54185e-04 2.34175e-05 5.05519e-05 2.77618e-05 1.95904e-04 2.39719e-05 2.36333e-04 2.66294e-05 1.53463e-04 3.34225e-05 9.62104e-05 2.38180e-05 
800.0 850.0 900.0 8.53206e-05 1.54391e-05 1.21828e-04 1.31043e-05 1.57658e-05 1.70097e-05 9.49393e-05 1.05997e-05 1.15692e-04 1.49320e-05 6.43570e-05 1.75123e-05 3.89753e-05 1.45342e-05 
900.0 950.0 1000.0 6.87793e-05 7.94796e-06 9.01589e-05 6.70075e-06 4.14141e-05 9.25494e-06 7.23790e-05 7.09631e-06 8.98085e-05 7.54403e-06 6.74982e-05 8.94958e-06 5.42663e-05 8.13616e-06 
1000.0 1050.0 1100.0 2.81635e-05 4.62728e-06 3.98085e-05 4.12080e-06 1.08487e-05 5.80587e-06 2.87128e-05 3.85411e-06 3.91144e-05 4.53997e-06 2.47481e-05 5.08839e-06 1.54505e-05 4.89925e-06 
1100.0 1150.0 1200.0 1.51897e-05 2.72302e-06 2.21290e-05 2.31341e-06 4.52733e-06 3.22735e-06 1.74305e-05 2.42449e-06 2.09043e-05 2.69648e-06 1.27012e-05 3.12275e-06 7.41218e-06 2.82812e-06 
1200.0 1250.0 1300.0 5.74022e-06 1.59248e-06 1.02770e-05 1.39701e-06 -1.36572e-06 1.79405e-06 7.05167e-06 1.43470e-06 8.74682e-06 1.54433e-06 3.22172e-06 1.81060e-06 1.40995e-06 1.56263e-06 
1300.0 1350.0 1400.0 5.20805e-06 1.01957e-06 7.54835e-06 8.91023e-07 1.75317e-06 1.26871e-06 5.99166e-06 9.16758e-07 6.95242e-06 9.91135e-07 4.12261e-06 1.14466e-06 2.84554e-06 1.09736e-06 
1400.0 1450.0 1500.0 5.09880e-07 6.28344e-07 2.29004e-06 5.37527e-07 -1.56232e-06 7.60205e-07 1.29315e-06 5.62462e-07 1.76196e-06 5.94542e-07 -5.39220e-08 7.09898e-07 -7.19951e-07 6.51933e-07 
1500.0 1550.0 1600.0 7.55238e-07 3.87146e-07 1.83009e-06 3.66767e-07 -8.64029e-07 4.65175e-07 9.82608e-07 3.54583e-07 1.27835e-06 3.82315e-07 1.26459e-07 4.47307e-07 -3.42945e-07 4.10657e-07 
1600.0 1650.0 1700.0 2.24043e-07 2.61042e-07 8.98802e-07 2.30129e-07 -7.20128e-07 3.09626e-07 3.93459e-07 2.39312e-07 6.80722e-07 2.53945e-07 -5.32827e-08 2.88248e-07 -3.62628e-07 2.69907e-07 
1700.0 1750.0 1800.0 1.44834e-07 1.70650e-07 6.32296e-07 1.53587e-07 -5.02261e-07 2.05231e-07 3.07728e-07 1.52515e-07 4.55203e-07 1.67317e-07 -3.47645e-08 1.93684e-07 -2.98945e-07 1.72543e-07 
1800.0 1850.0 1900.0 8.59473e-09 1.13174e-07 1.97789e-07 1.01531e-07 -2.96488e-07 1.26946e-07 7.86881e-08 1.02956e-07 8.49328e-08 1.11333e-07 -1.49838e-07 1.33082e-07 -1.99244e-07 1.10403e-07 
1900.0 1950.0 2000.0 -5.13539e-08 7.40037e-08 8.31863e-08 6.94961e-08 -2.32392e-07 8.05617e-08 1.45070e-08 6.77888e-08 3.03102e-08 7.60999e-08 -1.10733e-07 8.20631e-08 -1.41301e-07 7.14379e-08 
