0.0 0.1 0.2 -2.96746e-01 1.18769e-01 -3.26612e-01 1.00729e-01 -1.81303e-01 1.28465e-01 -2.95863e-01 9.55614e-02 -3.79377e-01 1.12260e-01 -2.92132e-01 1.67860e-01 -1.78756e-01 1.05852e-01 
0.2 0.3 0.4 -3.66776e-01 1.10668e-01 -3.75936e-01 6.51128e-02 -3.76883e-01 1.37990e-01 -4.05537e-01 9.21538e-02 -3.90699e-01 9.50768e-02 -4.48677e-01 1.35454e-01 -3.44186e-01 1.11667e-01 
0.4 0.5 0.6 -4.51504e-01 1.17640e-01 -4.79739e-01 9.55748e-02 -4.08207e-01 1.49327e-01 -3.77175e-01 9.68471e-02 -4.59600e-01 1.20969e-01 -4.49105e-01 1.45866e-01 -3.33942e-01 1.06758e-01 
0.6 0.7 0.8 -3.00767e-01 1.14287e-01 -3.22105e-01 9.68398e-02 -3.41623e-01 1.27895e-01 -2.87239e-01 9.61250e-02 -3.42778e-01 1.16354e-01 -2.39502e-01 1.47705e-01 -2.28812e-01 1.16688e-01 
0.8 0.9 1.0 -3.12907e-01 1.14162e-01 -3.60428e-01 9.51522e-02 -2.76327e-01 1.36422e-01 -2.90423e-01 9.56263e-02 -4.06112e-01 1.12896e-01 -4.16398e-01 1.33660e-01 -2.30305e-01 1.07608e-01 
1.0 1.1 1.2 -2.14661e-01 1.04778e-01 -2.71871e-01 8.55871e-02 -1.58756e-01 1.31574e-01 -2.04263e-01 8.78942e-02 -2.92373e-01 1.02143e-01 -2.53175e-01 1.29811e-01 -1.82742e-01 1.07261e-01 
1.2 1.3 1.4 -1.42030e-01 1.87432e-01 -1.81685e-01 8.36613e-02 -1.47179e-01 1.07191e-01 -1.60536e-01 1.55344e-01 -3.35810e-01 7.80252e-02 -1.44537e-01 2.28676e-01 -2.14372e-01 9.70260e-02 
1.4 1.5 1.6 -2.95816e-01 9.24999e-02 -2.83164e-01 4.49378e-02 -2.82114e-01 1.14673e-01 -2.48078e-01 7.36490e-02 -3.36518e-01 8.97380e-02 -3.25385e-01 1.13252e-01 -2.54958e-01 9.33033e-02 
1.6 1.7 1.8 -1.82175e-01 8.27066e-02 -2.65123e-01 6.17728e-02 -1.35308e-01 1.03857e-01 -1.68956e-01 6.87470e-02 -2.69996e-01 7.60924e-02 -1.97878e-01 1.02363e-01 -1.50339e-01 8.13088e-02 
1.8 1.9 2.0 -1.69839e-01 6.89114e-02 -1.73723e-01 6.15832e-02 -1.44170e-01 9.16549e-02 -1.52257e-01 5.80862e-02 -2.07520e-01 7.17933e-02 -1.74200e-01 9.19300e-02 -1.40256e-01 7.41456e-02 
2.0 2.1 2.2 -2.44716e-01 5.53031e-02 -2.33669e-01 4.30184e-02 -2.94417e-01 6.86541e-02 -2.15970e-01 4.46328e-02 -2.71987e-01 5.02170e-02 -3.15748e-01 6.63107e-02 -2.49044e-01 5.63812e-02 
2.2 2.3 2.4 -7.16014e-02 2.25972e-02 -6.71266e-02 2.10423e-02 -7.99121e-02 2.69684e-02 -6.01123e-02 2.04505e-02 -7.46021e-02 2.34246e-02 -8.44055e-02 2.77461e-02 -6.23331e-02 2.20802e-02 
2.4 2.5 2.6 -1.30529e-02 5.05428e-03 -1.05843e-02 3.71147e-03 -1.83644e-02 5.14056e-03 -8.45741e-03 4.65332e-03 -6.89118e-03 5.80045e-03 -1.75940e-02 5.58725e-03 -1.43308e-02 4.22769e-03 
2.6 2.7 2.8 -2.27775e-04 9.92592e-05 -7.29545e-05 5.71505e-05 -2.66435e-04 1.52553e-04 -1.57181e-04 9.29467e-05 -7.83337e-05 1.78821e-04 -2.13211e-04 1.00121e-04 -1.91027e-04 1.14658e-04 
2.8 2.9 3.0 0.00000e+00 0.00000e+00 0.00000e+00 0.00000e+00 0.00000e+00 0.00000e+00 0.00000e+00 0.00000e+00 0.00000e+00 0.00000e+00 0.00000e+00 0.00000e+00 0.00000e+00 0.00000e+00 
3.0 3.1 3.2 0.00000e+00 0.00000e+00 0.00000e+00 0.00000e+00 0.00000e+00 0.00000e+00 0.00000e+00 0.00000e+00 0.00000e+00 0.00000e+00 0.00000e+00 0.00000e+00 0.00000e+00 0.00000e+00 
3.2 3.3 3.4 0.00000e+00 0.00000e+00 0.00000e+00 0.00000e+00 0.00000e+00 0.00000e+00 0.00000e+00 0.00000e+00 0.00000e+00 0.00000e+00 0.00000e+00 0.00000e+00 0.00000e+00 0.00000e+00 
3.4 3.5 3.6 0.00000e+00 0.00000e+00 0.00000e+00 0.00000e+00 0.00000e+00 0.00000e+00 0.00000e+00 0.00000e+00 0.00000e+00 0.00000e+00 0.00000e+00 0.00000e+00 0.00000e+00 0.00000e+00 
3.6 3.7 3.8 0.00000e+00 0.00000e+00 0.00000e+00 0.00000e+00 0.00000e+00 0.00000e+00 0.00000e+00 0.00000e+00 0.00000e+00 0.00000e+00 0.00000e+00 0.00000e+00 0.00000e+00 0.00000e+00 
3.8 3.9 4.0 0.00000e+00 0.00000e+00 0.00000e+00 0.00000e+00 0.00000e+00 0.00000e+00 0.00000e+00 0.00000e+00 0.00000e+00 0.00000e+00 0.00000e+00 0.00000e+00 0.00000e+00 0.00000e+00 
4.0 4.25 4.5 0.00000e+00 0.00000e+00 0.00000e+00 0.00000e+00 0.00000e+00 0.00000e+00 0.00000e+00 0.00000e+00 0.00000e+00 0.00000e+00 0.00000e+00 0.00000e+00 0.00000e+00 0.00000e+00 
4.5 4.75 5.0 0.00000e+00 0.00000e+00 0.00000e+00 0.00000e+00 0.00000e+00 0.00000e+00 0.00000e+00 0.00000e+00 0.00000e+00 0.00000e+00 0.00000e+00 0.00000e+00 0.00000e+00 0.00000e+00 
5.0 5.25 5.5 0.00000e+00 0.00000e+00 0.00000e+00 0.00000e+00 0.00000e+00 0.00000e+00 0.00000e+00 0.00000e+00 0.00000e+00 0.00000e+00 0.00000e+00 0.00000e+00 0.00000e+00 0.00000e+00 
5.5 5.75 6.0 0.00000e+00 0.00000e+00 0.00000e+00 0.00000e+00 0.00000e+00 0.00000e+00 0.00000e+00 0.00000e+00 0.00000e+00 0.00000e+00 0.00000e+00 0.00000e+00 0.00000e+00 0.00000e+00 
6.0 6.25 6.5 0.00000e+00 0.00000e+00 0.00000e+00 0.00000e+00 0.00000e+00 0.00000e+00 0.00000e+00 0.00000e+00 0.00000e+00 0.00000e+00 0.00000e+00 0.00000e+00 0.00000e+00 0.00000e+00 
6.5 6.75 7.0 0.00000e+00 0.00000e+00 0.00000e+00 0.00000e+00 0.00000e+00 0.00000e+00 0.00000e+00 0.00000e+00 0.00000e+00 0.00000e+00 0.00000e+00 0.00000e+00 0.00000e+00 0.00000e+00 
7.0 7.5 8.0 0.00000e+00 0.00000e+00 0.00000e+00 0.00000e+00 0.00000e+00 0.00000e+00 0.00000e+00 0.00000e+00 0.00000e+00 0.00000e+00 0.00000e+00 0.00000e+00 0.00000e+00 0.00000e+00 
8.0 8.5 9.0 0.00000e+00 0.00000e+00 0.00000e+00 0.00000e+00 0.00000e+00 0.00000e+00 0.00000e+00 0.00000e+00 0.00000e+00 0.00000e+00 0.00000e+00 0.00000e+00 0.00000e+00 0.00000e+00 
9.0 9.5 10.0 0.00000e+00 0.00000e+00 0.00000e+00 0.00000e+00 0.00000e+00 0.00000e+00 0.00000e+00 0.00000e+00 0.00000e+00 0.00000e+00 0.00000e+00 0.00000e+00 0.00000e+00 0.00000e+00 
