0.0 0.1 0.2 -4.16286e+00 2.36893e+00 -1.04341e+00 1.92552e+00 -1.49318e+00 3.03441e+00 -3.00283e+00 1.98866e+00 -4.01649e+00 2.23440e+00 -6.76493e+00 2.07396e+00 -4.38987e+00 2.45651e+00 
0.2 0.3 0.4 -5.53210e+00 1.87022e+00 -2.65674e+00 1.67549e+00 -4.04048e+00 2.89745e+00 -4.47038e+00 1.42099e+00 -4.81472e+00 2.04142e+00 -5.01032e+00 2.24670e+00 -7.11390e+00 2.35559e+00 
0.4 0.5 0.6 -1.47241e+00 2.11364e+00 -9.47230e-01 1.69336e+00 5.44975e-01 2.82386e+00 -1.17482e+00 1.80744e+00 -2.80286e+00 2.01621e+00 -2.10007e+00 2.58871e+00 -2.29216e+00 2.30130e+00 
0.6 0.7 0.8 -8.47586e+00 1.95932e+00 -6.20359e+00 1.58407e+00 -8.07871e+00 1.86216e+00 -6.94633e+00 1.62500e+00 -8.93906e+00 1.83860e+00 -1.07192e+01 2.28087e+00 -8.92297e+00 2.10925e+00 
0.8 0.9 1.0 -3.64945e+00 1.72009e+00 -3.12355e+00 1.40541e+00 -1.05466e+00 2.26413e+00 -2.87297e+00 1.45486e+00 -4.83269e+00 1.67274e+00 -6.26410e+00 1.55239e+00 -3.53101e+00 1.82088e+00 
1.0 1.1 1.2 -5.86432e+00 1.42529e+00 -4.39405e+00 1.14978e+00 -4.99775e+00 1.81220e+00 -5.01824e+00 1.20822e+00 -6.85380e+00 1.38816e+00 -8.37055e+00 1.74340e+00 -6.81624e+00 1.40333e+00 
1.2 1.3 1.4 -3.37884e+00 1.14718e+00 -2.59821e+00 9.47385e-01 -2.09101e+00 1.52544e+00 -3.13960e+00 9.58222e-01 -5.40680e+00 9.09550e-01 -4.00832e+00 1.41800e+00 -2.30176e+00 1.23458e+00 
1.4 1.5 1.6 -3.87079e+00 8.40133e-01 -2.98895e+00 7.13822e-01 -3.47045e+00 1.05731e+00 -3.75504e+00 7.06434e-01 -4.03803e+00 8.19233e-01 -4.97072e+00 1.01967e+00 -3.41994e+00 8.77434e-01 
1.6 1.7 1.8 -1.78097e+00 4.64522e-01 -1.67028e+00 4.22677e-01 -1.83989e+00 7.51640e-01 -1.33307e+00 4.77492e-01 -1.89247e+00 5.87412e-01 -2.16516e+00 7.21706e-01 -1.67491e+00 6.33193e-01 
1.8 1.9 2.0 -2.03657e+00 3.46333e-01 -1.68501e+00 2.74237e-01 -1.94984e+00 4.21166e-01 -1.52746e+00 2.95941e-01 -2.23257e+00 3.43685e-01 -2.46647e+00 4.15472e-01 -1.71753e+00 3.45870e-01 
2.0 2.1 2.2 -6.27000e-01 1.49197e-01 -6.12237e-01 1.47754e-01 -8.65782e-01 2.10968e-01 -5.26233e-01 1.44782e-01 -9.12588e-01 1.70746e-01 -8.33106e-01 2.09547e-01 -7.32715e-01 1.80229e-01 
2.2 2.3 2.4 -1.66047e-01 6.23261e-02 -1.17572e-01 5.87637e-02 -2.64025e-01 6.67160e-02 -1.71292e-01 5.80832e-02 -1.98271e-01 6.32500e-02 -2.82986e-01 7.25738e-02 -1.84671e-01 5.86264e-02 
2.4 2.5 2.6 -2.44262e-02 1.81180e-02 1.75674e-03 1.82451e-02 -5.01905e-02 1.88470e-02 -9.79767e-03 1.64419e-02 -3.21551e-02 1.96494e-02 -4.70756e-02 2.08217e-02 -2.68322e-02 1.59250e-02 
2.6 2.7 2.8 3.71221e-03 2.54607e-03 3.60895e-03 3.02979e-03 -4.98157e-03 2.77073e-03 -1.71513e-03 2.66159e-03 2.00099e-03 3.32315e-03 -5.14694e-03 3.22742e-03 -5.49901e-03 2.48383e-03 
2.8 2.9 3.0 -1.67383e-04 6.19869e-05 -1.59744e-04 6.06308e-05 -2.41948e-04 5.59663e-05 -1.37166e-04 5.81445e-05 -4.84224e-05 4.94928e-05 -2.46834e-04 6.05238e-05 -1.80884e-04 5.50497e-05 
3.0 3.1 3.2 0.00000e+00 0.00000e+00 0.00000e+00 0.00000e+00 0.00000e+00 0.00000e+00 0.00000e+00 0.00000e+00 0.00000e+00 0.00000e+00 0.00000e+00 0.00000e+00 0.00000e+00 0.00000e+00 
3.2 3.3 3.4 0.00000e+00 0.00000e+00 0.00000e+00 0.00000e+00 0.00000e+00 0.00000e+00 0.00000e+00 0.00000e+00 0.00000e+00 0.00000e+00 0.00000e+00 0.00000e+00 0.00000e+00 0.00000e+00 
3.4 3.5 3.6 0.00000e+00 0.00000e+00 0.00000e+00 0.00000e+00 0.00000e+00 0.00000e+00 0.00000e+00 0.00000e+00 0.00000e+00 0.00000e+00 0.00000e+00 0.00000e+00 0.00000e+00 0.00000e+00 
3.6 3.7 3.8 0.00000e+00 0.00000e+00 0.00000e+00 0.00000e+00 0.00000e+00 0.00000e+00 0.00000e+00 0.00000e+00 0.00000e+00 0.00000e+00 0.00000e+00 0.00000e+00 0.00000e+00 0.00000e+00 
3.8 3.9 4.0 0.00000e+00 0.00000e+00 0.00000e+00 0.00000e+00 0.00000e+00 0.00000e+00 0.00000e+00 0.00000e+00 0.00000e+00 0.00000e+00 0.00000e+00 0.00000e+00 0.00000e+00 0.00000e+00 
4.0 4.25 4.5 0.00000e+00 0.00000e+00 0.00000e+00 0.00000e+00 0.00000e+00 0.00000e+00 0.00000e+00 0.00000e+00 0.00000e+00 0.00000e+00 0.00000e+00 0.00000e+00 0.00000e+00 0.00000e+00 
4.5 4.75 5.0 0.00000e+00 0.00000e+00 0.00000e+00 0.00000e+00 0.00000e+00 0.00000e+00 0.00000e+00 0.00000e+00 0.00000e+00 0.00000e+00 0.00000e+00 0.00000e+00 0.00000e+00 0.00000e+00 
5.0 5.25 5.5 0.00000e+00 0.00000e+00 0.00000e+00 0.00000e+00 0.00000e+00 0.00000e+00 0.00000e+00 0.00000e+00 0.00000e+00 0.00000e+00 0.00000e+00 0.00000e+00 0.00000e+00 0.00000e+00 
5.5 5.75 6.0 0.00000e+00 0.00000e+00 0.00000e+00 0.00000e+00 0.00000e+00 0.00000e+00 0.00000e+00 0.00000e+00 0.00000e+00 0.00000e+00 0.00000e+00 0.00000e+00 0.00000e+00 0.00000e+00 
6.0 6.25 6.5 0.00000e+00 0.00000e+00 0.00000e+00 0.00000e+00 0.00000e+00 0.00000e+00 0.00000e+00 0.00000e+00 0.00000e+00 0.00000e+00 0.00000e+00 0.00000e+00 0.00000e+00 0.00000e+00 
6.5 6.75 7.0 0.00000e+00 0.00000e+00 0.00000e+00 0.00000e+00 0.00000e+00 0.00000e+00 0.00000e+00 0.00000e+00 0.00000e+00 0.00000e+00 0.00000e+00 0.00000e+00 0.00000e+00 0.00000e+00 
7.0 7.5 8.0 0.00000e+00 0.00000e+00 0.00000e+00 0.00000e+00 0.00000e+00 0.00000e+00 0.00000e+00 0.00000e+00 0.00000e+00 0.00000e+00 0.00000e+00 0.00000e+00 0.00000e+00 0.00000e+00 
8.0 8.5 9.0 0.00000e+00 0.00000e+00 0.00000e+00 0.00000e+00 0.00000e+00 0.00000e+00 0.00000e+00 0.00000e+00 0.00000e+00 0.00000e+00 0.00000e+00 0.00000e+00 0.00000e+00 0.00000e+00 
9.0 9.5 10.0 0.00000e+00 0.00000e+00 0.00000e+00 0.00000e+00 0.00000e+00 0.00000e+00 0.00000e+00 0.00000e+00 0.00000e+00 0.00000e+00 0.00000e+00 0.00000e+00 0.00000e+00 0.00000e+00 
