0.0 12.5 25.0 -5.63165e-02 4.09755e-03 -5.53693e-02 3.50041e-03 -4.69865e-02 5.08688e-03 -5.18250e-02 3.39667e-03 -7.22103e-02 3.98456e-03 -6.32565e-02 4.95716e-03 -5.41211e-02 4.22595e-03 
25.0 37.5 50.0 -1.05632e-01 7.99179e-03 -9.93924e-02 6.40081e-03 -9.30900e-02 7.76367e-03 -9.50053e-02 6.47199e-03 -1.37340e-01 7.18258e-03 -1.18824e-01 9.62715e-03 -1.03578e-01 8.07195e-03 
50.0 62.5 75.0 -1.43605e-01 9.51246e-03 -1.30225e-01 7.98060e-03 -1.04166e-01 1.24819e-02 -1.29654e-01 8.33774e-03 -1.81952e-01 9.46659e-03 -1.50534e-01 1.18987e-02 -1.34229e-01 1.03765e-02 
75.0 87.5 100.0 -1.60719e-01 9.80732e-03 -1.38790e-01 7.94028e-03 -1.30777e-01 1.14983e-02 -1.46914e-01 8.08762e-03 -1.89350e-01 9.23876e-03 -1.77728e-01 1.18797e-02 -1.60124e-01 9.49155e-03 
100.0 125.0 150.0 -6.39720e-02 4.98884e-03 -3.25006e-02 4.04173e-03 -6.35252e-02 6.31383e-03 -4.84564e-02 4.10679e-03 -7.64453e-02 4.77051e-03 -8.78595e-02 5.32026e-03 -7.90831e-02 5.19344e-03 
150.0 175.0 200.0 -1.26754e-02 2.20934e-03 1.00083e-02 1.84481e-03 -1.83175e-02 2.73235e-03 -5.49792e-03 1.86108e-03 -8.76415e-03 2.11670e-03 -2.35746e-02 2.63887e-03 -2.47477e-02 2.21697e-03 
200.0 225.0 250.0 -1.63241e-03 8.58110e-04 1.00535e-02 7.25415e-04 -5.37891e-03 1.05597e-03 1.88331e-03 7.48388e-04 1.83503e-03 8.31598e-04 -6.53898e-03 1.00718e-03 -7.58710e-03 8.92051e-04 
250.0 275.0 300.0 5.81316e-04 3.55143e-04 6.16557e-03 3.22781e-04 -1.95250e-03 4.10065e-04 2.17808e-03 3.15618e-04 2.76272e-03 3.63933e-04 -1.68346e-03 4.08746e-04 -2.56297e-03 3.53609e-04 
300.0 325.0 350.0 5.25944e-04 1.68523e-04 3.28042e-03 1.63765e-04 -7.70646e-04 1.79912e-04 1.15080e-03 1.51120e-04 1.76629e-03 1.79046e-04 -4.39000e-04 1.90329e-04 -9.71890e-04 1.71645e-04 
350.0 375.0 400.0 3.78443e-04 9.01180e-05 1.77646e-03 9.01604e-05 -3.33232e-04 9.49089e-05 7.41729e-04 8.22596e-05 1.03078e-03 9.97418e-05 -1.36697e-04 9.97421e-05 -4.03607e-04 8.52281e-05 
400.0 425.0 450.0 3.62236e-04 4.93075e-05 1.08608e-03 5.07171e-05 -7.76717e-05 4.83833e-05 5.41434e-04 4.58524e-05 7.29159e-04 5.61772e-05 5.52948e-05 5.32492e-05 -7.97827e-05 4.46754e-05 
450.0 475.0 500.0 1.89068e-04 2.98711e-05 6.06554e-04 3.17541e-05 -5.65856e-05 2.80734e-05 3.02371e-04 2.76195e-05 4.14417e-04 3.50328e-05 3.97139e-05 3.14224e-05 -5.10148e-05 2.58274e-05 
500.0 550.0 600.0 8.63445e-05 1.24286e-05 2.81132e-04 1.33371e-05 -2.69389e-05 1.19019e-05 1.38355e-04 1.17840e-05 1.89081e-04 1.45314e-05 1.75664e-05 1.40363e-05 -2.42643e-05 1.10853e-05 
600.0 700.0 800.0 4.01715e-05 3.67135e-06 9.03307e-05 3.89879e-06 8.10529e-06 3.35909e-06 5.15840e-05 3.40512e-06 7.17273e-05 4.27832e-06 2.35195e-05 4.01447e-06 9.97051e-06 3.15035e-06 
800.0 900.0 1000.0 1.28245e-05 1.13193e-06 2.14684e-05 1.19452e-06 5.21352e-06 1.03296e-06 1.47092e-05 1.04273e-06 1.92496e-05 1.35632e-06 9.65360e-06 1.24446e-06 6.30642e-06 9.13850e-07 
