0.0 2.5 5.0 -2.20966e-02 1.41460e-03 -3.08829e-02 1.35688e-03 -1.13725e-02 1.49314e-03 -2.51192e-02 1.20062e-03 -2.71210e-02 1.44395e-03 -1.60159e-02 1.57058e-03 -1.67265e-02 1.34740e-03 
5.0 7.5 10.0 -6.75987e-02 3.62712e-03 -8.52742e-02 3.29129e-03 -5.04680e-02 4.46328e-03 -7.47035e-02 3.34099e-03 -8.11750e-02 3.78995e-03 -5.77787e-02 4.46593e-03 -5.77002e-02 3.73369e-03 
10.0 12.5 15.0 -8.77100e-02 5.77022e-03 -1.20310e-01 5.03564e-03 -6.03642e-02 5.38712e-03 -9.76420e-02 5.14546e-03 -1.09634e-01 5.99097e-03 -7.91753e-02 7.20570e-03 -7.38786e-02 4.19814e-03 
15.0 17.5 20.0 -1.12796e-01 7.54105e-03 -1.55655e-01 5.70414e-03 -7.99172e-02 8.85035e-03 -1.27617e-01 4.38265e-03 -1.42426e-01 6.53979e-03 -9.22911e-02 8.86801e-03 -9.97021e-02 7.46720e-03 
20.0 22.5 25.0 -1.44250e-01 9.37275e-03 -1.79871e-01 8.18476e-03 -1.00713e-01 1.12767e-02 -1.49917e-01 8.06263e-03 -1.71734e-01 9.47949e-03 -1.20347e-01 1.11404e-02 -1.19313e-01 9.24446e-03 
25.0 27.5 30.0 -1.58584e-01 9.16477e-03 -1.99392e-01 8.23941e-03 -1.24849e-01 1.14325e-02 -1.74088e-01 8.17679e-03 -1.91314e-01 9.49908e-03 -1.35493e-01 1.08503e-02 -1.43095e-01 9.52434e-03 
30.0 32.5 35.0 -1.48928e-01 1.14933e-02 -2.00048e-01 9.04703e-03 -9.94088e-02 1.36800e-02 -1.66457e-01 8.95022e-03 -1.79858e-01 1.12422e-02 -1.12334e-01 1.32249e-02 -1.16975e-01 8.65564e-03 
35.0 37.5 40.0 -1.64897e-01 1.22183e-02 -2.09678e-01 1.05853e-02 -1.16454e-01 1.51702e-02 -1.77424e-01 1.04531e-02 -2.01351e-01 1.22355e-02 -1.31890e-01 1.47886e-02 -1.31328e-01 1.19380e-02 
40.0 42.5 45.0 -1.46698e-01 8.55136e-03 -2.03970e-01 1.03635e-02 -1.02631e-01 1.53550e-02 -1.66436e-01 1.05650e-02 -1.93749e-01 1.21102e-02 -1.19369e-01 9.85121e-03 -1.27804e-01 1.29045e-02 
45.0 47.5 50.0 -1.74729e-01 1.09556e-02 -2.16184e-01 1.14407e-02 -1.16950e-01 1.57845e-02 -1.83231e-01 1.11377e-02 -2.08536e-01 1.21921e-02 -1.44770e-01 1.57845e-02 -1.46585e-01 1.32515e-02 
50.0 52.5 55.0 -1.83166e-01 1.29580e-02 -2.30291e-01 1.01869e-02 -1.25991e-01 1.61380e-02 -1.97447e-01 1.13310e-02 -2.18516e-01 1.34426e-02 -1.50816e-01 1.60015e-02 -1.49699e-01 1.34015e-02 
55.0 57.5 60.0 -1.73363e-01 1.07435e-02 -2.36350e-01 1.14889e-02 -1.15175e-01 1.67107e-02 -1.92823e-01 1.06469e-02 -2.21809e-01 1.39904e-02 -1.43489e-01 1.44250e-02 -1.42510e-01 1.31247e-02 
60.0 62.5 65.0 -1.88988e-01 1.26662e-02 -2.48724e-01 1.28136e-02 -1.16921e-01 1.86716e-02 -2.10532e-01 1.23335e-02 -2.30667e-01 1.49977e-02 -1.52514e-01 1.50912e-02 -1.55213e-01 1.48667e-02 
65.0 67.5 70.0 -1.91057e-01 1.38283e-02 -2.64870e-01 1.14724e-02 -1.26443e-01 1.57073e-02 -2.22741e-01 1.19055e-02 -2.39841e-01 1.38725e-02 -1.49713e-01 1.66847e-02 -1.63884e-01 1.26002e-02 
70.0 72.5 75.0 -2.08220e-01 1.43121e-02 -2.65485e-01 1.28610e-02 -1.56769e-01 1.81444e-02 -2.29429e-01 1.22959e-02 -2.51680e-01 1.52021e-02 -1.82495e-01 1.69824e-02 -1.77871e-01 1.51710e-02 
75.0 77.5 80.0 -2.19781e-01 1.44722e-02 -2.88867e-01 1.26241e-02 -1.70596e-01 1.78431e-02 -2.45385e-01 1.24277e-02 -2.54150e-01 1.06910e-02 -1.90770e-01 1.74337e-02 -1.95124e-01 1.46631e-02 
80.0 82.5 85.0 -2.03197e-01 1.32631e-02 -2.53407e-01 1.16420e-02 -1.42055e-01 1.70557e-02 -2.25406e-01 1.19008e-02 -2.52721e-01 1.39127e-02 -1.68342e-01 1.39548e-02 -1.70180e-01 1.33679e-02 
85.0 87.5 90.0 -2.17056e-01 1.33559e-02 -2.74040e-01 1.16974e-02 -1.66374e-01 1.66530e-02 -2.31374e-01 1.14649e-02 -2.67517e-01 1.36708e-02 -1.91404e-01 1.61686e-02 -1.91184e-01 1.37474e-02 
90.0 92.5 95.0 -1.76730e-01 1.21573e-02 -2.26367e-01 1.05451e-02 -1.43674e-01 1.51056e-02 -2.02337e-01 1.01626e-02 -2.20880e-01 1.20901e-02 -1.61098e-01 1.46293e-02 -1.63431e-01 1.25888e-02 
95.0 97.5 100.0 -1.52126e-01 1.07138e-02 -1.92449e-01 9.15642e-03 -9.37427e-02 1.37722e-02 -1.66591e-01 9.15001e-03 -1.84468e-01 1.09134e-02 -1.26234e-01 1.28881e-02 -1.20855e-01 1.15761e-02 
100.0 105.0 110.0 -1.45685e-01 9.74761e-03 -1.85190e-01 8.30363e-03 -1.12216e-01 1.19997e-02 -1.56605e-01 7.78347e-03 -1.79018e-01 9.62625e-03 -1.37430e-01 1.18288e-02 -1.27614e-01 9.91815e-03 
110.0 115.0 120.0 -9.37621e-02 5.52050e-03 -1.22625e-01 6.90179e-03 -6.69255e-02 9.38331e-03 -9.93137e-02 4.82863e-03 -1.20305e-01 8.09431e-03 -8.32115e-02 9.26027e-03 -8.20081e-02 7.72398e-03 
120.0 125.0 130.0 -6.43257e-02 6.48984e-03 -8.38649e-02 5.59969e-03 -4.41566e-02 8.04671e-03 -7.39664e-02 5.45034e-03 -8.44127e-02 6.33975e-03 -6.27650e-02 5.65046e-03 -5.30700e-02 6.47373e-03 
130.0 135.0 140.0 -4.81646e-02 4.83910e-03 -6.16202e-02 4.60462e-03 -3.67395e-02 5.87927e-03 -5.33711e-02 4.04308e-03 -6.11696e-02 5.28266e-03 -3.95673e-02 6.39028e-03 -4.06469e-02 5.52809e-03 
140.0 145.0 150.0 -3.99133e-02 4.04993e-03 -4.91015e-02 3.40040e-03 -2.82345e-02 4.83977e-03 -4.29956e-02 3.45107e-03 -4.77196e-02 3.94337e-03 -3.38683e-02 4.81697e-03 -3.42325e-02 4.05760e-03 
150.0 155.0 160.0 -2.86051e-02 3.30235e-03 -3.44517e-02 2.72135e-03 -2.30615e-02 3.97476e-03 -2.88975e-02 2.85846e-03 -3.62255e-02 3.19972e-03 -2.54129e-02 3.76594e-03 -2.79356e-02 3.25763e-03 
160.0 165.0 170.0 -1.63168e-02 2.54794e-03 -1.99077e-02 2.20546e-03 -9.23093e-03 2.73458e-03 -1.67778e-02 2.15355e-03 -2.01823e-02 2.44381e-03 -1.44662e-02 2.95313e-03 -1.26614e-02 2.32129e-03 
170.0 175.0 180.0 -1.28368e-02 1.99071e-03 -1.54431e-02 1.55226e-03 -8.90872e-03 2.28837e-03 -1.41820e-02 1.75920e-03 -1.61069e-02 1.67440e-03 -1.14094e-02 2.38497e-03 -1.16736e-02 1.95945e-03 
180.0 185.0 190.0 -7.51759e-03 1.48341e-03 -1.05345e-02 1.27955e-03 -5.66397e-03 1.73716e-03 -8.09396e-03 1.29228e-03 -1.05140e-02 1.49133e-03 -6.31530e-03 1.72404e-03 -6.87430e-03 1.48757e-03 
190.0 195.0 200.0 -3.78267e-03 1.13263e-03 -4.66449e-03 1.01895e-03 -1.64797e-03 1.31493e-03 -4.25352e-03 1.00204e-03 -4.93843e-03 1.15007e-03 -1.85435e-03 1.33213e-03 -2.88585e-03 1.12268e-03 
200.0 212.5 225.0 -2.30365e-03 6.80539e-04 -3.16687e-03 6.03465e-04 -1.10147e-03 8.55138e-04 -2.92333e-03 5.95201e-04 -3.11384e-03 6.82856e-04 -1.41367e-03 8.35329e-04 -3.13662e-03 5.11939e-04 
225.0 237.5 250.0 -1.45763e-03 3.68617e-04 -1.54653e-03 3.34594e-04 -1.44599e-03 4.37715e-04 -1.25842e-03 3.17130e-04 -1.79020e-03 3.76074e-04 -1.39624e-03 4.28329e-04 -1.60527e-03 3.81911e-04 
250.0 262.5 275.0 -6.00017e-04 1.88564e-04 -5.52882e-04 1.66384e-04 -6.49633e-04 2.18941e-04 -4.97972e-04 1.70045e-04 -6.31362e-04 1.87468e-04 -6.61726e-04 2.14726e-04 -4.96170e-04 1.88799e-04 
275.0 287.5 300.0 -2.24485e-04 9.04806e-05 -1.42234e-04 8.84410e-05 -2.43407e-04 1.02862e-04 -1.31754e-04 8.40496e-05 -2.41104e-04 9.52411e-05 -2.89279e-04 1.00511e-04 -2.54368e-04 9.04738e-05 
300.0 312.5 325.0 3.04114e-05 4.28666e-05 2.57150e-05 4.28040e-05 -3.99064e-05 4.66305e-05 1.76794e-05 3.97989e-05 2.51242e-05 4.54577e-05 4.92106e-06 4.70069e-05 -3.66350e-05 4.16629e-05 
325.0 337.5 350.0 4.02761e-06 2.10940e-05 1.34335e-05 2.08281e-05 -3.76066e-06 2.23659e-05 -2.69808e-06 1.90250e-05 1.92490e-05 2.18548e-05 -5.36592e-06 2.29507e-05 -1.50783e-06 2.01162e-05 
350.0 362.5 375.0 -3.03994e-05 1.07639e-05 -3.09187e-05 1.06321e-05 -3.65329e-05 1.10446e-05 -3.14282e-05 1.01849e-05 -3.21788e-05 1.12414e-05 -4.04281e-05 1.14500e-05 -3.65699e-05 1.03930e-05 
375.0 387.5 400.0 -1.88215e-05 5.63633e-06 -1.38905e-05 5.67543e-06 -2.01060e-05 6.05802e-06 -1.29875e-05 5.47892e-06 -1.47759e-05 6.01388e-06 -2.17007e-05 6.12664e-06 -2.15269e-05 5.39057e-06 
400.0 412.5 425.0 -1.32209e-05 2.75059e-06 -1.38961e-05 2.76200e-06 -1.64615e-05 2.82629e-06 -1.16458e-05 2.68120e-06 -1.44447e-05 2.91423e-06 -1.38127e-05 2.97884e-06 -1.59201e-05 2.69332e-06 
425.0 437.5 450.0 -7.73421e-06 1.30379e-06 -5.57669e-06 1.40438e-06 -7.80327e-06 1.39121e-06 -6.63897e-06 1.36523e-06 -6.89797e-06 1.40597e-06 -8.36151e-06 1.39354e-06 -7.70001e-06 1.36406e-06 
450.0 462.5 475.0 -4.06913e-06 6.99067e-07 -4.36560e-06 7.10119e-07 -3.39967e-06 6.61423e-07 -3.82851e-06 7.01498e-07 -4.58163e-06 7.63603e-07 -3.77582e-06 7.30175e-07 -3.21551e-06 6.28828e-07 
475.0 487.5 500.0 -2.35219e-06 3.63450e-07 -2.35076e-06 3.92294e-07 -2.10843e-06 3.66081e-07 -2.28758e-06 3.62903e-07 -2.44022e-06 3.99707e-07 -2.51745e-06 3.74341e-07 -2.26018e-06 3.45109e-07 
500.0 512.5 525.0 -9.11661e-07 1.65341e-07 -9.43391e-07 1.75299e-07 -9.59428e-07 1.63804e-07 -9.01868e-07 1.66664e-07 -1.11359e-06 1.87738e-07 -9.37294e-07 1.78782e-07 -9.39090e-07 1.63729e-07 
525.0 537.5 550.0 -2.10106e-07 8.97703e-08 -1.31815e-07 8.45355e-08 -2.39612e-07 7.83893e-08 -1.79674e-07 8.75188e-08 -1.70303e-07 9.77164e-08 -1.52658e-07 8.68800e-08 -2.20055e-07 8.24962e-08 
550.0 562.5 575.0 -1.08690e-07 2.91655e-08 -9.51861e-08 2.44646e-08 -1.33370e-07 2.46471e-08 -9.90680e-08 2.97950e-08 -1.13758e-07 3.39085e-08 -8.88226e-08 2.29807e-08 -1.41575e-07 2.75979e-08 
575.0 587.5 600.0 -3.09740e-08 5.73461e-09 -2.47940e-08 6.13863e-09 -2.77934e-08 5.79887e-09 -3.29812e-08 5.53717e-09 -2.66580e-08 7.31658e-09 -3.04378e-08 6.11113e-09 -3.47777e-08 6.02448e-09 
