0.0 50.0 100.0 5.10056e-04 2.53678e-05 5.16936e-04 2.40099e-05 5.01819e-04 2.63612e-05 5.14467e-04 2.40626e-05 5.06198e-04 2.51763e-05 5.00512e-04 2.70607e-05 5.10870e-04 2.46545e-05 
100.0 150.0 200.0 9.51372e-02 1.51731e-03 9.72856e-02 1.27022e-03 9.43613e-02 1.69646e-03 9.69302e-02 1.29582e-03 9.55599e-02 1.47691e-03 9.30574e-02 1.81159e-03 9.48877e-02 1.42574e-03 
200.0 250.0 300.0 7.11433e-02 1.32589e-03 7.34008e-02 1.05605e-03 7.02559e-02 1.37492e-03 7.30456e-02 1.14470e-03 7.21655e-02 1.40356e-03 6.93567e-02 1.56462e-03 7.15881e-02 1.14462e-03 
300.0 350.0 400.0 7.21403e-06 6.12367e-07 6.38014e-06 5.42382e-07 8.08879e-06 6.83304e-07 6.57908e-06 5.58460e-07 6.99597e-06 5.94738e-07 7.98897e-06 6.78121e-07 7.30459e-06 6.17046e-07 
400.0 450.0 500.0 0.00000e+00 0.00000e+00 0.00000e+00 0.00000e+00 0.00000e+00 0.00000e+00 0.00000e+00 0.00000e+00 0.00000e+00 0.00000e+00 0.00000e+00 0.00000e+00 0.00000e+00 0.00000e+00 
500.0 550.0 600.0 0.00000e+00 0.00000e+00 0.00000e+00 0.00000e+00 0.00000e+00 0.00000e+00 0.00000e+00 0.00000e+00 0.00000e+00 0.00000e+00 0.00000e+00 0.00000e+00 0.00000e+00 0.00000e+00 
600.0 650.0 700.0 0.00000e+00 0.00000e+00 0.00000e+00 0.00000e+00 0.00000e+00 0.00000e+00 0.00000e+00 0.00000e+00 0.00000e+00 0.00000e+00 0.00000e+00 0.00000e+00 0.00000e+00 0.00000e+00 
700.0 750.0 800.0 0.00000e+00 0.00000e+00 0.00000e+00 0.00000e+00 0.00000e+00 0.00000e+00 0.00000e+00 0.00000e+00 0.00000e+00 0.00000e+00 0.00000e+00 0.00000e+00 0.00000e+00 0.00000e+00 
800.0 850.0 900.0 0.00000e+00 0.00000e+00 0.00000e+00 0.00000e+00 0.00000e+00 0.00000e+00 0.00000e+00 0.00000e+00 0.00000e+00 0.00000e+00 0.00000e+00 0.00000e+00 0.00000e+00 0.00000e+00 
900.0 950.0 1000.0 0.00000e+00 0.00000e+00 0.00000e+00 0.00000e+00 0.00000e+00 0.00000e+00 0.00000e+00 0.00000e+00 0.00000e+00 0.00000e+00 0.00000e+00 0.00000e+00 0.00000e+00 0.00000e+00 
1000.0 1100.0 1200.0 0.00000e+00 0.00000e+00 0.00000e+00 0.00000e+00 0.00000e+00 0.00000e+00 0.00000e+00 0.00000e+00 0.00000e+00 0.00000e+00 0.00000e+00 0.00000e+00 0.00000e+00 0.00000e+00 
1200.0 1300.0 1400.0 0.00000e+00 0.00000e+00 0.00000e+00 0.00000e+00 0.00000e+00 0.00000e+00 0.00000e+00 0.00000e+00 0.00000e+00 0.00000e+00 0.00000e+00 0.00000e+00 0.00000e+00 0.00000e+00 
1400.0 1500.0 1600.0 0.00000e+00 0.00000e+00 0.00000e+00 0.00000e+00 0.00000e+00 0.00000e+00 0.00000e+00 0.00000e+00 0.00000e+00 0.00000e+00 0.00000e+00 0.00000e+00 0.00000e+00 0.00000e+00 
1600.0 1700.0 1800.0 0.00000e+00 0.00000e+00 0.00000e+00 0.00000e+00 0.00000e+00 0.00000e+00 0.00000e+00 0.00000e+00 0.00000e+00 0.00000e+00 0.00000e+00 0.00000e+00 0.00000e+00 0.00000e+00 
1800.0 1900.0 2000.0 0.00000e+00 0.00000e+00 0.00000e+00 0.00000e+00 0.00000e+00 0.00000e+00 0.00000e+00 0.00000e+00 0.00000e+00 0.00000e+00 0.00000e+00 0.00000e+00 0.00000e+00 0.00000e+00 
