0.0 12.5 25.0 1.41687e+00 7.70723e-03 1.50943e+00 6.55672e-03 1.34395e+00 9.31459e-03 1.48359e+00 6.76804e-03 1.43579e+00 7.45848e-03 1.34758e+00 8.87196e-03 1.39840e+00 8.04336e-03 
25.0 37.5 50.0 5.13189e+00 1.18173e-02 5.25346e+00 9.85510e-03 5.02910e+00 1.43355e-02 5.21561e+00 1.01829e-02 5.15794e+00 1.12752e-02 5.04048e+00 1.39301e-02 5.10342e+00 1.22666e-02 
50.0 62.5 75.0 7.58057e+00 1.30222e-02 7.70177e+00 1.16957e-02 7.46909e+00 1.69550e-02 7.65863e+00 1.12004e-02 7.61572e+00 1.34104e-02 7.49796e+00 1.62846e-02 7.55220e+00 1.46546e-02 
75.0 87.5 100.0 8.80047e+00 1.34718e-02 8.89808e+00 1.14706e-02 8.70675e+00 1.66381e-02 8.85907e+00 1.18337e-02 8.83076e+00 1.31117e-02 8.72707e+00 1.60327e-02 8.76580e+00 1.40716e-02 
100.0 125.0 150.0 6.96710e+00 7.57340e-03 7.02157e+00 6.34275e-03 6.90939e+00 9.40150e-03 6.99777e+00 6.70021e-03 6.98638e+00 7.15826e-03 6.92793e+00 8.79131e-03 6.94683e+00 8.21723e-03 
150.0 175.0 200.0 3.50342e+00 3.61448e-03 3.52593e+00 3.29242e-03 3.48503e+00 4.43142e-03 3.51674e+00 3.37179e-03 3.51612e+00 3.58092e-03 3.48976e+00 4.06624e-03 3.49845e+00 3.91953e-03 
200.0 225.0 250.0 1.48832e+00 1.62432e-03 1.49508e+00 1.46135e-03 1.47988e+00 1.88406e-03 1.49226e+00 1.52513e-03 1.49219e+00 1.55975e-03 1.48346e+00 1.72259e-03 1.48521e+00 1.71574e-03 
250.0 275.0 300.0 6.29749e-01 7.98949e-04 6.32048e-01 7.36197e-04 6.25902e-01 9.06330e-04 6.31065e-01 7.64160e-04 6.31149e-01 7.74060e-04 6.27666e-01 8.47810e-04 6.28174e-01 8.53008e-04 
300.0 325.0 350.0 2.80959e-01 4.37045e-04 2.81948e-01 4.02673e-04 2.79623e-01 4.88300e-04 2.81214e-01 4.05457e-04 2.81754e-01 4.17089e-04 2.80300e-01 4.60944e-04 2.80496e-01 4.65062e-04 
350.0 375.0 400.0 1.33121e-01 2.57129e-04 1.33510e-01 2.37604e-04 1.32620e-01 2.85494e-04 1.33316e-01 2.48444e-04 1.33454e-01 2.46100e-04 1.32793e-01 2.67912e-04 1.32988e-01 2.74364e-04 
400.0 425.0 450.0 6.68222e-02 1.59239e-04 6.69883e-02 1.46255e-04 6.64866e-02 1.74358e-04 6.68984e-02 1.54907e-04 6.70309e-02 1.51848e-04 6.66563e-02 1.64732e-04 6.66768e-02 1.69155e-04 
450.0 475.0 500.0 3.52199e-02 1.02948e-04 3.53124e-02 9.50218e-05 3.50111e-02 1.13792e-04 3.52753e-02 1.00447e-04 3.53112e-02 9.82300e-05 3.51331e-02 1.06133e-04 3.51482e-02 1.10310e-04 
500.0 550.0 600.0 1.52571e-02 4.23646e-05 1.52873e-02 3.90927e-05 1.51749e-02 4.69424e-05 1.52776e-02 4.12712e-05 1.52882e-02 4.03323e-05 1.52255e-02 4.38251e-05 1.52255e-02 4.56800e-05 
600.0 700.0 800.0 3.66454e-03 1.26486e-05 3.67075e-03 1.15870e-05 3.64010e-03 1.41036e-05 3.66694e-03 1.23135e-05 3.67546e-03 1.19825e-05 3.65560e-03 1.30973e-05 3.65167e-03 1.37019e-05 
800.0 900.0 1000.0 6.29307e-04 3.90131e-06 6.28711e-04 3.56291e-06 6.26154e-04 4.35418e-06 6.28707e-04 3.79876e-06 6.30398e-04 3.67520e-06 6.29201e-04 4.02293e-06 6.27665e-04 4.24354e-06 
