0.0 2.5 5.0 -1.56843e-02 1.83583e-03 -1.80895e-02 1.68758e-03 -8.60168e-03 2.00639e-03 -1.63571e-02 1.56913e-03 -2.21142e-02 1.84790e-03 -1.63483e-02 1.98694e-03 -1.19405e-02 1.74775e-03 
5.0 7.5 10.0 -4.03010e-02 4.30449e-03 -4.16552e-02 3.74406e-03 -2.22868e-02 5.10902e-03 -3.70893e-02 3.80606e-03 -5.51926e-02 4.06117e-03 -3.69177e-02 4.56603e-03 -2.85770e-02 4.50771e-03 
10.0 12.5 15.0 -3.86245e-02 5.80683e-03 -4.50780e-02 5.58969e-03 -1.79030e-02 7.59779e-03 -3.79774e-02 5.54028e-03 -6.25292e-02 6.30341e-03 -3.95783e-02 6.65566e-03 -3.11060e-02 6.48893e-03 
15.0 17.5 20.0 -5.34691e-02 7.77608e-03 -5.35463e-02 6.88396e-03 -3.38953e-02 9.52487e-03 -4.17134e-02 6.82948e-03 -7.83262e-02 7.65355e-03 -5.18655e-02 9.53192e-03 -4.28650e-02 7.96988e-03 
20.0 22.5 25.0 -7.68239e-02 9.29608e-03 -7.53823e-02 7.84469e-03 -5.80056e-02 1.09792e-02 -6.63931e-02 7.53029e-03 -1.05009e-01 8.63131e-03 -9.12233e-02 1.08709e-02 -6.90577e-02 9.50992e-03 
25.0 27.5 30.0 -7.32152e-02 9.46180e-03 -7.37303e-02 8.06146e-03 -5.26505e-02 1.26042e-02 -6.53315e-02 8.89340e-03 -1.06737e-01 9.18954e-03 -8.11570e-02 1.13374e-02 -6.47985e-02 1.03494e-02 
30.0 32.5 35.0 -6.46868e-02 1.07429e-02 -6.33193e-02 9.52019e-03 -3.37949e-02 1.27685e-02 -5.28262e-02 9.34229e-03 -9.73259e-02 1.08407e-02 -7.70166e-02 1.25100e-02 -4.78355e-02 1.11461e-02 
35.0 37.5 40.0 -8.25131e-02 1.15450e-02 -8.15672e-02 1.02054e-02 -4.90942e-02 1.33620e-02 -6.85962e-02 9.73302e-03 -1.19561e-01 1.15271e-02 -8.22029e-02 1.25407e-02 -7.34078e-02 1.11955e-02 
40.0 42.5 45.0 -7.52046e-02 1.16633e-02 -6.44265e-02 1.07635e-02 -4.69618e-02 1.47367e-02 -6.26270e-02 1.06489e-02 -1.09191e-01 1.17440e-02 -9.15549e-02 1.42130e-02 -6.91924e-02 1.25892e-02 
45.0 47.5 50.0 -7.14672e-02 1.26773e-02 -6.25673e-02 1.12111e-02 -2.79557e-02 1.52763e-02 -6.45235e-02 1.10352e-02 -1.06803e-01 1.24203e-02 -7.30786e-02 1.34543e-02 -5.72427e-02 1.30481e-02 
50.0 52.5 55.0 -9.98489e-02 1.27006e-02 -8.81626e-02 1.19425e-02 -6.37241e-02 1.62681e-02 -8.75938e-02 1.19676e-02 -1.38836e-01 1.28813e-02 -1.24151e-01 1.48762e-02 -9.67079e-02 1.31926e-02 
55.0 57.5 60.0 -7.96020e-02 1.35090e-02 -7.69481e-02 1.24250e-02 -4.57180e-02 1.76850e-02 -7.41284e-02 1.24394e-02 -1.17603e-01 1.41992e-02 -9.31124e-02 1.71850e-02 -8.16492e-02 1.50247e-02 
60.0 62.5 65.0 -1.03681e-01 1.39254e-02 -1.01330e-01 1.23166e-02 -6.73829e-02 1.70493e-02 -8.68633e-02 1.23751e-02 -1.57584e-01 1.37682e-02 -1.13304e-01 1.60516e-02 -9.01382e-02 1.53472e-02 
65.0 67.5 70.0 -1.06576e-01 1.46261e-02 -1.01677e-01 1.33189e-02 -5.01636e-02 1.88187e-02 -9.67544e-02 1.32680e-02 -1.53651e-01 1.52096e-02 -1.20401e-01 1.79508e-02 -8.56332e-02 1.55264e-02 
70.0 72.5 75.0 -1.24625e-01 1.53038e-02 -1.25628e-01 1.35849e-02 -7.49596e-02 1.90586e-02 -1.15611e-01 1.34916e-02 -1.77584e-01 1.52641e-02 -1.34329e-01 1.83437e-02 -1.16780e-01 1.59020e-02 
75.0 77.5 80.0 -1.17109e-01 1.44754e-02 -1.14217e-01 1.26925e-02 -7.88718e-02 1.89311e-02 -1.14500e-01 1.32445e-02 -1.68490e-01 1.50765e-02 -1.42723e-01 1.81038e-02 -1.11922e-01 1.58162e-02 
80.0 82.5 85.0 -1.21777e-01 1.37874e-02 -1.04754e-01 1.33039e-02 -9.50462e-02 1.81842e-02 -1.06440e-01 1.22839e-02 -1.68460e-01 1.40721e-02 -1.38765e-01 1.81376e-02 -1.22680e-01 1.53412e-02 
85.0 87.5 90.0 -1.19861e-01 1.35834e-02 -1.09330e-01 1.23051e-02 -8.50274e-02 1.71627e-02 -1.08300e-01 1.24413e-02 -1.64768e-01 1.42905e-02 -1.43020e-01 1.67797e-02 -1.11700e-01 1.47206e-02 
90.0 92.5 95.0 -1.20824e-01 1.19041e-02 -1.04473e-01 1.12381e-02 -9.68523e-02 1.60181e-02 -1.04290e-01 1.06532e-02 -1.51155e-01 1.30529e-02 -1.30685e-01 1.46946e-02 -1.25316e-01 1.37822e-02 
95.0 97.5 100.0 -1.09918e-01 1.26511e-02 -8.69899e-02 1.13087e-02 -7.96945e-02 1.52917e-02 -9.26318e-02 1.12553e-02 -1.44007e-01 1.29324e-02 -1.25393e-01 1.43318e-02 -1.04200e-01 1.30607e-02 
100.0 105.0 110.0 -8.38603e-02 9.60724e-03 -5.19245e-02 8.10309e-03 -7.81027e-02 1.14384e-02 -6.52841e-02 7.79850e-03 -1.02725e-01 9.37498e-03 -1.10466e-01 1.14335e-02 -9.53367e-02 9.61954e-03 
110.0 115.0 120.0 -5.89415e-02 8.46675e-03 -3.27021e-02 6.80101e-03 -5.43499e-02 1.02878e-02 -4.45527e-02 7.34173e-03 -7.84608e-02 7.99534e-03 -8.23967e-02 1.00057e-02 -7.05699e-02 8.68880e-03 
120.0 125.0 130.0 -1.91966e-02 6.83153e-03 1.41737e-02 6.16751e-03 -1.97698e-02 8.70359e-03 -3.62075e-03 6.15412e-03 -2.68228e-02 7.12492e-03 -3.90707e-02 8.22448e-03 -3.12947e-02 7.32264e-03 
130.0 135.0 140.0 -1.71688e-02 5.61403e-03 1.39628e-02 5.24070e-03 -2.12069e-02 7.11846e-03 -6.66812e-03 4.98462e-03 -2.12623e-02 5.90400e-03 -3.41460e-02 6.79201e-03 -3.01967e-02 6.06764e-03 
140.0 145.0 150.0 -1.60229e-02 5.03730e-03 1.56789e-02 4.56025e-03 -2.32232e-02 6.03404e-03 -2.43126e-03 4.32733e-03 -1.53226e-02 5.09450e-03 -3.57216e-02 5.85003e-03 -3.06856e-02 5.14462e-03 
150.0 155.0 160.0 -9.60963e-03 4.08230e-03 1.79431e-02 3.75467e-03 -1.39753e-02 4.94355e-03 9.02761e-04 3.72082e-03 -7.92549e-03 4.22902e-03 -2.39688e-02 4.84716e-03 -2.22715e-02 4.25967e-03 
160.0 165.0 170.0 -5.28896e-03 3.68540e-03 2.00896e-02 3.27034e-03 -8.41174e-03 4.15415e-03 2.55329e-03 3.27224e-03 -2.03685e-03 3.69775e-03 -1.79168e-02 4.24148e-03 -1.89947e-02 3.63803e-03 
170.0 175.0 180.0 1.75955e-03 2.92547e-03 2.35439e-02 2.70977e-03 -8.06606e-03 3.35461e-03 7.18487e-03 2.57248e-03 5.86589e-03 3.07400e-03 -1.01125e-02 3.29280e-03 -1.22825e-02 2.90356e-03 
180.0 185.0 190.0 -3.34112e-03 2.43330e-03 1.88570e-02 2.29333e-03 -9.92280e-03 2.80887e-03 4.84673e-03 2.10794e-03 2.04726e-03 2.39680e-03 -1.42310e-02 2.75423e-03 -1.39103e-02 2.47446e-03 
190.0 195.0 200.0 3.76014e-03 2.07770e-03 2.22213e-02 2.00503e-03 -6.54288e-04 2.27914e-03 9.96622e-03 1.89729e-03 8.10962e-03 2.22392e-03 -4.51644e-03 2.38045e-03 -5.14585e-03 2.12631e-03 
200.0 212.5 225.0 4.78965e-03 1.23796e-03 1.83430e-02 1.14728e-03 -3.93056e-04 1.42823e-03 8.81169e-03 1.10929e-03 9.07113e-03 1.21768e-03 -4.69171e-04 1.41207e-03 -2.02928e-03 1.21890e-03 
225.0 237.5 250.0 3.99830e-03 7.83063e-04 1.34559e-02 7.83149e-04 -1.47541e-04 9.19073e-04 7.02775e-03 7.38439e-04 7.79233e-03 8.40453e-04 3.87832e-04 9.18556e-04 -1.18878e-03 8.11852e-04 
250.0 262.5 275.0 3.84623e-03 5.29268e-04 1.04821e-02 5.12576e-04 3.20460e-04 6.28348e-04 5.63664e-03 4.92955e-04 6.21988e-03 5.67839e-04 6.01966e-04 6.46606e-04 -3.20223e-04 5.57684e-04 
275.0 287.5 300.0 2.22517e-03 3.70970e-04 7.15746e-03 3.60189e-04 -3.16307e-05 4.09794e-04 3.58700e-03 3.38897e-04 4.24439e-03 4.01336e-04 2.19875e-04 4.16683e-04 -2.95192e-04 3.65939e-04 
300.0 312.5 325.0 1.84641e-03 2.58550e-04 5.12254e-03 2.54876e-04 2.16257e-04 2.74034e-04 2.66691e-03 2.38936e-04 3.51900e-03 2.73761e-04 6.29110e-04 2.88509e-04 -2.17317e-04 2.48807e-04 
325.0 337.5 350.0 1.54071e-03 1.88458e-04 3.85316e-03 1.90526e-04 2.45056e-04 2.00335e-04 2.06585e-03 1.76260e-04 2.61670e-03 2.10208e-04 6.97574e-04 2.10088e-04 1.59672e-04 1.80987e-04 
350.0 362.5 375.0 9.37150e-04 1.41243e-04 2.57673e-03 1.40232e-04 5.85380e-05 1.45326e-04 1.50139e-03 1.14231e-04 1.73275e-03 1.50916e-04 3.15929e-04 1.57797e-04 -4.61179e-05 1.31404e-04 
375.0 387.5 400.0 9.33098e-04 1.03994e-04 2.19400e-03 1.05277e-04 1.62004e-04 1.00145e-04 1.30916e-03 8.96990e-05 1.56468e-03 1.16237e-04 3.99673e-04 1.12420e-04 1.08995e-04 9.03881e-05 
400.0 412.5 425.0 6.98383e-04 7.54622e-05 1.62302e-03 7.23064e-05 1.95902e-04 7.51473e-05 9.17993e-04 6.94676e-05 1.17488e-03 8.59738e-05 4.14414e-04 8.36942e-05 2.01609e-04 6.85263e-05 
425.0 437.5 450.0 4.82165e-04 5.91324e-05 1.15482e-03 6.15274e-05 1.14887e-04 5.70836e-05 6.73182e-04 5.44331e-05 8.45509e-04 6.77639e-05 2.52235e-04 6.41565e-05 1.02867e-04 5.18292e-05 
450.0 462.5 475.0 4.23328e-04 4.09282e-05 8.46871e-04 4.58952e-05 6.08519e-05 4.24497e-05 5.14647e-04 4.08855e-05 6.53602e-04 5.19794e-05 1.92330e-04 4.87531e-05 7.65986e-05 3.89348e-05 
475.0 487.5 500.0 3.48791e-04 3.26487e-05 7.18706e-04 3.60279e-05 6.73226e-05 3.21962e-05 4.30032e-04 3.11402e-05 5.49299e-04 4.10740e-05 1.99176e-04 3.46482e-05 9.77089e-05 2.92183e-05 
500.0 512.5 525.0 3.05663e-04 2.82089e-05 6.13371e-04 2.85733e-05 1.00229e-04 2.61015e-05 3.94178e-04 2.45743e-05 4.95724e-04 3.23769e-05 2.01545e-04 3.11719e-05 1.18056e-04 2.36653e-05 
525.0 537.5 550.0 1.66254e-04 2.17590e-05 3.97896e-04 2.41389e-05 1.59482e-05 2.01865e-05 2.33186e-04 1.84948e-05 2.92422e-04 2.28049e-05 8.76382e-05 2.43548e-05 3.80947e-05 1.85808e-05 
550.0 562.5 575.0 1.51165e-04 1.73857e-05 3.14317e-04 1.84356e-05 1.64120e-05 1.52875e-05 1.89555e-04 1.58453e-05 2.45207e-04 2.04945e-05 7.83791e-05 1.89674e-05 3.51265e-05 1.35272e-05 
575.0 587.5 600.0 1.20117e-04 1.42291e-05 2.52874e-04 1.59413e-05 2.72457e-05 1.26128e-05 1.54221e-04 1.33033e-05 2.03375e-04 1.76316e-05 7.28697e-05 1.60141e-05 3.48695e-05 1.12712e-05 
