0.0 12.5 25.0 1.09070e+01 3.22042e-02 1.12448e+01 2.94095e-02 1.06384e+01 3.83572e-02 1.11969e+01 2.96325e-02 1.09214e+01 3.07034e-02 1.06533e+01 4.14983e-02 1.08831e+01 3.53706e-02 
25.0 37.5 50.0 2.10046e+00 7.86501e-03 2.04191e+00 6.43593e-03 2.13593e+00 1.01252e-02 2.03937e+00 6.45632e-03 2.11266e+00 7.82840e-03 2.14988e+00 8.97421e-03 2.09786e+00 8.27914e-03 
50.0 62.5 75.0 2.59273e-01 1.69158e-03 2.35226e-01 1.34359e-03 2.87233e-01 2.17107e-03 2.40213e-01 1.42292e-03 2.54390e-01 1.59581e-03 2.81762e-01 2.02645e-03 2.65128e-01 1.78494e-03 
75.0 87.5 100.0 2.49411e-02 2.49250e-04 2.14681e-02 1.98712e-04 2.96053e-02 3.22711e-04 2.23195e-02 2.10657e-04 2.40162e-02 2.34863e-04 2.83029e-02 3.01121e-04 2.62161e-02 2.67682e-04 
100.0 125.0 150.0 1.22475e-03 1.80628e-05 9.77307e-04 1.39420e-05 1.56209e-03 2.35520e-05 1.05140e-03 1.51618e-05 1.14234e-03 1.65456e-05 1.45077e-03 2.18094e-05 1.31900e-03 1.95190e-05 
150.0 175.0 200.0 5.29121e-06 1.95763e-07 4.08568e-06 1.51267e-07 6.98825e-06 2.57523e-07 4.46477e-06 1.65196e-07 4.83405e-06 1.79151e-07 6.37494e-06 2.35844e-07 5.80776e-06 2.14230e-07 
200.0 225.0 250.0 0.00000e+00 0.00000e+00 0.00000e+00 0.00000e+00 0.00000e+00 0.00000e+00 0.00000e+00 0.00000e+00 0.00000e+00 0.00000e+00 0.00000e+00 0.00000e+00 0.00000e+00 0.00000e+00 
250.0 275.0 300.0 0.00000e+00 0.00000e+00 0.00000e+00 0.00000e+00 0.00000e+00 0.00000e+00 0.00000e+00 0.00000e+00 0.00000e+00 0.00000e+00 0.00000e+00 0.00000e+00 0.00000e+00 0.00000e+00 
300.0 325.0 350.0 0.00000e+00 0.00000e+00 0.00000e+00 0.00000e+00 0.00000e+00 0.00000e+00 0.00000e+00 0.00000e+00 0.00000e+00 0.00000e+00 0.00000e+00 0.00000e+00 0.00000e+00 0.00000e+00 
350.0 375.0 400.0 0.00000e+00 0.00000e+00 0.00000e+00 0.00000e+00 0.00000e+00 0.00000e+00 0.00000e+00 0.00000e+00 0.00000e+00 0.00000e+00 0.00000e+00 0.00000e+00 0.00000e+00 0.00000e+00 
400.0 425.0 450.0 0.00000e+00 0.00000e+00 0.00000e+00 0.00000e+00 0.00000e+00 0.00000e+00 0.00000e+00 0.00000e+00 0.00000e+00 0.00000e+00 0.00000e+00 0.00000e+00 0.00000e+00 0.00000e+00 
450.0 475.0 500.0 0.00000e+00 0.00000e+00 0.00000e+00 0.00000e+00 0.00000e+00 0.00000e+00 0.00000e+00 0.00000e+00 0.00000e+00 0.00000e+00 0.00000e+00 0.00000e+00 0.00000e+00 0.00000e+00 
500.0 550.0 600.0 0.00000e+00 0.00000e+00 0.00000e+00 0.00000e+00 0.00000e+00 0.00000e+00 0.00000e+00 0.00000e+00 0.00000e+00 0.00000e+00 0.00000e+00 0.00000e+00 0.00000e+00 0.00000e+00 
600.0 700.0 800.0 0.00000e+00 0.00000e+00 0.00000e+00 0.00000e+00 0.00000e+00 0.00000e+00 0.00000e+00 0.00000e+00 0.00000e+00 0.00000e+00 0.00000e+00 0.00000e+00 0.00000e+00 0.00000e+00 
800.0 900.0 1000.0 0.00000e+00 0.00000e+00 0.00000e+00 0.00000e+00 0.00000e+00 0.00000e+00 0.00000e+00 0.00000e+00 0.00000e+00 0.00000e+00 0.00000e+00 0.00000e+00 0.00000e+00 0.00000e+00 
